x	y	variable1	Zona	ErrorConEfecto	Disenio	Bloque	AsigTrat	MiRto
0	666.666666666667	81.4695745464699	0	81.4695745464699	DBCA	1_1	140	91.0743582949355
0	700	79.5133702178535	0	79.5133702178535	DBCA	1_1	70	85.7180088298321
0	733.333333333333	78.725424656915	0	78.725424656915	DBCA	1_1	280	86.7170182518799
0	766.666666666667	77.1448621938274	0	77.1448621938274	DBCA	1_1	210	87.3452976032885
0	800	78.7409711775387	0	78.7409711775387	DBCA	1_1	0	78.7409711775387
0	833.333333333333	82.0946299049666	0	82.0946299049666	DBCA	1_2	140	91.6994136534323
0	866.666666666667	80.8137497595514	0	80.8137497595514	DBCA	1_2	70	87.0183883715301
0	900	76.7381812753191	0	76.7381812753191	DBCA	1_2	0	76.7381812753191
0	933.333333333333	77.5904098208101	0	77.5904098208101	DBCA	1_2	210	87.7908452302712
0	966.666666666667	80.9643944124849	0	80.9643944124849	DBCA	1_2	280	88.9559880074498
128.571428571429	666.666666666667	78.5868822345205	0	78.5868822345205	DBCA	10_1	210	88.7873176439816
128.571428571429	700	81.1576293829371	0	81.1576293829371	DBCA	10_1	70	87.3622679949157
128.571428571429	733.333333333333	81.2629069828821	0	81.2629069828821	DBCA	10_1	140	90.8676907313478
128.571428571429	766.666666666667	79.8660400246053	0	79.8660400246053	DBCA	10_1	0	79.8660400246053
128.571428571429	800	81.9533251948911	0	81.9533251948911	DBCA	10_1	280	89.944918789856
128.571428571429	833.333333333333	78.2955159273151	0	78.2955159273151	DBCA	10_2	70	84.5001545392937
128.571428571429	866.666666666667	81.2926244252407	0	81.2926244252407	DBCA	10_2	210	91.4930598347018
128.571428571429	900	81.0770163183136	0	81.0770163183136	DBCA	10_2	140	90.6818000667793
128.571428571429	933.333333333333	78.6984645599096	0	78.6984645599096	DBCA	10_2	0	78.6984645599096
128.571428571429	966.666666666667	78.4043257007896	0	78.4043257007896	DBCA	10_2	280	86.3959192957545
142.857142857143	666.666666666667	77.5720939418238	0	77.5720939418238	DBCA	11_1	140	87.1768776902895
142.857142857143	700	82.6230201229924	0	82.6230201229924	DBCA	11_1	280	90.6146137179573
142.857142857143	733.333333333333	81.8398404715111	0	81.8398404715111	DBCA	11_1	0	81.8398404715111
142.857142857143	766.666666666667	79.0397448257564	0	79.0397448257564	DBCA	11_1	70	85.2443834377351
142.857142857143	800	77.9358983834206	0	77.9358983834206	DBCA	11_1	210	88.1363337928817
142.857142857143	833.333333333333	79.2943803383506	0	79.2943803383506	DBCA	11_2	0	79.2943803383506
142.857142857143	866.666666666667	83.8272409567453	0	83.8272409567453	DBCA	11_2	210	94.0276763662064
142.857142857143	900	79.9970455952882	0	79.9970455952882	DBCA	11_2	70	86.2016842072669
142.857142857143	933.333333333333	77.6704398923661	0	77.6704398923661	DBCA	11_2	280	85.662033487331
142.857142857143	966.666666666667	79.1397982572546	0	79.1397982572546	DBCA	11_2	140	88.7445820057203
157.142857142857	666.666666666667	77.5449577697817	0	77.5449577697817	DBCA	12_1	0	77.5449577697817
157.142857142857	700	81.3829823435307	0	81.3829823435307	DBCA	12_1	140	90.9877660919964
157.142857142857	733.333333333333	81.8623552282818	0	81.8623552282818	DBCA	12_1	210	92.0627906377429
157.142857142857	766.666666666667	78.8127130974915	0	78.8127130974915	DBCA	12_1	280	86.8043066924564
157.142857142857	800	77.1752844220787	0	77.1752844220787	DBCA	12_1	70	83.3799230340574
157.142857142857	833.333333333333	76.9513325644116	0	76.9513325644116	DBCA	12_2	280	84.9429261593765
157.142857142857	866.666666666667	81.914843114826	0	81.914843114826	DBCA	12_2	0	81.914843114826
157.142857142857	900	77.568317555167	0	77.568317555167	DBCA	12_2	210	87.7687529646281
157.142857142857	933.333333333333	75.2016354641163	0	75.2016354641163	DBCA	12_2	70	81.4062740760949
157.142857142857	966.666666666667	80.1021902078735	0	80.1021902078735	DBCA	12_2	140	89.7069739563391
171.428571428571	666.666666666667	75.1691371982977	0	75.1691371982977	DBCA	13_1	280	83.1607307932625
171.428571428571	700	78.1691861542035	0	78.1691861542035	DBCA	13_1	210	88.3696215636645
171.428571428571	733.333333333333	82.6045825731863	0	82.6045825731863	DBCA	13_1	70	88.8092211851649
171.428571428571	766.666666666667	81.4441839023566	0	81.4441839023566	DBCA	13_1	140	91.0489676508223
171.428571428571	800	79.72747106446	0	79.72747106446	DBCA	13_1	0	79.72747106446
171.428571428571	833.333333333333	76.7906860042554	0	76.7906860042554	DBCA	13_2	280	84.7822795992203
171.428571428571	866.666666666667	81.702661249453	0	81.702661249453	DBCA	13_2	70	87.9072998614316
171.428571428571	900	77.6745780711247	0	77.6745780711247	DBCA	13_2	0	77.6745780711247
171.428571428571	933.333333333333	75.110349921731	0	75.110349921731	DBCA	13_2	140	84.7151336701966
171.428571428571	966.666666666667	76.9359408642727	0	76.9359408642727	DBCA	13_2	210	87.1363762737337
185.714285714286	666.666666666667	79.0703441053755	0	79.0703441053755	DBCA	14_1	210	89.2707795148366
185.714285714286	700	80.4836399407411	0	80.4836399407411	DBCA	14_1	140	90.0884236892068
185.714285714286	733.333333333333	82.9862481293641	0	82.9862481293641	DBCA	14_1	70	89.1908867413427
185.714285714286	766.666666666667	79.538718550641	0	79.538718550641	DBCA	14_1	0	79.538718550641
185.714285714286	800	77.7424422106627	0	77.7424422106627	DBCA	14_1	280	85.7340358056276
185.714285714286	833.333333333333	78.4070848109504	0	78.4070848109504	DBCA	14_2	140	88.011868559416
185.714285714286	866.666666666667	80.8323989033339	0	80.8323989033339	DBCA	14_2	280	88.8239924982988
185.714285714286	900	77.9093430829621	0	77.9093430829621	DBCA	14_2	0	77.9093430829621
185.714285714286	933.333333333333	75.0432690282444	0	75.0432690282444	DBCA	14_2	210	85.2437044377055
185.714285714286	966.666666666667	80.1015094461794	0	80.1015094461794	DBCA	14_2	70	86.3061480581581
200	666.666666666667	78.89341488472	0	78.89341488472	DBCA	15_1	0	78.89341488472
200	700	78.046607583596	0	78.046607583596	DBCA	15_1	70	84.2512461955747
200	733.333333333333	81.9993919151176	0	81.9993919151176	DBCA	15_1	280	89.9909855100824
200	766.666666666667	80.0549481806612	0	80.0549481806612	DBCA	15_1	210	90.2553835901223
200	800	78.4043629321218	0	78.4043629321218	DBCA	15_1	140	88.0091466805874
200	833.333333333333	74.7886959967075	0	74.7886959967075	DBCA	15_2	280	82.7802895916724
200	866.666666666667	73.8655819500092	0	73.8655819500092	DBCA	15_2	70	80.0702205619879
200	900	81.1393769248389	0	81.1393769248389	DBCA	15_2	140	90.7441606733046
200	933.333333333333	73.6412868981971	0	73.6412868981971	DBCA	15_2	210	83.8417223076582
200	966.666666666667	80.5298819885537	0	80.5298819885537	DBCA	15_2	0	80.5298819885537
214.285714285714	666.666666666667	81.2004151899836	0	81.2004151899836	DBCA	16_1	280	89.1920087849484
214.285714285714	700	81.2462678837108	0	81.2462678837108	DBCA	16_1	210	91.4467032931719
214.285714285714	733.333333333333	78.0975010419446	0	78.0975010419446	DBCA	16_1	70	84.3021396539232
214.285714285714	766.666666666667	78.7058208158572	0	78.7058208158572	DBCA	16_1	0	78.7058208158572
214.285714285714	800	80.6984362683679	0	80.6984362683679	DBCA	16_1	140	90.3032200168335
214.285714285714	833.333333333333	71.2080447272997	0	71.2080447272997	DBCA	16_2	140	80.8128284757654
214.285714285714	866.666666666667	76.6131233437521	0	76.6131233437521	DBCA	16_2	0	76.6131233437521
214.285714285714	900	77.1770676747289	0	77.1770676747289	DBCA	16_2	70	83.3817062867075
214.285714285714	933.333333333333	79.8927329711782	0	79.8927329711782	DBCA	16_2	280	87.8843265661431
214.285714285714	966.666666666667	80.8898838907119	0	80.8898838907119	DBCA	16_2	210	91.090319300173
228.571428571429	666.666666666667	81.1731716573588	0	81.1731716573588	DBCA	17_1	70	87.3778102693374
228.571428571429	700	78.8593948958762	0	78.8593948958762	DBCA	17_1	210	89.0598303053373
228.571428571429	733.333333333333	78.5802880761725	0	78.5802880761725	DBCA	17_1	280	86.5718816711374
228.571428571429	766.666666666667	79.0973086776668	0	79.0973086776668	DBCA	17_1	140	88.7020924261325
228.571428571429	800	77.5509968239974	0	77.5509968239974	DBCA	17_1	0	77.5509968239974
228.571428571429	833.333333333333	69.6394854269845	0	69.6394854269845	DBCA	17_2	210	79.8399208364456
228.571428571429	866.666666666667	77.3959136404135	0	77.3959136404135	DBCA	17_2	140	87.0006973888791
228.571428571429	900	79.7728394359464	0	79.7728394359464	DBCA	17_2	0	79.7728394359464
228.571428571429	933.333333333333	73.0441334500538	0	73.0441334500538	DBCA	17_2	280	81.0357270450187
228.571428571429	966.666666666667	76.8265769202608	0	76.8265769202608	DBCA	17_2	70	83.0312155322395
242.857142857143	666.666666666667	79.6663835045312	0	79.6663835045312	DBCA	18_1	0	79.6663835045312
242.857142857143	700	78.7027005127599	0	78.7027005127599	DBCA	18_1	280	86.6942941077248
242.857142857143	733.333333333333	77.5847522832289	0	77.5847522832289	DBCA	18_1	210	87.78518769269
242.857142857143	766.666666666667	77.6626159198748	0	77.6626159198748	DBCA	18_1	70	83.8672545318535
242.857142857143	800	81.0154809397853	0	81.0154809397853	DBCA	18_1	140	90.620264688251
242.857142857143	833.333333333333	74.7069072491605	0	74.7069072491605	DBCA	18_2	210	84.9073426586216
242.857142857143	866.666666666667	75.7975203053043	0	75.7975203053043	DBCA	18_2	70	82.002158917283
242.857142857143	900	79.5306892009771	0	79.5306892009771	DBCA	18_2	140	89.1354729494427
242.857142857143	933.333333333333	78.448657968269	0	78.448657968269	DBCA	18_2	280	86.4402515632339
242.857142857143	966.666666666667	77.4689780388446	0	77.4689780388446	DBCA	18_2	0	77.4689780388446
257.142857142857	666.666666666667	76.6727233271536	0	76.6727233271536	DBCA	19_1	140	86.2775070756193
257.142857142857	700	75.1817465954586	0	75.1817465954586	DBCA	19_1	70	81.3863852074373
257.142857142857	733.333333333333	77.8244115971409	0	77.8244115971409	DBCA	19_1	280	85.8160051921058
257.142857142857	766.666666666667	76.7826308596111	0	76.7826308596111	DBCA	19_1	210	86.9830662690722
257.142857142857	800	83.0975280945744	0	83.0975280945744	DBCA	19_1	0	83.0975280945744
257.142857142857	833.333333333333	77.5418461137582	0	77.5418461137582	DBCA	19_2	140	87.1466298622238
257.142857142857	866.666666666667	76.950976691682	0	76.950976691682	DBCA	19_2	70	83.1556153036606
257.142857142857	900	77.2999386141123	0	77.2999386141123	DBCA	19_2	210	87.5003740235734
257.142857142857	933.333333333333	76.9488289888475	0	76.9488289888475	DBCA	19_2	0	76.9488289888475
257.142857142857	966.666666666667	76.9143655638757	0	76.9143655638757	DBCA	19_2	280	84.9059591588406
14.2857142857143	666.666666666667	80.8543074027671	0	80.8543074027671	DBCA	2_1	0	80.8543074027671
14.2857142857143	700	75.9879948823877	0	75.9879948823877	DBCA	2_1	280	83.9795884773526
14.2857142857143	733.333333333333	83.6589592976653	0	83.6589592976653	DBCA	2_1	210	93.8593947071264
14.2857142857143	766.666666666667	80.6762403667865	0	80.6762403667865	DBCA	2_1	140	90.2810241152521
14.2857142857143	800	78.4405252361105	0	78.4405252361105	DBCA	2_1	70	84.6451638480892
14.2857142857143	833.333333333333	82.4966444964829	0	82.4966444964829	DBCA	2_2	210	92.697079905944
14.2857142857143	866.666666666667	76.1493741557531	0	76.1493741557531	DBCA	2_2	70	82.3540127677318
14.2857142857143	900	77.8974479302961	0	77.8974479302961	DBCA	2_2	280	85.889041525261
14.2857142857143	933.333333333333	79.2673731405191	0	79.2673731405191	DBCA	2_2	140	88.8721568889847
14.2857142857143	966.666666666667	81.7926510945473	0	81.7926510945473	DBCA	2_2	0	81.7926510945473
271.428571428571	666.666666666667	74.5904440502339	0	74.5904440502339	DBCA	20_1	140	84.1952277986996
271.428571428571	700	75.2826028737206	0	75.2826028737206	DBCA	20_1	70	81.4872414856993
271.428571428571	733.333333333333	76.7763250278154	0	76.7763250278154	DBCA	20_1	280	84.7679186227803
271.428571428571	766.666666666667	79.9267094108114	0	79.9267094108114	DBCA	20_1	0	79.9267094108114
271.428571428571	800	81.8771588884846	0	81.8771588884846	DBCA	20_1	210	92.0775942979457
271.428571428571	833.333333333333	78.9615878420453	0	78.9615878420453	DBCA	20_2	70	85.166226454024
271.428571428571	866.666666666667	75.7440321864828	0	75.7440321864828	DBCA	20_2	210	85.9444675959438
271.428571428571	900	77.2317125336374	0	77.2317125336374	DBCA	20_2	0	77.2317125336374
271.428571428571	933.333333333333	80.1294305762107	0	80.1294305762107	DBCA	20_2	140	89.7342143246764
271.428571428571	966.666666666667	81.8615556715219	0	81.8615556715219	DBCA	20_2	280	89.8531492664868
285.714285714286	666.666666666667	79.5035838288899	0	79.5035838288899	DBCA	21_1	140	89.1083675773556
285.714285714286	700	76.7211019823592	0	76.7211019823592	DBCA	21_1	280	84.7126955773241
285.714285714286	733.333333333333	79.0226880904666	0	79.0226880904666	DBCA	21_1	70	85.2273267024452
285.714285714286	766.666666666667	79.8954426455628	0	79.8954426455628	DBCA	21_1	0	79.8954426455628
285.714285714286	800	80.3811590108336	0	80.3811590108336	DBCA	21_1	210	90.5815944202947
285.714285714286	833.333333333333	83.4698975324941	0	83.4698975324941	DBCA	21_2	140	93.0746812809598
285.714285714286	866.666666666667	76.5406961999046	0	76.5406961999046	DBCA	21_2	280	84.5322897948695
285.714285714286	900	77.45289202549	0	77.45289202549	DBCA	21_2	0	77.45289202549
285.714285714286	933.333333333333	77.3194191272918	0	77.3194191272918	DBCA	21_2	70	83.5240577392704
285.714285714286	966.666666666667	75.3960667586966	0	75.3960667586966	DBCA	21_2	210	85.5965021681577
300	666.666666666667	78.7558259517598	0	78.7558259517598	DBCA	22_1	0	78.7558259517598
300	700	77.6890654440817	0	77.6890654440817	DBCA	22_1	140	87.2938491925474
300	733.333333333333	79.7409899301045	0	79.7409899301045	DBCA	22_1	280	87.7325835250694
300	766.666666666667	81.9744114689814	0	81.9744114689814	DBCA	22_1	210	92.1748468784425
300	800	77.6638529049618	0	77.6638529049618	DBCA	22_1	70	83.8684915169405
300	833.333333333333	83.2882655489081	0	83.2882655489081	DBCA	22_2	280	91.279859143873
300	866.666666666667	79.8226544971981	0	79.8226544971981	DBCA	22_2	70	86.0272931091767
300	900	82.8587414263864	0	82.8587414263864	DBCA	22_2	0	82.8587414263864
300	933.333333333333	77.9374676238244	0	77.9374676238244	DBCA	22_2	210	88.1379030332855
300	966.666666666667	76.7794068181698	0	76.7794068181698	DBCA	22_2	140	86.3841905666355
314.285714285714	666.666666666667	81.5687870802042	0	81.5687870802042	DBCA	23_1	280	89.5603806751691
314.285714285714	700	79.7676965305075	0	79.7676965305075	DBCA	23_1	70	85.9723351424861
314.285714285714	733.333333333333	77.7459516025069	0	77.7459516025069	DBCA	23_1	140	87.3507353509726
314.285714285714	766.666666666667	77.5370534351009	0	77.5370534351009	DBCA	23_1	210	87.737488844562
314.285714285714	800	80.4060979842673	0	80.4060979842673	DBCA	23_1	0	80.4060979842673
314.285714285714	833.333333333333	81.322812031651	0	81.322812031651	DBCA	23_2	280	89.3144056266158
314.285714285714	866.666666666667	80.0813364583734	0	80.0813364583734	DBCA	23_2	210	90.2817718678344
314.285714285714	900	79.4422787009783	0	79.4422787009783	DBCA	23_2	0	79.4422787009783
314.285714285714	933.333333333333	77.7339719657219	0	77.7339719657219	DBCA	23_2	140	87.3387557141876
314.285714285714	966.666666666667	74.5014413116804	0	74.5014413116804	DBCA	23_2	70	80.706079923659
328.571428571429	666.666666666667	80.6896316317593	0	80.6896316317593	DBCA	24_1	280	88.6812252267241
328.571428571429	700	78.1267556059289	0	78.1267556059289	DBCA	24_1	140	87.7315393543946
328.571428571429	733.333333333333	77.8360896028158	0	77.8360896028158	DBCA	24_1	0	77.8360896028158
328.571428571429	766.666666666667	79.3397875783109	0	79.3397875783109	DBCA	24_1	210	89.540222987772
328.571428571429	800	81.5744125954526	0	81.5744125954526	DBCA	24_1	70	87.7790512074313
328.571428571429	833.333333333333	80.4929811082829	0	80.4929811082829	DBCA	24_2	140	90.0977648567485
328.571428571429	866.666666666667	79.5005815434641	0	79.5005815434641	DBCA	24_2	70	85.7052201554428
328.571428571429	900	79.3015146328511	0	79.3015146328511	DBCA	24_2	280	87.293108227816
328.571428571429	933.333333333333	81.3690666888697	0	81.3690666888697	DBCA	24_2	210	91.5695020983308
328.571428571429	966.666666666667	75.3955237142028	0	75.3955237142028	DBCA	24_2	0	75.3955237142028
342.857142857143	666.666666666667	82.4525534912024	0	82.4525534912024	DBCA	25_1	140	92.0573372396681
342.857142857143	700	81.667842736911	0	81.667842736911	DBCA	25_1	280	89.6594363318759
342.857142857143	733.333333333333	78.2501873478493	0	78.2501873478493	DBCA	25_1	70	84.4548259598279
342.857142857143	766.666666666667	80.0609534629989	0	80.0609534629989	DBCA	25_1	210	90.26138887246
342.857142857143	800	79.6431747491142	0	79.6431747491142	DBCA	25_1	0	79.6431747491142
342.857142857143	833.333333333333	77.1128504177903	0	77.1128504177903	DBCA	25_2	0	77.1128504177903
342.857142857143	866.666666666667	78.328810125519	0	78.328810125519	DBCA	25_2	70	84.5334487374976
342.857142857143	900	77.3231803172585	0	77.3231803172585	DBCA	25_2	140	86.9279640657242
342.857142857143	933.333333333333	78.3037536853425	0	78.3037536853425	DBCA	25_2	210	88.5041890948036
342.857142857143	966.666666666667	80.0490404841704	0	80.0490404841704	DBCA	25_2	280	88.0406340791352
357.142857142857	666.666666666667	82.1421708716501	0	82.1421708716501	DBCA	26_1	70	88.3468094836288
357.142857142857	700	81.9789253467558	0	81.9789253467558	DBCA	26_1	140	91.5837090952215
357.142857142857	733.333333333333	79.6335868137637	0	79.6335868137637	DBCA	26_1	210	89.8340222232248
357.142857142857	766.666666666667	79.0297055911728	0	79.0297055911728	DBCA	26_1	0	79.0297055911728
357.142857142857	800	78.7257036430053	0	78.7257036430053	DBCA	26_1	280	86.7172972379702
357.142857142857	833.333333333333	79.0915488027585	0	79.0915488027585	DBCA	26_2	210	89.2919842122196
357.142857142857	866.666666666667	77.4075046797366	0	77.4075046797366	DBCA	26_2	70	83.6121432917152
357.142857142857	900	78.3583502955566	0	78.3583502955566	DBCA	26_2	140	87.9631340440223
357.142857142857	933.333333333333	77.1100670992239	0	77.1100670992239	DBCA	26_2	280	85.1016606941888
357.142857142857	966.666666666667	78.3506207609846	0	78.3506207609846	DBCA	26_2	0	78.3506207609846
371.428571428571	666.666666666667	79.3321690026909	0	79.3321690026909	DBCA	27_1	0	79.3321690026909
371.428571428571	700	83.8147621794523	0	83.8147621794523	DBCA	27_1	210	94.0151975889134
371.428571428571	733.333333333333	79.0486347907314	0	79.0486347907314	DBCA	27_1	280	87.0402283856963
371.428571428571	766.666666666667	83.239852648832	0	83.239852648832	DBCA	27_1	70	89.4444912608107
371.428571428571	800	76.9995747098859	0	76.9995747098859	DBCA	27_1	140	86.6043584583516
371.428571428571	833.333333333333	79.7358259528569	0	79.7358259528569	DBCA	27_2	210	89.936261362318
371.428571428571	866.666666666667	80.5266427680432	0	80.5266427680432	DBCA	27_2	140	90.1314265165089
371.428571428571	900	76.7452776413886	0	76.7452776413886	DBCA	27_2	280	84.7368712363535
371.428571428571	933.333333333333	78.43549305152	0	78.43549305152	DBCA	27_2	70	84.6401316634987
371.428571428571	966.666666666667	78.9513793235768	0	78.9513793235768	DBCA	27_2	0	78.9513793235768
385.714285714286	666.666666666667	79.8100486573622	0	79.8100486573622	DBCA	28_1	70	86.0146872693408
385.714285714286	700	80.3573979052614	0	80.3573979052614	DBCA	28_1	210	90.5578333147224
385.714285714286	733.333333333333	79.7471537975574	0	79.7471537975574	DBCA	28_1	280	87.7387473925223
385.714285714286	766.666666666667	81.8645397053521	0	81.8645397053521	DBCA	28_1	140	91.4693234538177
385.714285714286	800	76.1661591410776	0	76.1661591410776	DBCA	28_1	0	76.1661591410776
385.714285714286	833.333333333333	81.2614689022301	0	81.2614689022301	DBCA	28_2	280	89.2530624971949
385.714285714286	866.666666666667	76.4688150760553	0	76.4688150760553	DBCA	28_2	70	82.6734536880339
385.714285714286	900	77.0273826276827	0	77.0273826276827	DBCA	28_2	210	87.2278180371438
385.714285714286	933.333333333333	76.6152878856371	0	76.6152878856371	DBCA	28_2	0	76.6152878856371
385.714285714286	966.666666666667	80.3321124583201	0	80.3321124583201	DBCA	28_2	140	89.9368962067858
400	666.666666666667	80.2494671678062	0	80.2494671678062	DBCA	29_1	210	90.4499025772673
400	700	79.3017686945015	0	79.3017686945015	DBCA	29_1	280	87.2933622894663
400	733.333333333333	76.7950921666572	0	76.7950921666572	DBCA	29_1	0	76.7950921666572
400	766.666666666667	78.4139891139854	0	78.4139891139854	DBCA	29_1	70	84.6186277259641
400	800	77.1366794305307	0	77.1366794305307	DBCA	29_1	140	86.7414631789964
400	833.333333333333	81.0488779010949	0	81.0488779010949	DBCA	29_2	70	87.2535165130735
400	866.666666666667	78.0461466139779	0	78.0461466139779	DBCA	29_2	280	86.0377402089428
400	900	77.7710922613994	0	77.7710922613994	DBCA	29_2	0	77.7710922613994
400	933.333333333333	75.1826251736591	0	75.1826251736591	DBCA	29_2	210	85.3830605831202
400	966.666666666667	77.5965747981414	0	77.5965747981414	DBCA	29_2	140	87.2013585466071
28.5714285714286	666.666666666667	80.5995864502419	0	80.5995864502419	DBCA	3_1	280	88.5911800452068
28.5714285714286	700	79.601580378211	0	79.601580378211	DBCA	3_1	210	89.8020157876721
28.5714285714286	733.333333333333	83.056830754577	0	83.056830754577	DBCA	3_1	0	83.056830754577
28.5714285714286	766.666666666667	79.0879384305065	0	79.0879384305065	DBCA	3_1	140	88.6927221789722
28.5714285714286	800	80.8738680354855	0	80.8738680354855	DBCA	3_1	70	87.0785066474641
28.5714285714286	833.333333333333	83.5270398288253	0	83.5270398288253	DBCA	3_2	210	93.7274752382864
28.5714285714286	866.666666666667	77.3066918297866	0	77.3066918297866	DBCA	3_2	140	86.9114755782523
28.5714285714286	900	81.1647547955315	0	81.1647547955315	DBCA	3_2	70	87.3693934075101
28.5714285714286	933.333333333333	83.0955063115041	0	83.0955063115041	DBCA	3_2	0	83.0955063115041
28.5714285714286	966.666666666667	81.8542574083658	0	81.8542574083658	DBCA	3_2	280	89.8458510033306
414.285714285714	666.666666666667	74.1117127534693	0	74.1117127534693	DBCA	30_1	280	82.1033063484342
414.285714285714	700	79.6093408760809	0	79.6093408760809	DBCA	30_1	70	85.8139794880595
414.285714285714	733.333333333333	82.6295369729351	0	82.6295369729351	DBCA	30_1	140	92.2343207214008
414.285714285714	766.666666666667	77.6292258255651	0	77.6292258255651	DBCA	30_1	0	77.6292258255651
414.285714285714	800	76.8198567709927	0	76.8198567709927	DBCA	30_1	210	87.0202921804537
414.285714285714	833.333333333333	79.5236663030192	0	79.5236663030192	DBCA	30_2	210	89.7241017124803
414.285714285714	866.666666666667	77.3006912149353	0	77.3006912149353	DBCA	30_2	0	77.3006912149353
414.285714285714	900	76.6836407260652	0	76.6836407260652	DBCA	30_2	140	86.2884244745309
414.285714285714	933.333333333333	75.7319992667092	0	75.7319992667092	DBCA	30_2	70	81.9366378786879
414.285714285714	966.666666666667	77.6716321006136	0	77.6716321006136	DBCA	30_2	280	85.6632256955785
428.571428571429	666.666666666667	79.4910799534797	0	79.4910799534797	DBCA	31_1	280	87.4826735484446
428.571428571429	700	79.9234768414271	0	79.9234768414271	DBCA	31_1	210	90.1239122508882
428.571428571429	733.333333333333	80.3906287828869	0	80.3906287828869	DBCA	31_1	140	89.9954125313525
428.571428571429	766.666666666667	77.4258929817267	0	77.4258929817267	DBCA	31_1	0	77.4258929817267
428.571428571429	800	80.1549576700639	0	80.1549576700639	DBCA	31_1	70	86.3595962820425
428.571428571429	833.333333333333	79.7467100678653	0	79.7467100678653	DBCA	31_2	140	89.351493816331
428.571428571429	866.666666666667	79.766722736723	0	79.766722736723	DBCA	31_2	210	89.9671581461841
428.571428571429	900	78.5510727380024	0	78.5510727380024	DBCA	31_2	70	84.7557113499811
428.571428571429	933.333333333333	77.4976368157969	0	77.4976368157969	DBCA	31_2	280	85.4892304107618
428.571428571429	966.666666666667	78.3388313653265	0	78.3388313653265	DBCA	31_2	0	78.3388313653265
442.857142857143	666.666666666667	80.5861464298697	0	80.5861464298697	DBCA	32_1	70	86.7907850418483
442.857142857143	700	78.8833007994216	0	78.8833007994216	DBCA	32_1	140	88.4880845478872
442.857142857143	733.333333333333	77.9197816995789	0	77.9197816995789	DBCA	32_1	210	88.12021710904
442.857142857143	766.666666666667	79.0364843756306	0	79.0364843756306	DBCA	32_1	0	79.0364843756306
442.857142857143	800	81.8411712739841	0	81.8411712739841	DBCA	32_1	280	89.832764868949
442.857142857143	833.333333333333	77.3728204889697	0	77.3728204889697	DBCA	32_2	210	87.5732558984307
442.857142857143	866.666666666667	80.8220555544968	0	80.8220555544968	DBCA	32_2	280	88.8136491494617
442.857142857143	900	80.4260974515934	0	80.4260974515934	DBCA	32_2	0	80.4260974515934
442.857142857143	933.333333333333	80.5630128642544	0	80.5630128642544	DBCA	32_2	70	86.767651476233
442.857142857143	966.666666666667	77.8517162508074	0	77.8517162508074	DBCA	32_2	140	87.4564999992731
457.142857142857	666.666666666667	83.879502509917	0	83.879502509917	DBCA	33_1	210	94.079937919378
457.142857142857	700	79.5620416485775	0	79.5620416485775	DBCA	33_1	280	87.5536352435424
457.142857142857	733.333333333333	78.4848594820376	0	78.4848594820376	DBCA	33_1	70	84.6894980940162
457.142857142857	766.666666666667	77.7698462901519	0	77.7698462901519	DBCA	33_1	140	87.3746300386175
457.142857142857	800	80.3373333357294	0	80.3373333357294	DBCA	33_1	0	80.3373333357294
457.142857142857	833.333333333333	79.6308815588304	0	79.6308815588304	DBCA	33_2	0	79.6308815588304
457.142857142857	866.666666666667	79.3522039324375	0	79.3522039324375	DBCA	33_2	210	89.5526393418986
457.142857142857	900	83.6064227605487	0	83.6064227605487	DBCA	33_2	280	91.5980163555135
457.142857142857	933.333333333333	78.9109242903874	0	78.9109242903874	DBCA	33_2	140	88.5157080388531
457.142857142857	966.666666666667	75.2092409253046	0	75.2092409253046	DBCA	33_2	70	81.4138795372832
471.428571428571	666.666666666667	82.1634172018131	0	82.1634172018131	DBCA	34_1	280	90.1550107967779
471.428571428571	700	75.7586257300448	0	75.7586257300448	DBCA	34_1	70	81.9632643420234
471.428571428571	733.333333333333	78.6735071115098	0	78.6735071115098	DBCA	34_1	140	88.2782908599755
471.428571428571	766.666666666667	80.7083459958975	0	80.7083459958975	DBCA	34_1	0	80.7083459958975
471.428571428571	800	84.1260100750629	0	84.1260100750629	DBCA	34_1	210	94.326445484524
471.428571428571	833.333333333333	81.413026551552	0	81.413026551552	DBCA	34_2	280	89.4046201465169
471.428571428571	866.666666666667	82.0056594812489	0	82.0056594812489	DBCA	34_2	0	82.0056594812489
471.428571428571	900	82.0975362682207	0	82.0975362682207	DBCA	34_2	140	91.7023200166864
471.428571428571	933.333333333333	79.0900284186141	0	79.0900284186141	DBCA	34_2	210	89.2904638280752
471.428571428571	966.666666666667	82.0376799692662	0	82.0376799692662	DBCA	34_2	70	88.2423185812448
485.714285714286	666.666666666667	81.5976937566117	0	81.5976937566117	DBCA	35_1	210	91.7981291660728
485.714285714286	700	80.0271212810686	0	80.0271212810686	DBCA	35_1	140	89.6319050295343
485.714285714286	733.333333333333	75.2142739408438	0	75.2142739408438	DBCA	35_1	280	83.2058675358087
485.714285714286	766.666666666667	78.6213149014285	0	78.6213149014285	DBCA	35_1	0	78.6213149014285
485.714285714286	800	83.7634094152	0	83.7634094152	DBCA	35_1	70	89.9680480271786
485.714285714286	833.333333333333	81.5647302313971	0	81.5647302313971	DBCA	35_2	0	81.5647302313971
485.714285714286	866.666666666667	78.6964992783503	0	78.6964992783503	DBCA	35_2	140	88.3012830268159
485.714285714286	900	82.2908953955373	0	82.2908953955373	DBCA	35_2	70	88.4955340075159
485.714285714286	933.333333333333	76.7881579973412	0	76.7881579973412	DBCA	35_2	210	86.9885934068023
485.714285714286	966.666666666667	80.0901296376186	0	80.0901296376186	DBCA	35_2	280	88.0817232325834
500	666.666666666667	79.3619832489777	0	79.3619832489777	DBCA	36_1	280	87.3535768439426
500	700	80.0592996174227	0	80.0592996174227	DBCA	36_1	0	80.0592996174227
500	733.333333333333	75.197579799804	0	75.197579799804	DBCA	36_1	70	81.4022184117826
500	766.666666666667	78.6263151675411	0	78.6263151675411	DBCA	36_1	140	88.2310989160067
500	800	81.3235087434436	0	81.3235087434436	DBCA	36_1	210	91.5239441529047
500	833.333333333333	81.9752669145214	0	81.9752669145214	DBCA	36_2	280	89.9668605094862
500	866.666666666667	80.0010367615865	0	80.0010367615865	DBCA	36_2	210	90.2014721710476
500	900	81.2854311491327	0	81.2854311491327	DBCA	36_2	140	90.8902148975984
500	933.333333333333	77.6817939964297	0	77.6817939964297	DBCA	36_2	0	77.6817939964297
500	966.666666666667	79.1053758909546	0	79.1053758909546	DBCA	36_2	70	85.3100145029332
514.285714285714	666.666666666667	81.3570312603811	24.6	105.957031260381	DBCA	37_1	140	127.271415008847
514.285714285714	700	78.1271993115979	24.6	102.727199311598	DBCA	37_1	70	114.786637923577
514.285714285714	733.333333333333	77.681781131172	24.6	102.281781131172	DBCA	37_1	280	133.692574726137
514.285714285714	766.666666666667	78.9097720790191	24.6	103.509772079019	DBCA	37_1	0	103.509772079019
514.285714285714	800	81.5707354430067	24.6	106.170735443007	DBCA	37_1	210	133.935570852468
514.285714285714	833.333333333333	78.8720035072476	24.6	103.472003507248	DBCA	37_2	280	134.882797102212
514.285714285714	866.666666666667	79.8886639926599	24.6	104.48866399266	DBCA	37_2	0	104.48866399266
514.285714285714	900	78.1215058272081	24.6	102.721505827208	DBCA	37_2	140	124.035889575674
514.285714285714	933.333333333333	82.0722870030729	24.6	106.672287003073	DBCA	37_2	70	118.731725615051
514.285714285714	966.666666666667	80.7053851800312	24.6	105.305385180031	DBCA	37_2	210	133.070220589492
528.571428571429	666.666666666667	81.8551643494359	24.6	106.455164349436	DBCA	38_1	280	137.865957944401
528.571428571429	700	79.4681044632289	24.6	104.068104463229	DBCA	38_1	210	131.83293987269
528.571428571429	733.333333333333	79.6053618530332	24.6	104.205361853033	DBCA	38_1	140	125.519745601499
528.571428571429	766.666666666667	78.523633211235	24.6	103.123633211235	DBCA	38_1	0	103.123633211235
528.571428571429	800	77.3358579948263	24.6	101.935857994826	DBCA	38_1	70	113.995296606805
528.571428571429	833.333333333333	80.4027848430482	24.6	105.002784843048	DBCA	38_2	0	105.002784843048
528.571428571429	866.666666666667	78.9988657919068	24.6	103.598865791907	DBCA	38_2	280	135.009659386872
528.571428571429	900	79.6856087738227	24.6	104.285608773823	DBCA	38_2	70	116.345047385801
528.571428571429	933.333333333333	82.2595472668179	24.6	106.859547266818	DBCA	38_2	210	134.624382676279
528.571428571429	966.666666666667	80.7457983840404	24.6	105.34579838404	DBCA	38_2	140	126.660182132506
542.857142857143	666.666666666667	77.2744470095627	24.6	101.874447009563	DBCA	39_1	140	123.188830758028
542.857142857143	700	80.7826219142231	24.6	105.382621914223	DBCA	39_1	280	136.793415509188
542.857142857143	733.333333333333	78.9533447905253	24.6	103.553344790525	DBCA	39_1	0	103.553344790525
542.857142857143	766.666666666667	79.8744982603333	24.6	104.474498260333	DBCA	39_1	70	116.533936872312
542.857142857143	800	79.3717985778803	24.6	103.97179857788	DBCA	39_1	210	131.736633987341
542.857142857143	833.333333333333	77.4503783403239	24.6	102.050378340324	DBCA	39_2	280	133.461171935289
542.857142857143	866.666666666667	78.7365376210718	24.6	103.336537621072	DBCA	39_2	0	103.336537621072
542.857142857143	900	82.2593460694413	24.6	106.859346069441	DBCA	39_2	70	118.91878468142
542.857142857143	933.333333333333	76.0476354401307	24.6	100.647635440131	DBCA	39_2	140	121.962019188596
542.857142857143	966.666666666667	77.6076762435517	24.6	102.207676243552	DBCA	39_2	210	129.972511653013
42.8571428571429	666.666666666667	81.1841826152091	0	81.1841826152091	DBCA	4_1	0	81.1841826152091
42.8571428571429	700	80.0140030895896	0	80.0140030895896	DBCA	4_1	210	90.2144384990507
42.8571428571429	733.333333333333	80.1476174082906	0	80.1476174082906	DBCA	4_1	140	89.7524011567562
42.8571428571429	766.666666666667	81.8030112269916	0	81.8030112269916	DBCA	4_1	70	88.0076498389703
42.8571428571429	800	80.7403429220268	0	80.7403429220268	DBCA	4_1	280	88.7319365169917
42.8571428571429	833.333333333333	79.6689164488867	0	79.6689164488867	DBCA	4_2	140	89.2737001973524
42.8571428571429	866.666666666667	76.1481883411331	0	76.1481883411331	DBCA	4_2	70	82.3528269531118
42.8571428571429	900	78.9541257987572	0	78.9541257987572	DBCA	4_2	280	86.9457193937221
42.8571428571429	933.333333333333	81.1408069458621	0	81.1408069458621	DBCA	4_2	0	81.1408069458621
42.8571428571429	966.666666666667	82.4266092604833	0	82.4266092604833	DBCA	4_2	210	92.6270446699444
557.142857142857	666.666666666667	79.3902845892295	24.6	103.99028458923	DBCA	40_1	0	103.99028458923
557.142857142857	700	83.7946104487745	24.6	108.394610448775	DBCA	40_1	210	136.159445858236
557.142857142857	733.333333333333	79.7749986988438	24.6	104.374998698844	DBCA	40_1	70	116.434437310822
557.142857142857	766.666666666667	77.6355984678148	24.6	102.235598467815	DBCA	40_1	280	133.64639206278
557.142857142857	800	81.0151347509992	24.6	105.615134750999	DBCA	40_1	140	126.929518499465
557.142857142857	833.333333333333	75.6034525527525	24.6	100.203452552753	DBCA	40_2	280	131.614246147717
557.142857142857	866.666666666667	74.0469205669331	24.6	98.6469205669331	DBCA	40_2	140	119.961304315399
557.142857142857	900	79.8125848865395	24.6	104.412584886539	DBCA	40_2	70	116.472023498518
557.142857142857	933.333333333333	77.9023793391396	24.6	102.50237933914	DBCA	40_2	210	130.267214748601
557.142857142857	966.666666666667	80.6834472608247	24.6	105.283447260825	DBCA	40_2	0	105.283447260825
571.428571428571	666.666666666667	80.8619458113132	24.6	105.461945811313	DBCA	41_1	0	105.461945811313
571.428571428571	700	83.2299725064909	24.6	107.829972506491	DBCA	41_1	210	135.594807915952
571.428571428571	733.333333333333	80.1782259656726	24.6	104.778225965673	DBCA	41_1	70	116.837664577651
571.428571428571	766.666666666667	79.741614286704	24.6	104.341614286704	DBCA	41_1	280	135.752407881669
571.428571428571	800	78.020513712666	24.6	102.620513712666	DBCA	41_1	140	123.934897461132
571.428571428571	833.333333333333	77.5313209524525	24.6	102.131320952452	DBCA	41_2	0	102.131320952452
571.428571428571	866.666666666667	75.2566079660754	24.6	99.8566079660754	DBCA	41_2	140	121.170991714541
571.428571428571	900	83.1816611859495	24.6	107.78166118595	DBCA	41_2	280	139.192454780914
571.428571428571	933.333333333333	78.0126240750304	24.6	102.61262407503	DBCA	41_2	210	130.377459484491
571.428571428571	966.666666666667	77.5502095013916	24.6	102.150209501392	DBCA	41_2	70	114.20964811337
585.714285714286	666.666666666667	82.5570502914595	24.6	107.157050291459	DBCA	42_1	0	107.157050291459
585.714285714286	700	78.5958911243981	24.6	103.195891124398	DBCA	42_1	140	124.510274872864
585.714285714286	733.333333333333	76.5168185936836	24.6	101.116818593684	DBCA	42_1	280	132.527612188648
585.714285714286	766.666666666667	81.010647591043	24.6	105.610647591043	DBCA	42_1	70	117.670086203022
585.714285714286	800	77.3483924837281	24.6	101.948392483728	DBCA	42_1	210	129.713227893189
585.714285714286	833.333333333333	79.1830120316917	24.6	103.783012031692	DBCA	42_2	140	125.097395780157
585.714285714286	866.666666666667	80.5505782196948	24.6	105.150578219695	DBCA	42_2	0	105.150578219695
585.714285714286	900	81.9627852330432	24.6	106.562785233043	DBCA	42_2	210	134.327620642504
585.714285714286	933.333333333333	80.1276467360717	24.6	104.727646736072	DBCA	42_2	280	136.138440331037
585.714285714286	966.666666666667	83.8117886715034	24.6	108.411788671503	DBCA	42_2	70	120.471227283482
600	666.666666666667	85.3107084377251	24.6	109.910708437725	DBCA	43_1	280	141.32150203269
600	700	81.6457710008199	24.6	106.24577100082	DBCA	43_1	140	127.560154749286
600	733.333333333333	79.0887140075168	24.6	103.688714007517	DBCA	43_1	210	131.453549416978
600	766.666666666667	82.022447655294	24.6	106.622447655294	DBCA	43_1	70	118.681886267273
600	800	77.9521850792046	24.6	102.552185079205	DBCA	43_1	0	102.552185079205
600	833.333333333333	80.9245227666088	24.6	105.524522766609	DBCA	43_2	280	136.935316361574
600	866.666666666667	82.8648235965226	24.6	107.464823596523	DBCA	43_2	210	135.229659005984
600	900	83.3074546164998	24.6	107.9074546165	DBCA	43_2	0	107.9074546165
600	933.333333333333	80.5444221957306	24.6	105.144422195731	DBCA	43_2	70	117.203860807709
600	966.666666666667	78.4622686922449	24.6	103.062268692245	DBCA	43_2	140	124.376652440711
614.285714285714	666.666666666667	78.8729725587364	24.6	103.472972558736	DBCA	44_1	140	124.787356307202
614.285714285714	700	83.0434784149239	24.6	107.643478414924	DBCA	44_1	70	119.702917026903
614.285714285714	733.333333333333	76.3505159996356	24.6	100.950515999636	DBCA	44_1	210	128.715351409097
614.285714285714	766.666666666667	81.7761299920061	24.6	106.376129992006	DBCA	44_1	280	137.786923586971
614.285714285714	800	82.3684431593719	24.6	106.968443159372	DBCA	44_1	0	106.968443159372
614.285714285714	833.333333333333	80.9206966413595	24.6	105.520696641359	DBCA	44_2	140	126.835080389825
614.285714285714	866.666666666667	80.0698007592793	24.6	104.669800759279	DBCA	44_2	210	132.43463616874
614.285714285714	900	80.6121929022129	24.6	105.212192902213	DBCA	44_2	280	136.622986497178
614.285714285714	933.333333333333	83.2603624370883	24.6	107.860362437088	DBCA	44_2	0	107.860362437088
614.285714285714	966.666666666667	79.0683732093564	24.6	103.668373209356	DBCA	44_2	70	115.727811821335
628.571428571429	666.666666666667	83.6481436679035	24.6	108.248143667903	DBCA	45_1	70	120.307582279882
628.571428571429	700	84.0760595446819	24.6	108.676059544682	DBCA	45_1	280	140.086853139647
628.571428571429	733.333333333333	78.7282932832072	24.6	103.328293283207	DBCA	45_1	0	103.328293283207
628.571428571429	766.666666666667	74.8792984233593	24.6	99.4792984233593	DBCA	45_1	140	120.793682171825
628.571428571429	800	83.13696095439	24.6	107.73696095439	DBCA	45_1	210	135.501796363851
628.571428571429	833.333333333333	82.3898040773009	24.6	106.989804077301	DBCA	45_2	0	106.989804077301
628.571428571429	866.666666666667	79.8228252607257	24.6	104.422825260726	DBCA	45_2	210	132.187660670187
628.571428571429	900	79.6211014763415	24.6	104.221101476342	DBCA	45_2	140	125.535485224807
628.571428571429	933.333333333333	80.7805931942513	24.6	105.380593194251	DBCA	45_2	280	136.791386789216
628.571428571429	966.666666666667	78.6241914627027	24.6	103.224191462703	DBCA	45_2	70	115.283630074681
642.857142857143	666.666666666667	78.9922697804521	24.6	103.592269780452	DBCA	46_1	0	103.592269780452
642.857142857143	700	77.2682373770634	24.6	101.868237377063	DBCA	46_1	70	113.927675989042
642.857142857143	733.333333333333	76.7138560685402	24.6	101.31385606854	DBCA	46_1	140	122.628239817006
642.857142857143	766.666666666667	78.0908527688118	24.6	102.690852768812	DBCA	46_1	280	134.101646363777
642.857142857143	800	83.2394210166736	24.6	107.839421016674	DBCA	46_1	210	135.604256426135
642.857142857143	833.333333333333	75.0513811910582	24.6	99.6513811910582	DBCA	46_2	140	120.965764939524
642.857142857143	866.666666666667	76.4079454344996	24.6	101.0079454345	DBCA	46_2	210	128.772780843961
642.857142857143	900	79.5644621333737	24.6	104.164462133374	DBCA	46_2	70	116.223900745352
642.857142857143	933.333333333333	80.9006043971155	24.6	105.500604397115	DBCA	46_2	280	136.91139799208
642.857142857143	966.666666666667	79.0254655250102	24.6	103.62546552501	DBCA	46_2	0	103.62546552501
657.142857142857	666.666666666667	77.2894590919337	24.6	101.889459091934	DBCA	47_1	280	133.300252686899
657.142857142857	700	75.0380047427222	24.6	99.6380047427221	DBCA	47_1	140	120.952388491188
657.142857142857	733.333333333333	76.509403840037	24.6	101.109403840037	DBCA	47_1	210	128.874239249498
657.142857142857	766.666666666667	79.3722814582384	24.6	103.972281458238	DBCA	47_1	0	103.972281458238
657.142857142857	800	82.3260012033293	24.6	106.926001203329	DBCA	47_1	70	118.985439815308
657.142857142857	833.333333333333	79.7544505108497	24.6	104.35445051085	DBCA	47_2	70	116.413889122828
657.142857142857	866.666666666667	77.609412768847	24.6	102.209412768847	DBCA	47_2	210	129.974248178308
657.142857142857	900	79.9916567798436	24.6	104.591656779844	DBCA	47_2	140	125.906040528309
657.142857142857	933.333333333333	85.4464338358454	24.6	110.046433835845	DBCA	47_2	280	141.45722743081
657.142857142857	966.666666666667	80.283016867225	24.6	104.883016867225	DBCA	47_2	0	104.883016867225
671.428571428571	666.666666666667	76.6827203176352	24.6	101.282720317635	DBCA	48_1	210	129.047555727096
671.428571428571	700	71.7648846566685	24.6	96.3648846566685	DBCA	48_1	70	108.424323268647
671.428571428571	733.333333333333	73.8256500788678	24.6	98.4256500788678	DBCA	48_1	140	119.740033827333
671.428571428571	766.666666666667	78.8633700313401	24.6	103.46337003134	DBCA	48_1	280	134.874163626305
671.428571428571	800	80.9851737406452	24.6	105.585173740645	DBCA	48_1	0	105.585173740645
671.428571428571	833.333333333333	78.0519514658972	24.6	102.651951465897	DBCA	48_2	140	123.966335214363
671.428571428571	866.666666666667	76.9436722877664	24.6	101.543672287766	DBCA	48_2	280	132.954465882731
671.428571428571	900	78.8761134579689	24.6	103.476113457969	DBCA	48_2	70	115.535552069947
671.428571428571	933.333333333333	83.1368266898644	24.6	107.736826689864	DBCA	48_2	210	135.501662099325
671.428571428571	966.666666666667	79.8996259610283	24.6	104.499625961028	DBCA	48_2	0	104.499625961028
685.714285714286	666.666666666667	77.2164474603538	24.6	101.816447460354	DBCA	49_1	0	101.816447460354
685.714285714286	700	74.9692831494421	24.6	99.5692831494421	DBCA	49_1	280	130.980076744407
685.714285714286	733.333333333333	77.0531615943018	24.6	101.653161594302	DBCA	49_1	70	113.71260020628
685.714285714286	766.666666666667	76.6845236820078	24.6	101.284523682008	DBCA	49_1	140	122.598907430473
685.714285714286	800	78.1524021572902	24.6	102.75240215729	DBCA	49_1	210	130.517237566751
685.714285714286	833.333333333333	76.2726282548497	24.6	100.87262825485	DBCA	49_2	280	132.283421849815
685.714285714286	866.666666666667	75.5663739992635	24.6	100.166373999264	DBCA	49_2	0	100.166373999264
685.714285714286	900	78.8410168463544	24.6	103.441016846354	DBCA	49_2	70	115.500455458333
685.714285714286	933.333333333333	81.8206814639163	24.6	106.420681463916	DBCA	49_2	140	127.735065212382
685.714285714286	966.666666666667	77.8314068772713	24.6	102.431406877271	DBCA	49_2	210	130.196242286732
57.1428571428571	666.666666666667	82.954378116567	0	82.954378116567	DBCA	5_1	280	90.9459717115319
57.1428571428571	700	81.9606721049358	0	81.9606721049358	DBCA	5_1	140	91.5654558534015
57.1428571428571	733.333333333333	84.7594274816854	0	84.7594274816854	DBCA	5_1	210	94.9598628911465
57.1428571428571	766.666666666667	82.4795944824884	0	82.4795944824884	DBCA	5_1	70	88.684233094467
57.1428571428571	800	81.692238556352	0	81.692238556352	DBCA	5_1	0	81.692238556352
57.1428571428571	833.333333333333	82.1718595119568	0	82.1718595119568	DBCA	5_2	210	92.3722949214179
57.1428571428571	866.666666666667	81.2901238455726	0	81.2901238455726	DBCA	5_2	140	90.8949075940382
57.1428571428571	900	77.1003838416887	0	77.1003838416887	DBCA	5_2	70	83.3050224536673
57.1428571428571	933.333333333333	80.5454501637631	0	80.5454501637631	DBCA	5_2	0	80.5454501637631
57.1428571428571	966.666666666667	81.7922585392965	0	81.7922585392965	DBCA	5_2	280	89.7838521342614
700	666.666666666667	73.3950340213911	24.6	97.9950340213911	DBCA	50_1	0	97.9950340213911
700	700	77.6967584036927	24.6	102.296758403693	DBCA	50_1	210	130.061593813154
700	733.333333333333	74.3357384512065	24.6	98.9357384512065	DBCA	50_1	280	130.346532046171
700	766.666666666667	77.6017893195553	24.6	102.201789319555	DBCA	50_1	140	123.516173068021
700	800	79.5238162884046	24.6	104.123816288405	DBCA	50_1	70	116.183254900383
700	833.333333333333	74.8434701683459	24.6	99.4434701683459	DBCA	50_2	280	130.854263763311
700	866.666666666667	76.3096177901259	24.6	100.909617790126	DBCA	50_2	0	100.909617790126
700	900	78.8531581451339	24.6	103.453158145134	DBCA	50_2	70	115.512596757113
700	933.333333333333	80.8471422499951	24.6	105.447142249995	DBCA	50_2	140	126.761525998461
700	966.666666666667	81.7366718348062	24.6	106.336671834806	DBCA	50_2	210	134.101507244267
714.285714285714	666.666666666667	75.1352094984621	24.6	99.7352094984621	DBCA	51_1	140	121.049593246928
714.285714285714	700	76.7463184738088	24.6	101.346318473809	DBCA	51_1	210	129.11115388327
714.285714285714	733.333333333333	75.1892988482257	24.6	99.7892988482257	DBCA	51_1	70	111.848737460204
714.285714285714	766.666666666667	76.7523644022291	24.6	101.352364402229	DBCA	51_1	280	132.763157997194
714.285714285714	800	77.8911457991242	24.6	102.491145799124	DBCA	51_1	0	102.491145799124
714.285714285714	833.333333333333	77.2073387396086	24.6	101.807338739609	DBCA	51_2	70	113.866777351587
714.285714285714	866.666666666667	80.1624175149374	24.6	104.762417514937	DBCA	51_2	280	136.173211109902
714.285714285714	900	81.7427898130549	24.6	106.342789813055	DBCA	51_2	140	127.657173561521
714.285714285714	933.333333333333	84.0283589686571	24.6	108.628358968657	DBCA	51_2	0	108.628358968657
714.285714285714	966.666666666667	80.0795799770277	24.6	104.679579977028	DBCA	51_2	210	132.444415386489
728.571428571429	666.666666666667	79.1846861700059	24.6	103.784686170006	DBCA	52_1	280	135.195479764971
728.571428571429	700	75.6140057399559	24.6	100.214005739956	DBCA	52_1	0	100.214005739956
728.571428571429	733.333333333333	73.4740471129033	24.6	98.0740471129033	DBCA	52_1	210	125.838882522364
728.571428571429	766.666666666667	79.237313144874	24.6	103.837313144874	DBCA	52_1	70	115.896751756853
728.571428571429	800	81.6558451003121	24.6	106.255845100312	DBCA	52_1	140	127.570228848778
728.571428571429	833.333333333333	77.9557208514003	24.6	102.5557208514	DBCA	52_2	70	114.615159463379
728.571428571429	866.666666666667	75.5391217896335	24.6	100.139121789634	DBCA	52_2	140	121.453505538099
728.571428571429	900	79.9803978684976	24.6	104.580397868498	DBCA	52_2	210	132.345233277959
728.571428571429	933.333333333333	77.271952607258	24.6	101.871952607258	DBCA	52_2	280	133.282746202223
728.571428571429	966.666666666667	79.7381741432837	24.6	104.338174143284	DBCA	52_2	0	104.338174143284
742.857142857143	666.666666666667	76.6908088572691	24.6	101.290808857269	DBCA	53_1	210	129.05564426673
742.857142857143	700	75.6573419053024	24.6	100.257341905302	DBCA	53_1	0	100.257341905302
742.857142857143	733.333333333333	77.1811178022759	24.6	101.781117802276	DBCA	53_1	280	133.191911397241
742.857142857143	766.666666666667	79.3164602029412	24.6	103.916460202941	DBCA	53_1	140	125.230843951407
742.857142857143	800	78.0216000835477	24.6	102.621600083548	DBCA	53_1	70	114.681038695526
742.857142857143	833.333333333333	74.9489271989291	24.6	99.5489271989291	DBCA	53_2	0	99.5489271989291
742.857142857143	866.666666666667	79.556723046925	24.6	104.156723046925	DBCA	53_2	70	116.216161658904
742.857142857143	900	80.0064142069709	24.6	104.606414206971	DBCA	53_2	280	136.017207801936
742.857142857143	933.333333333333	79.429757630565	24.6	104.029757630565	DBCA	53_2	140	125.344141379031
742.857142857143	966.666666666667	78.5110988300207	24.6	103.111098830021	DBCA	53_2	210	130.875934239482
757.142857142857	666.666666666667	77.5930789262901	24.6	102.19307892629	DBCA	54_1	210	129.957914335751
757.142857142857	700	76.374336485916	24.6	100.974336485916	DBCA	54_1	70	113.033775097895
757.142857142857	733.333333333333	75.7131486369889	24.6	100.313148636989	DBCA	54_1	280	131.723942231954
757.142857142857	766.666666666667	76.3167768186898	24.6	100.91677681869	DBCA	54_1	140	122.231160567155
757.142857142857	800	78.0143728311139	24.6	102.614372831114	DBCA	54_1	0	102.614372831114
757.142857142857	833.333333333333	77.4076607297689	24.6	102.007660729769	DBCA	54_2	140	123.322044478235
757.142857142857	866.666666666667	78.1027541507804	24.6	102.70275415078	DBCA	54_2	210	130.467589560241
757.142857142857	900	77.6055962314662	24.6	102.205596231466	DBCA	54_2	0	102.205596231466
757.142857142857	933.333333333333	81.6689205335346	24.6	106.268920533535	DBCA	54_2	70	118.328359145513
757.142857142857	966.666666666667	83.0309222917113	24.6	107.630922291711	DBCA	54_2	280	139.041715886676
771.428571428571	666.666666666667	72.8735270909009	24.6	97.4735270909009	DBCA	55_1	280	128.884320685866
771.428571428571	700	76.4234319766762	24.6	101.023431976676	DBCA	55_1	70	113.082870588655
771.428571428571	733.333333333333	77.0767064814136	24.6	101.676706481414	DBCA	55_1	0	101.676706481414
771.428571428571	766.666666666667	74.3978024175782	24.6	98.9978024175782	DBCA	55_1	210	126.762637827039
771.428571428571	800	77.9789275311244	24.6	102.578927531124	DBCA	55_1	140	123.89331127959
771.428571428571	833.333333333333	74.739457881393	24.6	99.339457881393	DBCA	55_2	140	120.653841629859
771.428571428571	866.666666666667	79.4427588671071	24.6	104.042758867107	DBCA	55_2	0	104.042758867107
771.428571428571	900	78.7345007778531	24.6	103.334500777853	DBCA	55_2	210	131.099336187314
771.428571428571	933.333333333333	78.136120644941	24.6	102.736120644941	DBCA	55_2	70	114.79555925692
771.428571428571	966.666666666667	79.3492428601169	24.6	103.949242860117	DBCA	55_2	280	135.360036455082
785.714285714286	666.666666666667	74.9769704277981	24.6	99.5769704277981	DBCA	56_1	280	130.987764022763
785.714285714286	700	78.413014286594	24.6	103.013014286594	DBCA	56_1	210	130.777849696055
785.714285714286	733.333333333333	76.0663987612556	24.6	100.666398761256	DBCA	56_1	140	121.980782509721
785.714285714286	766.666666666667	71.4595564269759	24.6	96.0595564269759	DBCA	56_1	0	96.0595564269759
785.714285714286	800	75.536783094327	24.6	100.136783094327	DBCA	56_1	70	112.196221706306
785.714285714286	833.333333333333	76.6459198226103	24.6	101.24591982261	DBCA	56_2	70	113.305358434589
785.714285714286	866.666666666667	74.6651907051976	24.6	99.2651907051976	DBCA	56_2	140	120.579574453663
785.714285714286	900	74.9771708513398	24.6	99.5771708513398	DBCA	56_2	280	130.987964446305
785.714285714286	933.333333333333	80.0307415209711	24.6	104.630741520971	DBCA	56_2	0	104.630741520971
785.714285714286	966.666666666667	81.2213749504122	24.6	105.821374950412	DBCA	56_2	210	133.586210359873
800	666.666666666667	75.0473566515623	24.6	99.6473566515623	DBCA	57_1	210	127.412192061023
800	700	75.1593767210178	24.6	99.7593767210178	DBCA	57_1	70	111.818815332996
800	733.333333333333	72.7020748546217	24.6	97.3020748546217	DBCA	57_1	0	97.3020748546217
800	766.666666666667	75.9602078120238	24.6	100.560207812024	DBCA	57_1	280	131.971001406989
800	800	74.45671656951	24.6	99.05671656951	DBCA	57_1	140	120.371100317976
800	833.333333333333	78.5408407152668	24.6	103.140840715267	DBCA	57_2	280	134.551634310232
800	866.666666666667	76.6611726916602	24.6	101.26117269166	DBCA	57_2	0	101.26117269166
800	900	75.7991504782525	24.6	100.399150478253	DBCA	57_2	140	121.713534226718
800	933.333333333333	77.2641216725921	24.6	101.864121672592	DBCA	57_2	210	129.628957082053
800	966.666666666667	79.1379781387441	24.6	103.737978138744	DBCA	57_2	70	115.797416750723
814.285714285714	666.666666666667	75.1694649184308	24.6	99.7694649184308	DBCA	58_1	0	99.7694649184308
814.285714285714	700	70.3910478048917	24.6	94.9910478048917	DBCA	58_1	280	126.401841399857
814.285714285714	733.333333333333	68.7700707049178	24.6	93.3700707049178	DBCA	58_1	140	114.684454453384
814.285714285714	766.666666666667	75.6753386229769	24.6	100.275338622977	DBCA	58_1	210	128.040174032438
814.285714285714	800	77.3011215823959	24.6	101.901121582396	DBCA	58_1	70	113.960560194375
814.285714285714	833.333333333333	77.7741288065327	24.6	102.374128806533	DBCA	58_2	210	130.138964215994
814.285714285714	866.666666666667	78.3915239410401	24.6	102.99152394104	DBCA	58_2	70	115.050962553019
814.285714285714	900	77.3891457530649	24.6	101.989145753065	DBCA	58_2	0	101.989145753065
814.285714285714	933.333333333333	79.168919121942	24.6	103.768919121942	DBCA	58_2	140	125.083302870408
814.285714285714	966.666666666667	79.9508834522573	24.6	104.550883452257	DBCA	58_2	280	135.961677047222
828.571428571429	666.666666666667	75.0650779242416	24.6	99.6650779242416	DBCA	59_1	70	111.72451653622
828.571428571429	700	73.2927173274728	24.6	97.8927173274728	DBCA	59_1	210	125.657552736934
828.571428571429	733.333333333333	72.7006765732002	24.6	97.3006765732002	DBCA	59_1	0	97.3006765732002
828.571428571429	766.666666666667	71.0295628635549	24.6	95.6295628635549	DBCA	59_1	140	116.943946612021
828.571428571429	800	76.5322744204478	24.6	101.132274420448	DBCA	59_1	280	132.543068015413
828.571428571429	833.333333333333	76.4072557452882	24.6	101.007255745288	DBCA	59_2	210	128.772091154749
828.571428571429	866.666666666667	74.7531317377141	24.6	99.3531317377141	DBCA	59_2	280	130.763925332679
828.571428571429	900	77.7744943384389	24.6	102.374494338439	DBCA	59_2	140	123.688878086905
828.571428571429	933.333333333333	76.7865510682115	24.6	101.386551068211	DBCA	59_2	0	101.386551068211
828.571428571429	966.666666666667	82.6239685779102	24.6	107.22396857791	DBCA	59_2	70	119.283407189889
71.4285714285714	666.666666666667	82.0815451670495	0	82.0815451670495	DBCA	6_1	70	88.2861837790281
71.4285714285714	700	79.2081424628791	0	79.2081424628791	DBCA	6_1	210	89.4085778723402
71.4285714285714	733.333333333333	83.7643505708895	0	83.7643505708895	DBCA	6_1	140	93.3691343193551
71.4285714285714	766.666666666667	85.0074386422727	0	85.0074386422727	DBCA	6_1	0	85.0074386422727
71.4285714285714	800	79.1736952951389	0	79.1736952951389	DBCA	6_1	280	87.1652888901038
71.4285714285714	833.333333333333	81.988878320683	0	81.988878320683	DBCA	6_2	70	88.1935169326616
71.4285714285714	866.666666666667	77.0828915965627	0	77.0828915965627	DBCA	6_2	210	87.2833270060238
71.4285714285714	900	79.8593896549492	0	79.8593896549492	DBCA	6_2	140	89.4641734034149
71.4285714285714	933.333333333333	83.4066519172507	0	83.4066519172507	DBCA	6_2	280	91.3982455122155
71.4285714285714	966.666666666667	80.9919325303817	0	80.9919325303817	DBCA	6_2	0	80.9919325303817
842.857142857143	666.666666666667	76.4432512579575	24.6	101.043251257958	DBCA	60_1	70	113.102689869936
842.857142857143	700	71.9039537382631	24.6	96.5039537382631	DBCA	60_1	210	124.268789147724
842.857142857143	733.333333333333	70.9805224830816	24.6	95.5805224830816	DBCA	60_1	280	126.991316078046
842.857142857143	766.666666666667	71.7067802877631	24.6	96.3067802877631	DBCA	60_1	0	96.3067802877631
842.857142857143	800	78.0042818696859	24.6	102.604281869686	DBCA	60_1	140	123.918665618152
842.857142857143	833.333333333333	79.2047675711665	24.6	103.804767571166	DBCA	60_2	140	125.119151319632
842.857142857143	866.666666666667	76.9885336442291	24.6	101.588533644229	DBCA	60_2	70	113.647972256208
842.857142857143	900	76.4823572762999	24.6	101.0823572763	DBCA	60_2	210	128.847192685761
842.857142857143	933.333333333333	77.2939574174646	24.6	101.893957417465	DBCA	60_2	0	101.893957417465
842.857142857143	966.666666666667	80.6716763612555	24.6	105.271676361255	DBCA	60_2	280	136.68246995622
857.142857142857	666.666666666667	76.639583234284	24.6	101.239583234284	DBCA	61_1	140	122.55396698275
857.142857142857	700	73.7905522797761	24.6	98.3905522797761	DBCA	61_1	0	98.3905522797761
857.142857142857	733.333333333333	73.9107849690711	24.6	98.5107849690711	DBCA	61_1	280	129.921578564036
857.142857142857	766.666666666667	76.3289890444639	24.6	100.928989044464	DBCA	61_1	70	112.988427656443
857.142857142857	800	79.1108647738826	24.6	103.710864773883	DBCA	61_1	210	131.475700183344
857.142857142857	833.333333333333	78.3607588851287	24.6	102.960758885129	DBCA	61_2	210	130.72559429459
857.142857142857	866.666666666667	78.4217883113508	24.6	103.021788311351	DBCA	61_2	140	124.336172059816
857.142857142857	900	77.9809128536518	24.6	102.580912853652	DBCA	61_2	0	102.580912853652
857.142857142857	933.333333333333	80.0265625826264	24.6	104.626562582626	DBCA	61_2	70	116.686001194605
857.142857142857	966.666666666667	78.7000061239642	24.6	103.300006123964	DBCA	61_2	280	134.710799718929
871.428571428571	666.666666666667	73.7652442409919	24.6	98.3652442409919	DBCA	62_1	210	126.130079650453
871.428571428571	700	75.7533075874042	24.6	100.353307587404	DBCA	62_1	280	131.764101182369
871.428571428571	733.333333333333	75.3055385881924	24.6	99.9055385881924	DBCA	62_1	140	121.219922336658
871.428571428571	766.666666666667	77.8769747690361	24.6	102.476974769036	DBCA	62_1	0	102.476974769036
871.428571428571	800	78.929727623667	24.6	103.529727623667	DBCA	62_1	70	115.589166235646
871.428571428571	833.333333333333	80.6882887008351	24.6	105.288288700835	DBCA	62_2	210	133.053124110296
871.428571428571	866.666666666667	74.7232021948146	24.6	99.3232021948146	DBCA	62_2	140	120.63758594328
871.428571428571	900	78.4417835479802	24.6	103.04178354798	DBCA	62_2	70	115.101222159959
871.428571428571	933.333333333333	81.0851020362215	24.6	105.685102036221	DBCA	62_2	0	105.685102036221
871.428571428571	966.666666666667	79.4552116421748	24.6	104.055211642175	DBCA	62_2	280	135.46600523714
885.714285714286	666.666666666667	75.847076887455	24.6	100.447076887455	DBCA	63_1	210	128.211912296916
885.714285714286	700	79.030781891478	24.6	103.630781891478	DBCA	63_1	0	103.630781891478
885.714285714286	733.333333333333	76.7891362800123	24.6	101.389136280012	DBCA	63_1	280	132.799929874977
885.714285714286	766.666666666667	81.4385034809039	24.6	106.038503480904	DBCA	63_1	140	127.35288722937
885.714285714286	800	76.9465050609319	24.6	101.546505060932	DBCA	63_1	70	113.605943672911
885.714285714286	833.333333333333	75.9263499846971	24.6	100.526349984697	DBCA	63_2	210	128.291185394158
885.714285714286	866.666666666667	78.6833986662769	24.6	103.283398666277	DBCA	63_2	280	134.694192261242
885.714285714286	900	80.1704415700068	24.6	104.770441570007	DBCA	63_2	0	104.770441570007
885.714285714286	933.333333333333	78.8606898325884	24.6	103.460689832588	DBCA	63_2	70	115.520128444567
885.714285714286	966.666666666667	74.7953402419829	24.6	99.3953402419829	DBCA	63_2	140	120.709723990449
900	666.666666666667	74.4941748343329	24.6	99.0941748343329	DBCA	64_1	70	111.153613446312
900	700	77.9710883746274	24.6	102.571088374627	DBCA	64_1	210	130.335923784088
900	733.333333333333	79.1280973398031	24.6	103.728097339803	DBCA	64_1	140	125.042481088269
900	766.666666666667	82.5425503102897	24.6	107.14255031029	DBCA	64_1	0	107.14255031029
900	800	81.8305578417666	24.6	106.430557841767	DBCA	64_1	280	137.841351436732
900	833.333333333333	76.9343407710397	24.6	101.53434077104	DBCA	64_2	70	113.593779383018
900	866.666666666667	80.518208606624	24.6	105.118208606624	DBCA	64_2	210	132.883044016085
900	900	79.5139462893501	24.6	104.11394628935	DBCA	64_2	280	135.524739884315
900	933.333333333333	79.2337228786103	24.6	103.83372287861	DBCA	64_2	140	125.148106627076
900	966.666666666667	78.3900433609171	24.6	102.990043360917	DBCA	64_2	0	102.990043360917
914.285714285714	666.666666666667	74.3348574014037	24.6	98.9348574014037	DBCA	65_1	70	110.994296013382
914.285714285714	700	78.9830012669646	24.6	103.583001266965	DBCA	65_1	140	124.89738501543
914.285714285714	733.333333333333	81.7526677498314	24.6	106.352667749831	DBCA	65_1	280	137.763461344796
914.285714285714	766.666666666667	82.111945146942	24.6	106.711945146942	DBCA	65_1	0	106.711945146942
914.285714285714	800	81.805336046436	24.6	106.405336046436	DBCA	65_1	210	134.170171455897
914.285714285714	833.333333333333	78.3900706759935	24.6	102.990070675993	DBCA	65_2	210	130.754906085455
914.285714285714	866.666666666667	81.1004905325336	24.6	105.700490532534	DBCA	65_2	0	105.700490532534
914.285714285714	900	78.6985220248617	24.6	103.298522024862	DBCA	65_2	70	115.35796063684
914.285714285714	933.333333333333	82.1074474240735	24.6	106.707447424074	DBCA	65_2	140	128.021831172539
914.285714285714	966.666666666667	76.1497286192027	24.6	100.749728619203	DBCA	65_2	280	132.160522214168
928.571428571429	666.666666666667	76.695287446192	24.6	101.295287446192	DBCA	66_1	140	122.609671194658
928.571428571429	700	77.2785740143223	24.6	101.878574014322	DBCA	66_1	210	129.643409423783
928.571428571429	733.333333333333	85.0589894746783	24.6	109.658989474678	DBCA	66_1	280	141.069783069643
928.571428571429	766.666666666667	79.280974714092	24.6	103.880974714092	DBCA	66_1	0	103.880974714092
928.571428571429	800	82.2257493699303	24.6	106.82574936993	DBCA	66_1	70	118.885187981909
928.571428571429	833.333333333333	78.5227382298506	24.6	103.122738229851	DBCA	66_2	280	134.533531824815
928.571428571429	866.666666666667	85.8927546450922	24.6	110.492754645092	DBCA	66_2	140	131.807138393558
928.571428571429	900	79.8068706080926	24.6	104.406870608093	DBCA	66_2	70	116.466309220071
928.571428571429	933.333333333333	81.9095768011443	24.6	106.509576801144	DBCA	66_2	210	134.274412210605
928.571428571429	966.666666666667	82.6181631529264	24.6	107.218163152926	DBCA	66_2	0	107.218163152926
942.857142857143	666.666666666667	81.608368159759	24.6	106.208368159759	DBCA	67_1	210	133.97320356922
942.857142857143	700	80.6601629130915	24.6	105.260162913091	DBCA	67_1	70	117.31960152507
942.857142857143	733.333333333333	84.2504306722809	24.6	108.850430672281	DBCA	67_1	0	108.850430672281
942.857142857143	766.666666666667	78.8074852089207	24.6	103.407485208921	DBCA	67_1	140	124.721868957386
942.857142857143	800	78.190347391386	24.6	102.790347391386	DBCA	67_1	280	134.201140986351
942.857142857143	833.333333333333	82.0435202226385	24.6	106.643520222639	DBCA	67_2	0	106.643520222639
942.857142857143	866.666666666667	79.7220446562458	24.6	104.322044656246	DBCA	67_2	210	132.086880065707
942.857142857143	900	78.9105046999452	24.6	103.510504699945	DBCA	67_2	140	124.824888448411
942.857142857143	933.333333333333	85.8034963145621	24.6	110.403496314562	DBCA	67_2	70	122.462934926541
942.857142857143	966.666666666667	77.9309136173738	24.6	102.530913617374	DBCA	67_2	280	133.941707212339
957.142857142857	666.666666666667	79.7153770249156	24.6	104.315377024916	DBCA	68_1	140	125.629760773381
957.142857142857	700	81.524606195214	24.6	106.124606195214	DBCA	68_1	0	106.124606195214
957.142857142857	733.333333333333	85.3779258208726	24.6	109.977925820873	DBCA	68_1	280	141.388719415837
957.142857142857	766.666666666667	75.5806150382164	24.6	100.180615038216	DBCA	68_1	210	127.945450447677
957.142857142857	800	77.6704745016583	24.6	102.270474501658	DBCA	68_1	70	114.329913113637
957.142857142857	833.333333333333	82.4821060772751	24.6	107.082106077275	DBCA	68_2	140	128.396489825741
957.142857142857	866.666666666667	81.5515410819625	24.6	106.151541081963	DBCA	68_2	70	118.210979693941
957.142857142857	900	80.6969508497909	24.6	105.296950849791	DBCA	68_2	0	105.296950849791
957.142857142857	933.333333333333	88.7909592816047	24.6	113.390959281605	DBCA	68_2	280	144.80175287657
957.142857142857	966.666666666667	78.9839877383259	24.6	103.583987738326	DBCA	68_2	210	131.348823147787
971.428571428571	666.666666666667	79.4606437926693	24.6	104.060643792669	DBCA	69_1	140	125.375027541135
971.428571428571	700	81.7300387972652	24.6	106.330038797265	DBCA	69_1	0	106.330038797265
971.428571428571	733.333333333333	83.652545320035	24.6	108.252545320035	DBCA	69_1	70	120.311983932014
971.428571428571	766.666666666667	80.1887138759746	24.6	104.788713875975	DBCA	69_1	280	136.199507470939
971.428571428571	800	80.5849575021386	24.6	105.184957502139	DBCA	69_1	210	132.9497929116
971.428571428571	833.333333333333	83.8767916001474	24.6	108.476791600147	DBCA	69_2	210	136.241627009609
971.428571428571	866.666666666667	83.5967180997404	24.6	108.19671809974	DBCA	69_2	0	108.19671809974
971.428571428571	900	82.5463011506962	24.6	107.146301150696	DBCA	69_2	280	138.557094745661
971.428571428571	933.333333333333	85.5053478284491	24.6	110.105347828449	DBCA	69_2	70	122.164786440428
971.428571428571	966.666666666667	80.5441333617929	24.6	105.144133361793	DBCA	69_2	140	126.458517110259
85.7142857142857	666.666666666667	82.7754353629894	0	82.7754353629894	DBCA	7_1	140	92.3802191114551
85.7142857142857	700	81.6355036139436	0	81.6355036139436	DBCA	7_1	210	91.8359390234046
85.7142857142857	733.333333333333	82.9169142257506	0	82.9169142257506	DBCA	7_1	0	82.9169142257506
85.7142857142857	766.666666666667	85.9280557907598	0	85.9280557907598	DBCA	7_1	70	92.1326944027385
85.7142857142857	800	81.6885945611063	0	81.6885945611063	DBCA	7_1	280	89.6801881560712
85.7142857142857	833.333333333333	79.8936768541801	0	79.8936768541801	DBCA	7_2	0	79.8936768541801
85.7142857142857	866.666666666667	78.0854415783469	0	78.0854415783469	DBCA	7_2	210	88.285876987808
85.7142857142857	900	79.88528259722	0	79.88528259722	DBCA	7_2	140	89.4900663456856
85.7142857142857	933.333333333333	82.3653611424324	0	82.3653611424324	DBCA	7_2	280	90.3569547373973
85.7142857142857	966.666666666667	80.1192652238815	0	80.1192652238815	DBCA	7_2	70	86.3239038358601
985.714285714286	666.666666666667	80.7262415837018	24.6	105.326241583702	DBCA	70_1	280	136.737035178667
985.714285714286	700	79.7854578024079	24.6	104.385457802408	DBCA	70_1	210	132.150293211869
985.714285714286	733.333333333333	83.6916630926133	24.6	108.291663092613	DBCA	70_1	0	108.291663092613
985.714285714286	766.666666666667	82.3482294222806	24.6	106.948229422281	DBCA	70_1	70	119.007668034259
985.714285714286	800	85.5068045705972	24.6	110.106804570597	DBCA	70_1	140	131.421188319063
985.714285714286	833.333333333333	83.7927700941029	24.6	108.392770094103	DBCA	70_2	140	129.707153842569
985.714285714286	866.666666666667	80.9529508420895	24.6	105.55295084209	DBCA	70_2	280	136.963744437054
985.714285714286	900	83.9751043456313	24.6	108.575104345631	DBCA	70_2	210	136.339939755092
985.714285714286	933.333333333333	82.4800373804353	24.6	107.080037380435	DBCA	70_2	0	107.080037380435
985.714285714286	966.666666666667	77.934026314902	24.6	102.534026314902	DBCA	70_2	70	114.593464926881
1000	666.666666666667	81.1619286497741	24.6	105.761928649774	DBCA	71_1	70	117.821367261753
1000	700	83.4928788488278	24.6	108.092878848828	DBCA	71_1	210	135.857714258289
1000	733.333333333333	81.3257523951711	24.6	105.925752395171	DBCA	71_1	0	105.925752395171
1000	766.666666666667	84.3509858507932	24.6	108.950985850793	DBCA	71_1	280	140.361779445758
1000	800	86.653788622598	24.6	111.253788622598	DBCA	71_1	140	132.568172371064
1000	833.333333333333	81.2587249844188	24.6	105.858724984419	DBCA	71_2	210	133.62356039388
1000	866.666666666667	84.3630445534065	24.6	108.963044553407	DBCA	71_2	0	108.963044553407
1000	900	82.7012033531634	24.6	107.301203353163	DBCA	71_2	70	119.360641965142
1000	933.333333333333	80.9811624027064	24.6	105.581162402706	DBCA	71_2	140	126.895546151172
1000	966.666666666667	77.2351070790726	24.6	101.835107079073	DBCA	71_2	280	133.245900674037
100	666.666666666667	81.7478636371667	0	81.7478636371667	DBCA	8_1	140	91.3526473856324
100	700	80.3983084950105	0	80.3983084950105	DBCA	8_1	0	80.3983084950105
100	733.333333333333	80.4547171501308	0	80.4547171501308	DBCA	8_1	280	88.4463107450957
100	766.666666666667	85.562892910307	0	85.562892910307	DBCA	8_1	210	95.763328319768
100	800	83.1723461496365	0	83.1723461496365	DBCA	8_1	70	89.3769847616151
100	833.333333333333	78.3254706197941	0	78.3254706197941	DBCA	8_2	210	88.5259060292552
100	866.666666666667	76.0512347035448	0	76.0512347035448	DBCA	8_2	280	84.0428282985097
100	900	80.6739400678446	0	80.6739400678446	DBCA	8_2	70	86.8785786798232
100	933.333333333333	79.4790134442965	0	79.4790134442965	DBCA	8_2	140	89.0837971927622
100	966.666666666667	76.9193877534838	0	76.9193877534838	DBCA	8_2	0	76.9193877534838
114.285714285714	666.666666666667	79.8924768154634	0	79.8924768154634	DBCA	9_1	210	90.0929122249245
114.285714285714	700	81.4159416981533	0	81.4159416981533	DBCA	9_1	140	91.020725446619
114.285714285714	733.333333333333	82.7083954216714	0	82.7083954216714	DBCA	9_1	280	90.6999890166363
114.285714285714	766.666666666667	80.8528816101996	0	80.8528816101996	DBCA	9_1	70	87.0575202221783
114.285714285714	800	83.1794254246834	0	83.1794254246834	DBCA	9_1	0	83.1794254246834
114.285714285714	833.333333333333	78.6057521508691	0	78.6057521508691	DBCA	9_2	140	88.2105358993348
114.285714285714	866.666666666667	78.1255140859971	0	78.1255140859971	DBCA	9_2	70	84.3301526979757
114.285714285714	900	79.8001189958329	0	79.8001189958329	DBCA	9_2	0	79.8001189958329
114.285714285714	933.333333333333	80.8976345984016	0	80.8976345984016	DBCA	9_2	280	88.8892281933665
114.285714285714	966.666666666667	81.1047090360048	0	81.1047090360048	DBCA	9_2	210	91.3051444454659
0	1000	82.5886908370929	0	82.5886908370929	DBCA	1_3	NA	NA
14.2857142857143	1000	82.8112645569919	0	82.8112645569919	DBCA	2_3	NA	NA
28.5714285714286	1000	78.9115700533564	0	78.9115700533564	DBCA	3_3	NA	NA
42.8571428571429	1000	83.3098800902292	0	83.3098800902292	DBCA	4_3	NA	NA
57.1428571428571	1000	82.7530842224934	0	82.7530842224934	DBCA	5_3	NA	NA
71.4285714285714	1000	82.2214053304295	0	82.2214053304295	DBCA	6_3	NA	NA
85.7142857142857	1000	78.4050763222978	0	78.4050763222978	DBCA	7_3	NA	NA
100	1000	81.485361719476	0	81.485361719476	DBCA	8_3	NA	NA
114.285714285714	1000	79.7823388981309	0	79.7823388981309	DBCA	9_3	NA	NA
128.571428571429	1000	77.0744091157287	0	77.0744091157287	DBCA	10_3	NA	NA
142.857142857143	1000	75.9654961306573	0	75.9654961306573	DBCA	11_3	NA	NA
157.142857142857	1000	78.6164646190973	0	78.6164646190973	DBCA	12_3	NA	NA
171.428571428571	1000	84.2091172611206	0	84.2091172611206	DBCA	13_3	NA	NA
185.714285714286	1000	83.7541140613507	0	83.7541140613507	DBCA	14_3	NA	NA
200	1000	83.9430025412721	0	83.9430025412721	DBCA	15_3	NA	NA
214.285714285714	1000	80.1595590359888	0	80.1595590359888	DBCA	16_3	NA	NA
228.571428571429	1000	79.9681413419282	0	79.9681413419282	DBCA	17_3	NA	NA
242.857142857143	1000	81.8905560706192	0	81.8905560706192	DBCA	18_3	NA	NA
257.142857142857	1000	80.1161633319364	0	80.1161633319364	DBCA	19_3	NA	NA
271.428571428571	1000	78.1172103110467	0	78.1172103110467	DBCA	20_3	NA	NA
285.714285714286	1000	84.1196289892766	0	84.1196289892766	DBCA	21_3	NA	NA
300	1000	77.304974417858	0	77.304974417858	DBCA	22_3	NA	NA
314.285714285714	1000	74.9968545448091	0	74.9968545448091	DBCA	23_3	NA	NA
328.571428571429	1000	74.9104935702476	0	74.9104935702476	DBCA	24_3	NA	NA
342.857142857143	1000	75.4908094573637	0	75.4908094573637	DBCA	25_3	NA	NA
357.142857142857	1000	77.5198407531232	0	77.5198407531232	DBCA	26_3	NA	NA
371.428571428571	1000	79.9268082319035	0	79.9268082319035	DBCA	27_3	NA	NA
385.714285714286	1000	78.2565725318591	0	78.2565725318591	DBCA	28_3	NA	NA
400	1000	77.6044405442659	0	77.6044405442659	DBCA	29_3	NA	NA
414.285714285714	1000	76.7699166512929	0	76.7699166512929	DBCA	30_3	NA	NA
428.571428571429	1000	73.9208537345993	0	73.9208537345993	DBCA	31_3	NA	NA
442.857142857143	1000	80.1786229241075	0	80.1786229241075	DBCA	32_3	NA	NA
457.142857142857	1000	81.2199987249385	0	81.2199987249385	DBCA	33_3	NA	NA
471.428571428571	1000	81.3293246726806	0	81.3293246726806	DBCA	34_3	NA	NA
485.714285714286	1000	81.2509283482076	0	81.2509283482076	DBCA	35_3	NA	NA
500	1000	80.4920228097886	0	80.4920228097886	DBCA	36_3	NA	NA
514.285714285714	1000	82.5034711432527	24.6	107.103471143253	DBCA	37_3	NA	NA
528.571428571429	1000	81.0642092748427	24.6	105.664209274843	DBCA	38_3	NA	NA
542.857142857143	1000	80.7504377566287	24.6	105.350437756629	DBCA	39_3	NA	NA
557.142857142857	1000	81.0369997515663	24.6	105.636999751566	DBCA	40_3	NA	NA
571.428571428571	1000	82.9275766456643	24.6	107.527576645664	DBCA	41_3	NA	NA
585.714285714286	1000	79.1976919298361	24.6	103.797691929836	DBCA	42_3	NA	NA
600	1000	79.8786388410101	24.6	104.47863884101	DBCA	43_3	NA	NA
614.285714285714	1000	80.501459482744	24.6	105.101459482744	DBCA	44_3	NA	NA
628.571428571429	1000	80.5393434922137	24.6	105.139343492214	DBCA	45_3	NA	NA
642.857142857143	1000	77.5039129557188	24.6	102.103912955719	DBCA	46_3	NA	NA
657.142857142857	1000	78.0132824695978	24.6	102.613282469598	DBCA	47_3	NA	NA
671.428571428571	1000	78.7166962817929	24.6	103.316696281793	DBCA	48_3	NA	NA
685.714285714286	1000	80.8975410613082	24.6	105.497541061308	DBCA	49_3	NA	NA
700	1000	77.1647839789476	24.6	101.764783978948	DBCA	50_3	NA	NA
714.285714285714	1000	75.9539679298457	24.6	100.553967929846	DBCA	51_3	NA	NA
728.571428571429	1000	78.5275730748292	24.6	103.127573074829	DBCA	52_3	NA	NA
742.857142857143	1000	80.1329452158504	24.6	104.73294521585	DBCA	53_3	NA	NA
757.142857142857	1000	80.6887972896178	24.6	105.288797289618	DBCA	54_3	NA	NA
771.428571428571	1000	76.3897046543417	24.6	100.989704654342	DBCA	55_3	NA	NA
785.714285714286	1000	81.0930059585407	24.6	105.693005958541	DBCA	56_3	NA	NA
800	1000	83.8097591325037	24.6	108.409759132504	DBCA	57_3	NA	NA
814.285714285714	1000	83.5656939015758	24.6	108.165693901576	DBCA	58_3	NA	NA
828.571428571429	1000	86.3709036119227	24.6	110.970903611923	DBCA	59_3	NA	NA
842.857142857143	1000	82.7802148494497	24.6	107.38021484945	DBCA	60_3	NA	NA
857.142857142857	1000	78.0690576274004	24.6	102.6690576274	DBCA	61_3	NA	NA
871.428571428571	1000	77.2312634249559	24.6	101.831263424956	DBCA	62_3	NA	NA
885.714285714286	1000	78.916357056937	24.6	103.516357056937	DBCA	63_3	NA	NA
900	1000	77.2819989597582	24.6	101.881998959758	DBCA	64_3	NA	NA
914.285714285714	1000	76.4314539157722	24.6	101.031453915772	DBCA	65_3	NA	NA
928.571428571429	1000	77.0421529388446	24.6	101.642152938845	DBCA	66_3	NA	NA
942.857142857143	1000	76.7163354172085	24.6	101.316335417208	DBCA	67_3	NA	NA
957.142857142857	1000	78.5332185025199	24.6	103.13321850252	DBCA	68_3	NA	NA
971.428571428571	1000	76.2286015797144	24.6	100.828601579714	DBCA	69_3	NA	NA
985.714285714286	1000	77.3256767614064	24.6	101.925676761406	DBCA	70_3	NA	NA
1000	1000	81.7903561086884	24.6	106.390356108688	DBCA	71_3	NA	NA
