x	y	variable1	Zona	ErrorConEfecto	Disenio	Bloque	AsigTrat	MiRto
0	666.666666666667	85.9012745772988	0	85.9012745772988	DBCA	1_1	280	83.7705413087475
0	700	79.512443179528	0	79.512443179528	DBCA	1_1	70	84.9711777200739
0	733.333333333333	78.3106249448983	0	78.3106249448983	DBCA	1_1	0	78.3106249448983
0	766.666666666667	81.7488287260326	0	81.7488287260326	DBCA	1_1	140	88.6720192353353
0	800	84.3238686458909	0	84.3238686458909	DBCA	1_1	210	88.7172365521611
0	833.333333333333	87.364327876335	0	87.364327876335	DBCA	1_2	210	91.7576957826052
0	866.666666666667	87.6128011748171	0	87.6128011748171	DBCA	1_2	280	85.4820679062658
0	900	77.8301606327099	0	77.8301606327099	DBCA	1_2	140	84.7533511420126
0	933.333333333333	80.2958494407895	0	80.2958494407895	DBCA	1_2	70	85.7545839813354
0	966.666666666667	79.6607599205845	0	79.6607599205845	DBCA	1_2	0	79.6607599205845
128.571428571429	666.666666666667	77.1474388775688	0	77.1474388775688	DBCA	10_1	140	84.0706293868715
128.571428571429	700	79.1004710664921	0	79.1004710664921	DBCA	10_1	280	76.9697377979408
128.571428571429	733.333333333333	80.2143170196791	0	80.2143170196791	DBCA	10_1	210	84.6076849259493
128.571428571429	766.666666666667	82.1420857742219	0	82.1420857742219	DBCA	10_1	70	87.6008203147679
128.571428571429	800	84.1424171780042	0	84.1424171780042	DBCA	10_1	0	84.1424171780042
128.571428571429	833.333333333333	81.7322108412755	0	81.7322108412755	DBCA	10_2	0	81.7322108412755
128.571428571429	866.666666666667	84.5567622456874	0	84.5567622456874	DBCA	10_2	70	90.0154967862333
128.571428571429	900	80.8761202252656	0	80.8761202252656	DBCA	10_2	280	78.7453869567142
128.571428571429	933.333333333333	77.5442422412813	0	77.5442422412813	DBCA	10_2	140	84.467432750584
128.571428571429	966.666666666667	82.2234112357754	0	82.2234112357754	DBCA	10_2	210	86.6167791420457
142.857142857143	666.666666666667	80.2470909471649	0	80.2470909471649	DBCA	11_1	140	87.1702814564676
142.857142857143	700	77.6906843623872	0	77.6906843623872	DBCA	11_1	0	77.6906843623872
142.857142857143	733.333333333333	81.1440453002493	0	81.1440453002493	DBCA	11_1	280	79.0133120316979
142.857142857143	766.666666666667	83.4049426682204	0	83.4049426682204	DBCA	11_1	210	87.7983105744907
142.857142857143	800	83.8415057736162	0	83.8415057736162	DBCA	11_1	70	89.3002403141622
142.857142857143	833.333333333333	85.7704127300109	0	85.7704127300109	DBCA	11_2	280	83.6396794614596
142.857142857143	866.666666666667	84.4905066555078	0	84.4905066555078	DBCA	11_2	0	84.4905066555078
142.857142857143	900	80.6217248854826	0	80.6217248854826	DBCA	11_2	210	85.0150927917528
142.857142857143	933.333333333333	78.4618122856453	0	78.4618122856453	DBCA	11_2	70	83.9205468261912
142.857142857143	966.666666666667	80.2290238907602	0	80.2290238907602	DBCA	11_2	140	87.1522144000629
157.142857142857	666.666666666667	79.8245128246923	0	79.8245128246923	DBCA	12_1	70	85.2832473652383
157.142857142857	700	80.2081932923907	0	80.2081932923907	DBCA	12_1	280	78.0774600238393
157.142857142857	733.333333333333	78.7506576971138	0	78.7506576971138	DBCA	12_1	0	78.7506576971138
157.142857142857	766.666666666667	80.7588468352805	0	80.7588468352805	DBCA	12_1	140	87.6820373445832
157.142857142857	800	83.5434625324902	0	83.5434625324902	DBCA	12_1	210	87.9368304387604
157.142857142857	833.333333333333	82.5089286741999	0	82.5089286741999	DBCA	12_2	210	86.9022965804702
157.142857142857	866.666666666667	85.6345853421863	0	85.6345853421863	DBCA	12_2	280	83.5038520736349
157.142857142857	900	82.8211028643025	0	82.8211028643025	DBCA	12_2	70	88.2798374048485
157.142857142857	933.333333333333	78.0722480165742	0	78.0722480165742	DBCA	12_2	140	84.9954385258769
157.142857142857	966.666666666667	76.7270139987232	0	76.7270139987232	DBCA	12_2	0	76.7270139987232
171.428571428571	666.666666666667	78.8843538822013	0	78.8843538822013	DBCA	13_1	70	84.3430884227472
171.428571428571	700	77.9033964406511	0	77.9033964406511	DBCA	13_1	140	84.8265869499538
171.428571428571	733.333333333333	80.752285273901	0	80.752285273901	DBCA	13_1	0	80.752285273901
171.428571428571	766.666666666667	79.3896465915506	0	79.3896465915506	DBCA	13_1	280	77.2589133229992
171.428571428571	800	80.6666076461329	0	80.6666076461329	DBCA	13_1	210	85.0599755524032
171.428571428571	833.333333333333	79.806613900197	0	79.806613900197	DBCA	13_2	280	77.6758806316456
171.428571428571	866.666666666667	83.0969716082711	0	83.0969716082711	DBCA	13_2	210	87.4903395145414
171.428571428571	900	79.1690088543324	0	79.1690088543324	DBCA	13_2	0	79.1690088543324
171.428571428571	933.333333333333	81.4631437166966	0	81.4631437166966	DBCA	13_2	70	86.9218782572426
171.428571428571	966.666666666667	76.5274259415648	0	76.5274259415648	DBCA	13_2	140	83.4506164508675
185.714285714286	666.666666666667	77.3837105878585	0	77.3837105878585	DBCA	14_1	280	75.2529773193071
185.714285714286	700	83.4489741826787	0	83.4489741826787	DBCA	14_1	210	87.842342088949
185.714285714286	733.333333333333	86.633010607444	0	86.633010607444	DBCA	14_1	140	93.5562011167467
185.714285714286	766.666666666667	81.7339459172953	0	81.7339459172953	DBCA	14_1	70	87.1926804578413
185.714285714286	800	79.8528623444599	0	79.8528623444599	DBCA	14_1	0	79.8528623444599
185.714285714286	833.333333333333	82.1823763872315	0	82.1823763872315	DBCA	14_2	280	80.0516431186801
185.714285714286	866.666666666667	82.2568926129366	0	82.2568926129366	DBCA	14_2	0	82.2568926129366
185.714285714286	900	76.7949015454353	0	76.7949015454353	DBCA	14_2	70	82.2536360859812
185.714285714286	933.333333333333	82.8454374447368	0	82.8454374447368	DBCA	14_2	210	87.2388053510071
185.714285714286	966.666666666667	80.2436136074158	0	80.2436136074158	DBCA	14_2	140	87.1668041167185
200	666.666666666667	79.6911422713591	0	79.6911422713591	DBCA	15_1	280	77.5604090028077
200	700	80.1789084155391	0	80.1789084155391	DBCA	15_1	0	80.1789084155391
200	733.333333333333	80.2733338835324	0	80.2733338835324	DBCA	15_1	70	85.7320684240783
200	766.666666666667	82.3635524688411	0	82.3635524688411	DBCA	15_1	210	86.7569203751113
200	800	80.6932950255612	0	80.6932950255612	DBCA	15_1	140	87.6164855348639
200	833.333333333333	85.0095947276934	0	85.0095947276934	DBCA	15_2	140	91.9327852369961
200	866.666666666667	80.058520327366	0	80.058520327366	DBCA	15_2	280	77.9277870588146
200	900	77.4025750662068	0	77.4025750662068	DBCA	15_2	0	77.4025750662068
200	933.333333333333	79.1809358225343	0	79.1809358225343	DBCA	15_2	70	84.6396703630802
200	966.666666666667	77.6087754315425	0	77.6087754315425	DBCA	15_2	210	82.0021433378127
214.285714285714	666.666666666667	79.3272579780108	0	79.3272579780108	DBCA	16_1	280	77.1965247094594
214.285714285714	700	83.890559305907	0	83.890559305907	DBCA	16_1	140	90.8137498152097
214.285714285714	733.333333333333	81.7577352920864	0	81.7577352920864	DBCA	16_1	70	87.2164698326323
214.285714285714	766.666666666667	81.376218650027	0	81.376218650027	DBCA	16_1	0	81.376218650027
214.285714285714	800	76.8359883232491	0	76.8359883232491	DBCA	16_1	210	81.2293562295194
214.285714285714	833.333333333333	84.8589866089107	0	84.8589866089107	DBCA	16_2	210	89.252354515181
214.285714285714	866.666666666667	81.4372245126548	0	81.4372245126548	DBCA	16_2	0	81.4372245126548
214.285714285714	900	81.8409896816284	0	81.8409896816284	DBCA	16_2	70	87.2997242221743
214.285714285714	933.333333333333	80.6886522721943	0	80.6886522721943	DBCA	16_2	280	78.5579190036429
214.285714285714	966.666666666667	81.889821259829	0	81.889821259829	DBCA	16_2	140	88.8130117691317
228.571428571429	666.666666666667	81.9262544483984	0	81.9262544483984	DBCA	17_1	210	86.3196223546687
228.571428571429	700	83.2048854552657	0	83.2048854552657	DBCA	17_1	0	83.2048854552657
228.571428571429	733.333333333333	80.9614986056156	0	80.9614986056156	DBCA	17_1	140	87.8846891149183
228.571428571429	766.666666666667	82.1609966647515	0	82.1609966647515	DBCA	17_1	280	80.0302633962001
228.571428571429	800	79.7169678549284	0	79.7169678549284	DBCA	17_1	70	85.1757023954743
228.571428571429	833.333333333333	81.6757562836603	0	81.6757562836603	DBCA	17_2	140	88.598946792963
228.571428571429	866.666666666667	81.1678798471589	0	81.1678798471589	DBCA	17_2	210	85.5612477534291
228.571428571429	900	81.1111638464364	0	81.1111638464364	DBCA	17_2	70	86.5698983869824
228.571428571429	933.333333333333	81.0506843711572	0	81.0506843711572	DBCA	17_2	280	78.9199511026058
228.571428571429	966.666666666667	79.0132024451349	0	79.0132024451349	DBCA	17_2	0	79.0132024451349
242.857142857143	666.666666666667	83.0773622814999	0	83.0773622814999	DBCA	18_1	0	83.0773622814999
242.857142857143	700	81.2493788797846	0	81.2493788797846	DBCA	18_1	140	88.1725693890873
242.857142857143	733.333333333333	82.2745412297565	0	82.2745412297565	DBCA	18_1	70	87.7332757703025
242.857142857143	766.666666666667	83.9204704810052	0	83.9204704810052	DBCA	18_1	280	81.7897372124538
242.857142857143	800	82.4129953177638	0	82.4129953177638	DBCA	18_1	210	86.806363224034
242.857142857143	833.333333333333	81.8855172283268	0	81.8855172283268	DBCA	18_2	70	87.3442517688728
242.857142857143	866.666666666667	80.4417599241434	0	80.4417599241434	DBCA	18_2	0	80.4417599241434
242.857142857143	900	84.4721164389701	0	84.4721164389701	DBCA	18_2	140	91.3953069482728
242.857142857143	933.333333333333	78.4641778557961	0	78.4641778557961	DBCA	18_2	210	82.8575457620664
242.857142857143	966.666666666667	77.1956666016141	0	77.1956666016141	DBCA	18_2	280	75.0649333330628
257.142857142857	666.666666666667	79.0802261023743	0	79.0802261023743	DBCA	19_1	70	84.5389606429202
257.142857142857	700	80.7232826585402	0	80.7232826585402	DBCA	19_1	0	80.7232826585402
257.142857142857	733.333333333333	80.0574812635528	0	80.0574812635528	DBCA	19_1	210	84.450849169823
257.142857142857	766.666666666667	84.674602819983	0	84.674602819983	DBCA	19_1	280	82.5438695514316
257.142857142857	800	82.7377680314191	0	82.7377680314191	DBCA	19_1	140	89.6609585407218
257.142857142857	833.333333333333	79.9157540815234	0	79.9157540815234	DBCA	19_2	280	77.785020812972
257.142857142857	866.666666666667	79.3575955888921	0	79.3575955888921	DBCA	19_2	210	83.7509634951623
257.142857142857	900	81.3115744019985	0	81.3115744019985	DBCA	19_2	0	81.3115744019985
257.142857142857	933.333333333333	77.4676602939461	0	77.4676602939461	DBCA	19_2	70	82.926394834492
257.142857142857	966.666666666667	81.2107917158357	0	81.2107917158357	DBCA	19_2	140	88.1339822251384
14.2857142857143	666.666666666667	81.0990537195513	0	81.0990537195513	DBCA	2_1	140	88.022244228854
14.2857142857143	700	78.4889724835675	0	78.4889724835675	DBCA	2_1	70	83.9477070241135
14.2857142857143	733.333333333333	80.3441223362604	0	80.3441223362604	DBCA	2_1	280	78.213389067709
14.2857142857143	766.666666666667	84.0450000315717	0	84.0450000315717	DBCA	2_1	0	84.0450000315717
14.2857142857143	800	80.7652162092799	0	80.7652162092799	DBCA	2_1	210	85.1585841155502
14.2857142857143	833.333333333333	84.986569172383	0	84.986569172383	DBCA	2_2	280	82.8558359038316
14.2857142857143	866.666666666667	84.4896513142265	0	84.4896513142265	DBCA	2_2	210	88.8830192204967
14.2857142857143	900	80.8206959011166	0	80.8206959011166	DBCA	2_2	70	86.2794304416626
14.2857142857143	933.333333333333	76.2912786214497	0	76.2912786214497	DBCA	2_2	0	76.2912786214497
14.2857142857143	966.666666666667	83.0419349573024	0	83.0419349573024	DBCA	2_2	140	89.9651254666051
271.428571428571	666.666666666667	80.5972300150877	0	80.5972300150877	DBCA	20_1	70	86.0559645556336
271.428571428571	700	77.8387616782687	0	77.8387616782687	DBCA	20_1	140	84.7619521875714
271.428571428571	733.333333333333	81.4232069690634	0	81.4232069690634	DBCA	20_1	280	79.292473700512
271.428571428571	766.666666666667	82.6241794567138	0	82.6241794567138	DBCA	20_1	0	82.6241794567138
271.428571428571	800	83.6597879211979	0	83.6597879211979	DBCA	20_1	210	88.0531558274682
271.428571428571	833.333333333333	76.0742219347664	0	76.0742219347664	DBCA	20_2	0	76.0742219347664
271.428571428571	866.666666666667	77.5067397215007	0	77.5067397215007	DBCA	20_2	70	82.9654742620467
271.428571428571	900	78.8129325650881	0	78.8129325650881	DBCA	20_2	280	76.6821992965367
271.428571428571	933.333333333333	75.2798967562201	0	75.2798967562201	DBCA	20_2	140	82.2030872655228
271.428571428571	966.666666666667	77.9499961933772	0	77.9499961933772	DBCA	20_2	210	82.3433640996475
285.714285714286	666.666666666667	81.8968139385573	0	81.8968139385573	DBCA	21_1	70	87.3555484791032
285.714285714286	700	80.0412186102145	0	80.0412186102145	DBCA	21_1	0	80.0412186102145
285.714285714286	733.333333333333	79.7244685528842	0	79.7244685528842	DBCA	21_1	140	86.6476590621869
285.714285714286	766.666666666667	80.6310765546469	0	80.6310765546469	DBCA	21_1	280	78.5003432860955
285.714285714286	800	79.4174475494603	0	79.4174475494603	DBCA	21_1	210	83.8108154557306
285.714285714286	833.333333333333	81.1571297024113	0	81.1571297024113	DBCA	21_2	70	86.6158642429572
285.714285714286	866.666666666667	76.4325964160798	0	76.4325964160798	DBCA	21_2	280	74.3018631475284
285.714285714286	900	75.1326738699402	0	75.1326738699402	DBCA	21_2	0	75.1326738699402
285.714285714286	933.333333333333	77.2512113206011	0	77.2512113206011	DBCA	21_2	210	81.6445792268713
285.714285714286	966.666666666667	77.1453604181304	0	77.1453604181304	DBCA	21_2	140	84.0685509274331
300	666.666666666667	81.0555655363141	0	81.0555655363141	DBCA	22_1	70	86.51430007686
300	700	78.6535935318812	0	78.6535935318812	DBCA	22_1	210	83.0469614381515
300	733.333333333333	80.1544246512403	0	80.1544246512403	DBCA	22_1	140	87.077615160543
300	766.666666666667	80.4840994580255	0	80.4840994580255	DBCA	22_1	280	78.3533661894741
300	800	81.2954913190592	0	81.2954913190592	DBCA	22_1	0	81.2954913190592
300	833.333333333333	77.1711183039833	0	77.1711183039833	DBCA	22_2	70	82.6298528445292
300	866.666666666667	78.4160264228065	0	78.4160264228065	DBCA	22_2	0	78.4160264228065
300	900	74.7393508918048	0	74.7393508918048	DBCA	22_2	140	81.6625414011075
300	933.333333333333	78.7441590321571	0	78.7441590321571	DBCA	22_2	210	83.1375269384274
300	966.666666666667	83.3718756442309	0	83.3718756442309	DBCA	22_2	280	81.2411423756795
314.285714285714	666.666666666667	82.1750569571825	0	82.1750569571825	DBCA	23_1	140	89.0982474664852
314.285714285714	700	78.2529479745868	0	78.2529479745868	DBCA	23_1	70	83.7116825151327
314.285714285714	733.333333333333	76.3178092410335	0	76.3178092410335	DBCA	23_1	280	74.1870759724821
314.285714285714	766.666666666667	80.1854498691166	0	80.1854498691166	DBCA	23_1	210	84.5788177753869
314.285714285714	800	79.4613038687409	0	79.4613038687409	DBCA	23_1	0	79.4613038687409
314.285714285714	833.333333333333	76.8577264041435	0	76.8577264041435	DBCA	23_2	0	76.8577264041435
314.285714285714	866.666666666667	78.8619553839514	0	78.8619553839514	DBCA	23_2	70	84.3206899244973
314.285714285714	900	75.5226423646195	0	75.5226423646195	DBCA	23_2	280	73.3919090960681
314.285714285714	933.333333333333	80.9980682370518	0	80.9980682370518	DBCA	23_2	210	85.391436143322
314.285714285714	966.666666666667	82.1429612344578	0	82.1429612344578	DBCA	23_2	140	89.0661517437605
328.571428571429	666.666666666667	77.7304816522773	0	77.7304816522773	DBCA	24_1	140	84.65367216158
328.571428571429	700	77.5042535796035	0	77.5042535796035	DBCA	24_1	0	77.5042535796035
328.571428571429	733.333333333333	77.7410392139622	0	77.7410392139622	DBCA	24_1	210	82.1344071202324
328.571428571429	766.666666666667	77.8290399303876	0	77.8290399303876	DBCA	24_1	70	83.2877744709335
328.571428571429	800	81.5627727429027	0	81.5627727429027	DBCA	24_1	280	79.4320394743513
328.571428571429	833.333333333333	83.2117488976976	0	83.2117488976976	DBCA	24_2	140	90.1349394070003
328.571428571429	866.666666666667	79.0702039448414	0	79.0702039448414	DBCA	24_2	0	79.0702039448414
328.571428571429	900	77.4067260912297	0	77.4067260912297	DBCA	24_2	210	81.8000939975
328.571428571429	933.333333333333	78.0768864190309	0	78.0768864190309	DBCA	24_2	280	75.9461531504795
328.571428571429	966.666666666667	77.7281646735234	0	77.7281646735234	DBCA	24_2	70	83.1868992140693
342.857142857143	666.666666666667	78.7957679814887	0	78.7957679814887	DBCA	25_1	140	85.7189584907914
342.857142857143	700	76.3154144508922	0	76.3154144508922	DBCA	25_1	210	80.7087823571625
342.857142857143	733.333333333333	81.5691631284356	0	81.5691631284356	DBCA	25_1	70	87.0278976689816
342.857142857143	766.666666666667	79.7132848359192	0	79.7132848359192	DBCA	25_1	0	79.7132848359192
342.857142857143	800	80.2915390036024	0	80.2915390036024	DBCA	25_1	280	78.1608057350511
342.857142857143	833.333333333333	82.2060709056225	0	82.2060709056225	DBCA	25_2	280	80.0753376370711
342.857142857143	866.666666666667	78.1025635550212	0	78.1025635550212	DBCA	25_2	140	85.0257540643239
342.857142857143	900	77.814154403615	0	77.814154403615	DBCA	25_2	0	77.814154403615
342.857142857143	933.333333333333	75.8791266256487	0	75.8791266256487	DBCA	25_2	70	81.3378611661946
342.857142857143	966.666666666667	77.9758183420561	0	77.9758183420561	DBCA	25_2	210	82.3691862483264
357.142857142857	666.666666666667	79.1248082469693	0	79.1248082469693	DBCA	26_1	280	76.994074978418
357.142857142857	700	79.5846666348884	0	79.5846666348884	DBCA	26_1	210	83.9780345411586
357.142857142857	733.333333333333	82.7279946690431	0	82.7279946690431	DBCA	26_1	70	88.1867292095891
357.142857142857	766.666666666667	81.7075491391394	0	81.7075491391394	DBCA	26_1	0	81.7075491391394
357.142857142857	800	80.3014193694711	0	80.3014193694711	DBCA	26_1	140	87.2246098787738
357.142857142857	833.333333333333	80.9473554672361	0	80.9473554672361	DBCA	26_2	70	86.406090007782
357.142857142857	866.666666666667	81.3179478645656	0	81.3179478645656	DBCA	26_2	140	88.2411383738683
357.142857142857	900	77.6242133177095	0	77.6242133177095	DBCA	26_2	210	82.0175812239797
357.142857142857	933.333333333333	76.0166776777899	0	76.0166776777899	DBCA	26_2	0	76.0166776777899
357.142857142857	966.666666666667	78.6688065742064	0	78.6688065742064	DBCA	26_2	280	76.538073305655
371.428571428571	666.666666666667	77.7675240062038	0	77.7675240062038	DBCA	27_1	70	83.2262585467498
371.428571428571	700	78.1291938759132	0	78.1291938759132	DBCA	27_1	140	85.0523843852159
371.428571428571	733.333333333333	84.1162177610891	0	84.1162177610891	DBCA	27_1	0	84.1162177610891
371.428571428571	766.666666666667	85.4309741869316	0	85.4309741869316	DBCA	27_1	280	83.3002409183802
371.428571428571	800	81.0029814792046	0	81.0029814792046	DBCA	27_1	210	85.3963493854749
371.428571428571	833.333333333333	80.3259685407018	0	80.3259685407018	DBCA	27_2	280	78.1952352721504
371.428571428571	866.666666666667	80.1604617358355	0	80.1604617358355	DBCA	27_2	70	85.6191962763814
371.428571428571	900	79.0150949800759	0	79.0150949800759	DBCA	27_2	140	85.9382854893786
371.428571428571	933.333333333333	75.8062489503533	0	75.8062489503533	DBCA	27_2	0	75.8062489503533
371.428571428571	966.666666666667	82.6979813953671	0	82.6979813953671	DBCA	27_2	210	87.0913493016374
385.714285714286	666.666666666667	75.272115398822	0	75.272115398822	DBCA	28_1	210	79.6654833050922
385.714285714286	700	79.9201471270767	0	79.9201471270767	DBCA	28_1	140	86.8433376363794
385.714285714286	733.333333333333	84.0071007600563	0	84.0071007600563	DBCA	28_1	70	89.4658353006022
385.714285714286	766.666666666667	80.089451929363	0	80.089451929363	DBCA	28_1	0	80.089451929363
385.714285714286	800	76.9748099909459	0	76.9748099909459	DBCA	28_1	280	74.8440767223945
385.714285714286	833.333333333333	76.8234345859768	0	76.8234345859768	DBCA	28_2	210	81.216802492247
385.714285714286	866.666666666667	80.8519964036628	0	80.8519964036628	DBCA	28_2	70	86.3107309442087
385.714285714286	900	79.569991052371	0	79.569991052371	DBCA	28_2	140	86.4931815616737
385.714285714286	933.333333333333	79.2956770297379	0	79.2956770297379	DBCA	28_2	0	79.2956770297379
385.714285714286	966.666666666667	79.3008414669178	0	79.3008414669178	DBCA	28_2	280	77.1701081983664
400	666.666666666667	74.1934600266561	0	74.1934600266561	DBCA	29_1	0	74.1934600266561
400	700	79.9719315679227	0	79.9719315679227	DBCA	29_1	210	84.365299474193
400	733.333333333333	82.4482049769685	0	82.4482049769685	DBCA	29_1	70	87.9069395175144
400	766.666666666667	79.3358902300226	0	79.3358902300226	DBCA	29_1	140	86.2590807393253
400	800	76.6799556874332	0	76.6799556874332	DBCA	29_1	280	74.5492224188818
400	833.333333333333	79.6973427499177	0	79.6973427499177	DBCA	29_2	0	79.6973427499177
400	866.666666666667	82.2734063490438	0	82.2734063490438	DBCA	29_2	140	89.1965968583465
400	900	82.3406512772101	0	82.3406512772101	DBCA	29_2	280	80.2099180086587
400	933.333333333333	79.3942379450216	0	79.3942379450216	DBCA	29_2	210	83.7876058512918
400	966.666666666667	77.664594173172	0	77.664594173172	DBCA	29_2	70	83.123328713718
28.5714285714286	666.666666666667	84.7959292665885	0	84.7959292665885	DBCA	3_1	70	90.2546638071344
28.5714285714286	700	78.8424580290352	0	78.8424580290352	DBCA	3_1	210	83.2358259353055
28.5714285714286	733.333333333333	79.6630512438571	0	79.6630512438571	DBCA	3_1	0	79.6630512438571
28.5714285714286	766.666666666667	83.1748917770169	0	83.1748917770169	DBCA	3_1	280	81.0441585084655
28.5714285714286	800	85.0552626918943	0	85.0552626918943	DBCA	3_1	140	91.978453201197
28.5714285714286	833.333333333333	85.0459807571474	0	85.0459807571474	DBCA	3_2	0	85.0459807571474
28.5714285714286	866.666666666667	82.4700542613951	0	82.4700542613951	DBCA	3_2	70	87.9287888019411
28.5714285714286	900	81.3494193443636	0	81.3494193443636	DBCA	3_2	140	88.2726098536663
28.5714285714286	933.333333333333	76.6058522817693	0	76.6058522817693	DBCA	3_2	280	74.4751190132179
28.5714285714286	966.666666666667	83.2056212970719	0	83.2056212970719	DBCA	3_2	210	87.5989892033421
414.285714285714	666.666666666667	78.7335106839724	0	78.7335106839724	DBCA	30_1	210	83.1268785902427
414.285714285714	700	80.0446492175823	0	80.0446492175823	DBCA	30_1	280	77.9139159490309
414.285714285714	733.333333333333	85.8480410678291	0	85.8480410678291	DBCA	30_1	0	85.8480410678291
414.285714285714	766.666666666667	83.1314309349081	0	83.1314309349081	DBCA	30_1	140	90.0546214442108
414.285714285714	800	77.5656022643505	0	77.5656022643505	DBCA	30_1	70	83.0243368048964
414.285714285714	833.333333333333	79.7665010827264	0	79.7665010827264	DBCA	30_2	210	84.1598689889966
414.285714285714	866.666666666667	77.3983208247266	0	77.3983208247266	DBCA	30_2	0	77.3983208247266
414.285714285714	900	82.1060706254622	0	82.1060706254622	DBCA	30_2	140	89.0292611347649
414.285714285714	933.333333333333	80.4123055952847	0	80.4123055952847	DBCA	30_2	70	85.8710401358306
414.285714285714	966.666666666667	80.4849013199539	0	80.4849013199539	DBCA	30_2	280	78.3541680514025
428.571428571429	666.666666666667	75.3765294625399	0	75.3765294625399	DBCA	31_1	0	75.3765294625399
428.571428571429	700	76.0962694525355	0	76.0962694525355	DBCA	31_1	70	81.5550039930814
428.571428571429	733.333333333333	85.0578977251763	0	85.0578977251763	DBCA	31_1	210	89.4512656314466
428.571428571429	766.666666666667	84.2521155756009	0	84.2521155756009	DBCA	31_1	140	91.1753060849036
428.571428571429	800	78.641558726303	0	78.641558726303	DBCA	31_1	280	76.5108254577516
428.571428571429	833.333333333333	83.476150755751	0	83.476150755751	DBCA	31_2	0	83.476150755751
428.571428571429	866.666666666667	81.1397435593264	0	81.1397435593264	DBCA	31_2	210	85.5331114655967
428.571428571429	900	81.9900536116222	0	81.9900536116222	DBCA	31_2	280	79.8593203430709
428.571428571429	933.333333333333	77.4553329903888	0	77.4553329903888	DBCA	31_2	70	82.9140675309347
428.571428571429	966.666666666667	77.2451661240369	0	77.2451661240369	DBCA	31_2	140	84.1683566333396
442.857142857143	666.666666666667	81.7096210637839	0	81.7096210637839	DBCA	32_1	280	79.5788877952325
442.857142857143	700	78.7964475795288	0	78.7964475795288	DBCA	32_1	0	78.7964475795288
442.857142857143	733.333333333333	82.2702712401943	0	82.2702712401943	DBCA	32_1	210	86.6636391464646
442.857142857143	766.666666666667	83.621841231071	0	83.621841231071	DBCA	32_1	70	89.080575771617
442.857142857143	800	79.0981701435747	0	79.0981701435747	DBCA	32_1	140	86.0213606528774
442.857142857143	833.333333333333	81.8130372774918	0	81.8130372774918	DBCA	32_2	210	86.206405183762
442.857142857143	866.666666666667	78.5217845154924	0	78.5217845154924	DBCA	32_2	0	78.5217845154924
442.857142857143	900	81.6459439785014	0	81.6459439785014	DBCA	32_2	70	87.1046785190473
442.857142857143	933.333333333333	82.655063708578	0	82.655063708578	DBCA	32_2	140	89.5782542178807
442.857142857143	966.666666666667	76.8045061519682	0	76.8045061519682	DBCA	32_2	280	74.6737728834168
457.142857142857	666.666666666667	81.7025421056142	0	81.7025421056142	DBCA	33_1	140	88.6257326149169
457.142857142857	700	83.5254567971544	0	83.5254567971544	DBCA	33_1	70	88.9841913377003
457.142857142857	733.333333333333	82.3299247446561	0	82.3299247446561	DBCA	33_1	0	82.3299247446561
457.142857142857	766.666666666667	84.4205270615937	0	84.4205270615937	DBCA	33_1	210	88.8138949678639
457.142857142857	800	82.7309835624637	0	82.7309835624637	DBCA	33_1	280	80.6002502939123
457.142857142857	833.333333333333	85.616354873613	0	85.616354873613	DBCA	33_2	140	92.5395453829157
457.142857142857	866.666666666667	81.8457572171903	0	81.8457572171903	DBCA	33_2	280	79.7150239486389
457.142857142857	900	84.0894390274293	0	84.0894390274293	DBCA	33_2	70	89.5481735679752
457.142857142857	933.333333333333	81.6370951277727	0	81.6370951277727	DBCA	33_2	210	86.030463034043
457.142857142857	966.666666666667	78.4120247938756	0	78.4120247938756	DBCA	33_2	0	78.4120247938756
471.428571428571	666.666666666667	81.1145505025941	0	81.1145505025941	DBCA	34_1	140	88.0377410118968
471.428571428571	700	84.0504999688176	0	84.0504999688176	DBCA	34_1	280	81.9197667002662
471.428571428571	733.333333333333	85.8432211720129	0	85.8432211720129	DBCA	34_1	70	91.3019557125589
471.428571428571	766.666666666667	80.0878043433794	0	80.0878043433794	DBCA	34_1	0	80.0878043433794
471.428571428571	800	84.5983421670262	0	84.5983421670262	DBCA	34_1	210	88.9917100732965
471.428571428571	833.333333333333	84.7640536726597	0	84.7640536726597	DBCA	34_2	70	90.2227882132057
471.428571428571	866.666666666667	82.5906864637008	0	82.5906864637008	DBCA	34_2	0	82.5906864637008
471.428571428571	900	84.9707448454913	0	84.9707448454913	DBCA	34_2	280	82.84001157694
471.428571428571	933.333333333333	83.0918359408783	0	83.0918359408783	DBCA	34_2	140	90.015026450181
471.428571428571	966.666666666667	77.6576699177187	0	77.6576699177187	DBCA	34_2	210	82.0510378239889
485.714285714286	666.666666666667	81.4072839866837	0	81.4072839866837	DBCA	35_1	280	79.2765507181323
485.714285714286	700	85.8544466221457	0	85.8544466221457	DBCA	35_1	210	90.2478145284159
485.714285714286	733.333333333333	89.538804179907	0	89.538804179907	DBCA	35_1	0	89.538804179907
485.714285714286	766.666666666667	82.9296488347657	0	82.9296488347657	DBCA	35_1	140	89.8528393440684
485.714285714286	800	82.1890478925257	0	82.1890478925257	DBCA	35_1	70	87.6477824330716
485.714285714286	833.333333333333	86.8996893463851	0	86.8996893463851	DBCA	35_2	70	92.3584238869311
485.714285714286	866.666666666667	87.7460704310415	0	87.7460704310415	DBCA	35_2	0	87.7460704310415
485.714285714286	900	84.8903156140621	0	84.8903156140621	DBCA	35_2	280	82.7595823455107
485.714285714286	933.333333333333	85.2252627173	0	85.2252627173	DBCA	35_2	140	92.1484532266027
485.714285714286	966.666666666667	78.7374404346319	0	78.7374404346319	DBCA	35_2	210	83.1308083409022
500	666.666666666667	83.8686464653833	0	83.8686464653833	DBCA	36_1	210	88.2620143716535
500	700	86.9670543809919	0	86.9670543809919	DBCA	36_1	280	84.8363211124406
500	733.333333333333	85.685507806487	0	85.685507806487	DBCA	36_1	70	91.1442423470329
500	766.666666666667	81.5848213400175	0	81.5848213400175	DBCA	36_1	0	81.5848213400175
500	800	85.6458410431554	0	85.6458410431554	DBCA	36_1	140	92.5690315524581
500	833.333333333333	85.2791574958933	0	85.2791574958933	DBCA	36_2	0	85.2791574958933
500	866.666666666667	85.8339160375684	0	85.8339160375684	DBCA	36_2	140	92.7571065468711
500	900	83.5985896648025	0	83.5985896648025	DBCA	36_2	210	87.9919575710727
500	933.333333333333	84.5851016236485	0	84.5851016236485	DBCA	36_2	70	90.0438361641944
500	966.666666666667	77.6798772176569	0	77.6798772176569	DBCA	36_2	280	75.5491439491056
514.285714285714	666.666666666667	87.7508514896608	24.6	112.350851489661	DBCA	37_1	280	133.639318221109
514.285714285714	700	86.0469182821293	24.6	110.646918282129	DBCA	37_1	70	121.960452822675
514.285714285714	733.333333333333	82.5843627004706	24.6	107.184362700471	DBCA	37_1	0	107.184362700471
514.285714285714	766.666666666667	84.6726491854202	24.6	109.27264918542	DBCA	37_1	140	127.905439694723
514.285714285714	800	83.8387429317445	24.6	108.438742931744	DBCA	37_1	210	130.396510838015
514.285714285714	833.333333333333	85.2069082034371	24.6	109.806908203437	DBCA	37_2	70	121.120442743983
514.285714285714	866.666666666667	84.6039211793274	24.6	109.203921179327	DBCA	37_2	0	109.203921179327
514.285714285714	900	85.8457522045189	24.6	110.445752204519	DBCA	37_2	280	131.734218935968
514.285714285714	933.333333333333	85.2203172200877	24.6	109.820317220088	DBCA	37_2	210	131.778085126358
514.285714285714	966.666666666667	82.5395476606922	24.6	107.139547660692	DBCA	37_2	140	125.772338169995
528.571428571429	666.666666666667	85.5170027350633	24.6	110.117002735063	DBCA	38_1	140	128.749793244366
528.571428571429	700	85.7521865419947	24.6	110.352186541995	DBCA	38_1	0	110.352186541995
528.571428571429	733.333333333333	87.1386056050906	24.6	111.738605605091	DBCA	38_1	210	133.696373511361
528.571428571429	766.666666666667	85.0556754007371	24.6	109.655675400737	DBCA	38_1	280	130.944142132186
528.571428571429	800	81.4916322184463	24.6	106.091632218446	DBCA	38_1	70	117.405166758992
528.571428571429	833.333333333333	84.4885528463951	24.6	109.088552846395	DBCA	38_2	280	130.377019577844
528.571428571429	866.666666666667	85.0173091475237	24.6	109.617309147524	DBCA	38_2	210	131.575077053794
528.571428571429	900	84.8730945569716	24.6	109.473094556972	DBCA	38_2	0	109.473094556972
528.571428571429	933.333333333333	81.9955570629124	24.6	106.595557062912	DBCA	38_2	70	117.909091603458
528.571428571429	966.666666666667	80.3815575938471	24.6	104.981557593847	DBCA	38_2	140	123.61434810315
542.857142857143	666.666666666667	85.3354096726823	24.6	109.935409672682	DBCA	39_1	140	128.568200181985
542.857142857143	700	82.3613927989246	24.6	106.961392798925	DBCA	39_1	210	128.919160705195
542.857142857143	733.333333333333	86.4853984515012	24.6	111.085398451501	DBCA	39_1	70	122.398932992047
542.857142857143	766.666666666667	84.3636170944405	24.6	108.96361709444	DBCA	39_1	0	108.96361709444
542.857142857143	800	84.3545960845125	24.6	108.954596084513	DBCA	39_1	280	130.243062815961
542.857142857143	833.333333333333	86.2382099783796	24.6	110.83820997838	DBCA	39_2	210	132.79597788465
542.857142857143	866.666666666667	84.2596429699846	24.6	108.859642969985	DBCA	39_2	70	120.173177510531
542.857142857143	900	83.3069193961931	24.6	107.906919396193	DBCA	39_2	0	107.906919396193
542.857142857143	933.333333333333	82.5883357704802	24.6	107.18833577048	DBCA	39_2	280	128.476802501929
542.857142857143	966.666666666667	81.2391620554751	24.6	105.839162055475	DBCA	39_2	140	124.471952564778
42.8571428571429	666.666666666667	77.5964716603727	0	77.5964716603727	DBCA	4_1	140	84.5196621696754
42.8571428571429	700	76.8417205474118	0	76.8417205474118	DBCA	4_1	280	74.7109872788604
42.8571428571429	733.333333333333	82.3033185991762	0	82.3033185991762	DBCA	4_1	210	86.6966865054465
42.8571428571429	766.666666666667	81.6242771105081	0	81.6242771105081	DBCA	4_1	0	81.6242771105081
42.8571428571429	800	82.9341624036417	0	82.9341624036417	DBCA	4_1	70	88.3928969441877
42.8571428571429	833.333333333333	86.6764658492289	0	86.6764658492289	DBCA	4_2	70	92.1352003897749
42.8571428571429	866.666666666667	84.270635767741	0	84.270635767741	DBCA	4_2	140	91.1938262770437
42.8571428571429	900	79.5011316736622	0	79.5011316736622	DBCA	4_2	210	83.8944995799325
42.8571428571429	933.333333333333	78.8137145222704	0	78.8137145222704	DBCA	4_2	280	76.682981253719
42.8571428571429	966.666666666667	83.1878945086151	0	83.1878945086151	DBCA	4_2	0	83.1878945086151
557.142857142857	666.666666666667	81.886517236554	24.6	106.486517236554	DBCA	40_1	210	128.444285142824
557.142857142857	700	81.4670601996121	24.6	106.067060199612	DBCA	40_1	140	124.699850708915
557.142857142857	733.333333333333	85.7868572592626	24.6	110.386857259263	DBCA	40_1	70	121.700391799809
557.142857142857	766.666666666667	82.4272052996439	24.6	107.027205299644	DBCA	40_1	0	107.027205299644
557.142857142857	800	82.9509685509586	24.6	107.550968550959	DBCA	40_1	280	128.839435282407
557.142857142857	833.333333333333	83.4214003935274	24.6	108.021400393527	DBCA	40_2	0	108.021400393527
557.142857142857	866.666666666667	82.6321907189656	24.6	107.232190718966	DBCA	40_2	140	125.864981228268
557.142857142857	900	82.0283876566252	24.6	106.628387656625	DBCA	40_2	70	117.941922197171
557.142857142857	933.333333333333	80.2609695192905	24.6	104.860969519291	DBCA	40_2	280	126.149436250739
557.142857142857	966.666666666667	85.3714135600153	24.6	109.971413560015	DBCA	40_2	210	131.929181466286
571.428571428571	666.666666666667	78.8454801548763	24.6	103.445480154876	DBCA	41_1	0	103.445480154876
571.428571428571	700	80.9403050656306	24.6	105.540305065631	DBCA	41_1	210	127.498072971901
571.428571428571	733.333333333333	82.9672260892609	24.6	107.567226089261	DBCA	41_1	280	128.85569282071
571.428571428571	766.666666666667	82.513030858392	24.6	107.113030858392	DBCA	41_1	70	118.426565398938
571.428571428571	800	79.2226786350253	24.6	103.822678635025	DBCA	41_1	140	122.455469144328
571.428571428571	833.333333333333	83.3327493029205	24.6	107.93274930292	DBCA	41_2	70	119.246283843466
571.428571428571	866.666666666667	81.1584300207343	24.6	105.758430020734	DBCA	41_2	210	127.716197927005
571.428571428571	900	81.7772202199662	24.6	106.377220219966	DBCA	41_2	280	127.665686951415
571.428571428571	933.333333333333	81.9498480250502	24.6	106.54984802505	DBCA	41_2	140	125.182638534353
571.428571428571	966.666666666667	87.5905679157644	24.6	112.190567915764	DBCA	41_2	0	112.190567915764
585.714285714286	666.666666666667	82.8250515491196	24.6	107.42505154912	DBCA	42_1	70	118.738586089666
585.714285714286	700	82.120494167003	24.6	106.720494167003	DBCA	42_1	280	128.008960898452
585.714285714286	733.333333333333	77.6444180537123	24.6	102.244418053712	DBCA	42_1	210	124.202185959983
585.714285714286	766.666666666667	80.2155612921727	24.6	104.815561292173	DBCA	42_1	0	104.815561292173
585.714285714286	800	82.1851110038259	24.6	106.785111003826	DBCA	42_1	140	125.417901513129
585.714285714286	833.333333333333	85.5281139282433	24.6	110.128113928243	DBCA	42_2	210	132.085881834514
585.714285714286	866.666666666667	81.0579955159544	24.6	105.657995515954	DBCA	42_2	280	126.946462247403
585.714285714286	900	83.6173688153735	24.6	108.217368815373	DBCA	42_2	70	119.530903355919
585.714285714286	933.333333333333	80.5631823055888	24.6	105.163182305589	DBCA	42_2	0	105.163182305589
585.714285714286	966.666666666667	84.959922131237	24.6	109.559922131237	DBCA	42_2	140	128.19271264054
600	666.666666666667	84.3301954974894	24.6	108.930195497489	DBCA	43_1	0	108.930195497489
600	700	82.6234717125439	24.6	107.223471712544	DBCA	43_1	70	118.53700625309
600	733.333333333333	81.9663874471269	24.6	106.566387447127	DBCA	43_1	140	125.19917795643
600	766.666666666667	80.9981651322555	24.6	105.598165132255	DBCA	43_1	210	127.555933038526
600	800	85.7100254681382	24.6	110.310025468138	DBCA	43_1	280	131.598492199587
600	833.333333333333	79.6749472125252	24.6	104.274947212525	DBCA	43_2	70	115.588481753071
600	866.666666666667	79.5463808975556	24.6	104.146380897556	DBCA	43_2	140	122.779171406858
600	900	79.6686444152885	24.6	104.268644415289	DBCA	43_2	0	104.268644415289
600	933.333333333333	83.5756257035916	24.6	108.175625703592	DBCA	43_2	280	129.46409243504
600	966.666666666667	84.8940388593692	24.6	109.494038859369	DBCA	43_2	210	131.451806765639
614.285714285714	666.666666666667	79.1638439455228	24.6	103.763843945523	DBCA	44_1	280	125.052310676971
614.285714285714	700	80.8916814714689	24.6	105.491681471469	DBCA	44_1	0	105.491681471469
614.285714285714	733.333333333333	81.8718188652855	24.6	106.471818865286	DBCA	44_1	210	128.429586771556
614.285714285714	766.666666666667	83.7120466709624	24.6	108.312046670962	DBCA	44_1	70	119.625581211508
614.285714285714	800	85.6812891226958	24.6	110.281289122696	DBCA	44_1	140	128.914079631999
614.285714285714	833.333333333333	80.2198041868379	24.6	104.819804186838	DBCA	44_2	70	116.133338727384
614.285714285714	866.666666666667	77.0813554163858	24.6	101.681355416386	DBCA	44_2	0	101.681355416386
614.285714285714	900	79.7627338547916	24.6	104.362733854792	DBCA	44_2	280	125.65120058624
614.285714285714	933.333333333333	80.8377484069303	24.6	105.43774840693	DBCA	44_2	210	127.395516313201
614.285714285714	966.666666666667	85.6900544691373	24.6	110.290054469137	DBCA	44_2	140	128.92284497844
628.571428571429	666.666666666667	79.6439000018638	24.6	104.243900001864	DBCA	45_1	140	122.876690511167
628.571428571429	700	82.7461270245639	24.6	107.346127024564	DBCA	45_1	210	129.303894930834
628.571428571429	733.333333333333	85.4692045418029	24.6	110.069204541803	DBCA	45_1	280	131.357671273251
628.571428571429	766.666666666667	84.0515733095364	24.6	108.651573309536	DBCA	45_1	70	119.965107850082
628.571428571429	800	81.1192609141281	24.6	105.719260914128	DBCA	45_1	0	105.719260914128
628.571428571429	833.333333333333	79.1972461279637	24.6	103.797246127964	DBCA	45_2	70	115.11078066851
628.571428571429	866.666666666667	76.2478539550312	24.6	100.847853955031	DBCA	45_2	210	122.805621861301
628.571428571429	900	80.6832221993229	24.6	105.283222199323	DBCA	45_2	280	126.571688930772
628.571428571429	933.333333333333	83.3520579026048	24.6	107.952057902605	DBCA	45_2	140	126.584848411908
628.571428571429	966.666666666667	84.0858553131694	24.6	108.685855313169	DBCA	45_2	0	108.685855313169
642.857142857143	666.666666666667	77.0253599928196	24.6	101.62535999282	DBCA	46_1	0	101.62535999282
642.857142857143	700	84.0403659867923	24.6	108.640365986792	DBCA	46_1	140	127.273156496095
642.857142857143	733.333333333333	84.8608892775163	24.6	109.460889277516	DBCA	46_1	210	131.418657183787
642.857142857143	766.666666666667	85.2506593599767	24.6	109.850659359977	DBCA	46_1	280	131.139126091425
642.857142857143	800	80.56485306708	24.6	105.16485306708	DBCA	46_1	70	116.478387607626
642.857142857143	833.333333333333	79.7452335302759	24.6	104.345233530276	DBCA	46_2	140	122.978024039579
642.857142857143	866.666666666667	78.0721374456121	24.6	102.672137445612	DBCA	46_2	280	123.960604177061
642.857142857143	900	79.3978208502974	24.6	103.997820850297	DBCA	46_2	0	103.997820850297
642.857142857143	933.333333333333	81.3605620003139	24.6	105.960562000314	DBCA	46_2	70	117.27409654086
642.857142857143	966.666666666667	84.6496315253694	24.6	109.249631525369	DBCA	46_2	210	131.20739943164
657.142857142857	666.666666666667	79.319261684924	24.6	103.919261684924	DBCA	47_1	280	125.207728416373
657.142857142857	700	82.3558868180603	24.6	106.95588681806	DBCA	47_1	70	118.269421358606
657.142857142857	733.333333333333	85.9699950718297	24.6	110.56999507183	DBCA	47_1	140	129.202785581132
657.142857142857	766.666666666667	87.6181093778926	24.6	112.218109377893	DBCA	47_1	0	112.218109377893
657.142857142857	800	82.4645459188257	24.6	107.064545918826	DBCA	47_1	210	129.022313825096
657.142857142857	833.333333333333	82.6176521764041	24.6	107.217652176404	DBCA	47_2	0	107.217652176404
657.142857142857	866.666666666667	80.484776768901	24.6	105.084776768901	DBCA	47_2	70	116.398311309447
657.142857142857	900	79.6920293783761	24.6	104.292029378376	DBCA	47_2	140	122.924819887679
657.142857142857	933.333333333333	77.0307459465091	24.6	101.630745946509	DBCA	47_2	210	123.588513852779
657.142857142857	966.666666666667	80.6537575700914	24.6	105.253757570091	DBCA	47_2	280	126.54222430154
671.428571428571	666.666666666667	82.029416973291	24.6	106.629416973291	DBCA	48_1	210	128.587184879561
671.428571428571	700	81.0571485126914	24.6	105.657148512691	DBCA	48_1	140	124.289939021994
671.428571428571	733.333333333333	84.3370736433777	24.6	108.937073643378	DBCA	48_1	280	130.225540374826
671.428571428571	766.666666666667	85.4443686284186	24.6	110.044368628419	DBCA	48_1	70	121.357903168965
671.428571428571	800	84.1384348985468	24.6	108.738434898547	DBCA	48_1	0	108.738434898547
671.428571428571	833.333333333333	83.2817972415449	24.6	107.881797241545	DBCA	48_2	0	107.881797241545
671.428571428571	866.666666666667	79.734500468533	24.6	104.334500468533	DBCA	48_2	280	125.622967199982
671.428571428571	900	83.4433925239744	24.6	108.043392523974	DBCA	48_2	140	126.676183033277
671.428571428571	933.333333333333	84.4144752744917	24.6	109.014475274492	DBCA	48_2	210	130.972243180762
671.428571428571	966.666666666667	81.8036651265267	24.6	106.403665126527	DBCA	48_2	70	117.717199667073
685.714285714286	666.666666666667	81.4222198151827	24.6	106.022219815183	DBCA	49_1	280	127.310686546631
685.714285714286	700	78.3775241934395	24.6	102.97752419344	DBCA	49_1	140	121.610314702742
685.714285714286	733.333333333333	83.9013138636447	24.6	108.501313863645	DBCA	49_1	210	130.459081769915
685.714285714286	766.666666666667	87.0752606042436	24.6	111.675260604244	DBCA	49_1	0	111.675260604244
685.714285714286	800	82.6797113782047	24.6	107.279711378205	DBCA	49_1	70	118.593245918751
685.714285714286	833.333333333333	81.6997896029103	24.6	106.29978960291	DBCA	49_2	70	117.613324143456
685.714285714286	866.666666666667	83.7296158409224	24.6	108.329615840922	DBCA	49_2	280	129.618082572371
685.714285714286	900	79.5163481416252	24.6	104.116348141625	DBCA	49_2	140	122.749138650928
685.714285714286	933.333333333333	86.1754704328569	24.6	110.775470432857	DBCA	49_2	210	132.733238339127
685.714285714286	966.666666666667	82.2677064976745	24.6	106.867706497675	DBCA	49_2	0	106.867706497675
57.1428571428571	666.666666666667	77.1073463546197	0	77.1073463546197	DBCA	5_1	0	77.1073463546197
57.1428571428571	700	79.8517683325311	0	79.8517683325311	DBCA	5_1	280	77.7210350639797
57.1428571428571	733.333333333333	82.288230023448	0	82.288230023448	DBCA	5_1	140	89.2114205327507
57.1428571428571	766.666666666667	78.8128411829344	0	78.8128411829344	DBCA	5_1	70	84.2715757234804
57.1428571428571	800	84.1257534586887	0	84.1257534586887	DBCA	5_1	210	88.519121364959
57.1428571428571	833.333333333333	87.8068617445665	0	87.8068617445665	DBCA	5_2	0	87.8068617445665
57.1428571428571	866.666666666667	83.0304016070938	0	83.0304016070938	DBCA	5_2	280	80.8996683385424
57.1428571428571	900	82.1090812480806	0	82.1090812480806	DBCA	5_2	210	86.5024491543508
57.1428571428571	933.333333333333	81.5066935291395	0	81.5066935291395	DBCA	5_2	70	86.9654280696854
57.1428571428571	966.666666666667	83.682425372703	0	83.682425372703	DBCA	5_2	140	90.6056158820057
700	666.666666666667	75.4548392443515	24.6	100.054839244351	DBCA	50_1	70	111.368373784897
700	700	81.5813524280091	24.6	106.181352428009	DBCA	50_1	280	127.469819159458
700	733.333333333333	79.69800885521	24.6	104.29800885521	DBCA	50_1	210	126.25577676148
700	766.666666666667	84.2406333574946	24.6	108.840633357495	DBCA	50_1	140	127.473423866797
700	800	82.5937828473204	24.6	107.19378284732	DBCA	50_1	0	107.19378284732
700	833.333333333333	84.5340540118539	24.6	109.134054011854	DBCA	50_2	0	109.134054011854
700	866.666666666667	83.653637055633	24.6	108.253637055633	DBCA	50_2	280	129.542103787082
700	900	79.4609121555258	24.6	104.060912155526	DBCA	50_2	70	115.374446696072
700	933.333333333333	82.7899126240996	24.6	107.3899126241	DBCA	50_2	210	129.34768053037
700	966.666666666667	82.9466477735036	24.6	107.546647773504	DBCA	50_2	140	126.179438282806
714.285714285714	666.666666666667	76.5175384860212	24.6	101.117538486021	DBCA	51_1	0	101.117538486021
714.285714285714	700	78.3419990240517	24.6	102.941999024052	DBCA	51_1	280	124.2304657555
714.285714285714	733.333333333333	80.1122677635378	24.6	104.712267763538	DBCA	51_1	140	123.34505827284
714.285714285714	766.666666666667	81.40741269031	24.6	106.00741269031	DBCA	51_1	70	117.320947230856
714.285714285714	800	79.7079276238915	24.6	104.307927623891	DBCA	51_1	210	126.265695530162
714.285714285714	833.333333333333	80.690436039318	24.6	105.290436039318	DBCA	51_2	210	127.248203945588
714.285714285714	866.666666666667	79.5402712917108	24.6	104.140271291711	DBCA	51_2	0	104.140271291711
714.285714285714	900	80.7927820278832	24.6	105.392782027883	DBCA	51_2	140	124.025572537186
714.285714285714	933.333333333333	82.4509727530532	24.6	107.050972753053	DBCA	51_2	280	128.339439484502
714.285714285714	966.666666666667	86.8426881333526	24.6	111.442688133353	DBCA	51_2	70	122.756222673898
728.571428571429	666.666666666667	75.6682910558687	24.6	100.268291055869	DBCA	52_1	140	118.901081565171
728.571428571429	700	78.8916490676174	24.6	103.491649067617	DBCA	52_1	280	124.780115799066
728.571428571429	733.333333333333	78.4469072494664	24.6	103.046907249466	DBCA	52_1	210	125.004675155737
728.571428571429	766.666666666667	80.2107426651018	24.6	104.810742665102	DBCA	52_1	70	116.124277205648
728.571428571429	800	79.6083960429236	24.6	104.208396042924	DBCA	52_1	0	104.208396042924
728.571428571429	833.333333333333	79.6848185135352	24.6	104.284818513535	DBCA	52_2	140	122.917609022838
728.571428571429	866.666666666667	83.9609860263629	24.6	108.560986026363	DBCA	52_2	0	108.560986026363
728.571428571429	900	79.4728451204859	24.6	104.072845120486	DBCA	52_2	210	126.030613026756
728.571428571429	933.333333333333	81.4302556248187	24.6	106.030255624819	DBCA	52_2	280	127.318722356267
728.571428571429	966.666666666667	83.4215520630344	24.6	108.021552063034	DBCA	52_2	70	119.33508660358
742.857142857143	666.666666666667	77.7973906103412	24.6	102.397390610341	DBCA	53_1	210	124.355158516611
742.857142857143	700	80.5740212055421	24.6	105.174021205542	DBCA	53_1	70	116.487555746088
742.857142857143	733.333333333333	75.2720768325292	24.6	99.8720768325292	DBCA	53_1	280	121.160543563978
742.857142857143	766.666666666667	78.2738698728151	24.6	102.873869872815	DBCA	53_1	140	121.506660382118
742.857142857143	800	84.928310350839	24.6	109.528310350839	DBCA	53_1	0	109.528310350839
742.857142857143	833.333333333333	86.0668261406493	24.6	110.666826140649	DBCA	53_2	0	110.666826140649
742.857142857143	866.666666666667	80.1714779849848	24.6	104.771477984985	DBCA	53_2	210	126.729245891255
742.857142857143	900	77.8584641219892	24.6	102.458464121989	DBCA	53_2	140	121.091254631292
742.857142857143	933.333333333333	82.9898895793982	24.6	107.589889579398	DBCA	53_2	280	128.878356310847
742.857142857143	966.666666666667	81.3229806934003	24.6	105.9229806934	DBCA	53_2	70	117.236515233946
757.142857142857	666.666666666667	78.7857375047888	24.6	103.385737504789	DBCA	54_1	140	122.018528014092
757.142857142857	700	81.5715264216701	24.6	106.17152642167	DBCA	54_1	70	117.485060962216
757.142857142857	733.333333333333	76.4674350677605	24.6	101.06743506776	DBCA	54_1	0	101.06743506776
757.142857142857	766.666666666667	79.8012410568236	24.6	104.401241056824	DBCA	54_1	280	125.689707788272
757.142857142857	800	82.5747909902969	24.6	107.174790990297	DBCA	54_1	210	129.132558896567
757.142857142857	833.333333333333	85.4289447922214	24.6	110.028944792221	DBCA	54_2	70	121.342479332767
757.142857142857	866.666666666667	81.9672964787375	24.6	106.567296478737	DBCA	54_2	0	106.567296478737
757.142857142857	900	78.414258791206	24.6	103.014258791206	DBCA	54_2	210	124.972026697476
757.142857142857	933.333333333333	80.9974572268599	24.6	105.59745722686	DBCA	54_2	140	124.230247736163
757.142857142857	966.666666666667	80.3198132076519	24.6	104.919813207652	DBCA	54_2	280	126.208279939101
771.428571428571	666.666666666667	78.7755336213805	24.6	103.37553362138	DBCA	55_1	280	124.664000352829
771.428571428571	700	79.7177939752179	24.6	104.317793975218	DBCA	55_1	0	104.317793975218
771.428571428571	733.333333333333	77.1481180142588	24.6	101.748118014259	DBCA	55_1	140	120.380908523561
771.428571428571	766.666666666667	78.7888529425545	24.6	103.388852942555	DBCA	55_1	210	125.346620848825
771.428571428571	800	79.3002092318701	24.6	103.90020923187	DBCA	55_1	70	115.213743772416
771.428571428571	833.333333333333	82.3154187532994	24.6	106.915418753299	DBCA	55_2	140	125.548209262602
771.428571428571	866.666666666667	81.0935779459187	24.6	105.693577945919	DBCA	55_2	210	127.651345852189
771.428571428571	900	81.3831137647053	24.6	105.983113764705	DBCA	55_2	280	127.271580496154
771.428571428571	933.333333333333	78.2021597775017	24.6	102.802159777502	DBCA	55_2	70	114.115694318048
771.428571428571	966.666666666667	78.630674876331	24.6	103.230674876331	DBCA	55_2	0	103.230674876331
785.714285714286	666.666666666667	78.2408999283891	24.6	102.840899928389	DBCA	56_1	210	124.798667834659
785.714285714286	700	79.5456854815135	24.6	104.145685481514	DBCA	56_1	140	122.778475990816
785.714285714286	733.333333333333	78.876726120105	24.6	103.476726120105	DBCA	56_1	0	103.476726120105
785.714285714286	766.666666666667	81.985197004593	24.6	106.585197004593	DBCA	56_1	70	117.898731545139
785.714285714286	800	83.3435946100727	24.6	107.943594610073	DBCA	56_1	280	129.232061341521
785.714285714286	833.333333333333	80.856202168742	24.6	105.456202168742	DBCA	56_2	280	126.744668900191
785.714285714286	866.666666666667	77.4680054758356	24.6	102.068005475836	DBCA	56_2	140	120.700795985138
785.714285714286	900	77.5369158968821	24.6	102.136915896882	DBCA	56_2	0	102.136915896882
785.714285714286	933.333333333333	77.1435401398433	24.6	101.743540139843	DBCA	56_2	70	113.057074680389
785.714285714286	966.666666666667	72.2298610734796	24.6	96.8298610734796	DBCA	56_2	210	118.78762897975
800	666.666666666667	74.553376045818	24.6	99.153376045818	DBCA	57_1	70	110.466910586364
800	700	77.5345997860277	24.6	102.134599786028	DBCA	57_1	280	123.423066517476
800	733.333333333333	78.7452705824756	24.6	103.345270582476	DBCA	57_1	210	125.303038488746
800	766.666666666667	81.8499434812667	24.6	106.449943481267	DBCA	57_1	0	106.449943481267
800	800	83.5665504575184	24.6	108.166550457518	DBCA	57_1	140	126.799340966821
800	833.333333333333	80.1779853444857	24.6	104.777985344486	DBCA	57_2	0	104.777985344486
800	866.666666666667	79.0776704120737	24.6	103.677670412074	DBCA	57_2	210	125.635438318344
800	900	73.1663801888639	24.6	97.7663801888639	DBCA	57_2	280	119.054846920313
800	933.333333333333	73.6894811426077	24.6	98.2894811426077	DBCA	57_2	70	109.603015683154
800	966.666666666667	71.0981723380048	24.6	95.6981723380048	DBCA	57_2	140	114.330962847307
814.285714285714	666.666666666667	74.6154123452956	24.6	99.2154123452956	DBCA	58_1	70	110.528946885842
814.285714285714	700	79.24253631356	24.6	103.84253631356	DBCA	58_1	0	103.84253631356
814.285714285714	733.333333333333	78.5271937605053	24.6	103.127193760505	DBCA	58_1	280	124.415660491954
814.285714285714	766.666666666667	80.9442883883168	24.6	105.544288388317	DBCA	58_1	210	127.502056294587
814.285714285714	800	80.9069922375831	24.6	105.506992237583	DBCA	58_1	140	124.139782746886
814.285714285714	833.333333333333	82.2611634012018	24.6	106.861163401202	DBCA	58_2	70	118.174697941748
814.285714285714	866.666666666667	77.6204055574586	24.6	102.220405557459	DBCA	58_2	0	102.220405557459
814.285714285714	900	74.981208818838	24.6	99.581208818838	DBCA	58_2	280	120.869675550287
814.285714285714	933.333333333333	75.9087794996769	24.6	100.508779499677	DBCA	58_2	140	119.14157000898
814.285714285714	966.666666666667	71.8196682937896	24.6	96.4196682937896	DBCA	58_2	210	118.37743620006
828.571428571429	666.666666666667	76.3640937677252	24.6	100.964093767725	DBCA	59_1	280	122.252560499174
828.571428571429	700	75.5117872586066	24.6	100.111787258607	DBCA	59_1	0	100.111787258607
828.571428571429	733.333333333333	80.3722088939322	24.6	104.972208893932	DBCA	59_1	210	126.929976800202
828.571428571429	766.666666666667	84.0039728158081	24.6	108.603972815808	DBCA	59_1	70	119.917507356354
828.571428571429	800	79.8673872899732	24.6	104.467387289973	DBCA	59_1	140	123.100177799276
828.571428571429	833.333333333333	80.7897689334725	24.6	105.389768933472	DBCA	59_2	140	124.022559442775
828.571428571429	866.666666666667	79.0157512681889	24.6	103.615751268189	DBCA	59_2	280	124.904217999637
828.571428571429	900	76.9977049497329	24.6	101.597704949733	DBCA	59_2	70	112.911239490279
828.571428571429	933.333333333333	71.6163375109339	24.6	96.2163375109339	DBCA	59_2	0	96.2163375109339
828.571428571429	966.666666666667	68.7554034054986	24.6	93.3554034054986	DBCA	59_2	210	115.313171311769
71.4285714285714	666.666666666667	77.2150569239083	0	77.2150569239083	DBCA	6_1	280	75.084323655357
71.4285714285714	700	79.8392323757875	0	79.8392323757875	DBCA	6_1	0	79.8392323757875
71.4285714285714	733.333333333333	78.708074952834	0	78.708074952834	DBCA	6_1	70	84.16680949338
71.4285714285714	766.666666666667	78.9568626411296	0	78.9568626411296	DBCA	6_1	140	85.8800531504323
71.4285714285714	800	81.8819501096676	0	81.8819501096676	DBCA	6_1	210	86.2753180159379
71.4285714285714	833.333333333333	83.0950245243235	0	83.0950245243235	DBCA	6_2	210	87.4883924305937
71.4285714285714	866.666666666667	81.2540796515713	0	81.2540796515713	DBCA	6_2	0	81.2540796515713
71.4285714285714	900	83.5703346289641	0	83.5703346289641	DBCA	6_2	140	90.4935251382668
71.4285714285714	933.333333333333	79.3177970590751	0	79.3177970590751	DBCA	6_2	280	77.1870637905237
71.4285714285714	966.666666666667	81.0290934112035	0	81.0290934112035	DBCA	6_2	70	86.4878279517495
842.857142857143	666.666666666667	76.0303256774088	24.6	100.630325677409	DBCA	60_1	70	111.943860217955
842.857142857143	700	81.71168717611	24.6	106.31168717611	DBCA	60_1	210	128.26945508238
842.857142857143	733.333333333333	81.7988254233427	24.6	106.398825423343	DBCA	60_1	280	127.687292154791
842.857142857143	766.666666666667	81.0539633934853	24.6	105.653963393485	DBCA	60_1	140	124.286753902788
842.857142857143	800	80.6558435823118	24.6	105.255843582312	DBCA	60_1	0	105.255843582312
842.857142857143	833.333333333333	81.5390596672434	24.6	106.139059667243	DBCA	60_2	70	117.452594207789
842.857142857143	866.666666666667	82.5267887291989	24.6	107.126788729199	DBCA	60_2	210	129.084556635469
842.857142857143	900	78.438960432423	24.6	103.038960432423	DBCA	60_2	280	124.327427163872
842.857142857143	933.333333333333	71.9431258003678	24.6	96.5431258003678	DBCA	60_2	0	96.5431258003678
842.857142857143	966.666666666667	67.5834396498848	24.6	92.1834396498848	DBCA	60_2	140	110.816230159187
857.142857142857	666.666666666667	79.5859621526061	24.6	104.185962152606	DBCA	61_1	70	115.499496693152
857.142857142857	700	82.3575566328439	24.6	106.957556632844	DBCA	61_1	140	125.590347142147
857.142857142857	733.333333333333	80.6536267238059	24.6	105.253626723806	DBCA	61_1	280	126.542093455255
857.142857142857	766.666666666667	83.829278286883	24.6	108.429278286883	DBCA	61_1	0	108.429278286883
857.142857142857	800	80.6773441002465	24.6	105.277344100246	DBCA	61_1	210	127.235112006517
857.142857142857	833.333333333333	81.3988057273513	24.6	105.998805727351	DBCA	61_2	0	105.998805727351
857.142857142857	866.666666666667	82.4850765527724	24.6	107.085076552772	DBCA	61_2	210	129.042844459043
857.142857142857	900	81.1275605408478	24.6	105.727560540848	DBCA	61_2	140	124.36035105015
857.142857142857	933.333333333333	76.016316264698	24.6	100.616316264698	DBCA	61_2	280	121.904782996147
857.142857142857	966.666666666667	71.6750314082398	24.6	96.2750314082398	DBCA	61_2	70	107.588565948786
871.428571428571	666.666666666667	76.2422780559416	24.6	100.842278055942	DBCA	62_1	140	119.475068565244
871.428571428571	700	83.3300448478274	24.6	107.930044847827	DBCA	62_1	280	129.218511579276
871.428571428571	733.333333333333	79.3913793970613	24.6	103.991379397061	DBCA	62_1	0	103.991379397061
871.428571428571	766.666666666667	80.2299671783524	24.6	104.829967178352	DBCA	62_1	70	116.143501718898
871.428571428571	800	81.6718416509119	24.6	106.271841650912	DBCA	62_1	210	128.229609557182
871.428571428571	833.333333333333	80.3758382077135	24.6	104.975838207714	DBCA	62_2	70	116.289372748259
871.428571428571	866.666666666667	78.7448870195991	24.6	103.344887019599	DBCA	62_2	210	125.302654925869
871.428571428571	900	78.45008509552	24.6	103.05008509552	DBCA	62_2	140	121.682875604823
871.428571428571	933.333333333333	74.5036265250828	24.6	99.1036265250828	DBCA	62_2	280	120.392093256531
871.428571428571	966.666666666667	75.7597525932035	24.6	100.359752593203	DBCA	62_2	0	100.359752593203
885.714285714286	666.666666666667	75.1164190299817	24.6	99.7164190299817	DBCA	63_1	140	118.349209539284
885.714285714286	700	78.809568560747	24.6	103.409568560747	DBCA	63_1	0	103.409568560747
885.714285714286	733.333333333333	77.6254005126675	24.6	102.225400512667	DBCA	63_1	70	113.538935053213
885.714285714286	766.666666666667	81.9770025958189	24.6	106.577002595819	DBCA	63_1	210	128.534770502089
885.714285714286	800	79.438332884785	24.6	104.038332884785	DBCA	63_1	280	125.326799616234
885.714285714286	833.333333333333	82.8571493320398	24.6	107.45714933204	DBCA	63_2	140	126.089939841343
885.714285714286	866.666666666667	78.7709886890366	24.6	103.370988689037	DBCA	63_2	210	125.328756595307
885.714285714286	900	76.9632122162933	24.6	101.563212216293	DBCA	63_2	280	122.851678947742
885.714285714286	933.333333333333	78.0298774487706	24.6	102.629877448771	DBCA	63_2	0	102.629877448771
885.714285714286	966.666666666667	78.2591217067581	24.6	102.859121706758	DBCA	63_2	70	114.172656247304
900	666.666666666667	81.3069068680153	24.6	105.906906868015	DBCA	64_1	210	127.864674774286
900	700	82.5001791334396	24.6	107.10017913344	DBCA	64_1	280	128.388645864888
900	733.333333333333	79.3377401135107	24.6	103.937740113511	DBCA	64_1	0	103.937740113511
900	766.666666666667	80.4645433515403	24.6	105.06454335154	DBCA	64_1	70	116.378077892086
900	800	80.8435206556102	24.6	105.44352065561	DBCA	64_1	140	124.076311164913
900	833.333333333333	82.7409548792927	24.6	107.340954879293	DBCA	64_2	280	128.629421610741
900	866.666666666667	80.7056384869397	24.6	105.30563848694	DBCA	64_2	210	127.26340639321
900	900	78.4305962127813	24.6	103.030596212781	DBCA	64_2	70	114.344130753327
900	933.333333333333	75.7755587772489	24.6	100.375558777249	DBCA	64_2	140	119.008349286552
900	966.666666666667	76.7385261116203	24.6	101.33852611162	DBCA	64_2	0	101.33852611162
914.285714285714	666.666666666667	82.0194920994297	24.6	106.61949209943	DBCA	65_1	140	125.252282608732
914.285714285714	700	82.1538809324841	24.6	106.753880932484	DBCA	65_1	0	106.753880932484
914.285714285714	733.333333333333	81.2676564131872	24.6	105.867656413187	DBCA	65_1	70	117.181190953733
914.285714285714	766.666666666667	81.9544490198418	24.6	106.554449019842	DBCA	65_1	280	127.84291575129
914.285714285714	800	80.4077829029362	24.6	105.007782902936	DBCA	65_1	210	126.965550809206
914.285714285714	833.333333333333	80.3206063055565	24.6	104.920606305556	DBCA	65_2	280	126.209073037005
914.285714285714	866.666666666667	83.7892726128557	24.6	108.389272612856	DBCA	65_2	210	130.347040519126
914.285714285714	900	79.4734827536589	24.6	104.073482753659	DBCA	65_2	70	115.387017294205
914.285714285714	933.333333333333	77.567072105614	24.6	102.167072105614	DBCA	65_2	140	120.799862614917
914.285714285714	966.666666666667	78.6460855814425	24.6	103.246085581443	DBCA	65_2	0	103.246085581443
928.571428571429	666.666666666667	81.3621227482539	24.6	105.962122748254	DBCA	66_1	280	127.250589479702
928.571428571429	700	80.197957059364	24.6	104.797957059364	DBCA	66_1	70	116.11149159991
928.571428571429	733.333333333333	80.4192861236052	24.6	105.019286123605	DBCA	66_1	0	105.019286123605
928.571428571429	766.666666666667	83.941344881131	24.6	108.541344881131	DBCA	66_1	140	127.174135390434
928.571428571429	800	80.2373412603091	24.6	104.837341260309	DBCA	66_1	210	126.795109166579
928.571428571429	833.333333333333	82.9660887919936	24.6	107.566088791994	DBCA	66_2	210	129.523856698264
928.571428571429	866.666666666667	83.6990283189493	24.6	108.299028318949	DBCA	66_2	280	129.587495050398
928.571428571429	900	83.3894099957841	24.6	107.989409995784	DBCA	66_2	140	126.622200505087
928.571428571429	933.333333333333	78.0756521545344	24.6	102.675652154534	DBCA	66_2	0	102.675652154534
928.571428571429	966.666666666667	78.991526407766	24.6	103.591526407766	DBCA	66_2	70	114.905060948312
942.857142857143	666.666666666667	79.8738411401083	24.6	104.473841140108	DBCA	67_1	70	115.787375680654
942.857142857143	700	76.2393575998743	24.6	100.839357599874	DBCA	67_1	140	119.472148109177
942.857142857143	733.333333333333	83.0400957837336	24.6	107.640095783734	DBCA	67_1	210	129.597863690004
942.857142857143	766.666666666667	84.6881517195014	24.6	109.288151719501	DBCA	67_1	0	109.288151719501
942.857142857143	800	81.9419905797015	24.6	106.541990579702	DBCA	67_1	280	127.83045731115
942.857142857143	833.333333333333	84.7114116190331	24.6	109.311411619033	DBCA	67_2	0	109.311411619033
942.857142857143	866.666666666667	83.3189702535032	24.6	107.918970253503	DBCA	67_2	140	126.551760762806
942.857142857143	900	86.4452599805815	24.6	111.045259980581	DBCA	67_2	280	132.33372671203
942.857142857143	933.333333333333	81.331034515478	24.6	105.931034515478	DBCA	67_2	70	117.244569056024
942.857142857143	966.666666666667	79.0251611569089	24.6	103.625161156909	DBCA	67_2	210	125.582929063179
957.142857142857	666.666666666667	77.3558911547812	24.6	101.955891154781	DBCA	68_1	280	123.24435788623
957.142857142857	700	77.793068201115	24.6	102.393068201115	DBCA	68_1	210	124.350836107385
957.142857142857	733.333333333333	80.139740563542	24.6	104.739740563542	DBCA	68_1	0	104.739740563542
957.142857142857	766.666666666667	83.3696925696432	24.6	107.969692569643	DBCA	68_1	140	126.602483078946
957.142857142857	800	82.5330626304791	24.6	107.133062630479	DBCA	68_1	70	118.446597171025
957.142857142857	833.333333333333	85.4194492985022	24.6	110.019449298502	DBCA	68_2	210	131.977217204772
957.142857142857	866.666666666667	85.3997896721556	24.6	109.999789672156	DBCA	68_2	0	109.999789672156
957.142857142857	900	83.9753890616563	24.6	108.575389061656	DBCA	68_2	280	129.863855793105
957.142857142857	933.333333333333	81.1552657317804	24.6	105.75526573178	DBCA	68_2	70	117.068800272326
957.142857142857	966.666666666667	78.7502957817199	24.6	103.35029578172	DBCA	68_2	140	121.983086291023
971.428571428571	666.666666666667	73.2914791194269	24.6	97.8914791194269	DBCA	69_1	140	116.52426962873
971.428571428571	700	78.5328534406721	24.6	103.132853440672	DBCA	69_1	210	125.090621346942
971.428571428571	733.333333333333	81.0661668520655	24.6	105.666166852065	DBCA	69_1	70	116.979701392611
971.428571428571	766.666666666667	77.9309890472037	24.6	102.530989047204	DBCA	69_1	280	123.819455778652
971.428571428571	800	82.9752312355344	24.6	107.575231235534	DBCA	69_1	0	107.575231235534
971.428571428571	833.333333333333	83.2034877654268	24.6	107.803487765427	DBCA	69_2	280	129.091954496875
971.428571428571	866.666666666667	82.7833625541125	24.6	107.383362554113	DBCA	69_2	70	118.696897094658
971.428571428571	900	81.4905053564802	24.6	106.09050535648	DBCA	69_2	0	106.09050535648
971.428571428571	933.333333333333	80.1576507858617	24.6	104.757650785862	DBCA	69_2	140	123.390441295164
971.428571428571	966.666666666667	79.1233066591003	24.6	103.7233066591	DBCA	69_2	210	125.681074565371
85.7142857142857	666.666666666667	75.6349523391335	0	75.6349523391335	DBCA	7_1	70	81.0936868796794
85.7142857142857	700	80.5183058196252	0	80.5183058196252	DBCA	7_1	280	78.3875725510738
85.7142857142857	733.333333333333	79.9458299141166	0	79.9458299141166	DBCA	7_1	210	84.3391978203869
85.7142857142857	766.666666666667	81.500340081836	0	81.500340081836	DBCA	7_1	140	88.4235305911387
85.7142857142857	800	81.435401013288	0	81.435401013288	DBCA	7_1	0	81.435401013288
85.7142857142857	833.333333333333	81.3180385446793	0	81.3180385446793	DBCA	7_2	0	81.3180385446793
85.7142857142857	866.666666666667	82.258007332851	0	82.258007332851	DBCA	7_2	280	80.1272740642996
85.7142857142857	900	79.3595222986276	0	79.3595222986276	DBCA	7_2	70	84.8182568391735
85.7142857142857	933.333333333333	81.9500116106393	0	81.9500116106393	DBCA	7_2	210	86.3433795169096
85.7142857142857	966.666666666667	81.7217165393271	0	81.7217165393271	DBCA	7_2	140	88.6449070486298
985.714285714286	666.666666666667	76.4335011533474	24.6	101.033501153347	DBCA	70_1	210	122.991269059618
985.714285714286	700	78.1856161124542	24.6	102.785616112454	DBCA	70_1	140	121.418406621757
985.714285714286	733.333333333333	80.3023232849203	24.6	104.90232328492	DBCA	70_1	280	126.190790016369
985.714285714286	766.666666666667	80.1475599322299	24.6	104.74755993223	DBCA	70_1	70	116.061094472776
985.714285714286	800	85.2279749431315	24.6	109.827974943132	DBCA	70_1	0	109.827974943132
985.714285714286	833.333333333333	79.1608427904869	24.6	103.760842790487	DBCA	70_2	70	115.074377331033
985.714285714286	866.666666666667	82.7348455449568	24.6	107.334845544957	DBCA	70_2	210	129.292613451227
985.714285714286	900	79.5144291665865	24.6	104.114429166586	DBCA	70_2	280	125.402895898035
985.714285714286	933.333333333333	81.1166657039504	24.6	105.71666570395	DBCA	70_2	0	105.71666570395
985.714285714286	966.666666666667	80.4230543312471	24.6	105.023054331247	DBCA	70_2	140	123.65584484055
1000	666.666666666667	79.4171229538043	24.6	104.017122953804	DBCA	71_1	280	125.305589685253
1000	700	80.1717942526276	24.6	104.771794252628	DBCA	71_1	140	123.40458476193
1000	733.333333333333	79.2689690369181	24.6	103.868969036918	DBCA	71_1	0	103.868969036918
1000	766.666666666667	80.3321106991541	24.6	104.932110699154	DBCA	71_1	70	116.2456452397
1000	800	84.9289864951538	24.6	109.528986495154	DBCA	71_1	210	131.486754401424
1000	833.333333333333	76.736092747696	24.6	101.336092747696	DBCA	71_2	210	123.293860653966
1000	866.666666666667	79.3305458959572	24.6	103.930545895957	DBCA	71_2	280	125.219012627406
1000	900	76.6971913149507	24.6	101.297191314951	DBCA	71_2	140	119.929981824253
1000	933.333333333333	81.8074938635496	24.6	106.40749386355	DBCA	71_2	70	117.721028404095
1000	966.666666666667	80.7311999306476	24.6	105.331199930648	DBCA	71_2	0	105.331199930648
100	666.666666666667	76.1915589967312	0	76.1915589967312	DBCA	8_1	210	80.5849269030015
100	700	84.8205984026833	0	84.8205984026833	DBCA	8_1	140	91.743788911986
100	733.333333333333	79.1929257600832	0	79.1929257600832	DBCA	8_1	280	77.0621924915318
100	766.666666666667	80.4143994856733	0	80.4143994856733	DBCA	8_1	70	85.8731340262192
100	800	80.2677276931628	0	80.2677276931628	DBCA	8_1	0	80.2677276931628
100	833.333333333333	82.5779480702887	0	82.5779480702887	DBCA	8_2	280	80.4472148017373
100	866.666666666667	81.6149909929362	0	81.6149909929362	DBCA	8_2	140	88.5381815022389
100	900	82.6448162284143	0	82.6448162284143	DBCA	8_2	70	88.1035507689603
100	933.333333333333	81.3964659096722	0	81.3964659096722	DBCA	8_2	210	85.7898338159425
100	966.666666666667	81.3026790480809	0	81.3026790480809	DBCA	8_2	0	81.3026790480809
114.285714285714	666.666666666667	81.8919245357421	0	81.8919245357421	DBCA	9_1	140	88.8151150450448
114.285714285714	700	84.8304077847125	0	84.8304077847125	DBCA	9_1	210	89.2237756909828
114.285714285714	733.333333333333	79.8223916003018	0	79.8223916003018	DBCA	9_1	70	85.2811261408478
114.285714285714	766.666666666667	79.8703167592665	0	79.8703167592665	DBCA	9_1	280	77.7395834907152
114.285714285714	800	86.0883907626058	0	86.0883907626058	DBCA	9_1	0	86.0883907626058
114.285714285714	833.333333333333	82.0145089575385	0	82.0145089575385	DBCA	9_2	70	87.4732434980845
114.285714285714	866.666666666667	82.02837267777	0	82.02837267777	DBCA	9_2	0	82.02837267777
114.285714285714	900	82.1723745232171	0	82.1723745232171	DBCA	9_2	210	86.5657424294874
114.285714285714	933.333333333333	76.5484548646133	0	76.5484548646133	DBCA	9_2	140	83.471645373916
114.285714285714	966.666666666667	80.528362091429	0	80.528362091429	DBCA	9_2	280	78.3976288228776
0	1000	81.269966264555	0	81.269966264555	DBCA	1_3	NA	NA
14.2857142857143	1000	81.6465030945872	0	81.6465030945872	DBCA	2_3	NA	NA
28.5714285714286	1000	87.7985699857185	0	87.7985699857185	DBCA	3_3	NA	NA
42.8571428571429	1000	85.7497506825023	0	85.7497506825023	DBCA	4_3	NA	NA
57.1428571428571	1000	86.3265256006268	0	86.3265256006268	DBCA	5_3	NA	NA
71.4285714285714	1000	84.2546869333101	0	84.2546869333101	DBCA	6_3	NA	NA
85.7142857142857	1000	83.2218123757362	0	83.2218123757362	DBCA	7_3	NA	NA
100	1000	83.6808613085597	0	83.6808613085597	DBCA	8_3	NA	NA
114.285714285714	1000	82.4382491119883	0	82.4382491119883	DBCA	9_3	NA	NA
128.571428571429	1000	81.4069544903372	0	81.4069544903372	DBCA	10_3	NA	NA
142.857142857143	1000	82.2227397378639	0	82.2227397378639	DBCA	11_3	NA	NA
157.142857142857	1000	75.5087060453479	0	75.5087060453479	DBCA	12_3	NA	NA
171.428571428571	1000	75.6782451334089	0	75.6782451334089	DBCA	13_3	NA	NA
185.714285714286	1000	75.2137995208215	0	75.2137995208215	DBCA	14_3	NA	NA
200	1000	72.7464983935496	0	72.7464983935496	DBCA	15_3	NA	NA
214.285714285714	1000	77.571992779418	0	77.571992779418	DBCA	16_3	NA	NA
228.571428571429	1000	79.1125878732177	0	79.1125878732177	DBCA	17_3	NA	NA
242.857142857143	1000	81.2150262351951	0	81.2150262351951	DBCA	18_3	NA	NA
257.142857142857	1000	78.7842816878454	0	78.7842816878454	DBCA	19_3	NA	NA
271.428571428571	1000	82.5684777359932	0	82.5684777359932	DBCA	20_3	NA	NA
285.714285714286	1000	83.1738820304135	0	83.1738820304135	DBCA	21_3	NA	NA
300	1000	83.7083566593791	0	83.7083566593791	DBCA	22_3	NA	NA
314.285714285714	1000	80.8528097744866	0	80.8528097744866	DBCA	23_3	NA	NA
328.571428571429	1000	80.7547360182719	0	80.7547360182719	DBCA	24_3	NA	NA
342.857142857143	1000	80.6464493503061	0	80.6464493503061	DBCA	25_3	NA	NA
357.142857142857	1000	78.2159269703436	0	78.2159269703436	DBCA	26_3	NA	NA
371.428571428571	1000	77.6143398341517	0	77.6143398341517	DBCA	27_3	NA	NA
385.714285714286	1000	80.6763091892731	0	80.6763091892731	DBCA	28_3	NA	NA
400	1000	79.4430105058927	0	79.4430105058927	DBCA	29_3	NA	NA
414.285714285714	1000	77.5630282261406	0	77.5630282261406	DBCA	30_3	NA	NA
428.571428571429	1000	76.1861355424556	0	76.1861355424556	DBCA	31_3	NA	NA
442.857142857143	1000	78.5839558509706	0	78.5839558509706	DBCA	32_3	NA	NA
457.142857142857	1000	75.8224533732098	0	75.8224533732098	DBCA	33_3	NA	NA
471.428571428571	1000	73.4154730808139	0	73.4154730808139	DBCA	34_3	NA	NA
485.714285714286	1000	74.9166393803434	0	74.9166393803434	DBCA	35_3	NA	NA
500	1000	81.6713897764572	0	81.6713897764572	DBCA	36_3	NA	NA
514.285714285714	1000	79.1050635772958	24.6	103.705063577296	DBCA	37_3	NA	NA
528.571428571429	1000	78.7027249036387	24.6	103.302724903639	DBCA	38_3	NA	NA
542.857142857143	1000	78.0462513328469	24.6	102.646251332847	DBCA	39_3	NA	NA
557.142857142857	1000	79.6142926638944	24.6	104.214292663894	DBCA	40_3	NA	NA
571.428571428571	1000	81.8099725863348	24.6	106.409972586335	DBCA	41_3	NA	NA
585.714285714286	1000	81.9946218211548	24.6	106.594621821155	DBCA	42_3	NA	NA
600	1000	78.4051129866941	24.6	103.005112986694	DBCA	43_3	NA	NA
614.285714285714	1000	81.5455283165117	24.6	106.145528316512	DBCA	44_3	NA	NA
628.571428571429	1000	82.6202477111245	24.6	107.220247711124	DBCA	45_3	NA	NA
642.857142857143	1000	82.3724696468175	24.6	106.972469646817	DBCA	46_3	NA	NA
657.142857142857	1000	81.6674699185902	24.6	106.26746991859	DBCA	47_3	NA	NA
671.428571428571	1000	78.181880187882	24.6	102.781880187882	DBCA	48_3	NA	NA
685.714285714286	1000	79.9848189514991	24.6	104.584818951499	DBCA	49_3	NA	NA
700	1000	82.3914994007831	24.6	106.991499400783	DBCA	50_3	NA	NA
714.285714285714	1000	81.8532233425894	24.6	106.453223342589	DBCA	51_3	NA	NA
728.571428571429	1000	84.7686654259976	24.6	109.368665425998	DBCA	52_3	NA	NA
742.857142857143	1000	81.8461628707198	24.6	106.44616287072	DBCA	53_3	NA	NA
757.142857142857	1000	76.1979220922172	24.6	100.797922092217	DBCA	54_3	NA	NA
771.428571428571	1000	78.1772234737035	24.6	102.777223473703	DBCA	55_3	NA	NA
785.714285714286	1000	73.2606258670831	24.6	97.8606258670831	DBCA	56_3	NA	NA
800	1000	75.2496553923305	24.6	99.8496553923305	DBCA	57_3	NA	NA
814.285714285714	1000	75.3334458370806	24.6	99.9334458370806	DBCA	58_3	NA	NA
828.571428571429	1000	71.0091241211695	24.6	95.6091241211695	DBCA	59_3	NA	NA
842.857142857143	1000	70.6460678975496	24.6	95.2460678975496	DBCA	60_3	NA	NA
857.142857142857	1000	74.6322667236529	24.6	99.2322667236529	DBCA	61_3	NA	NA
871.428571428571	1000	75.447899545775	24.6	100.047899545775	DBCA	62_3	NA	NA
885.714285714286	1000	76.6323826188486	24.6	101.232382618849	DBCA	63_3	NA	NA
900	1000	75.7867867493309	24.6	100.386786749331	DBCA	64_3	NA	NA
914.285714285714	1000	80.0512128660691	24.6	104.651212866069	DBCA	65_3	NA	NA
928.571428571429	1000	75.9119607028041	24.6	100.511960702804	DBCA	66_3	NA	NA
942.857142857143	1000	78.0421191380602	24.6	102.64211913806	DBCA	67_3	NA	NA
957.142857142857	1000	80.2066480920139	24.6	104.806648092014	DBCA	68_3	NA	NA
971.428571428571	1000	81.2214719795565	24.6	105.821471979556	DBCA	69_3	NA	NA
985.714285714286	1000	78.6407902936062	24.6	103.240790293606	DBCA	70_3	NA	NA
1000	1000	81.6793944631212	24.6	106.279394463121	DBCA	71_3	NA	NA
