x	y	variable1	Zona	ErrorConEfecto	Disenio	Bloque	AsigTrat	MiRto
0	666.666666666667	80.763481477597	0	80.763481477597	DBCA	1_1	210	98.5509394625849
0	700	80.4877567055729	0	80.4877567055729	DBCA	1_1	70	88.4724981353719
0	733.333333333333	78.3827509242271	0	78.3827509242271	DBCA	1_1	140	92.2966450156888
0	766.666666666667	74.4233705804127	0	74.4233705804127	DBCA	1_1	0	74.4233705804127
0	800	76.369605965789	0	76.369605965789	DBCA	1_1	280	95.9750390761668
0	833.333333333333	77.6262866490012	0	77.6262866490012	DBCA	1_2	210	95.4137446339892
0	866.666666666667	79.3373161096674	0	79.3373161096674	DBCA	1_2	0	79.3373161096674
0	900	79.7746886821807	0	79.7746886821807	DBCA	1_2	140	93.6885827736424
0	933.333333333333	81.6322853081018	0	81.6322853081018	DBCA	1_2	280	101.23771841848
0	966.666666666667	82.6282862646176	0	82.6282862646176	DBCA	1_2	70	90.6130276944167
128.571428571429	666.666666666667	83.3754419251844	0	83.3754419251844	DBCA	10_1	140	97.2893360166462
128.571428571429	700	76.5572880722312	0	76.5572880722312	DBCA	10_1	0	76.5572880722312
128.571428571429	733.333333333333	78.4695123271213	0	78.4695123271213	DBCA	10_1	280	98.0749454374991
128.571428571429	766.666666666667	74.6170865802365	0	74.6170865802365	DBCA	10_1	210	92.4045445652245
128.571428571429	800	80.2635267239465	0	80.2635267239465	DBCA	10_1	70	88.2482681537456
128.571428571429	833.333333333333	81.3741219073906	0	81.3741219073906	DBCA	10_2	280	100.979555017768
128.571428571429	866.666666666667	80.2087300142279	0	80.2087300142279	DBCA	10_2	0	80.2087300142279
128.571428571429	900	81.6610265118332	0	81.6610265118332	DBCA	10_2	140	95.5749206032949
128.571428571429	933.333333333333	81.3573126413892	0	81.3573126413892	DBCA	10_2	70	89.3420540711883
128.571428571429	966.666666666667	79.9424684598126	0	79.9424684598126	DBCA	10_2	210	97.7299264448006
142.857142857143	666.666666666667	81.002028742634	0	81.002028742634	DBCA	11_1	280	100.607461853012
142.857142857143	700	78.404212086759	0	78.404212086759	DBCA	11_1	140	92.3181061782207
142.857142857143	733.333333333333	77.8441863241492	0	77.8441863241492	DBCA	11_1	210	95.6316443091372
142.857142857143	766.666666666667	76.6259353228701	0	76.6259353228701	DBCA	11_1	0	76.6259353228701
142.857142857143	800	82.6183765210774	0	82.6183765210774	DBCA	11_1	70	90.6031179508765
142.857142857143	833.333333333333	85.6810687158246	0	85.6810687158246	DBCA	11_2	70	93.6658101456237
142.857142857143	866.666666666667	81.6520736299943	0	81.6520736299943	DBCA	11_2	210	99.4395316149823
142.857142857143	900	80.1709069712672	0	80.1709069712672	DBCA	11_2	140	94.0848010627289
142.857142857143	933.333333333333	80.1301791002115	0	80.1301791002115	DBCA	11_2	280	99.7356122105893
142.857142857143	966.666666666667	78.5132786174931	0	78.5132786174931	DBCA	11_2	0	78.5132786174931
157.142857142857	666.666666666667	81.9746450728734	0	81.9746450728734	DBCA	12_1	210	99.7621030578614
157.142857142857	700	79.5210747914803	0	79.5210747914803	DBCA	12_1	140	93.4349688829421
157.142857142857	733.333333333333	83.3625322872183	0	83.3625322872183	DBCA	12_1	0	83.3625322872183
157.142857142857	766.666666666667	75.9940595230779	0	75.9940595230779	DBCA	12_1	70	83.978800952877
157.142857142857	800	80.6922421030956	0	80.6922421030956	DBCA	12_1	280	100.297675213473
157.142857142857	833.333333333333	82.0675376119947	0	82.0675376119947	DBCA	12_2	280	101.672970722373
157.142857142857	866.666666666667	82.8173941188331	0	82.8173941188331	DBCA	12_2	0	82.8173941188331
157.142857142857	900	81.023368549865	0	81.023368549865	DBCA	12_2	70	89.0081099796641
157.142857142857	933.333333333333	80.3284239212877	0	80.3284239212877	DBCA	12_2	210	98.1158819062756
157.142857142857	966.666666666667	81.6010547610712	0	81.6010547610712	DBCA	12_2	140	95.5149488525329
171.428571428571	666.666666666667	80.7928264258346	0	80.7928264258346	DBCA	13_1	0	80.7928264258346
171.428571428571	700	81.4017480699848	0	81.4017480699848	DBCA	13_1	210	99.1892060549728
171.428571428571	733.333333333333	81.9239327603848	0	81.9239327603848	DBCA	13_1	140	95.8378268518465
171.428571428571	766.666666666667	79.5692303810082	0	79.5692303810082	DBCA	13_1	280	99.174663491386
171.428571428571	800	81.1557969393495	0	81.1557969393495	DBCA	13_1	70	89.1405383691486
171.428571428571	833.333333333333	82.6785587357525	0	82.6785587357525	DBCA	13_2	70	90.6633001655516
171.428571428571	866.666666666667	81.2419443841691	0	81.2419443841691	DBCA	13_2	280	100.847377494547
171.428571428571	900	78.3785050898505	0	78.3785050898505	DBCA	13_2	140	92.2923991813123
171.428571428571	933.333333333333	79.1073133581471	0	79.1073133581471	DBCA	13_2	0	79.1073133581471
171.428571428571	966.666666666667	79.2924729838366	0	79.2924729838366	DBCA	13_2	210	97.0799309688246
185.714285714286	666.666666666667	77.2716436015466	0	77.2716436015466	DBCA	14_1	70	85.2563850313457
185.714285714286	700	80.8336949346121	0	80.8336949346121	DBCA	14_1	140	94.7475890260739
185.714285714286	733.333333333333	79.442662439827	0	79.442662439827	DBCA	14_1	0	79.442662439827
185.714285714286	766.666666666667	79.9694792597498	0	79.9694792597498	DBCA	14_1	210	97.7569372447378
185.714285714286	800	78.4491532884944	0	78.4491532884944	DBCA	14_1	280	98.0545863988722
185.714285714286	833.333333333333	84.0002330919408	0	84.0002330919408	DBCA	14_2	210	101.787691076929
185.714285714286	866.666666666667	79.6452369036649	0	79.6452369036649	DBCA	14_2	70	87.6299783334639
185.714285714286	900	78.0462472491633	0	78.0462472491633	DBCA	14_2	140	91.9601413406251
185.714285714286	933.333333333333	79.3536606108898	0	79.3536606108898	DBCA	14_2	280	98.9590937212676
185.714285714286	966.666666666667	79.4537726860344	0	79.4537726860344	DBCA	14_2	0	79.4537726860344
200	666.666666666667	79.0056558703265	0	79.0056558703265	DBCA	15_1	280	98.6110889807043
200	700	83.263184242868	0	83.263184242868	DBCA	15_1	70	91.2479256726671
200	733.333333333333	78.9422036811724	0	78.9422036811724	DBCA	15_1	210	96.7296616661604
200	766.666666666667	78.8302040424829	0	78.8302040424829	DBCA	15_1	0	78.8302040424829
200	800	83.6515080033715	0	83.6515080033715	DBCA	15_1	140	97.5654020948332
200	833.333333333333	82.1162713261492	0	82.1162713261492	DBCA	15_2	210	99.9037293111372
200	866.666666666667	77.6591613870451	0	77.6591613870451	DBCA	15_2	140	91.5730554785068
200	900	78.1360076970535	0	78.1360076970535	DBCA	15_2	280	97.7414408074313
200	933.333333333333	76.3487921802793	0	76.3487921802793	DBCA	15_2	70	84.3335336100784
200	966.666666666667	76.38897045156	0	76.38897045156	DBCA	15_2	0	76.38897045156
214.285714285714	666.666666666667	80.858423266356	0	80.858423266356	DBCA	16_1	70	88.8431646961551
214.285714285714	700	84.0392875477234	0	84.0392875477234	DBCA	16_1	140	97.9531816391852
214.285714285714	733.333333333333	81.3738335997	0	81.3738335997	DBCA	16_1	280	100.979266710078
214.285714285714	766.666666666667	77.3572436017009	0	77.3572436017009	DBCA	16_1	210	95.1447015866889
214.285714285714	800	85.0882304884737	0	85.0882304884737	DBCA	16_1	0	85.0882304884737
214.285714285714	833.333333333333	80.9448047806581	0	80.9448047806581	DBCA	16_2	280	100.550237891036
214.285714285714	866.666666666667	75.2754165516957	0	75.2754165516957	DBCA	16_2	70	83.2601579814948
214.285714285714	900	76.5742165175935	0	76.5742165175935	DBCA	16_2	210	94.3616745025815
214.285714285714	933.333333333333	77.4150684657559	0	77.4150684657559	DBCA	16_2	140	91.3289625572177
214.285714285714	966.666666666667	75.550646755279	0	75.550646755279	DBCA	16_2	0	75.550646755279
228.571428571429	666.666666666667	79.0201566396803	0	79.0201566396803	DBCA	17_1	140	92.934050731142
228.571428571429	700	80.5392110153398	0	80.5392110153398	DBCA	17_1	280	100.144644125718
228.571428571429	733.333333333333	79.5354784523422	0	79.5354784523422	DBCA	17_1	0	79.5354784523422
228.571428571429	766.666666666667	80.110356760848	0	80.110356760848	DBCA	17_1	210	97.897814745836
228.571428571429	800	84.4720174275591	0	84.4720174275591	DBCA	17_1	70	92.4567588573582
228.571428571429	833.333333333333	80.0907663611848	0	80.0907663611848	DBCA	17_2	0	80.0907663611848
228.571428571429	866.666666666667	71.4530743051774	0	71.4530743051774	DBCA	17_2	210	89.2405322901654
228.571428571429	900	77.4232187145335	0	77.4232187145335	DBCA	17_2	280	97.0286518249113
228.571428571429	933.333333333333	77.9562317653322	0	77.9562317653322	DBCA	17_2	140	91.870125856794
228.571428571429	966.666666666667	78.8795559524699	0	78.8795559524699	DBCA	17_2	70	86.8642973822689
242.857142857143	666.666666666667	78.1486553977343	0	78.1486553977343	DBCA	18_1	0	78.1486553977343
242.857142857143	700	78.7753430525397	0	78.7753430525397	DBCA	18_1	140	92.6892371440014
242.857142857143	733.333333333333	79.7331418732853	0	79.7331418732853	DBCA	18_1	280	99.3385749836631
242.857142857143	766.666666666667	80.8366392902251	0	80.8366392902251	DBCA	18_1	210	98.624097275213
242.857142857143	800	83.0413415563236	0	83.0413415563236	DBCA	18_1	70	91.0260829861227
242.857142857143	833.333333333333	79.9382624713972	0	79.9382624713972	DBCA	18_2	210	97.7257204563851
242.857142857143	866.666666666667	72.8146143773342	0	72.8146143773342	DBCA	18_2	280	92.4200474877119
242.857142857143	900	74.4356788334081	0	74.4356788334081	DBCA	18_2	0	74.4356788334081
242.857142857143	933.333333333333	75.679116360996	0	75.679116360996	DBCA	18_2	70	83.6638577907951
242.857142857143	966.666666666667	78.1699512432429	0	78.1699512432429	DBCA	18_2	140	92.0838453347046
257.142857142857	666.666666666667	76.0774517748774	0	76.0774517748774	DBCA	19_1	280	95.6828848852552
257.142857142857	700	77.4984203433745	0	77.4984203433745	DBCA	19_1	70	85.4831617731736
257.142857142857	733.333333333333	84.511647404366	0	84.511647404366	DBCA	19_1	0	84.511647404366
257.142857142857	766.666666666667	80.3720040414676	0	80.3720040414676	DBCA	19_1	210	98.1594620264556
257.142857142857	800	84.5883446358147	0	84.5883446358147	DBCA	19_1	140	98.5022387272764
257.142857142857	833.333333333333	77.0662885547035	0	77.0662885547035	DBCA	19_2	70	85.0510299845026
257.142857142857	866.666666666667	73.9782974388949	0	73.9782974388949	DBCA	19_2	210	91.7657554238829
257.142857142857	900	74.4004751440054	0	74.4004751440054	DBCA	19_2	280	94.0059082543832
257.142857142857	933.333333333333	74.9353305277196	0	74.9353305277196	DBCA	19_2	140	88.8492246191813
257.142857142857	966.666666666667	79.9920434968106	0	79.9920434968106	DBCA	19_2	0	79.9920434968106
14.2857142857143	666.666666666667	81.7311644025353	0	81.7311644025353	DBCA	2_1	210	99.5186223875232
14.2857142857143	700	78.726714217338	0	78.726714217338	DBCA	2_1	280	98.3321473277158
14.2857142857143	733.333333333333	74.4166335284895	0	74.4166335284895	DBCA	2_1	70	82.4013749582886
14.2857142857143	766.666666666667	73.9469465033909	0	73.9469465033909	DBCA	2_1	140	87.8608405948526
14.2857142857143	800	75.3373242829054	0	75.3373242829054	DBCA	2_1	0	75.3373242829054
14.2857142857143	833.333333333333	79.8653752138809	0	79.8653752138809	DBCA	2_2	70	87.85011664368
14.2857142857143	866.666666666667	80.0672278948984	0	80.0672278948984	DBCA	2_2	140	93.9811219863602
14.2857142857143	900	81.5055060577293	0	81.5055060577293	DBCA	2_2	0	81.5055060577293
14.2857142857143	933.333333333333	78.4183064813067	0	78.4183064813067	DBCA	2_2	280	98.0237395916845
14.2857142857143	966.666666666667	82.8463330362545	0	82.8463330362545	DBCA	2_2	210	100.633791021242
271.428571428571	666.666666666667	76.5369839875954	0	76.5369839875954	DBCA	20_1	140	90.4508780790571
271.428571428571	700	80.3501770405832	0	80.3501770405832	DBCA	20_1	70	88.3349184703823
271.428571428571	733.333333333333	85.5865190091944	0	85.5865190091944	DBCA	20_1	210	103.373976994182
271.428571428571	766.666666666667	83.6639033264834	0	83.6639033264834	DBCA	20_1	280	103.269336436861
271.428571428571	800	80.695585076194	0	80.695585076194	DBCA	20_1	0	80.695585076194
271.428571428571	833.333333333333	76.427183978128	0	76.427183978128	DBCA	20_2	210	94.214641963116
271.428571428571	866.666666666667	74.8643265433419	0	74.8643265433419	DBCA	20_2	280	94.4697596537197
271.428571428571	900	77.7505185310145	0	77.7505185310145	DBCA	20_2	0	77.7505185310145
271.428571428571	933.333333333333	75.5984888948971	0	75.5984888948971	DBCA	20_2	70	83.5832303246962
271.428571428571	966.666666666667	83.0575991515242	0	83.0575991515242	DBCA	20_2	140	96.9714932429859
285.714285714286	666.666666666667	77.9581603201004	0	77.9581603201004	DBCA	21_1	140	91.8720544115621
285.714285714286	700	78.4966454512926	0	78.4966454512926	DBCA	21_1	280	98.1020785616704
285.714285714286	733.333333333333	81.4532808724797	0	81.4532808724797	DBCA	21_1	0	81.4532808724797
285.714285714286	766.666666666667	85.522963570211	0	85.522963570211	DBCA	21_1	210	103.310421555199
285.714285714286	800	81.3126674731342	0	81.3126674731342	DBCA	21_1	70	89.2974089029333
285.714285714286	833.333333333333	79.1318805614649	0	79.1318805614649	DBCA	21_2	210	96.9193385464529
285.714285714286	866.666666666667	75.1090916976398	0	75.1090916976398	DBCA	21_2	280	94.7145248080176
285.714285714286	900	78.0241435386784	0	78.0241435386784	DBCA	21_2	140	91.9380376301401
285.714285714286	933.333333333333	79.1372636658616	0	79.1372636658616	DBCA	21_2	0	79.1372636658616
285.714285714286	966.666666666667	82.817849971674	0	82.817849971674	DBCA	21_2	70	90.802591401473
300	666.666666666667	81.4327579937856	0	81.4327579937856	DBCA	22_1	280	101.038191104163
300	700	80.7042673860715	0	80.7042673860715	DBCA	22_1	140	94.6181614775332
300	733.333333333333	84.6159388654497	0	84.6159388654497	DBCA	22_1	0	84.6159388654497
300	766.666666666667	81.4494494480012	0	81.4494494480012	DBCA	22_1	70	89.4341908778003
300	800	77.6074445165829	0	77.6074445165829	DBCA	22_1	210	95.3949025015708
300	833.333333333333	74.0063346099766	0	74.0063346099766	DBCA	22_2	140	87.9202287014383
300	866.666666666667	74.7752902491234	0	74.7752902491234	DBCA	22_2	0	74.7752902491234
300	900	75.9354244851857	0	75.9354244851857	DBCA	22_2	280	95.5408575955635
300	933.333333333333	74.7589770857977	0	74.7589770857977	DBCA	22_2	210	92.5464350707857
300	966.666666666667	82.1331924893134	0	82.1331924893134	DBCA	22_2	70	90.1179339191125
314.285714285714	666.666666666667	80.3374625875079	0	80.3374625875079	DBCA	23_1	140	94.2513566789696
314.285714285714	700	83.7714080137576	0	83.7714080137576	DBCA	23_1	0	83.7714080137576
314.285714285714	733.333333333333	79.4278963112141	0	79.4278963112141	DBCA	23_1	70	87.4126377410132
314.285714285714	766.666666666667	81.4280678193906	0	81.4280678193906	DBCA	23_1	210	99.2155258043785
314.285714285714	800	77.9127347835405	0	77.9127347835405	DBCA	23_1	280	97.5181678939183
314.285714285714	833.333333333333	77.5082893838614	0	77.5082893838614	DBCA	23_2	140	91.4221834753231
314.285714285714	866.666666666667	78.6348993855911	0	78.6348993855911	DBCA	23_2	210	96.422357370579
314.285714285714	900	72.628465022193	0	72.628465022193	DBCA	23_2	70	80.613206451992
314.285714285714	933.333333333333	79.7783441056019	0	79.7783441056019	DBCA	23_2	280	99.3837772159797
314.285714285714	966.666666666667	79.231404093269	0	79.231404093269	DBCA	23_2	0	79.231404093269
328.571428571429	666.666666666667	80.5979222446134	0	80.5979222446134	DBCA	24_1	140	94.5118163360751
328.571428571429	700	82.3113927467578	0	82.3113927467578	DBCA	24_1	280	101.916825857136
328.571428571429	733.333333333333	79.1012780029527	0	79.1012780029527	DBCA	24_1	0	79.1012780029527
328.571428571429	766.666666666667	82.9819460670356	0	82.9819460670356	DBCA	24_1	210	100.769404052024
328.571428571429	800	81.5570882134764	0	81.5570882134764	DBCA	24_1	70	89.5418296432755
328.571428571429	833.333333333333	78.2863850119315	0	78.2863850119315	DBCA	24_2	280	97.8918181223093
328.571428571429	866.666666666667	76.7191638215429	0	76.7191638215429	DBCA	24_2	70	84.703905251342
328.571428571429	900	73.4975557735211	0	73.4975557735211	DBCA	24_2	0	73.4975557735211
328.571428571429	933.333333333333	77.9591548445498	0	77.9591548445498	DBCA	24_2	210	95.7466128295378
328.571428571429	966.666666666667	79.6363258182664	0	79.6363258182664	DBCA	24_2	140	93.5502199097282
342.857142857143	666.666666666667	80.2770134147251	0	80.2770134147251	DBCA	25_1	280	99.8824465251029
342.857142857143	700	79.9810774056016	0	79.9810774056016	DBCA	25_1	0	79.9810774056016
342.857142857143	733.333333333333	80.2548518766691	0	80.2548518766691	DBCA	25_1	210	98.0423098616571
342.857142857143	766.666666666667	84.2664194019536	0	84.2664194019536	DBCA	25_1	70	92.2511608317527
342.857142857143	800	77.3788517418918	0	77.3788517418918	DBCA	25_1	140	91.2927458333535
342.857142857143	833.333333333333	81.158646090345	0	81.158646090345	DBCA	25_2	140	95.0725401818067
342.857142857143	866.666666666667	77.6278324511157	0	77.6278324511157	DBCA	25_2	280	97.2332655614935
342.857142857143	900	73.1626713698349	0	73.1626713698349	DBCA	25_2	70	81.147412799634
342.857142857143	933.333333333333	80.9754073609231	0	80.9754073609231	DBCA	25_2	210	98.762865345911
342.857142857143	966.666666666667	80.17443788375	0	80.17443788375	DBCA	25_2	0	80.17443788375
357.142857142857	666.666666666667	81.9412570227797	0	81.9412570227797	DBCA	26_1	70	89.9259984525788
357.142857142857	700	81.1109019722657	0	81.1109019722657	DBCA	26_1	280	100.716335082643
357.142857142857	733.333333333333	79.8722223278889	0	79.8722223278889	DBCA	26_1	140	93.7861164193507
357.142857142857	766.666666666667	78.9026949608466	0	78.9026949608466	DBCA	26_1	0	78.9026949608466
357.142857142857	800	79.5128476023198	0	79.5128476023198	DBCA	26_1	210	97.3003055873077
357.142857142857	833.333333333333	79.8969857867165	0	79.8969857867165	DBCA	26_2	210	97.6844437717045
357.142857142857	866.666666666667	77.4994539485727	0	77.4994539485727	DBCA	26_2	70	85.4841953783718
357.142857142857	900	76.4706186678135	0	76.4706186678135	DBCA	26_2	0	76.4706186678135
357.142857142857	933.333333333333	82.4013964924069	0	82.4013964924069	DBCA	26_2	280	102.006829602785
357.142857142857	966.666666666667	79.5975838217238	0	79.5975838217238	DBCA	26_2	140	93.5114779131855
371.428571428571	666.666666666667	83.5830107149827	0	83.5830107149827	DBCA	27_1	140	97.4969048064444
371.428571428571	700	82.6701976275903	0	82.6701976275903	DBCA	27_1	70	90.6549390573894
371.428571428571	733.333333333333	78.1728646743174	0	78.1728646743174	DBCA	27_1	0	78.1728646743174
371.428571428571	766.666666666667	81.0219440410928	0	81.0219440410928	DBCA	27_1	210	98.8094020260808
371.428571428571	800	80.2018063698724	0	80.2018063698724	DBCA	27_1	280	99.8072394802502
371.428571428571	833.333333333333	76.8621393385622	0	76.8621393385622	DBCA	27_2	210	94.6495973235502
371.428571428571	866.666666666667	75.7715781975716	0	75.7715781975716	DBCA	27_2	140	89.6854722890333
371.428571428571	900	77.4574677418484	0	77.4574677418484	DBCA	27_2	0	77.4574677418484
371.428571428571	933.333333333333	78.127964472033	0	78.127964472033	DBCA	27_2	280	97.7333975824108
371.428571428571	966.666666666667	78.3736092505287	0	78.3736092505287	DBCA	27_2	70	86.3583506803278
385.714285714286	666.666666666667	80.0250583479165	0	80.0250583479165	DBCA	28_1	70	88.0097997777156
385.714285714286	700	80.8736195974019	0	80.8736195974019	DBCA	28_1	280	100.47905270778
385.714285714286	733.333333333333	78.5854639818164	0	78.5854639818164	DBCA	28_1	210	96.3729219668043
385.714285714286	766.666666666667	80.1400291434544	0	80.1400291434544	DBCA	28_1	0	80.1400291434544
385.714285714286	800	77.6396323345937	0	77.6396323345937	DBCA	28_1	140	91.5535264260555
385.714285714286	833.333333333333	80.6280715474172	0	80.6280715474172	DBCA	28_2	70	88.6128129772163
385.714285714286	866.666666666667	78.8650276940489	0	78.8650276940489	DBCA	28_2	140	92.7789217855107
385.714285714286	900	74.4913727319391	0	74.4913727319391	DBCA	28_2	210	92.2788307169271
385.714285714286	933.333333333333	75.040240575818	0	75.040240575818	DBCA	28_2	0	75.040240575818
385.714285714286	966.666666666667	76.3726003895323	0	76.3726003895323	DBCA	28_2	280	95.9780334999101
400	666.666666666667	79.2160963564937	0	79.2160963564937	DBCA	29_1	70	87.2008377862928
400	700	82.5148271242106	0	82.5148271242106	DBCA	29_1	280	102.120260234588
400	733.333333333333	78.8576534937101	0	78.8576534937101	DBCA	29_1	210	96.6451114786981
400	766.666666666667	77.5717097804046	0	77.5717097804046	DBCA	29_1	140	91.4856038718663
400	800	75.9422138307159	0	75.9422138307159	DBCA	29_1	0	75.9422138307159
400	833.333333333333	75.3887714826599	0	75.3887714826599	DBCA	29_2	0	75.3887714826599
400	866.666666666667	78.8645299064111	0	78.8645299064111	DBCA	29_2	280	98.4699630167889
400	900	74.6092942219936	0	74.6092942219936	DBCA	29_2	210	92.3967522069815
400	933.333333333333	74.0624289547512	0	74.0624289547512	DBCA	29_2	140	87.9763230462129
400	966.666666666667	74.9435880405185	0	74.9435880405185	DBCA	29_2	70	82.9283294703175
28.5714285714286	666.666666666667	82.9726342970701	0	82.9726342970701	DBCA	3_1	70	90.9573757268692
28.5714285714286	700	75.0800202498144	0	75.0800202498144	DBCA	3_1	280	94.6854533601922
28.5714285714286	733.333333333333	78.3067188376517	0	78.3067188376517	DBCA	3_1	210	96.0941768226396
28.5714285714286	766.666666666667	75.4140331645295	0	75.4140331645295	DBCA	3_1	0	75.4140331645295
28.5714285714286	800	78.2492421966581	0	78.2492421966581	DBCA	3_1	140	92.1631362881198
28.5714285714286	833.333333333333	78.2458513125055	0	78.2458513125055	DBCA	3_2	280	97.8512844228833
28.5714285714286	866.666666666667	80.5057781292333	0	80.5057781292333	DBCA	3_2	70	88.4905195590324
28.5714285714286	900	81.9846668998648	0	81.9846668998648	DBCA	3_2	210	99.7721248848528
28.5714285714286	933.333333333333	82.6702550602492	0	82.6702550602492	DBCA	3_2	0	82.6702550602492
28.5714285714286	966.666666666667	81.714958093595	0	81.714958093595	DBCA	3_2	140	95.6288521850567
414.285714285714	666.666666666667	79.4940000429779	0	79.4940000429779	DBCA	30_1	70	87.478741472777
414.285714285714	700	77.8249364224708	0	77.8249364224708	DBCA	30_1	280	97.4303695328486
414.285714285714	733.333333333333	80.0652087555757	0	80.0652087555757	DBCA	30_1	0	80.0652087555757
414.285714285714	766.666666666667	78.408297511892	0	78.408297511892	DBCA	30_1	140	92.3221916033537
414.285714285714	800	73.3873552281904	0	73.3873552281904	DBCA	30_1	210	91.1748132131784
414.285714285714	833.333333333333	79.3180215448145	0	79.3180215448145	DBCA	30_2	140	93.2319156362762
414.285714285714	866.666666666667	80.0231930192428	0	80.0231930192428	DBCA	30_2	70	88.0079344490419
414.285714285714	900	79.5418952082332	0	79.5418952082332	DBCA	30_2	0	79.5418952082332
414.285714285714	933.333333333333	75.0594973172034	0	75.0594973172034	DBCA	30_2	280	94.6649304275812
414.285714285714	966.666666666667	73.61077555344	0	73.61077555344	DBCA	30_2	210	91.398233538428
428.571428571429	666.666666666667	78.7602775868331	0	78.7602775868331	DBCA	31_1	210	96.5477355718211
428.571428571429	700	80.3499414077631	0	80.3499414077631	DBCA	31_1	0	80.3499414077631
428.571428571429	733.333333333333	77.8652180970382	0	77.8652180970382	DBCA	31_1	70	85.8499595268372
428.571428571429	766.666666666667	74.1584192041905	0	74.1584192041905	DBCA	31_1	140	88.0723132956522
428.571428571429	800	72.5004812824495	0	72.5004812824495	DBCA	31_1	280	92.1059143928273
428.571428571429	833.333333333333	75.3961300890125	0	75.3961300890125	DBCA	31_2	0	75.3961300890125
428.571428571429	866.666666666667	78.0314043296789	0	78.0314043296789	DBCA	31_2	70	86.016145759478
428.571428571429	900	77.1931876417321	0	77.1931876417321	DBCA	31_2	210	94.9806456267201
428.571428571429	933.333333333333	75.8636297940247	0	75.8636297940247	DBCA	31_2	280	95.4690629044025
428.571428571429	966.666666666667	73.987410776507	0	73.987410776507	DBCA	31_2	140	87.9013048679687
442.857142857143	666.666666666667	79.3083765752492	0	79.3083765752492	DBCA	32_1	140	93.222270666711
442.857142857143	700	80.5001851440542	0	80.5001851440542	DBCA	32_1	280	100.105618254432
442.857142857143	733.333333333333	78.358792834919	0	78.358792834919	DBCA	32_1	210	96.146250819907
442.857142857143	766.666666666667	77.0664827715679	0	77.0664827715679	DBCA	32_1	70	85.051224201367
442.857142857143	800	79.9933354884402	0	79.9933354884402	DBCA	32_1	0	79.9933354884402
442.857142857143	833.333333333333	73.2431883799222	0	73.2431883799222	DBCA	32_2	210	91.0306463649102
442.857142857143	866.666666666667	78.308996912364	0	78.308996912364	DBCA	32_2	70	86.2937383421631
442.857142857143	900	75.9439815991427	0	75.9439815991427	DBCA	32_2	280	95.5494147095205
442.857142857143	933.333333333333	76.3148156990263	0	76.3148156990263	DBCA	32_2	0	76.3148156990263
442.857142857143	966.666666666667	76.0303370208266	0	76.0303370208266	DBCA	32_2	140	89.9442311122883
457.142857142857	666.666666666667	76.6854474372352	0	76.6854474372352	DBCA	33_1	70	84.6701888670343
457.142857142857	700	77.9104143842133	0	77.9104143842133	DBCA	33_1	140	91.8243084756751
457.142857142857	733.333333333333	74.9280119944299	0	74.9280119944299	DBCA	33_1	0	74.9280119944299
457.142857142857	766.666666666667	76.8757596940363	0	76.8757596940363	DBCA	33_1	280	96.4811928044141
457.142857142857	800	79.0349417131128	0	79.0349417131128	DBCA	33_1	210	96.8223996981007
457.142857142857	833.333333333333	73.81469739053	0	73.81469739053	DBCA	33_2	280	93.4201305009078
457.142857142857	866.666666666667	77.8999561125207	0	77.8999561125207	DBCA	33_2	140	91.8138502039824
457.142857142857	900	75.9944027437629	0	75.9944027437629	DBCA	33_2	0	75.9944027437629
457.142857142857	933.333333333333	71.0922076475258	0	71.0922076475258	DBCA	33_2	70	79.0769490773249
457.142857142857	966.666666666667	75.2400960064353	0	75.2400960064353	DBCA	33_2	210	93.0275539914232
471.428571428571	666.666666666667	76.7956296014774	0	76.7956296014774	DBCA	34_1	140	90.7095236929392
471.428571428571	700	75.9186468892992	0	75.9186468892992	DBCA	34_1	280	95.524079999677
471.428571428571	733.333333333333	74.5499935313559	0	74.5499935313559	DBCA	34_1	0	74.5499935313559
471.428571428571	766.666666666667	77.7313981624535	0	77.7313981624535	DBCA	34_1	210	95.5188561474414
471.428571428571	800	77.5861334821428	0	77.5861334821428	DBCA	34_1	70	85.5708749119419
471.428571428571	833.333333333333	77.972767313934	0	77.972767313934	DBCA	34_2	0	77.972767313934
471.428571428571	866.666666666667	76.646162566281	0	76.646162566281	DBCA	34_2	140	90.5600566577427
471.428571428571	900	75.0471797247943	0	75.0471797247943	DBCA	34_2	70	83.0319211545934
471.428571428571	933.333333333333	74.6078413164002	0	74.6078413164002	DBCA	34_2	280	94.213274426778
471.428571428571	966.666666666667	80.1162019904617	0	80.1162019904617	DBCA	34_2	210	97.9036599754497
485.714285714286	666.666666666667	76.0623517550393	0	76.0623517550393	DBCA	35_1	70	84.0470931848384
485.714285714286	700	74.7647608673927	0	74.7647608673927	DBCA	35_1	280	94.3701939777705
485.714285714286	733.333333333333	76.7668912361549	0	76.7668912361549	DBCA	35_1	210	94.5543492211429
485.714285714286	766.666666666667	81.9574400546933	0	81.9574400546933	DBCA	35_1	0	81.9574400546933
485.714285714286	800	78.743017060693	0	78.743017060693	DBCA	35_1	140	92.6569111521547
485.714285714286	833.333333333333	77.9367007156085	0	77.9367007156085	DBCA	35_2	210	95.7241587005964
485.714285714286	866.666666666667	75.4464115940025	0	75.4464115940025	DBCA	35_2	140	89.3603056854642
485.714285714286	900	76.4095672730531	0	76.4095672730531	DBCA	35_2	0	76.4095672730531
485.714285714286	933.333333333333	77.0619062751569	0	77.0619062751569	DBCA	35_2	280	96.6673393855347
485.714285714286	966.666666666667	78.5019367889128	0	78.5019367889128	DBCA	35_2	70	86.4866782187119
500	666.666666666667	75.6787881028364	0	75.6787881028364	DBCA	36_1	0	75.6787881028364
500	700	74.409517522134	0	74.409517522134	DBCA	36_1	210	92.1969755071219
500	733.333333333333	75.4884194601265	0	75.4884194601265	DBCA	36_1	140	89.4023135515883
500	766.666666666667	80.6664017086019	0	80.6664017086019	DBCA	36_1	70	88.651143138401
500	800	81.622161611341	0	81.622161611341	DBCA	36_1	280	101.227594721719
500	833.333333333333	76.8673453729674	0	76.8673453729674	DBCA	36_2	0	76.8673453729674
500	866.666666666667	79.1929951662893	0	79.1929951662893	DBCA	36_2	280	98.7984282766671
500	900	80.4541640737172	0	80.4541640737172	DBCA	36_2	210	98.2416220587052
500	933.333333333333	78.8401183237314	0	78.8401183237314	DBCA	36_2	140	92.7540124151932
500	966.666666666667	79.9132233817527	0	79.9132233817527	DBCA	36_2	70	87.8979648115518
514.285714285714	666.666666666667	76.1195764498214	24.6	100.719576449821	DBCA	37_1	210	136.071434434809
514.285714285714	700	74.2486293326917	24.6	98.8486293326917	DBCA	37_1	0	98.8486293326917
514.285714285714	733.333333333333	78.7051220158662	24.6	103.305122015866	DBCA	37_1	140	128.928616107328
514.285714285714	766.666666666667	83.9033167529699	24.6	108.50331675297	DBCA	37_1	70	122.342858182769
514.285714285714	800	78.7126297776112	24.6	103.312629777611	DBCA	37_1	280	146.337262887989
514.285714285714	833.333333333333	75.0635326252061	24.6	99.6635326252061	DBCA	37_2	280	142.688165735584
514.285714285714	866.666666666667	79.9366658994916	24.6	104.536665899492	DBCA	37_2	210	139.88852388448
514.285714285714	900	76.4057985557922	24.6	101.005798555792	DBCA	37_2	140	126.629292647254
514.285714285714	933.333333333333	79.9745686487076	24.6	104.574568648708	DBCA	37_2	70	118.414110078507
514.285714285714	966.666666666667	76.8516819311036	24.6	101.451681931104	DBCA	37_2	0	101.451681931104
528.571428571429	666.666666666667	73.8971546600554	24.6	98.4971546600554	DBCA	38_1	280	141.521787770433
528.571428571429	700	76.5774958316827	24.6	101.177495831683	DBCA	38_1	140	126.800989923144
528.571428571429	733.333333333333	77.7982090188189	24.6	102.398209018819	DBCA	38_1	0	102.398209018819
528.571428571429	766.666666666667	78.8178860735647	24.6	103.417886073565	DBCA	38_1	210	138.769744058553
528.571428571429	800	77.8193059584516	24.6	102.419305958452	DBCA	38_1	70	116.258847388251
528.571428571429	833.333333333333	74.9751938893259	24.6	99.5751938893258	DBCA	38_2	0	99.5751938893258
528.571428571429	866.666666666667	75.4795913958552	24.6	100.079591395855	DBCA	38_2	210	135.431449380843
528.571428571429	900	76.368868022831	24.6	100.968868022831	DBCA	38_2	280	143.993501133209
528.571428571429	933.333333333333	75.9557554534164	24.6	100.555755453416	DBCA	38_2	70	114.395296883215
528.571428571429	966.666666666667	80.0127817270125	24.6	104.612781727012	DBCA	38_2	140	130.236275818474
542.857142857143	666.666666666667	75.1305123295682	24.6	99.7305123295682	DBCA	39_1	140	125.35400642103
542.857142857143	700	77.2777722423544	24.6	101.877772242354	DBCA	39_1	280	144.902405352732
542.857142857143	733.333333333333	76.6914273034592	24.6	101.291427303459	DBCA	39_1	0	101.291427303459
542.857142857143	766.666666666667	77.0456099078014	24.6	101.645609907801	DBCA	39_1	70	115.4851513376
542.857142857143	800	74.4752079444993	24.6	99.0752079444993	DBCA	39_1	210	134.427065929487
542.857142857143	833.333333333333	73.4881143253265	24.6	98.0881143253265	DBCA	39_2	0	98.0881143253265
542.857142857143	866.666666666667	76.1637966177322	24.6	100.763796617732	DBCA	39_2	280	143.78842972811
542.857142857143	900	75.6634213985509	24.6	100.263421398551	DBCA	39_2	210	135.615279383539
542.857142857143	933.333333333333	70.2950723227256	24.6	94.8950723227256	DBCA	39_2	140	120.518566414187
542.857142857143	966.666666666667	77.8406004480842	24.6	102.440600448084	DBCA	39_2	70	116.280141877883
42.8571428571429	666.666666666667	81.1426796802645	0	81.1426796802645	DBCA	4_1	0	81.1426796802645
42.8571428571429	700	74.114888099172	0	74.114888099172	DBCA	4_1	70	82.0996295289711
42.8571428571429	733.333333333333	79.1715276635359	0	79.1715276635359	DBCA	4_1	210	96.9589856485239
42.8571428571429	766.666666666667	72.8746351557697	0	72.8746351557697	DBCA	4_1	140	86.7885292472315
42.8571428571429	800	76.3710358317325	0	76.3710358317325	DBCA	4_1	280	95.9764689421102
42.8571428571429	833.333333333333	75.6069479963652	0	75.6069479963652	DBCA	4_2	210	93.3944059813532
42.8571428571429	866.666666666667	82.0348249752513	0	82.0348249752513	DBCA	4_2	280	101.640258085629
42.8571428571429	900	82.392681999772	0	82.392681999772	DBCA	4_2	70	90.3774234295711
42.8571428571429	933.333333333333	83.3477910548553	0	83.3477910548553	DBCA	4_2	0	83.3477910548553
42.8571428571429	966.666666666667	77.1820327378994	0	77.1820327378994	DBCA	4_2	140	91.0959268293611
557.142857142857	666.666666666667	74.9936065522465	24.6	99.5936065522465	DBCA	40_1	70	113.433147982046
557.142857142857	700	79.0052692571378	24.6	103.605269257138	DBCA	40_1	210	138.957127242126
557.142857142857	733.333333333333	76.4976988112994	24.6	101.097698811299	DBCA	40_1	280	144.122331921677
557.142857142857	766.666666666667	77.4769216763124	24.6	102.076921676312	DBCA	40_1	140	127.700415767774
557.142857142857	800	74.70020183717	24.6	99.30020183717	DBCA	40_1	0	99.30020183717
557.142857142857	833.333333333333	75.6476551679428	24.6	100.247655167943	DBCA	40_2	70	114.087196597742
557.142857142857	866.666666666667	77.1429498009109	24.6	101.742949800911	DBCA	40_2	140	127.366443892373
557.142857142857	900	78.2823062317768	24.6	102.882306231777	DBCA	40_2	0	102.882306231777
557.142857142857	933.333333333333	71.9465805599414	24.6	96.5465805599414	DBCA	40_2	210	131.898438544929
557.142857142857	966.666666666667	77.0373599130367	24.6	101.637359913037	DBCA	40_2	280	144.661993023414
571.428571428571	666.666666666667	81.4857272835249	24.6	106.085727283525	DBCA	41_1	140	131.709221374987
571.428571428571	700	77.4751913845922	24.6	102.075191384592	DBCA	41_1	70	115.914732814391
571.428571428571	733.333333333333	75.685441045134	24.6	100.285441045134	DBCA	41_1	0	100.285441045134
571.428571428571	766.666666666667	76.8192723383403	24.6	101.41927233834	DBCA	41_1	210	136.771130323328
571.428571428571	800	76.2461906795624	24.6	100.846190679562	DBCA	41_1	280	143.87082378994
571.428571428571	833.333333333333	77.6073471748088	24.6	102.207347174809	DBCA	41_2	70	116.046888604608
571.428571428571	866.666666666667	78.979003214167	24.6	103.579003214167	DBCA	41_2	0	103.579003214167
571.428571428571	900	74.3822566154276	24.6	98.9822566154276	DBCA	41_2	140	124.605750706889
571.428571428571	933.333333333333	72.5206264345512	24.6	97.1206264345512	DBCA	41_2	210	132.472484419539
571.428571428571	966.666666666667	79.078732636675	24.6	103.678732636675	DBCA	41_2	280	146.703365747053
585.714285714286	666.666666666667	76.4773890918992	24.6	101.077389091899	DBCA	42_1	0	101.077389091899
585.714285714286	700	74.892300588038	24.6	99.492300588038	DBCA	42_1	280	142.516933698416
585.714285714286	733.333333333333	76.2414412123046	24.6	100.841441212305	DBCA	42_1	70	114.680982642104
585.714285714286	766.666666666667	78.4886785396443	24.6	103.088678539644	DBCA	42_1	210	138.440536524632
585.714285714286	800	79.6990771308988	24.6	104.299077130899	DBCA	42_1	140	129.922571222361
585.714285714286	833.333333333333	76.4360822656719	24.6	101.036082265672	DBCA	42_2	0	101.036082265672
585.714285714286	866.666666666667	79.5194740098651	24.6	104.119474009865	DBCA	42_2	280	147.144107120243
585.714285714286	900	78.1118997805081	24.6	102.711899780508	DBCA	42_2	140	128.33539387197
585.714285714286	933.333333333333	75.1766842692817	24.6	99.7766842692817	DBCA	42_2	210	135.12854225427
585.714285714286	966.666666666667	79.6206968555944	24.6	104.220696855594	DBCA	42_2	70	118.060238285393
600	666.666666666667	76.5659867389691	24.6	101.165986738969	DBCA	43_1	280	144.190619849347
600	700	76.147528164216	24.6	100.747528164216	DBCA	43_1	70	114.587069594015
600	733.333333333333	75.8368011673147	24.6	100.436801167315	DBCA	43_1	140	126.060295258776
600	766.666666666667	75.9916094425121	24.6	100.591609442512	DBCA	43_1	210	135.9434674275
600	800	78.9178723352429	24.6	103.517872335243	DBCA	43_1	0	103.517872335243
600	833.333333333333	76.3522106444468	24.6	100.952210644447	DBCA	43_2	0	100.952210644447
600	866.666666666667	77.4484078131116	24.6	102.048407813112	DBCA	43_2	70	115.887949242911
600	900	81.2644260084094	24.6	105.864426008409	DBCA	43_2	210	141.216283993397
600	933.333333333333	80.0637669728444	24.6	104.663766972844	DBCA	43_2	280	147.688400083222
600	966.666666666667	79.1622709313899	24.6	103.76227093139	DBCA	43_2	140	129.385765022852
614.285714285714	666.666666666667	77.2073507396852	24.6	101.807350739685	DBCA	44_1	140	127.430844831147
614.285714285714	700	76.1882575537474	24.6	100.788257553747	DBCA	44_1	70	114.627798983546
614.285714285714	733.333333333333	79.6210615606823	24.6	104.221061560682	DBCA	44_1	0	104.221061560682
614.285714285714	766.666666666667	77.7709097810357	24.6	102.370909781036	DBCA	44_1	280	145.395542891413
614.285714285714	800	80.7964753422595	24.6	105.39647534226	DBCA	44_1	210	140.748333327247
614.285714285714	833.333333333333	76.1138935001026	24.6	100.713893500103	DBCA	44_2	70	114.553434929902
614.285714285714	866.666666666667	76.8673922583572	24.6	101.467392258357	DBCA	44_2	210	136.819250243345
614.285714285714	900	83.1906566558213	24.6	107.790656655821	DBCA	44_2	140	133.414150747283
614.285714285714	933.333333333333	80.1517821731963	24.6	104.751782173196	DBCA	44_2	0	104.751782173196
614.285714285714	966.666666666667	80.8976618941716	24.6	105.497661894172	DBCA	44_2	280	148.522295004549
628.571428571429	666.666666666667	74.294380399392	24.6	98.894380399392	DBCA	45_1	210	134.24623838438
628.571428571429	700	75.3399045042281	24.6	99.9399045042281	DBCA	45_1	70	113.779445934027
628.571428571429	733.333333333333	74.3923085399724	24.6	98.9923085399724	DBCA	45_1	0	98.9923085399724
628.571428571429	766.666666666667	77.4413100018416	24.6	102.041310001842	DBCA	45_1	140	127.664804093303
628.571428571429	800	75.7848580956236	24.6	100.384858095624	DBCA	45_1	280	143.409491206001
628.571428571429	833.333333333333	76.8501664586601	24.6	101.45016645866	DBCA	45_2	0	101.45016645866
628.571428571429	866.666666666667	78.0431061210295	24.6	102.64310612103	DBCA	45_2	140	128.266600212491
628.571428571429	900	76.6178206976052	24.6	101.217820697605	DBCA	45_2	280	144.242453807983
628.571428571429	933.333333333333	80.3044249357375	24.6	104.904424935737	DBCA	45_2	70	118.743966365537
628.571428571429	966.666666666667	78.5115372582609	24.6	103.111537258261	DBCA	45_2	210	138.463395243249
642.857142857143	666.666666666667	76.3321299239008	24.6	100.932129923901	DBCA	46_1	280	143.956763034279
642.857142857143	700	74.0958147380623	24.6	98.6958147380623	DBCA	46_1	140	124.319308829524
642.857142857143	733.333333333333	74.8103609603383	24.6	99.4103609603383	DBCA	46_1	0	99.4103609603383
642.857142857143	766.666666666667	74.9883022074682	24.6	99.5883022074682	DBCA	46_1	70	113.427843637267
642.857142857143	800	77.9383433667457	24.6	102.538343366746	DBCA	46_1	210	137.890201351734
642.857142857143	833.333333333333	81.0570523879431	24.6	105.657052387943	DBCA	46_2	140	131.280546479405
642.857142857143	866.666666666667	81.3240896621397	24.6	105.92408966214	DBCA	46_2	70	119.763631091939
642.857142857143	900	80.9083729785802	24.6	105.50837297858	DBCA	46_2	0	105.50837297858
642.857142857143	933.333333333333	80.0648351471679	24.6	104.664835147168	DBCA	46_2	280	147.689468257546
642.857142857143	966.666666666667	80.9830406635878	24.6	105.583040663588	DBCA	46_2	210	140.934898648576
657.142857142857	666.666666666667	81.6180276553873	24.6	106.218027655387	DBCA	47_1	210	141.569885640375
657.142857142857	700	75.2862997008631	24.6	99.8862997008631	DBCA	47_1	280	142.910932811241
657.142857142857	733.333333333333	76.5041270359281	24.6	101.104127035928	DBCA	47_1	140	126.72762112739
657.142857142857	766.666666666667	75.9824947475094	24.6	100.582494747509	DBCA	47_1	70	114.422036177308
657.142857142857	800	81.7445797022437	24.6	106.344579702244	DBCA	47_1	0	106.344579702244
657.142857142857	833.333333333333	79.5607320668266	24.6	104.160732066827	DBCA	47_2	70	118.000273496626
657.142857142857	866.666666666667	81.7955194483581	24.6	106.395519448358	DBCA	47_2	210	141.747377433346
657.142857142857	900	85.556124930681	24.6	110.156124930681	DBCA	47_2	140	135.779619022143
657.142857142857	933.333333333333	79.8260503252069	24.6	104.426050325207	DBCA	47_2	0	104.426050325207
657.142857142857	966.666666666667	83.4695208591298	24.6	108.06952085913	DBCA	47_2	280	151.094153969508
671.428571428571	666.666666666667	81.6462026019473	24.6	106.246202601947	DBCA	48_1	280	149.270835712325
671.428571428571	700	75.4508332768512	24.6	100.050833276851	DBCA	48_1	70	113.89037470665
671.428571428571	733.333333333333	78.0161134893443	24.6	102.616113489344	DBCA	48_1	140	128.239607580806
671.428571428571	766.666666666667	81.3934326365958	24.6	105.993432636596	DBCA	48_1	210	141.345290621584
671.428571428571	800	80.8855389366268	24.6	105.485538936627	DBCA	48_1	0	105.485538936627
671.428571428571	833.333333333333	79.0058858697798	24.6	103.60588586978	DBCA	48_2	0	103.60588586978
671.428571428571	866.666666666667	81.1612315127818	24.6	105.761231512782	DBCA	48_2	210	141.11308949777
671.428571428571	900	78.0814876812884	24.6	102.681487681288	DBCA	48_2	140	128.30498177275
671.428571428571	933.333333333333	77.9064772210968	24.6	102.506477221097	DBCA	48_2	70	116.346018650896
671.428571428571	966.666666666667	80.7805672182884	24.6	105.380567218288	DBCA	48_2	280	148.405200328666
685.714285714286	666.666666666667	78.3009932565566	24.6	102.900993256557	DBCA	49_1	0	102.900993256557
685.714285714286	700	78.2807351404313	24.6	102.880735140431	DBCA	49_1	280	145.905368250809
685.714285714286	733.333333333333	77.4089856121252	24.6	102.008985612125	DBCA	49_1	70	115.848527041924
685.714285714286	766.666666666667	82.4587273043587	24.6	107.058727304359	DBCA	49_1	140	132.68222139582
685.714285714286	800	83.8722033301565	24.6	108.472203330156	DBCA	49_1	210	143.824061315144
685.714285714286	833.333333333333	81.0139556905044	24.6	105.613955690504	DBCA	49_2	70	119.453497120303
685.714285714286	866.666666666667	81.1227335179203	24.6	105.72273351792	DBCA	49_2	210	141.074591502908
685.714285714286	900	79.3613075489232	24.6	103.961307548923	DBCA	49_2	140	129.584801640385
685.714285714286	933.333333333333	76.2054479263104	24.6	100.80544792631	DBCA	49_2	0	100.80544792631
685.714285714286	966.666666666667	80.3324891931986	24.6	104.932489193199	DBCA	49_2	280	147.957122303576
57.1428571428571	666.666666666667	81.6840403102972	0	81.6840403102972	DBCA	5_1	140	95.5979344017589
57.1428571428571	700	82.4783730826516	0	82.4783730826516	DBCA	5_1	280	102.083806193029
57.1428571428571	733.333333333333	74.9353790911262	0	74.9353790911262	DBCA	5_1	210	92.7228370761142
57.1428571428571	766.666666666667	78.0542674837186	0	78.0542674837186	DBCA	5_1	0	78.0542674837186
57.1428571428571	800	74.4741205952109	0	74.4741205952109	DBCA	5_1	70	82.45886202501
57.1428571428571	833.333333333333	80.0977602755716	0	80.0977602755716	DBCA	5_2	70	88.0825017053707
57.1428571428571	866.666666666667	81.7613129388767	0	81.7613129388767	DBCA	5_2	280	101.366746049254
57.1428571428571	900	84.2078587859788	0	84.2078587859788	DBCA	5_2	140	98.1217528774405
57.1428571428571	933.333333333333	78.9653593858735	0	78.9653593858735	DBCA	5_2	210	96.7528173708614
57.1428571428571	966.666666666667	78.1624855654816	0	78.1624855654816	DBCA	5_2	0	78.1624855654816
700	666.666666666667	78.2218874646795	24.6	102.821887464679	DBCA	50_1	210	138.173745449667
700	700	77.4862835280105	24.6	102.08628352801	DBCA	50_1	280	145.110916638388
700	733.333333333333	79.7879805773782	24.6	104.387980577378	DBCA	50_1	0	104.387980577378
700	766.666666666667	81.1880230896206	24.6	105.788023089621	DBCA	50_1	70	119.62756451942
700	800	78.7582672858981	24.6	103.358267285898	DBCA	50_1	140	128.98176137736
700	833.333333333333	81.2034234435741	24.6	105.803423443574	DBCA	50_2	210	141.155281428562
700	866.666666666667	81.2205551027986	24.6	105.820555102799	DBCA	50_2	0	105.820555102799
700	900	79.2104888818399	24.6	103.81048888184	DBCA	50_2	140	129.433982973302
700	933.333333333333	77.585993239852	24.6	102.185993239852	DBCA	50_2	280	145.21062635023
700	966.666666666667	79.9653925163162	24.6	104.565392516316	DBCA	50_2	70	118.404933946115
714.285714285714	666.666666666667	83.3182879952844	24.6	107.918287995284	DBCA	51_1	140	133.541782086746
714.285714285714	700	80.9477036435166	24.6	105.547703643517	DBCA	51_1	70	119.387245073316
714.285714285714	733.333333333333	79.8345268086412	24.6	104.434526808641	DBCA	51_1	0	104.434526808641
714.285714285714	766.666666666667	77.366167404144	24.6	101.966167404144	DBCA	51_1	210	137.318025389132
714.285714285714	800	79.0655962640451	24.6	103.665596264045	DBCA	51_1	280	146.690229374423
714.285714285714	833.333333333333	82.3468334512615	24.6	106.946833451262	DBCA	51_2	280	149.971466561639
714.285714285714	866.666666666667	79.5062115909075	24.6	104.106211590907	DBCA	51_2	70	117.945753020707
714.285714285714	900	76.2995877610067	24.6	100.899587761007	DBCA	51_2	140	126.523081852468
714.285714285714	933.333333333333	80.1807629385816	24.6	104.780762938582	DBCA	51_2	0	104.780762938582
714.285714285714	966.666666666667	81.7112660537757	24.6	106.311266053776	DBCA	51_2	210	141.663124038764
728.571428571429	666.666666666667	83.3178218182157	24.6	107.917821818216	DBCA	52_1	70	121.757363248015
728.571428571429	700	79.7706130819993	24.6	104.370613081999	DBCA	52_1	140	129.994107173461
728.571428571429	733.333333333333	79.627897034069	24.6	104.227897034069	DBCA	52_1	0	104.227897034069
728.571428571429	766.666666666667	81.035915358693	24.6	105.635915358693	DBCA	52_1	210	140.987773343681
728.571428571429	800	83.7742932748575	24.6	108.374293274857	DBCA	52_1	280	151.398926385235
728.571428571429	833.333333333333	81.6188796823034	24.6	106.218879682303	DBCA	52_2	140	131.842373773765
728.571428571429	866.666666666667	80.0955743003681	24.6	104.695574300368	DBCA	52_2	0	104.695574300368
728.571428571429	900	80.0095056510085	24.6	104.609505651008	DBCA	52_2	70	118.449047080808
728.571428571429	933.333333333333	76.7127239955802	24.6	101.31272399558	DBCA	52_2	280	144.337357105958
728.571428571429	966.666666666667	75.6257816673941	24.6	100.225781667394	DBCA	52_2	210	135.577639652382
742.857142857143	666.666666666667	79.3110876058389	24.6	103.911087605839	DBCA	53_1	0	103.911087605839
742.857142857143	700	81.0060308355935	24.6	105.606030835594	DBCA	53_1	70	119.445572265393
742.857142857143	733.333333333333	77.0897794993077	24.6	101.689779499308	DBCA	53_1	210	137.041637484296
742.857142857143	766.666666666667	82.7421538527469	24.6	107.342153852747	DBCA	53_1	280	150.366786963125
742.857142857143	800	82.9586456428602	24.6	107.55864564286	DBCA	53_1	140	133.182139734322
742.857142857143	833.333333333333	82.1423888208322	24.6	106.742388820832	DBCA	53_2	280	149.76702193121
742.857142857143	866.666666666667	82.9219557398787	24.6	107.521955739879	DBCA	53_2	210	142.873813724867
742.857142857143	900	76.9638880064896	24.6	101.56388800649	DBCA	53_2	140	127.187382097951
742.857142857143	933.333333333333	81.2462886312505	24.6	105.846288631251	DBCA	53_2	0	105.846288631251
742.857142857143	966.666666666667	78.8757960608189	24.6	103.475796060819	DBCA	53_2	70	117.315337490618
757.142857142857	666.666666666667	79.5382531256482	24.6	104.138253125648	DBCA	54_1	0	104.138253125648
757.142857142857	700	79.9899411203209	24.6	104.589941120321	DBCA	54_1	210	139.941799105309
757.142857142857	733.333333333333	77.3256769924331	24.6	101.925676992433	DBCA	54_1	140	127.549171083895
757.142857142857	766.666666666667	80.9435359308692	24.6	105.543535930869	DBCA	54_1	70	119.383077360668
757.142857142857	800	79.2016350931318	24.6	103.801635093132	DBCA	54_1	280	146.82626820351
757.142857142857	833.333333333333	80.6894396006978	24.6	105.289439600698	DBCA	54_2	70	119.128981030497
757.142857142857	866.666666666667	82.408604235058	24.6	107.008604235058	DBCA	54_2	0	107.008604235058
757.142857142857	900	80.3231604638905	24.6	104.92316046389	DBCA	54_2	140	130.546654555352
757.142857142857	933.333333333333	75.6150273837089	24.6	100.215027383709	DBCA	54_2	280	143.239660494087
757.142857142857	966.666666666667	80.7261544144369	24.6	105.326154414437	DBCA	54_2	210	140.678012399425
771.428571428571	666.666666666667	78.7897552719409	24.6	103.389755271941	DBCA	55_1	210	138.741613256929
771.428571428571	700	78.5200378826834	24.6	103.120037882683	DBCA	55_1	0	103.120037882683
771.428571428571	733.333333333333	76.7823227227175	24.6	101.382322722717	DBCA	55_1	140	127.005816814179
771.428571428571	766.666666666667	80.9645153755742	24.6	105.564515375574	DBCA	55_1	70	119.404056805373
771.428571428571	800	80.3699737143642	24.6	104.969973714364	DBCA	55_1	280	147.994606824742
771.428571428571	833.333333333333	80.7269265329862	24.6	105.326926532986	DBCA	55_2	70	119.166467962785
771.428571428571	866.666666666667	83.8134856324048	24.6	108.413485632405	DBCA	55_2	140	134.036979723867
771.428571428571	900	78.5594486608667	24.6	103.159448660867	DBCA	55_2	210	138.511306645855
771.428571428571	933.333333333333	81.5091195834339	24.6	106.109119583434	DBCA	55_2	280	149.133752693812
771.428571428571	966.666666666667	81.3668458582866	24.6	105.966845858287	DBCA	55_2	0	105.966845858287
785.714285714286	666.666666666667	81.1912712555627	24.6	105.791271255563	DBCA	56_1	0	105.791271255563
785.714285714286	700	78.1693315460265	24.6	102.769331546027	DBCA	56_1	140	128.392825637488
785.714285714286	733.333333333333	75.8363371712759	24.6	100.436337171276	DBCA	56_1	70	114.275878601075
785.714285714286	766.666666666667	80.071102899153	24.6	104.671102899153	DBCA	56_1	210	140.022960884141
785.714285714286	800	82.5326296678956	24.6	107.132629667896	DBCA	56_1	280	150.157262778273
785.714285714286	833.333333333333	80.1937276580745	24.6	104.793727658075	DBCA	56_2	210	140.145585643062
785.714285714286	866.666666666667	77.3206916411836	24.6	101.920691641184	DBCA	56_2	70	115.760233070983
785.714285714286	900	80.2761821304515	24.6	104.876182130452	DBCA	56_2	140	130.499676221913
785.714285714286	933.333333333333	77.4277043007272	24.6	102.027704300727	DBCA	56_2	0	102.027704300727
785.714285714286	966.666666666667	78.1594866005685	24.6	102.759486600568	DBCA	56_2	280	145.784119710946
800	666.666666666667	77.9516823648018	24.6	102.551682364802	DBCA	57_1	280	145.57631547518
800	700	79.4053039514295	24.6	104.005303951429	DBCA	57_1	70	117.844845381229
800	733.333333333333	75.5112318965017	24.6	100.111231896502	DBCA	57_1	0	100.111231896502
800	766.666666666667	81.4035544926136	24.6	106.003554492614	DBCA	57_1	140	131.627048584075
800	800	80.606754207103	24.6	105.206754207103	DBCA	57_1	210	140.558612192091
800	833.333333333333	79.7042754079318	24.6	104.304275407932	DBCA	57_2	210	139.65613339292
800	866.666666666667	75.7767618511128	24.6	100.376761851113	DBCA	57_2	0	100.376761851113
800	900	79.8331590607248	24.6	104.433159060725	DBCA	57_2	280	147.457792171103
800	933.333333333333	79.3657541019665	24.6	103.965754101967	DBCA	57_2	140	129.589248193428
800	966.666666666667	76.2710702233601	24.6	100.87107022336	DBCA	57_2	70	114.710611653159
814.285714285714	666.666666666667	78.2849649139769	24.6	102.884964913977	DBCA	58_1	70	116.724506343776
814.285714285714	700	80.568205430183	24.6	105.168205430183	DBCA	58_1	0	105.168205430183
814.285714285714	733.333333333333	79.1691872919667	24.6	103.769187291967	DBCA	58_1	140	129.392681383428
814.285714285714	766.666666666667	77.7191984405608	24.6	102.319198440561	DBCA	58_1	210	137.671056425549
814.285714285714	800	82.6724452496107	24.6	107.272445249611	DBCA	58_1	280	150.297078359989
814.285714285714	833.333333333333	77.6613308174916	24.6	102.261330817492	DBCA	58_2	70	116.100872247291
814.285714285714	866.666666666667	75.683911744189	24.6	100.283911744189	DBCA	58_2	280	143.308544854567
814.285714285714	900	79.0840729989878	24.6	103.684072998988	DBCA	58_2	140	129.30756709045
814.285714285714	933.333333333333	76.5742734877356	24.6	101.174273487736	DBCA	58_2	210	136.526131472724
814.285714285714	966.666666666667	75.3825929815823	24.6	99.9825929815823	DBCA	58_2	0	99.9825929815823
828.571428571429	666.666666666667	80.264196079799	24.6	104.864196079799	DBCA	59_1	70	118.703737509598
828.571428571429	700	77.3377653764097	24.6	101.93776537641	DBCA	59_1	280	144.962398486787
828.571428571429	733.333333333333	76.987157037155	24.6	101.587157037155	DBCA	59_1	210	136.939015022143
828.571428571429	766.666666666667	81.0550688846988	24.6	105.655068884699	DBCA	59_1	0	105.655068884699
828.571428571429	800	85.3104327249623	24.6	109.910432724962	DBCA	59_1	140	135.533926816424
828.571428571429	833.333333333333	80.8253631157227	24.6	105.425363115723	DBCA	59_2	0	105.425363115723
828.571428571429	866.666666666667	76.9921020012598	24.6	101.59210200126	DBCA	59_2	210	136.943959986248
828.571428571429	900	76.1168808631063	24.6	100.716880863106	DBCA	59_2	140	126.340374954568
828.571428571429	933.333333333333	76.9206764453573	24.6	101.520676445357	DBCA	59_2	280	144.545309555735
828.571428571429	966.666666666667	75.5279628992391	24.6	100.127962899239	DBCA	59_2	70	113.967504329038
71.4285714285714	666.666666666667	83.49100827518	0	83.49100827518	DBCA	6_1	0	83.49100827518
71.4285714285714	700	80.3729519030693	0	80.3729519030693	DBCA	6_1	70	88.3576933328684
71.4285714285714	733.333333333333	74.3575787420738	0	74.3575787420738	DBCA	6_1	210	92.1450367270617
71.4285714285714	766.666666666667	77.9648546914525	0	77.9648546914525	DBCA	6_1	140	91.8787487829142
71.4285714285714	800	73.8109502802963	0	73.8109502802963	DBCA	6_1	280	93.4163833906741
71.4285714285714	833.333333333333	80.8303434225306	0	80.8303434225306	DBCA	6_2	0	80.8303434225306
71.4285714285714	866.666666666667	82.4781736363409	0	82.4781736363409	DBCA	6_2	70	90.46291506614
71.4285714285714	900	82.3386685973391	0	82.3386685973391	DBCA	6_2	210	100.126126582327
71.4285714285714	933.333333333333	83.9153423516492	0	83.9153423516492	DBCA	6_2	140	97.8292364431109
71.4285714285714	966.666666666667	79.2687783775631	0	79.2687783775631	DBCA	6_2	280	98.8742114879409
842.857142857143	666.666666666667	76.4462450266023	24.6	101.046245026602	DBCA	60_1	210	136.39810301159
842.857142857143	700	78.1655027822714	24.6	102.765502782271	DBCA	60_1	0	102.765502782271
842.857142857143	733.333333333333	81.5602461107919	24.6	106.160246110792	DBCA	60_1	70	119.999787540591
842.857142857143	766.666666666667	79.3165915240321	24.6	103.916591524032	DBCA	60_1	140	129.540085615494
842.857142857143	800	79.2155186414111	24.6	103.815518641411	DBCA	60_1	280	146.840151751789
842.857142857143	833.333333333333	78.969841173276	24.6	103.569841173276	DBCA	60_2	210	138.921699158264
842.857142857143	866.666666666667	76.0571944282766	24.6	100.657194428277	DBCA	60_2	70	114.496735858076
842.857142857143	900	73.9182253990222	24.6	98.5182253990222	DBCA	60_2	140	124.141719490484
842.857142857143	933.333333333333	75.8666862134818	24.6	100.466686213482	DBCA	60_2	280	143.49131932386
842.857142857143	966.666666666667	73.4742442965163	24.6	98.0742442965163	DBCA	60_2	0	98.0742442965163
857.142857142857	666.666666666667	80.2501457778309	24.6	104.850145777831	DBCA	61_1	140	130.473639869293
857.142857142857	700	77.998206135916	24.6	102.598206135916	DBCA	61_1	0	102.598206135916
857.142857142857	733.333333333333	79.361377378722	24.6	103.961377378722	DBCA	61_1	70	117.800918808521
857.142857142857	766.666666666667	77.3102166069717	24.6	101.910216606972	DBCA	61_1	210	137.26207459196
857.142857142857	800	78.203465149624	24.6	102.803465149624	DBCA	61_1	280	145.828098260002
857.142857142857	833.333333333333	77.005323539775	24.6	101.605323539775	DBCA	61_2	140	127.228817631237
857.142857142857	866.666666666667	77.3663190819788	24.6	101.966319081979	DBCA	61_2	280	144.990952192357
857.142857142857	900	75.4740033916265	24.6	100.074003391626	DBCA	61_2	70	113.913544821426
857.142857142857	933.333333333333	72.7047469529718	24.6	97.3047469529718	DBCA	61_2	210	132.65660493796
857.142857142857	966.666666666667	73.1735010868357	24.6	97.7735010868357	DBCA	61_2	0	97.7735010868357
871.428571428571	666.666666666667	83.8363824230277	24.6	108.436382423028	DBCA	62_1	70	122.275923852827
871.428571428571	700	79.6762396989899	24.6	104.27623969899	DBCA	62_1	210	139.628097683978
871.428571428571	733.333333333333	78.3188157585816	24.6	102.918815758582	DBCA	62_1	140	128.542309850043
871.428571428571	766.666666666667	78.0920784731525	24.6	102.692078473153	DBCA	62_1	280	145.71671158353
871.428571428571	800	77.1881023697811	24.6	101.788102369781	DBCA	62_1	0	101.788102369781
871.428571428571	833.333333333333	79.8970872235324	24.6	104.497087223532	DBCA	62_2	140	130.120581314994
871.428571428571	866.666666666667	81.292286922465	24.6	105.892286922465	DBCA	62_2	280	148.916920032843
871.428571428571	900	78.945106213515	24.6	103.545106213515	DBCA	62_2	70	117.384647643314
871.428571428571	933.333333333333	76.1431613432918	24.6	100.743161343292	DBCA	62_2	0	100.743161343292
871.428571428571	966.666666666667	76.1069307594948	24.6	100.706930759495	DBCA	62_2	210	136.058788744483
885.714285714286	666.666666666667	81.9887816965198	24.6	106.58878169652	DBCA	63_1	0	106.58878169652
885.714285714286	700	81.832313626735	24.6	106.432313626735	DBCA	63_1	210	141.784171611723
885.714285714286	733.333333333333	83.9096738789567	24.6	108.509673878957	DBCA	63_1	280	151.534306989334
885.714285714286	766.666666666667	83.2819395182734	24.6	107.881939518273	DBCA	63_1	70	121.721480948072
885.714285714286	800	80.151833375057	24.6	104.751833375057	DBCA	63_1	140	130.375327466519
885.714285714286	833.333333333333	80.918621749135	24.6	105.518621749135	DBCA	63_2	210	140.870479734123
885.714285714286	866.666666666667	79.6843676091735	24.6	104.284367609174	DBCA	63_2	70	118.123909038973
885.714285714286	900	79.4927505726142	24.6	104.092750572614	DBCA	63_2	280	147.117383682992
885.714285714286	933.333333333333	81.1298408455463	24.6	105.729840845546	DBCA	63_2	0	105.729840845546
885.714285714286	966.666666666667	79.0023594913588	24.6	103.602359491359	DBCA	63_2	140	129.22585358282
900	666.666666666667	78.1105125210867	24.6	102.710512521087	DBCA	64_1	280	145.735145631464
900	700	83.7909584314526	24.6	108.390958431453	DBCA	64_1	70	122.230499861252
900	733.333333333333	81.0595879942005	24.6	105.659587994201	DBCA	64_1	140	131.283082085662
900	766.666666666667	85.228576277798	24.6	109.828576277798	DBCA	64_1	210	145.180434262786
900	800	78.1434102814847	24.6	102.743410281485	DBCA	64_1	0	102.743410281485
900	833.333333333333	81.6400456243226	24.6	106.240045624323	DBCA	64_2	70	120.079587054122
900	866.666666666667	75.5310510818364	24.6	100.131051081836	DBCA	64_2	210	135.482909066824
900	900	79.0119674837098	24.6	103.61196748371	DBCA	64_2	280	146.636600594088
900	933.333333333333	76.8994508344914	24.6	101.499450834491	DBCA	64_2	0	101.499450834491
900	966.666666666667	78.4421290737745	24.6	103.042129073775	DBCA	64_2	140	128.665623165236
914.285714285714	666.666666666667	80.2722162635229	24.6	104.872216263523	DBCA	65_1	210	140.224074248511
914.285714285714	700	77.4248840993362	24.6	102.024884099336	DBCA	65_1	140	127.648378190798
914.285714285714	733.333333333333	80.8089872859184	24.6	105.408987285918	DBCA	65_1	280	148.433620396296
914.285714285714	766.666666666667	79.6412954863268	24.6	104.241295486327	DBCA	65_1	70	118.080836916126
914.285714285714	800	78.281823692238	24.6	102.881823692238	DBCA	65_1	0	102.881823692238
914.285714285714	833.333333333333	80.0148402578631	24.6	104.614840257863	DBCA	65_2	70	118.454381687662
914.285714285714	866.666666666667	77.6761245052118	24.6	102.276124505212	DBCA	65_2	140	127.899618596674
914.285714285714	900	77.0065828128602	24.6	101.60658281286	DBCA	65_2	210	136.958440797848
914.285714285714	933.333333333333	74.885330625361	24.6	99.485330625361	DBCA	65_2	0	99.485330625361
914.285714285714	966.666666666667	77.3727960747363	24.6	101.972796074736	DBCA	65_2	280	144.997429185114
928.571428571429	666.666666666667	82.5683626005279	24.6	107.168362600528	DBCA	66_1	210	142.520220585516
928.571428571429	700	80.4430061316831	24.6	105.043006131683	DBCA	66_1	140	130.666500223145
928.571428571429	733.333333333333	80.6210045849603	24.6	105.22100458496	DBCA	66_1	0	105.22100458496
928.571428571429	766.666666666667	83.6249861581162	24.6	108.224986158116	DBCA	66_1	70	122.064527587915
928.571428571429	800	80.4588443439337	24.6	105.058844343934	DBCA	66_1	280	148.083477454311
928.571428571429	833.333333333333	82.9141176878638	24.6	107.514117687864	DBCA	66_2	210	142.865975672852
928.571428571429	866.666666666667	81.3747300019501	24.6	105.97473000195	DBCA	66_2	70	119.814271431749
928.571428571429	900	78.8254803931526	24.6	103.425480393153	DBCA	66_2	280	146.45011350353
928.571428571429	933.333333333333	77.1980005247839	24.6	101.798000524784	DBCA	66_2	0	101.798000524784
928.571428571429	966.666666666667	81.0085029201709	24.6	105.608502920171	DBCA	66_2	140	131.231997011633
942.857142857143	666.666666666667	77.5213320121843	24.6	102.121332012184	DBCA	67_1	210	137.473189997172
942.857142857143	700	81.1580179620322	24.6	105.758017962032	DBCA	67_1	140	131.381512053494
942.857142857143	733.333333333333	80.4132121510714	24.6	105.013212151071	DBCA	67_1	280	148.037845261449
942.857142857143	766.666666666667	81.7635210733202	24.6	106.36352107332	DBCA	67_1	70	120.203062503119
942.857142857143	800	84.6717377219207	24.6	109.271737721921	DBCA	67_1	0	109.271737721921
942.857142857143	833.333333333333	83.5265884886113	24.6	108.126588488611	DBCA	67_2	210	143.478446473599
942.857142857143	866.666666666667	82.2637172044053	24.6	106.863717204405	DBCA	67_2	70	120.703258634204
942.857142857143	900	75.4678147965822	24.6	100.067814796582	DBCA	67_2	0	100.067814796582
942.857142857143	933.333333333333	77.6577152220032	24.6	102.257715222003	DBCA	67_2	140	127.881209313465
942.857142857143	966.666666666667	76.8819572915599	24.6	101.48195729156	DBCA	67_2	280	144.506590401938
957.142857142857	666.666666666667	77.0498504150303	24.6	101.64985041503	DBCA	68_1	70	115.489391844829
957.142857142857	700	78.1008294585079	24.6	102.700829458508	DBCA	68_1	140	128.32432354997
957.142857142857	733.333333333333	82.1737286700842	24.6	106.773728670084	DBCA	68_1	210	142.125586655072
957.142857142857	766.666666666667	79.3726005706663	24.6	103.972600570666	DBCA	68_1	280	146.997233681044
957.142857142857	800	83.8371727249153	24.6	108.437172724915	DBCA	68_1	0	108.437172724915
957.142857142857	833.333333333333	84.2260503941317	24.6	108.826050394132	DBCA	68_2	210	144.17790837912
957.142857142857	866.666666666667	80.5252927106363	24.6	105.125292710636	DBCA	68_2	0	105.125292710636
957.142857142857	900	78.6214653363916	24.6	103.221465336392	DBCA	68_2	280	146.246098446769
957.142857142857	933.333333333333	80.8048739140152	24.6	105.404873914015	DBCA	68_2	140	131.028368005477
957.142857142857	966.666666666667	78.6508348495506	24.6	103.250834849551	DBCA	68_2	70	117.09037627935
971.428571428571	666.666666666667	76.816796519183	24.6	101.416796519183	DBCA	69_1	210	136.768654504171
971.428571428571	700	79.236466260157	24.6	103.836466260157	DBCA	69_1	280	146.861099370535
971.428571428571	733.333333333333	76.6511592541629	24.6	101.251159254163	DBCA	69_1	70	115.090700683962
971.428571428571	766.666666666667	78.9726999642238	24.6	103.572699964224	DBCA	69_1	140	129.196194055686
971.428571428571	800	80.477483486809	24.6	105.077483486809	DBCA	69_1	0	105.077483486809
971.428571428571	833.333333333333	82.449819582368	24.6	107.049819582368	DBCA	69_2	140	132.67331367383
971.428571428571	866.666666666667	78.034557151892	24.6	102.634557151892	DBCA	69_2	70	116.474098581691
971.428571428571	900	80.1766526846252	24.6	104.776652684625	DBCA	69_2	280	147.801285795003
971.428571428571	933.333333333333	75.3845606967992	24.6	99.9845606967992	DBCA	69_2	210	135.336418681787
971.428571428571	966.666666666667	74.2501305077571	24.6	98.8501305077571	DBCA	69_2	0	98.8501305077571
85.7142857142857	666.666666666667	82.8687149169633	0	82.8687149169633	DBCA	7_1	280	102.474148027341
85.7142857142857	700	79.2403069849368	0	79.2403069849368	DBCA	7_1	0	79.2403069849368
85.7142857142857	733.333333333333	76.4213906161669	0	76.4213906161669	DBCA	7_1	140	90.3352847076287
85.7142857142857	766.666666666667	75.0958064353844	0	75.0958064353844	DBCA	7_1	70	83.0805478651834
85.7142857142857	800	76.5976179664207	0	76.5976179664207	DBCA	7_1	210	94.3850759514086
85.7142857142857	833.333333333333	80.1205988298404	0	80.1205988298404	DBCA	7_2	280	99.7260319402182
85.7142857142857	866.666666666667	79.3920681860425	0	79.3920681860425	DBCA	7_2	0	79.3920681860425
85.7142857142857	900	83.9958852555697	0	83.9958852555697	DBCA	7_2	140	97.9097793470314
85.7142857142857	933.333333333333	84.3996803295755	0	84.3996803295755	DBCA	7_2	70	92.3844217593746
85.7142857142857	966.666666666667	78.1605300203196	0	78.1605300203196	DBCA	7_2	210	95.9479880053075
985.714285714286	666.666666666667	77.1722514618774	24.6	101.772251461877	DBCA	70_1	210	137.124109446865
985.714285714286	700	75.7796091386197	24.6	100.37960913862	DBCA	70_1	140	126.003103230081
985.714285714286	733.333333333333	76.5304159899062	24.6	101.130415989906	DBCA	70_1	280	144.155049100284
985.714285714286	766.666666666667	78.4509195266475	24.6	103.050919526647	DBCA	70_1	0	103.050919526647
985.714285714286	800	80.0609190480456	24.6	104.660919048046	DBCA	70_1	70	118.500460477845
985.714285714286	833.333333333333	77.0427919826224	24.6	101.642791982622	DBCA	70_2	280	144.667425093
985.714285714286	866.666666666667	77.8589217122128	24.6	102.458921712213	DBCA	70_2	70	116.298463142012
985.714285714286	900	81.7105463556231	24.6	106.310546355623	DBCA	70_2	210	141.662404340611
985.714285714286	933.333333333333	78.0386712806594	24.6	102.638671280659	DBCA	70_2	0	102.638671280659
985.714285714286	966.666666666667	76.3297248279386	24.6	100.929724827939	DBCA	70_2	140	126.5532189194
1000	666.666666666667	78.4629146041054	24.6	103.062914604105	DBCA	71_1	70	116.902456033904
1000	700	72.5240651335551	24.6	97.1240651335551	DBCA	71_1	280	140.148698243933
1000	733.333333333333	75.9966618375785	24.6	100.596661837578	DBCA	71_1	0	100.596661837578
1000	766.666666666667	79.6214955216975	24.6	104.221495521697	DBCA	71_1	140	129.844989613159
1000	800	75.1979026842001	24.6	99.7979026842001	DBCA	71_1	210	135.149760669188
1000	833.333333333333	76.1987629087822	24.6	100.798762908782	DBCA	71_2	210	136.15062089377
1000	866.666666666667	78.6423924051335	24.6	103.242392405133	DBCA	71_2	70	117.081933834933
1000	900	83.0382136490521	24.6	107.638213649052	DBCA	71_2	280	150.66284675943
1000	933.333333333333	81.7932184942462	24.6	106.393218494246	DBCA	71_2	0	106.393218494246
1000	966.666666666667	79.4389927550011	24.6	104.038992755001	DBCA	71_2	140	129.662486846463
100	666.666666666667	80.6291094409525	0	80.6291094409525	DBCA	8_1	140	94.5430035324143
100	700	78.6504967978911	0	78.6504967978911	DBCA	8_1	280	98.2559299082688
100	733.333333333333	78.169659858249	0	78.169659858249	DBCA	8_1	70	86.1544012880481
100	766.666666666667	75.4631480164487	0	75.4631480164487	DBCA	8_1	210	93.2506060014367
100	800	76.317631136725	0	76.317631136725	DBCA	8_1	0	76.317631136725
100	833.333333333333	78.3388985289639	0	78.3388985289639	DBCA	8_2	210	96.1263565139518
100	866.666666666667	80.1433350675088	0	80.1433350675088	DBCA	8_2	140	94.0572291589706
100	900	80.1361990546267	0	80.1361990546267	DBCA	8_2	0	80.1361990546267
100	933.333333333333	85.7572267723982	0	85.7572267723982	DBCA	8_2	280	105.362659882776
100	966.666666666667	83.3544600327389	0	83.3544600327389	DBCA	8_2	70	91.339201462538
114.285714285714	666.666666666667	77.8474989233231	0	77.8474989233231	DBCA	9_1	140	91.7613930147848
114.285714285714	700	77.9158834185455	0	77.9158834185455	DBCA	9_1	0	77.9158834185455
114.285714285714	733.333333333333	79.1088918461456	0	79.1088918461456	DBCA	9_1	210	96.8963498311336
114.285714285714	766.666666666667	73.0497783752845	0	73.0497783752845	DBCA	9_1	70	81.0345198050835
114.285714285714	800	76.589245412236	0	76.589245412236	DBCA	9_1	280	96.1946785226138
114.285714285714	833.333333333333	80.0888760317171	0	80.0888760317171	DBCA	9_2	280	99.6943091420949
114.285714285714	866.666666666667	82.0936209661515	0	82.0936209661515	DBCA	9_2	140	96.0075150576132
114.285714285714	900	80.5597180436513	0	80.5597180436513	DBCA	9_2	70	88.5444594734504
114.285714285714	933.333333333333	81.3541719343396	0	81.3541719343396	DBCA	9_2	0	81.3541719343396
114.285714285714	966.666666666667	82.4056806499078	0	82.4056806499078	DBCA	9_2	210	100.193138634896
0	1000	81.3219218044621	0	81.3219218044621	DBCA	1_3	NA	NA
14.2857142857143	1000	79.5214398410611	0	79.5214398410611	DBCA	2_3	NA	NA
28.5714285714286	1000	78.4253928443273	0	78.4253928443273	DBCA	3_3	NA	NA
42.8571428571429	1000	79.6295615749543	0	79.6295615749543	DBCA	4_3	NA	NA
57.1428571428571	1000	81.5266481232141	0	81.5266481232141	DBCA	5_3	NA	NA
71.4285714285714	1000	78.9696066110145	0	78.9696066110145	DBCA	6_3	NA	NA
85.7142857142857	1000	81.3641299212106	0	81.3641299212106	DBCA	7_3	NA	NA
100	1000	79.6659426664784	0	79.6659426664784	DBCA	8_3	NA	NA
114.285714285714	1000	80.3709574228245	0	80.3709574228245	DBCA	9_3	NA	NA
128.571428571429	1000	78.6503232553287	0	78.6503232553287	DBCA	10_3	NA	NA
142.857142857143	1000	79.4124519802299	0	79.4124519802299	DBCA	11_3	NA	NA
157.142857142857	1000	79.1134060617039	0	79.1134060617039	DBCA	12_3	NA	NA
171.428571428571	1000	78.1405467311735	0	78.1405467311735	DBCA	13_3	NA	NA
185.714285714286	1000	76.4485579360903	0	76.4485579360903	DBCA	14_3	NA	NA
200	1000	79.4027967224197	0	79.4027967224197	DBCA	15_3	NA	NA
214.285714285714	1000	81.4565449295167	0	81.4565449295167	DBCA	16_3	NA	NA
228.571428571429	1000	79.8268695246981	0	79.8268695246981	DBCA	17_3	NA	NA
242.857142857143	1000	77.8741503282186	0	77.8741503282186	DBCA	18_3	NA	NA
257.142857142857	1000	76.8431386836041	0	76.8431386836041	DBCA	19_3	NA	NA
271.428571428571	1000	74.8201957693701	0	74.8201957693701	DBCA	20_3	NA	NA
285.714285714286	1000	76.7599121060907	0	76.7599121060907	DBCA	21_3	NA	NA
300	1000	79.6403553310605	0	79.6403553310605	DBCA	22_3	NA	NA
314.285714285714	1000	75.4888399629543	0	75.4888399629543	DBCA	23_3	NA	NA
328.571428571429	1000	77.3584211131063	0	77.3584211131063	DBCA	24_3	NA	NA
342.857142857143	1000	80.1384591832434	0	80.1384591832434	DBCA	25_3	NA	NA
357.142857142857	1000	76.8637831743571	0	76.8637831743571	DBCA	26_3	NA	NA
371.428571428571	1000	75.2367995613159	0	75.2367995613159	DBCA	27_3	NA	NA
385.714285714286	1000	79.4059220756004	0	79.4059220756004	DBCA	28_3	NA	NA
400	1000	74.0251547170113	0	74.0251547170113	DBCA	29_3	NA	NA
414.285714285714	1000	75.9210032474599	0	75.9210032474599	DBCA	30_3	NA	NA
428.571428571429	1000	76.6526207622876	0	76.6526207622876	DBCA	31_3	NA	NA
442.857142857143	1000	76.472018807967	0	76.472018807967	DBCA	32_3	NA	NA
457.142857142857	1000	75.6624673370028	0	75.6624673370028	DBCA	33_3	NA	NA
471.428571428571	1000	80.2730152273468	0	80.2730152273468	DBCA	34_3	NA	NA
485.714285714286	1000	82.0786039897693	0	82.0786039897693	DBCA	35_3	NA	NA
500	1000	82.8532248080286	0	82.8532248080286	DBCA	36_3	NA	NA
514.285714285714	1000	82.7176148476645	24.6	107.317614847665	DBCA	37_3	NA	NA
528.571428571429	1000	78.9063312982656	24.6	103.506331298266	DBCA	38_3	NA	NA
542.857142857143	1000	81.0135765090949	24.6	105.613576509095	DBCA	39_3	NA	NA
557.142857142857	1000	78.5120789047391	24.6	103.112078904739	DBCA	40_3	NA	NA
571.428571428571	1000	80.1692158268685	24.6	104.769215826869	DBCA	41_3	NA	NA
585.714285714286	1000	80.3213728809138	24.6	104.921372880914	DBCA	42_3	NA	NA
600	1000	81.72126447559	24.6	106.32126447559	DBCA	43_3	NA	NA
614.285714285714	1000	80.4941098935753	24.6	105.094109893575	DBCA	44_3	NA	NA
628.571428571429	1000	78.2460167492387	24.6	102.846016749239	DBCA	45_3	NA	NA
642.857142857143	1000	81.1077358290714	24.6	105.707735829071	DBCA	46_3	NA	NA
657.142857142857	1000	80.4848843800054	24.6	105.084884380005	DBCA	47_3	NA	NA
671.428571428571	1000	83.9845347370221	24.6	108.584534737022	DBCA	48_3	NA	NA
685.714285714286	1000	78.3871198794304	24.6	102.98711987943	DBCA	49_3	NA	NA
700	1000	82.9211500633001	24.6	107.5211500633	DBCA	50_3	NA	NA
714.285714285714	1000	79.3450792380711	24.6	103.945079238071	DBCA	51_3	NA	NA
728.571428571429	1000	79.1906364308499	24.6	103.79063643085	DBCA	52_3	NA	NA
742.857142857143	1000	77.395698716558	24.6	101.995698716558	DBCA	53_3	NA	NA
757.142857142857	1000	79.2147958879193	24.6	103.814795887919	DBCA	54_3	NA	NA
771.428571428571	1000	76.5964921792196	24.6	101.19649217922	DBCA	55_3	NA	NA
785.714285714286	1000	75.9036004449417	24.6	100.503600444942	DBCA	56_3	NA	NA
800	1000	75.1193314970871	24.6	99.7193314970871	DBCA	57_3	NA	NA
814.285714285714	1000	78.0539097501928	24.6	102.653909750193	DBCA	58_3	NA	NA
828.571428571429	1000	77.3623261101153	24.6	101.962326110115	DBCA	59_3	NA	NA
842.857142857143	1000	74.5841032284447	24.6	99.1841032284447	DBCA	60_3	NA	NA
857.142857142857	1000	74.5537084167296	24.6	99.1537084167296	DBCA	61_3	NA	NA
871.428571428571	1000	76.2837662477735	24.6	100.883766247774	DBCA	62_3	NA	NA
885.714285714286	1000	82.5991676735326	24.6	107.199167673533	DBCA	63_3	NA	NA
900	1000	81.0539214373387	24.6	105.653921437339	DBCA	64_3	NA	NA
914.285714285714	1000	82.5548822314088	24.6	107.154882231409	DBCA	65_3	NA	NA
928.571428571429	1000	79.9337675600852	24.6	104.533767560085	DBCA	66_3	NA	NA
942.857142857143	1000	82.2123500900911	24.6	106.812350090091	DBCA	67_3	NA	NA
957.142857142857	1000	80.7345413894722	24.6	105.334541389472	DBCA	68_3	NA	NA
971.428571428571	1000	81.2013115290445	24.6	105.801311529045	DBCA	69_3	NA	NA
985.714285714286	1000	78.6155649420176	24.6	103.215564942018	DBCA	70_3	NA	NA
1000	1000	81.8229221554272	24.6	106.422922155427	DBCA	71_3	NA	NA
