x	y	variable1	Zona	ErrorConEfecto	Disenio	Bloque	AsigTrat	MiRto
0	666.666666666667	80.1150770935148	0	80.1150770935148	DBCA	1_1	210	90.1221677951421
0	700	79.8806467013514	0	79.8806467013514	DBCA	1_1	280	85.9021811068861
0	733.333333333333	79.0731223876354	0	79.0731223876354	DBCA	1_1	70	86.0694458864953
0	766.666666666667	77.5111999389915	0	77.5111999389915	DBCA	1_1	0	77.5111999389915
0	800	84.3129018426466	0	84.3129018426466	DBCA	1_1	140	94.644922242049
0	833.333333333333	80.4318129806264	0	80.4318129806264	DBCA	1_2	70	87.4281364794863
0	866.666666666667	80.8621916167184	0	80.8621916167184	DBCA	1_2	280	86.8837260222531
0	900	80.7413134213566	0	80.7413134213566	DBCA	1_2	140	91.0733338207589
0	933.333333333333	84.3427719361413	0	84.3427719361413	DBCA	1_2	0	84.3427719361413
0	966.666666666667	80.9113743034213	0	80.9113743034213	DBCA	1_2	210	90.9184650050486
128.571428571429	666.666666666667	77.9692321730647	0	77.9692321730647	DBCA	10_1	140	88.3012525724671
128.571428571429	700	78.9171209453662	0	78.9171209453662	DBCA	10_1	280	84.9386553509009
128.571428571429	733.333333333333	80.7739822035525	0	80.7739822035525	DBCA	10_1	70	87.7703057024124
128.571428571429	766.666666666667	78.1179734188493	0	78.1179734188493	DBCA	10_1	210	88.1250641204766
128.571428571429	800	80.9692789449839	0	80.9692789449839	DBCA	10_1	0	80.9692789449839
128.571428571429	833.333333333333	82.7345442968901	0	82.7345442968901	DBCA	10_2	280	88.7560787024248
128.571428571429	866.666666666667	81.000100894882	0	81.000100894882	DBCA	10_2	210	91.0071915965093
128.571428571429	900	81.6566524263354	0	81.6566524263354	DBCA	10_2	0	81.6566524263354
128.571428571429	933.333333333333	77.7337906578948	0	77.7337906578948	DBCA	10_2	70	84.7301141567547
128.571428571429	966.666666666667	79.4222396788221	0	79.4222396788221	DBCA	10_2	140	89.7542600782245
142.857142857143	666.666666666667	78.5260194728565	0	78.5260194728565	DBCA	11_1	210	88.5331101744838
142.857142857143	700	77.4778576654495	0	77.4778576654495	DBCA	11_1	280	83.4993920709842
142.857142857143	733.333333333333	79.2342303759752	0	79.2342303759752	DBCA	11_1	0	79.2342303759752
142.857142857143	766.666666666667	77.6349259374594	0	77.6349259374594	DBCA	11_1	70	84.6312494363194
142.857142857143	800	79.2617626529289	0	79.2617626529289	DBCA	11_1	140	89.5937830523313
142.857142857143	833.333333333333	76.8624361322956	0	76.8624361322956	DBCA	11_2	140	87.194456531698
142.857142857143	866.666666666667	81.5180346678849	0	81.5180346678849	DBCA	11_2	210	91.5251253695123
142.857142857143	900	82.6431752016016	0	82.6431752016016	DBCA	11_2	280	88.6647096071363
142.857142857143	933.333333333333	78.0894904352608	0	78.0894904352608	DBCA	11_2	70	85.0858139341208
142.857142857143	966.666666666667	77.647020604204	0	77.647020604204	DBCA	11_2	0	77.647020604204
157.142857142857	666.666666666667	75.7937080166852	0	75.7937080166852	DBCA	12_1	70	82.7900315155452
157.142857142857	700	77.3895910468189	0	77.3895910468189	DBCA	12_1	140	87.7216114462213
157.142857142857	733.333333333333	78.0574193308559	0	78.0574193308559	DBCA	12_1	0	78.0574193308559
157.142857142857	766.666666666667	76.2594337908286	0	76.2594337908286	DBCA	12_1	210	86.2665244924559
157.142857142857	800	79.1254140039908	0	79.1254140039908	DBCA	12_1	280	85.1469484095255
157.142857142857	833.333333333333	81.4162398244024	0	81.4162398244024	DBCA	12_2	70	88.4125633232624
157.142857142857	866.666666666667	77.9173008396456	0	77.9173008396456	DBCA	12_2	280	83.9388352451803
157.142857142857	900	76.85244513242	0	76.85244513242	DBCA	12_2	140	87.1844655318224
157.142857142857	933.333333333333	78.540297303012	0	78.540297303012	DBCA	12_2	210	88.5473880046393
157.142857142857	966.666666666667	79.8967963766248	0	79.8967963766248	DBCA	12_2	0	79.8967963766248
171.428571428571	666.666666666667	77.3932780041779	0	77.3932780041779	DBCA	13_1	70	84.3896015030378
171.428571428571	700	78.2366552395619	0	78.2366552395619	DBCA	13_1	210	88.2437459411892
171.428571428571	733.333333333333	77.5778437047625	0	77.5778437047625	DBCA	13_1	0	77.5778437047625
171.428571428571	766.666666666667	77.0957470769044	0	77.0957470769044	DBCA	13_1	280	83.1172814824391
171.428571428571	800	73.6752015462491	0	73.6752015462491	DBCA	13_1	140	84.0072219456515
171.428571428571	833.333333333333	79.9903442208702	0	79.9903442208702	DBCA	13_2	280	86.0118786264049
171.428571428571	866.666666666667	78.7812073120083	0	78.7812073120083	DBCA	13_2	210	88.7882980136356
171.428571428571	900	79.567862666036	0	79.567862666036	DBCA	13_2	140	89.8998830654383
171.428571428571	933.333333333333	77.7148947082655	0	77.7148947082655	DBCA	13_2	70	84.7112182071255
171.428571428571	966.666666666667	77.2517486339968	0	77.2517486339968	DBCA	13_2	0	77.2517486339968
185.714285714286	666.666666666667	74.3101117189851	0	74.3101117189851	DBCA	14_1	280	80.3316461245198
185.714285714286	700	81.3901226290696	0	81.3901226290696	DBCA	14_1	210	91.3972133306969
185.714285714286	733.333333333333	81.5221760830046	0	81.5221760830046	DBCA	14_1	140	91.8541964824069
185.714285714286	766.666666666667	76.8288534917701	0	76.8288534917701	DBCA	14_1	70	83.82517699063
185.714285714286	800	73.1427824111132	0	73.1427824111132	DBCA	14_1	0	73.1427824111132
185.714285714286	833.333333333333	79.6559302095971	0	79.6559302095971	DBCA	14_2	210	89.6630209112244
185.714285714286	866.666666666667	79.1186229976967	0	79.1186229976967	DBCA	14_2	0	79.1186229976967
185.714285714286	900	78.3653430644473	0	78.3653430644473	DBCA	14_2	70	85.3616665633072
185.714285714286	933.333333333333	77.0098265590322	0	77.0098265590322	DBCA	14_2	140	87.3418469584346
185.714285714286	966.666666666667	75.6701887384726	0	75.6701887384726	DBCA	14_2	280	81.6917231440073
200	666.666666666667	74.2946967163286	0	74.2946967163286	DBCA	15_1	70	81.2910202151885
200	700	76.7371602556453	0	76.7371602556453	DBCA	15_1	280	82.75869466118
200	733.333333333333	77.9034309444272	0	77.9034309444272	DBCA	15_1	210	87.9105216460545
200	766.666666666667	74.5390315416213	0	74.5390315416213	DBCA	15_1	140	84.8710519410237
200	800	77.0454803163591	0	77.0454803163591	DBCA	15_1	0	77.0454803163591
200	833.333333333333	74.3156114138742	0	74.3156114138742	DBCA	15_2	140	84.6476318132766
200	866.666666666667	76.4983477487708	0	76.4983477487708	DBCA	15_2	280	82.5198821543055
200	900	79.6138378505828	0	79.6138378505828	DBCA	15_2	70	86.6101613494428
200	933.333333333333	79.0478801972154	0	79.0478801972154	DBCA	15_2	210	89.0549708988427
200	966.666666666667	79.076281094868	0	79.076281094868	DBCA	15_2	0	79.076281094868
214.285714285714	666.666666666667	75.3253546729934	0	75.3253546729934	DBCA	16_1	280	81.3468890785281
214.285714285714	700	76.916786959993	0	76.916786959993	DBCA	16_1	70	83.913110458853
214.285714285714	733.333333333333	75.8837699503916	0	75.8837699503916	DBCA	16_1	0	75.8837699503916
214.285714285714	766.666666666667	75.9189813599817	0	75.9189813599817	DBCA	16_1	210	85.926072061609
214.285714285714	800	77.4680098278743	0	77.4680098278743	DBCA	16_1	140	87.8000302272767
214.285714285714	833.333333333333	75.1453355280552	0	75.1453355280552	DBCA	16_2	70	82.1416590269151
214.285714285714	866.666666666667	74.7531920129465	0	74.7531920129465	DBCA	16_2	0	74.7531920129465
214.285714285714	900	82.4801547873305	0	82.4801547873305	DBCA	16_2	280	88.5016891928653
214.285714285714	933.333333333333	76.9060496088222	0	76.9060496088222	DBCA	16_2	210	86.9131403104495
214.285714285714	966.666666666667	80.1048230988293	0	80.1048230988293	DBCA	16_2	140	90.4368434982316
228.571428571429	666.666666666667	74.8227332361335	0	74.8227332361335	DBCA	17_1	210	84.8298239377608
228.571428571429	700	77.622377087875	0	77.622377087875	DBCA	17_1	280	83.6439114934097
228.571428571429	733.333333333333	78.3863900630373	0	78.3863900630373	DBCA	17_1	0	78.3863900630373
228.571428571429	766.666666666667	79.0073501492715	0	79.0073501492715	DBCA	17_1	70	86.0036736481315
228.571428571429	800	78.8155749044106	0	78.8155749044106	DBCA	17_1	140	89.147595303813
228.571428571429	833.333333333333	75.1792162831825	0	75.1792162831825	DBCA	17_2	70	82.1755397820425
228.571428571429	866.666666666667	76.2095698126646	0	76.2095698126646	DBCA	17_2	0	76.2095698126646
228.571428571429	900	77.8898226731167	0	77.8898226731167	DBCA	17_2	280	83.9113570786514
228.571428571429	933.333333333333	77.4908844889597	0	77.4908844889597	DBCA	17_2	210	87.497975190587
228.571428571429	966.666666666667	77.751314330126	0	77.751314330126	DBCA	17_2	140	88.0833347295284
242.857142857143	666.666666666667	81.076705709652	0	81.076705709652	DBCA	18_1	0	81.076705709652
242.857142857143	700	76.3374720771693	0	76.3374720771693	DBCA	18_1	140	86.6694924765717
242.857142857143	733.333333333333	77.9756032699001	0	77.9756032699001	DBCA	18_1	280	83.9971376754349
242.857142857143	766.666666666667	78.8572415655803	0	78.8572415655803	DBCA	18_1	210	88.8643322672076
242.857142857143	800	81.0344335527902	0	81.0344335527902	DBCA	18_1	70	88.0307570516502
242.857142857143	833.333333333333	80.1060177651169	0	80.1060177651169	DBCA	18_2	280	86.1275521706516
242.857142857143	866.666666666667	75.3132117672332	0	75.3132117672332	DBCA	18_2	0	75.3132117672332
242.857142857143	900	74.501218209911	0	74.501218209911	DBCA	18_2	70	81.497541708771
242.857142857143	933.333333333333	77.9672231369137	0	77.9672231369137	DBCA	18_2	210	87.974313838541
242.857142857143	966.666666666667	77.9216502780602	0	77.9216502780602	DBCA	18_2	140	88.2536706774625
257.142857142857	666.666666666667	77.1251965539149	0	77.1251965539149	DBCA	19_1	280	83.1467309594496
257.142857142857	700	77.6718508767318	0	77.6718508767318	DBCA	19_1	0	77.6718508767318
257.142857142857	733.333333333333	82.4157442916166	0	82.4157442916166	DBCA	19_1	70	89.4120677904765
257.142857142857	766.666666666667	79.4993756570051	0	79.4993756570051	DBCA	19_1	140	89.8313960564075
257.142857142857	800	76.3215265667086	0	76.3215265667086	DBCA	19_1	210	86.3286172683359
257.142857142857	833.333333333333	79.6845459546421	0	79.6845459546421	DBCA	19_2	0	79.6845459546421
257.142857142857	866.666666666667	80.1102647362651	0	80.1102647362651	DBCA	19_2	70	87.1065882351251
257.142857142857	900	75.7815903218399	0	75.7815903218399	DBCA	19_2	210	85.7886810234672
257.142857142857	933.333333333333	76.4251592512983	0	76.4251592512983	DBCA	19_2	280	82.446693656833
257.142857142857	966.666666666667	76.304577720226	0	76.304577720226	DBCA	19_2	140	86.6365981196283
14.2857142857143	666.666666666667	81.505774902684	0	81.505774902684	DBCA	2_1	210	91.5128656043113
14.2857142857143	700	81.958166182522	0	81.958166182522	DBCA	2_1	70	88.9544896813819
14.2857142857143	733.333333333333	83.4081590707772	0	83.4081590707772	DBCA	2_1	0	83.4081590707772
14.2857142857143	766.666666666667	78.2741904160541	0	78.2741904160541	DBCA	2_1	280	84.2957248215888
14.2857142857143	800	81.0195170159752	0	81.0195170159752	DBCA	2_1	140	91.3515374153776
14.2857142857143	833.333333333333	79.4160729351119	0	79.4160729351119	DBCA	2_2	0	79.4160729351119
14.2857142857143	866.666666666667	78.2386260854667	0	78.2386260854667	DBCA	2_2	280	84.2601604910014
14.2857142857143	900	85.3378882182494	0	85.3378882182494	DBCA	2_2	140	95.6699086176518
14.2857142857143	933.333333333333	81.5614264220725	0	81.5614264220725	DBCA	2_2	70	88.5577499209325
14.2857142857143	966.666666666667	83.6864126202463	0	83.6864126202463	DBCA	2_2	210	93.6935033218736
271.428571428571	666.666666666667	79.7670873095349	0	79.7670873095349	DBCA	20_1	0	79.7670873095349
271.428571428571	700	79.9889190371249	0	79.9889190371249	DBCA	20_1	210	89.9960097387522
271.428571428571	733.333333333333	77.1750160550161	0	77.1750160550161	DBCA	20_1	140	87.5070364544185
271.428571428571	766.666666666667	81.0200618718114	0	81.0200618718114	DBCA	20_1	70	88.0163853706713
271.428571428571	800	79.1991842882647	0	79.1991842882647	DBCA	20_1	280	85.2207186937994
271.428571428571	833.333333333333	81.706549664186	0	81.706549664186	DBCA	20_2	70	88.702873163046
271.428571428571	866.666666666667	82.8048402150001	0	82.8048402150001	DBCA	20_2	280	88.8263746205348
271.428571428571	900	80.6833576302929	0	80.6833576302929	DBCA	20_2	140	91.0153780296953
271.428571428571	933.333333333333	82.186694759511	0	82.186694759511	DBCA	20_2	210	92.1937854611383
271.428571428571	966.666666666667	76.4958592958126	0	76.4958592958126	DBCA	20_2	0	76.4958592958126
285.714285714286	666.666666666667	80.3578601622229	0	80.3578601622229	DBCA	21_1	280	86.3793945677577
285.714285714286	700	78.1865020241869	0	78.1865020241869	DBCA	21_1	70	85.1828255230468
285.714285714286	733.333333333333	73.3222015593072	0	73.3222015593072	DBCA	21_1	210	83.3292922609346
285.714285714286	766.666666666667	82.9871723590227	0	82.9871723590227	DBCA	21_1	140	93.319192758425
285.714285714286	800	79.6011878076631	0	79.6011878076631	DBCA	21_1	0	79.6011878076631
285.714285714286	833.333333333333	79.8047823831098	0	79.8047823831098	DBCA	21_2	0	79.8047823831098
285.714285714286	866.666666666667	82.1348259260391	0	82.1348259260391	DBCA	21_2	280	88.1563603315738
285.714285714286	900	79.9008109486121	0	79.9008109486121	DBCA	21_2	70	86.897134447472
285.714285714286	933.333333333333	78.1663518599607	0	78.1663518599607	DBCA	21_2	210	88.173442561588
285.714285714286	966.666666666667	79.1464896414552	0	79.1464896414552	DBCA	21_2	140	89.4785100408576
300	666.666666666667	83.7441557030587	0	83.7441557030587	DBCA	22_1	70	90.7404792019186
300	700	80.4721448949437	0	80.4721448949437	DBCA	22_1	210	90.479235596571
300	733.333333333333	79.1925043745129	0	79.1925043745129	DBCA	22_1	280	85.2140387800476
300	766.666666666667	82.1455564836037	0	82.1455564836037	DBCA	22_1	0	82.1455564836037
300	800	79.1565772413969	0	79.1565772413969	DBCA	22_1	140	89.4885976407993
300	833.333333333333	81.2533329799836	0	81.2533329799836	DBCA	22_2	210	91.2604236816109
300	866.666666666667	79.5010808083688	0	79.5010808083688	DBCA	22_2	140	89.8331012077712
300	900	79.7330146742153	0	79.7330146742153	DBCA	22_2	70	86.7293381730752
300	933.333333333333	80.7397598391506	0	80.7397598391506	DBCA	22_2	280	86.7612942446853
300	966.666666666667	82.1436211506025	0	82.1436211506025	DBCA	22_2	0	82.1436211506025
314.285714285714	666.666666666667	82.5188701077521	0	82.5188701077521	DBCA	23_1	210	92.5259608093794
314.285714285714	700	82.9909626308253	0	82.9909626308253	DBCA	23_1	0	82.9909626308253
314.285714285714	733.333333333333	79.2196260596437	0	79.2196260596437	DBCA	23_1	280	85.2411604651784
314.285714285714	766.666666666667	82.6702713763297	0	82.6702713763297	DBCA	23_1	140	93.0022917757321
314.285714285714	800	81.298577531977	0	81.298577531977	DBCA	23_1	70	88.294901030837
314.285714285714	833.333333333333	78.9615360511741	0	78.9615360511741	DBCA	23_2	0	78.9615360511741
314.285714285714	866.666666666667	76.7023852026515	0	76.7023852026515	DBCA	23_2	280	82.7239196081862
314.285714285714	900	79.2556007700391	0	79.2556007700391	DBCA	23_2	210	89.2626914716664
314.285714285714	933.333333333333	83.2907209590972	0	83.2907209590972	DBCA	23_2	140	93.6227413584996
314.285714285714	966.666666666667	81.5475332476204	0	81.5475332476204	DBCA	23_2	70	88.5438567464804
328.571428571429	666.666666666667	79.6183921205326	0	79.6183921205326	DBCA	24_1	280	85.6399265260673
328.571428571429	700	81.6816766148966	0	81.6816766148966	DBCA	24_1	0	81.6816766148966
328.571428571429	733.333333333333	82.1320174461378	0	82.1320174461378	DBCA	24_1	210	92.1391081477651
328.571428571429	766.666666666667	83.4505503729735	0	83.4505503729735	DBCA	24_1	140	93.7825707723758
328.571428571429	800	82.1758014645066	0	82.1758014645066	DBCA	24_1	70	89.1721249633666
328.571428571429	833.333333333333	78.7358991199536	0	78.7358991199536	DBCA	24_2	140	89.067919519356
328.571428571429	866.666666666667	74.6797969963101	0	74.6797969963101	DBCA	24_2	70	81.67612049517
328.571428571429	900	79.8209042374217	0	79.8209042374217	DBCA	24_2	280	85.8424386429564
328.571428571429	933.333333333333	84.7947382940232	0	84.7947382940232	DBCA	24_2	210	94.8018289956506
328.571428571429	966.666666666667	82.8693234942164	0	82.8693234942164	DBCA	24_2	0	82.8693234942164
342.857142857143	666.666666666667	78.0436341695394	0	78.0436341695394	DBCA	25_1	140	88.3756545689418
342.857142857143	700	77.8147347375343	0	77.8147347375343	DBCA	25_1	210	87.8218254391616
342.857142857143	733.333333333333	78.6865273260823	0	78.6865273260823	DBCA	25_1	0	78.6865273260823
342.857142857143	766.666666666667	82.5717741032103	0	82.5717741032103	DBCA	25_1	70	89.5680976020703
342.857142857143	800	80.0733322894378	0	80.0733322894378	DBCA	25_1	280	86.0948666949725
342.857142857143	833.333333333333	77.9659580964677	0	77.9659580964677	DBCA	25_2	210	87.973048798095
342.857142857143	866.666666666667	69.4597674506947	0	69.4597674506947	DBCA	25_2	70	76.4560909495547
342.857142857143	900	79.3245240946564	0	79.3245240946564	DBCA	25_2	0	79.3245240946564
342.857142857143	933.333333333333	82.2273805148873	0	82.2273805148873	DBCA	25_2	140	92.5594009142897
342.857142857143	966.666666666667	82.1271422268548	0	82.1271422268548	DBCA	25_2	280	88.1486766323895
357.142857142857	666.666666666667	83.1642563580598	0	83.1642563580598	DBCA	26_1	280	89.1857907635945
357.142857142857	700	84.1115804293376	0	84.1115804293376	DBCA	26_1	140	94.4436008287399
357.142857142857	733.333333333333	80.5699796125248	0	80.5699796125248	DBCA	26_1	0	80.5699796125248
357.142857142857	766.666666666667	80.935702417101	0	80.935702417101	DBCA	26_1	210	90.9427931187283
357.142857142857	800	80.8169591272583	0	80.8169591272583	DBCA	26_1	70	87.8132826261183
357.142857142857	833.333333333333	81.5869076963077	0	81.5869076963077	DBCA	26_2	140	91.9189280957101
357.142857142857	866.666666666667	75.4762523287495	0	75.4762523287495	DBCA	26_2	0	75.4762523287495
357.142857142857	900	78.8535437964248	0	78.8535437964248	DBCA	26_2	210	88.8606344980521
357.142857142857	933.333333333333	82.6299266479209	0	82.6299266479209	DBCA	26_2	70	89.6262501467808
357.142857142857	966.666666666667	80.2360132378256	0	80.2360132378256	DBCA	26_2	280	86.2575476433603
371.428571428571	666.666666666667	84.6843952258462	0	84.6843952258462	DBCA	27_1	70	91.6807187247062
371.428571428571	700	81.9261959909853	0	81.9261959909853	DBCA	27_1	280	87.9477303965201
371.428571428571	733.333333333333	80.0039041453765	0	80.0039041453765	DBCA	27_1	210	90.0109948470038
371.428571428571	766.666666666667	86.2521620166636	0	86.2521620166636	DBCA	27_1	0	86.2521620166636
371.428571428571	800	80.1549879127651	0	80.1549879127651	DBCA	27_1	140	90.4870083121675
371.428571428571	833.333333333333	79.4532839980698	0	79.4532839980698	DBCA	27_2	0	79.4532839980698
371.428571428571	866.666666666667	78.3129755229456	0	78.3129755229456	DBCA	27_2	210	88.320066224573
371.428571428571	900	76.5168754964439	0	76.5168754964439	DBCA	27_2	280	82.5384099019786
371.428571428571	933.333333333333	76.1164025133088	0	76.1164025133088	DBCA	27_2	70	83.1127260121687
371.428571428571	966.666666666667	80.2506820467332	0	80.2506820467332	DBCA	27_2	140	90.5827024461356
385.714285714286	666.666666666667	84.9246031402363	0	84.9246031402363	DBCA	28_1	210	94.9316938418636
385.714285714286	700	84.2581394185277	0	84.2581394185277	DBCA	28_1	280	90.2796738240624
385.714285714286	733.333333333333	83.771927294898	0	83.771927294898	DBCA	28_1	0	83.771927294898
385.714285714286	766.666666666667	85.6962942773182	0	85.6962942773182	DBCA	28_1	140	96.0283146767206
385.714285714286	800	78.0735603967534	0	78.0735603967534	DBCA	28_1	70	85.0698838956133
385.714285714286	833.333333333333	80.146611049096	0	80.146611049096	DBCA	28_2	140	90.4786314484984
385.714285714286	866.666666666667	79.6418549498104	0	79.6418549498104	DBCA	28_2	70	86.6381784486703
385.714285714286	900	75.8044627607229	0	75.8044627607229	DBCA	28_2	210	85.8115534623502
385.714285714286	933.333333333333	75.4759923375472	0	75.4759923375472	DBCA	28_2	0	75.4759923375472
385.714285714286	966.666666666667	78.3983010552528	0	78.3983010552528	DBCA	28_2	280	84.4198354607875
400	666.666666666667	85.8766545796624	0	85.8766545796624	DBCA	29_1	140	96.2086749790648
400	700	86.6660830588416	0	86.6660830588416	DBCA	29_1	280	92.6876174643763
400	733.333333333333	86.3889506323054	0	86.3889506323054	DBCA	29_1	0	86.3889506323054
400	766.666666666667	82.0497965299451	0	82.0497965299451	DBCA	29_1	70	89.0461200288051
400	800	78.6954330278635	0	78.6954330278635	DBCA	29_1	210	88.7025237294908
400	833.333333333333	79.8438782002503	0	79.8438782002503	DBCA	29_2	210	89.8509689018776
400	866.666666666667	81.4309363820699	0	81.4309363820699	DBCA	29_2	0	81.4309363820699
400	900	78.7571391239298	0	78.7571391239298	DBCA	29_2	280	84.7786735294646
400	933.333333333333	76.5430159283379	0	76.5430159283379	DBCA	29_2	70	83.5393394271979
400	966.666666666667	80.4927791114413	0	80.4927791114413	DBCA	29_2	140	90.8247995108437
28.5714285714286	666.666666666667	81.9871208565988	0	81.9871208565988	DBCA	3_1	140	92.3191412560012
28.5714285714286	700	83.0465130898743	0	83.0465130898743	DBCA	3_1	210	93.0536037915016
28.5714285714286	733.333333333333	83.4614669751088	0	83.4614669751088	DBCA	3_1	0	83.4614669751088
28.5714285714286	766.666666666667	79.6546074810862	0	79.6546074810862	DBCA	3_1	280	85.6761418866209
28.5714285714286	800	81.4154002757621	0	81.4154002757621	DBCA	3_1	70	88.4117237746221
28.5714285714286	833.333333333333	83.0951210252841	0	83.0951210252841	DBCA	3_2	280	89.1166554308188
28.5714285714286	866.666666666667	80.9900483273708	0	80.9900483273708	DBCA	3_2	0	80.9900483273708
28.5714285714286	900	82.6561254314931	0	82.6561254314931	DBCA	3_2	210	92.6632161331204
28.5714285714286	933.333333333333	82.9893155179281	0	82.9893155179281	DBCA	3_2	70	89.9856390167881
28.5714285714286	966.666666666667	83.7749166005664	0	83.7749166005664	DBCA	3_2	140	94.1069369999688
414.285714285714	666.666666666667	84.7069823994364	0	84.7069823994364	DBCA	30_1	280	90.7285168049711
414.285714285714	700	87.6992752957051	0	87.6992752957051	DBCA	30_1	0	87.6992752957051
414.285714285714	733.333333333333	85.3739248619629	0	85.3739248619629	DBCA	30_1	210	95.3810155635902
414.285714285714	766.666666666667	83.7940634019865	0	83.7940634019865	DBCA	30_1	140	94.1260838013889
414.285714285714	800	76.3313378712485	0	76.3313378712485	DBCA	30_1	70	83.3276613701084
414.285714285714	833.333333333333	80.8464964040786	0	80.8464964040786	DBCA	30_2	0	80.8464964040786
414.285714285714	866.666666666667	82.0879241459658	0	82.0879241459658	DBCA	30_2	140	92.4199445453682
414.285714285714	900	80.2941195964905	0	80.2941195964905	DBCA	30_2	70	87.2904430953505
414.285714285714	933.333333333333	78.6013678389504	0	78.6013678389504	DBCA	30_2	210	88.6084585405777
414.285714285714	966.666666666667	81.9710810842917	0	81.9710810842917	DBCA	30_2	280	87.9926154898264
428.571428571429	666.666666666667	84.4438494718421	0	84.4438494718421	DBCA	31_1	70	91.4401729707021
428.571428571429	700	90.6590322447594	0	90.6590322447594	DBCA	31_1	0	90.6590322447594
428.571428571429	733.333333333333	86.7033151143865	0	86.7033151143865	DBCA	31_1	210	96.7104058160138
428.571428571429	766.666666666667	86.254252795016	0	86.254252795016	DBCA	31_1	280	92.2757872005507
428.571428571429	800	81.2360579348462	0	81.2360579348462	DBCA	31_1	140	91.5680783342485
428.571428571429	833.333333333333	78.5142655856379	0	78.5142655856379	DBCA	31_2	70	85.5105890844979
428.571428571429	866.666666666667	84.1571760436699	0	84.1571760436699	DBCA	31_2	140	94.4891964430722
428.571428571429	900	78.2595732679821	0	78.2595732679821	DBCA	31_2	210	88.2666639696094
428.571428571429	933.333333333333	76.6494255632077	0	76.6494255632077	DBCA	31_2	280	82.6709599687424
428.571428571429	966.666666666667	80.9425603451273	0	80.9425603451273	DBCA	31_2	0	80.9425603451273
442.857142857143	666.666666666667	87.2312575850265	0	87.2312575850265	DBCA	32_1	0	87.2312575850265
442.857142857143	700	91.0171063169818	0	91.0171063169818	DBCA	32_1	140	101.349126716384
442.857142857143	733.333333333333	87.2382805719543	0	87.2382805719543	DBCA	32_1	210	97.2453712735816
442.857142857143	766.666666666667	85.8634474810556	0	85.8634474810556	DBCA	32_1	280	91.8849818865903
442.857142857143	800	81.478440012253	0	81.478440012253	DBCA	32_1	70	88.4747635111129
442.857142857143	833.333333333333	84.9825700741066	0	84.9825700741066	DBCA	32_2	280	91.0041044796413
442.857142857143	866.666666666667	84.1763923726137	0	84.1763923726137	DBCA	32_2	210	94.183483074241
442.857142857143	900	81.2880987145324	0	81.2880987145324	DBCA	32_2	140	91.6201191139348
442.857142857143	933.333333333333	74.9820627346563	0	74.9820627346563	DBCA	32_2	0	74.9820627346563
442.857142857143	966.666666666667	79.9821670772323	0	79.9821670772323	DBCA	32_2	70	86.9784905760922
457.142857142857	666.666666666667	90.8561760551437	0	90.8561760551437	DBCA	33_1	210	100.863266756771
457.142857142857	700	88.5420999795079	0	88.5420999795079	DBCA	33_1	70	95.5384234783679
457.142857142857	733.333333333333	87.4701138223069	0	87.4701138223069	DBCA	33_1	280	93.4916482278416
457.142857142857	766.666666666667	85.9261215060397	0	85.9261215060397	DBCA	33_1	0	85.9261215060397
457.142857142857	800	86.704134697105	0	86.704134697105	DBCA	33_1	140	97.0361550965074
457.142857142857	833.333333333333	84.4322422387672	0	84.4322422387672	DBCA	33_2	0	84.4322422387672
457.142857142857	866.666666666667	85.5227612995934	0	85.5227612995934	DBCA	33_2	70	92.5190847984534
457.142857142857	900	83.5427050054516	0	83.5427050054516	DBCA	33_2	140	93.874725404854
457.142857142857	933.333333333333	77.6677175167476	0	77.6677175167476	DBCA	33_2	280	83.6892519222823
457.142857142857	966.666666666667	80.3254115769263	0	80.3254115769263	DBCA	33_2	210	90.3325022785536
471.428571428571	666.666666666667	90.8397118355307	0	90.8397118355307	DBCA	34_1	210	100.846802537158
471.428571428571	700	83.991973984089	0	83.991973984089	DBCA	34_1	70	90.988297482949
471.428571428571	733.333333333333	84.506714394454	0	84.506714394454	DBCA	34_1	140	94.8387347938563
471.428571428571	766.666666666667	85.5633376793775	0	85.5633376793775	DBCA	34_1	280	91.5848720849121
471.428571428571	800	85.7292294710552	0	85.7292294710552	DBCA	34_1	0	85.7292294710552
471.428571428571	833.333333333333	83.601714337289	0	83.601714337289	DBCA	34_2	70	90.5980378361489
471.428571428571	866.666666666667	80.8627699078933	0	80.8627699078933	DBCA	34_2	0	80.8627699078933
471.428571428571	900	77.9040197222549	0	77.9040197222549	DBCA	34_2	210	87.9111104238822
471.428571428571	933.333333333333	78.8624259730177	0	78.8624259730177	DBCA	34_2	140	89.19444637242
471.428571428571	966.666666666667	78.478033766394	0	78.478033766394	DBCA	34_2	280	84.4995681719287
485.714285714286	666.666666666667	88.5892385699024	0	88.5892385699024	DBCA	35_1	140	98.9212589693048
485.714285714286	700	83.1328746600024	0	83.1328746600024	DBCA	35_1	280	89.1544090655371
485.714285714286	733.333333333333	82.0476944344759	0	82.0476944344759	DBCA	35_1	0	82.0476944344759
485.714285714286	766.666666666667	86.823859208356	0	86.823859208356	DBCA	35_1	70	93.8201827072159
485.714285714286	800	83.0610000157387	0	83.0610000157387	DBCA	35_1	210	93.068090717366
485.714285714286	833.333333333333	84.6834823635654	0	84.6834823635654	DBCA	35_2	280	90.7050167691001
485.714285714286	866.666666666667	82.5474238199307	0	82.5474238199307	DBCA	35_2	70	89.5437473187907
485.714285714286	900	79.9807898714597	0	79.9807898714597	DBCA	35_2	0	79.9807898714597
485.714285714286	933.333333333333	76.2525122520947	0	76.2525122520947	DBCA	35_2	140	86.5845326514971
485.714285714286	966.666666666667	77.8013148796394	0	77.8013148796394	DBCA	35_2	210	87.8084055812667
500	666.666666666667	84.7993967941395	0	84.7993967941395	DBCA	36_1	0	84.7993967941395
500	700	83.3051910913669	0	83.3051910913669	DBCA	36_1	140	93.6372114907692
500	733.333333333333	82.8606473950544	0	82.8606473950544	DBCA	36_1	70	89.8569708939143
500	766.666666666667	82.5021281229081	0	82.5021281229081	DBCA	36_1	210	92.5092188245355
500	800	81.1448456236836	0	81.1448456236836	DBCA	36_1	280	87.1663800292183
500	833.333333333333	83.2455901073747	0	83.2455901073747	DBCA	36_2	70	90.2419136062346
500	866.666666666667	86.5627530605502	0	86.5627530605502	DBCA	36_2	280	92.584287466085
500	900	81.8991623102814	0	81.8991623102814	DBCA	36_2	0	81.8991623102814
500	933.333333333333	78.4279643133002	0	78.4279643133002	DBCA	36_2	140	88.7599847127026
500	966.666666666667	77.2327061824073	0	77.2327061824073	DBCA	36_2	210	87.2397968840346
514.285714285714	666.666666666667	82.9642475211478	24.6	107.564247521148	DBCA	37_1	70	120.415371020008
514.285714285714	700	84.0492938542497	24.6	108.64929385425	DBCA	37_1	280	138.090028259784
514.285714285714	733.333333333333	85.2058014616705	24.6	109.805801461671	DBCA	37_1	210	137.377292163298
514.285714285714	766.666666666667	84.0952626164109	24.6	108.695262616411	DBCA	37_1	140	130.736883015813
514.285714285714	800	83.3484695487784	24.6	107.948469548778	DBCA	37_1	0	107.948469548778
514.285714285714	833.333333333333	83.1005109532136	24.6	107.700510953214	DBCA	37_2	0	107.700510953214
514.285714285714	866.666666666667	82.4237398300829	24.6	107.023739830083	DBCA	37_2	140	129.065360229485
514.285714285714	900	82.046677551748	24.6	106.646677551748	DBCA	37_2	70	119.497801050608
514.285714285714	933.333333333333	79.3132211417435	24.6	103.913221141744	DBCA	37_2	280	133.353955547278
514.285714285714	966.666666666667	79.9943398489162	24.6	104.594339848916	DBCA	37_2	210	132.165830550544
528.571428571429	666.666666666667	82.4913426797386	24.6	107.091342679739	DBCA	38_1	210	134.662833381366
528.571428571429	700	82.9037613674552	24.6	107.503761367455	DBCA	38_1	140	129.545381766858
528.571428571429	733.333333333333	81.9482823618216	24.6	106.548282361822	DBCA	38_1	70	119.399405860682
528.571428571429	766.666666666667	82.7615184225523	24.6	107.361518422552	DBCA	38_1	280	136.802252828087
528.571428571429	800	81.5907615779683	24.6	106.190761577968	DBCA	38_1	0	106.190761577968
528.571428571429	833.333333333333	81.3175827919801	24.6	105.91758279198	DBCA	38_2	210	133.489073493607
528.571428571429	866.666666666667	81.5783972551422	24.6	106.178397255142	DBCA	38_2	140	128.220017654545
528.571428571429	900	84.3009130250982	24.6	108.900913025098	DBCA	38_2	70	121.752036523958
528.571428571429	933.333333333333	78.4771761743845	24.6	103.077176174385	DBCA	38_2	280	132.517910579919
528.571428571429	966.666666666667	80.268857397664	24.6	104.868857397664	DBCA	38_2	0	104.868857397664
542.857142857143	666.666666666667	83.5941489788301	24.6	108.19414897883	DBCA	39_1	210	135.765639680457
542.857142857143	700	82.6003136044578	24.6	107.200313604458	DBCA	39_1	140	129.24193400386
542.857142857143	733.333333333333	84.6515496775924	24.6	109.251549677592	DBCA	39_1	280	138.692284083127
542.857142857143	766.666666666667	81.598626254614	24.6	106.198626254614	DBCA	39_1	0	106.198626254614
542.857142857143	800	83.9377115152372	24.6	108.537711515237	DBCA	39_1	70	121.388835014097
542.857142857143	833.333333333333	82.6848887732916	24.6	107.284888773292	DBCA	39_2	280	136.725623178826
542.857142857143	866.666666666667	82.9392902865768	24.6	107.539290286577	DBCA	39_2	140	129.580910685979
542.857142857143	900	82.8303297216683	24.6	107.430329721668	DBCA	39_2	0	107.430329721668
542.857142857143	933.333333333333	79.8059694452578	24.6	104.405969445258	DBCA	39_2	70	117.257092944118
542.857142857143	966.666666666667	82.8847275273096	24.6	107.48472752731	DBCA	39_2	210	135.056218228937
42.8571428571429	666.666666666667	79.8953088284137	0	79.8953088284137	DBCA	4_1	0	79.8953088284137
42.8571428571429	700	81.7647451262669	0	81.7647451262669	DBCA	4_1	140	92.0967655256693
42.8571428571429	733.333333333333	78.5494513938535	0	78.5494513938535	DBCA	4_1	70	85.5457748927134
42.8571428571429	766.666666666667	81.0206311173956	0	81.0206311173956	DBCA	4_1	280	87.0421655229303
42.8571428571429	800	80.8432437622167	0	80.8432437622167	DBCA	4_1	210	90.850334463844
42.8571428571429	833.333333333333	78.5186706895148	0	78.5186706895148	DBCA	4_2	70	85.5149941883747
42.8571428571429	866.666666666667	80.5736573294341	0	80.5736573294341	DBCA	4_2	140	90.9056777288365
42.8571428571429	900	83.0135428723242	0	83.0135428723242	DBCA	4_2	280	89.0350772778589
42.8571428571429	933.333333333333	83.453371245865	0	83.453371245865	DBCA	4_2	210	93.4604619474923
42.8571428571429	966.666666666667	82.0779151448861	0	82.0779151448861	DBCA	4_2	0	82.0779151448861
557.142857142857	666.666666666667	82.3876488711523	24.6	106.987648871152	DBCA	40_1	70	119.838772370012
557.142857142857	700	79.9701947480393	24.6	104.570194748039	DBCA	40_1	280	134.010929153574
557.142857142857	733.333333333333	80.8624483299903	24.6	105.46244832999	DBCA	40_1	210	133.033939031618
557.142857142857	766.666666666667	82.2093985246191	24.6	106.809398524619	DBCA	40_1	0	106.809398524619
557.142857142857	800	82.9025293604375	24.6	107.502529360437	DBCA	40_1	140	129.54414975984
557.142857142857	833.333333333333	80.7417038895807	24.6	105.341703889581	DBCA	40_2	0	105.341703889581
557.142857142857	866.666666666667	82.4634022028571	24.6	107.063402202857	DBCA	40_2	140	129.105022602259
557.142857142857	900	79.7371546798815	24.6	104.337154679881	DBCA	40_2	210	131.908645381509
557.142857142857	933.333333333333	79.1533714780828	24.6	103.753371478083	DBCA	40_2	280	133.194105883617
557.142857142857	966.666666666667	80.8087837785522	24.6	105.408783778552	DBCA	40_2	70	118.259907277412
571.428571428571	666.666666666667	79.3877594210219	24.6	103.987759421022	DBCA	41_1	70	116.838882919882
571.428571428571	700	80.1017059268269	24.6	104.701705926827	DBCA	41_1	210	132.273196628454
571.428571428571	733.333333333333	80.1160496396889	24.6	104.716049639689	DBCA	41_1	280	134.156784045224
571.428571428571	766.666666666667	79.9814740212583	24.6	104.581474021258	DBCA	41_1	140	126.623094420661
571.428571428571	800	78.6987766601422	24.6	103.298776660142	DBCA	41_1	0	103.298776660142
571.428571428571	833.333333333333	80.0259879269616	24.6	104.625987926962	DBCA	41_2	70	117.477111425822
571.428571428571	866.666666666667	82.9876894974745	24.6	107.587689497474	DBCA	41_2	140	129.629309896877
571.428571428571	900	79.7631310764992	24.6	104.363131076499	DBCA	41_2	0	104.363131076499
571.428571428571	933.333333333333	80.5840952962271	24.6	105.184095296227	DBCA	41_2	280	134.624829701762
571.428571428571	966.666666666667	78.8007314317475	24.6	103.400731431748	DBCA	41_2	210	130.972222133375
585.714285714286	666.666666666667	80.0627492549638	24.6	104.662749254964	DBCA	42_1	70	117.513872753824
585.714285714286	700	76.0004549514855	24.6	100.600454951485	DBCA	42_1	280	130.04118935702
585.714285714286	733.333333333333	78.2517225903392	24.6	102.851722590339	DBCA	42_1	0	102.851722590339
585.714285714286	766.666666666667	82.5661379305462	24.6	107.166137930546	DBCA	42_1	140	129.207758329949
585.714285714286	800	76.4309691527262	24.6	101.030969152726	DBCA	42_1	210	128.602459854354
585.714285714286	833.333333333333	78.7309224255992	24.6	103.330922425599	DBCA	42_2	70	116.182045924459
585.714285714286	866.666666666667	77.4614785567566	24.6	102.061478556757	DBCA	42_2	0	102.061478556757
585.714285714286	900	79.0762224780115	24.6	103.676222478011	DBCA	42_2	210	131.247713179639
585.714285714286	933.333333333333	77.4204424795546	24.6	102.020442479555	DBCA	42_2	280	131.461176885089
585.714285714286	966.666666666667	79.4545470040182	24.6	104.054547004018	DBCA	42_2	140	126.096167403421
600	666.666666666667	80.6751950152464	24.6	105.275195015246	DBCA	43_1	0	105.275195015246
600	700	78.4315489408387	24.6	103.031548940839	DBCA	43_1	210	130.603039642466
600	733.333333333333	79.545181592548	24.6	104.145181592548	DBCA	43_1	140	126.18680199195
600	766.666666666667	79.5336587307795	24.6	104.13365873078	DBCA	43_1	280	133.574393136314
600	800	77.2907517948656	24.6	101.890751794866	DBCA	43_1	70	114.741875293726
600	833.333333333333	77.5551459307539	24.6	102.155145930754	DBCA	43_2	140	124.196766330156
600	866.666666666667	77.7765256059819	24.6	102.376525605982	DBCA	43_2	0	102.376525605982
600	900	82.4132447880291	24.6	107.013244788029	DBCA	43_2	210	134.584735489656
600	933.333333333333	77.5257090022593	24.6	102.125709002259	DBCA	43_2	70	114.976832501119
600	966.666666666667	79.4517509982366	24.6	104.051750998237	DBCA	43_2	280	133.492485403771
614.285714285714	666.666666666667	80.6483504076305	24.6	105.248350407631	DBCA	44_1	280	134.689084813165
614.285714285714	700	78.0088022911305	24.6	102.60880229113	DBCA	44_1	210	130.180292992758
614.285714285714	733.333333333333	74.9897808860384	24.6	99.5897808860384	DBCA	44_1	70	112.440904384898
614.285714285714	766.666666666667	79.9849649822848	24.6	104.584964982285	DBCA	44_1	140	126.626585381687
614.285714285714	800	78.739816081047	24.6	103.339816081047	DBCA	44_1	0	103.339816081047
614.285714285714	833.333333333333	74.6635874101002	24.6	99.2635874101002	DBCA	44_2	140	121.305207809503
614.285714285714	866.666666666667	78.2898235713671	24.6	102.889823571367	DBCA	44_2	0	102.889823571367
614.285714285714	900	81.3803639960061	24.6	105.980363996006	DBCA	44_2	210	133.551854697633
614.285714285714	933.333333333333	79.9037316667026	24.6	104.503731666703	DBCA	44_2	280	133.944466072237
614.285714285714	966.666666666667	78.0237456221191	24.6	102.623745622119	DBCA	44_2	70	115.474869120979
628.571428571429	666.666666666667	79.2980126746111	24.6	103.898012674611	DBCA	45_1	210	131.469503376238
628.571428571429	700	74.1378036142266	24.6	98.7378036142266	DBCA	45_1	140	120.779424013629
628.571428571429	733.333333333333	77.0494117075409	24.6	101.649411707541	DBCA	45_1	0	101.649411707541
628.571428571429	766.666666666667	81.0275201639876	24.6	105.627520163988	DBCA	45_1	280	135.068254569522
628.571428571429	800	80.6720152446638	24.6	105.272015244664	DBCA	45_1	70	118.123138743524
628.571428571429	833.333333333333	78.7082419975855	24.6	103.308241997585	DBCA	45_2	0	103.308241997585
628.571428571429	866.666666666667	79.0102969603802	24.6	103.61029696038	DBCA	45_2	140	125.651917359783
628.571428571429	900	79.9596280094232	24.6	104.559628009423	DBCA	45_2	210	132.13111871105
628.571428571429	933.333333333333	79.170791207795	24.6	103.770791207795	DBCA	45_2	280	133.21152561333
628.571428571429	966.666666666667	82.5100522825665	24.6	107.110052282566	DBCA	45_2	70	119.961175781426
642.857142857143	666.666666666667	78.2870389307924	24.6	102.887038930792	DBCA	46_1	280	132.327773336327
642.857142857143	700	76.9551010402272	24.6	101.555101040227	DBCA	46_1	140	123.59672143963
642.857142857143	733.333333333333	80.6211458747363	24.6	105.221145874736	DBCA	46_1	70	118.072269373596
642.857142857143	766.666666666667	80.6636260997655	24.6	105.263626099765	DBCA	46_1	210	132.835116801393
642.857142857143	800	80.9792452325928	24.6	105.579245232593	DBCA	46_1	0	105.579245232593
642.857142857143	833.333333333333	76.4705498239522	24.6	101.070549823952	DBCA	46_2	210	128.642040525579
642.857142857143	866.666666666667	77.0451898552783	24.6	101.645189855278	DBCA	46_2	140	123.686810254681
642.857142857143	900	81.0413045127415	24.6	105.641304512741	DBCA	46_2	0	105.641304512741
642.857142857143	933.333333333333	78.4352348376751	24.6	103.035234837675	DBCA	46_2	280	132.47596924321
642.857142857143	966.666666666667	81.2898024747672	24.6	105.889802474767	DBCA	46_2	70	118.740925973627
657.142857142857	666.666666666667	78.334843605385	24.6	102.934843605385	DBCA	47_1	140	124.976464004787
657.142857142857	700	78.8051403547448	24.6	103.405140354745	DBCA	47_1	210	130.976631056372
657.142857142857	733.333333333333	81.8440162283887	24.6	106.444016228389	DBCA	47_1	280	135.884750633923
657.142857142857	766.666666666667	80.734838560378	24.6	105.334838560378	DBCA	47_1	70	118.185962059238
657.142857142857	800	81.7904843611864	24.6	106.390484361186	DBCA	47_1	0	106.390484361186
657.142857142857	833.333333333333	81.1878434132204	24.6	105.78784341322	DBCA	47_2	0	105.78784341322
657.142857142857	866.666666666667	77.739831151784	24.6	102.339831151784	DBCA	47_2	280	131.780565557319
657.142857142857	900	80.8706282793078	24.6	105.470628279308	DBCA	47_2	140	127.51224867871
657.142857142857	933.333333333333	82.9946304035617	24.6	107.594630403562	DBCA	47_2	210	135.166121105189
657.142857142857	966.666666666667	83.1508739675696	24.6	107.75087396757	DBCA	47_2	70	120.60199746643
671.428571428571	666.666666666667	82.4797754327797	24.6	107.07977543278	DBCA	48_1	280	136.520509838314
671.428571428571	700	78.9490246020735	24.6	103.549024602074	DBCA	48_1	0	103.549024602074
671.428571428571	733.333333333333	82.1791809122615	24.6	106.779180912262	DBCA	48_1	210	134.350671613889
671.428571428571	766.666666666667	77.2138946741754	24.6	101.813894674175	DBCA	48_1	140	123.855515073578
671.428571428571	800	78.9878464053345	24.6	103.587846405334	DBCA	48_1	70	116.438969904194
671.428571428571	833.333333333333	83.4327316260664	24.6	108.032731626066	DBCA	48_2	70	120.883855124926
671.428571428571	866.666666666667	77.5552143375154	24.6	102.155214337515	DBCA	48_2	280	131.59594874305
671.428571428571	900	78.8995268381756	24.6	103.499526838176	DBCA	48_2	140	125.541147237578
671.428571428571	933.333333333333	83.7589169051935	24.6	108.358916905193	DBCA	48_2	210	135.930407606821
671.428571428571	966.666666666667	80.4215411390456	24.6	105.021541139046	DBCA	48_2	0	105.021541139046
685.714285714286	666.666666666667	80.6819067555566	24.6	105.281906755557	DBCA	49_1	70	118.133030254416
685.714285714286	700	79.7106318833165	24.6	104.310631883317	DBCA	49_1	0	104.310631883317
685.714285714286	733.333333333333	84.7735168307545	24.6	109.373516830754	DBCA	49_1	210	136.945007532382
685.714285714286	766.666666666667	79.6131423092635	24.6	104.213142309263	DBCA	49_1	280	133.653876714798
685.714285714286	800	77.061880224336	24.6	101.661880224336	DBCA	49_1	140	123.703500623738
685.714285714286	833.333333333333	79.0489456349654	24.6	103.648945634965	DBCA	49_2	70	116.500069133825
685.714285714286	866.666666666667	81.0388975938941	24.6	105.638897593894	DBCA	49_2	140	127.680517993296
685.714285714286	900	82.9700069850325	24.6	107.570006985032	DBCA	49_2	0	107.570006985032
685.714285714286	933.333333333333	82.5067833172986	24.6	107.106783317299	DBCA	49_2	210	134.678274018926
685.714285714286	966.666666666667	77.0188097273474	24.6	101.618809727347	DBCA	49_2	280	131.059544132882
57.1428571428571	666.666666666667	83.0054067764578	0	83.0054067764578	DBCA	5_1	210	93.0124974780851
57.1428571428571	700	81.3779051208099	0	81.3779051208099	DBCA	5_1	140	91.7099255202122
57.1428571428571	733.333333333333	83.1865714869835	0	83.1865714869835	DBCA	5_1	280	89.2081058925182
57.1428571428571	766.666666666667	76.1985374204562	0	76.1985374204562	DBCA	5_1	70	83.1948609193162
57.1428571428571	800	80.3606473593804	0	80.3606473593804	DBCA	5_1	0	80.3606473593804
57.1428571428571	833.333333333333	78.4510804234786	0	78.4510804234786	DBCA	5_2	280	84.4726148290133
57.1428571428571	866.666666666667	81.4332163764752	0	81.4332163764752	DBCA	5_2	210	91.4403070781025
57.1428571428571	900	80.1709289866932	0	80.1709289866932	DBCA	5_2	70	87.1672524855531
57.1428571428571	933.333333333333	81.5983242366072	0	81.5983242366072	DBCA	5_2	0	81.5983242366072
57.1428571428571	966.666666666667	81.253142898114	0	81.253142898114	DBCA	5_2	140	91.5851632975164
700	666.666666666667	77.6318607926402	24.6	102.23186079264	DBCA	50_1	140	124.273481192043
700	700	78.3112776946378	24.6	102.911277694638	DBCA	50_1	210	130.482768396265
700	733.333333333333	81.8339879871803	24.6	106.43398798718	DBCA	50_1	0	106.43398798718
700	766.666666666667	80.1575473825008	24.6	104.757547382501	DBCA	50_1	70	117.608670881361
700	800	82.8331144793581	24.6	107.433114479358	DBCA	50_1	280	136.873848884893
700	833.333333333333	81.4856539963095	24.6	106.08565399631	DBCA	50_2	140	128.127274395712
700	866.666666666667	81.0590071008194	24.6	105.659007100819	DBCA	50_2	210	133.230497802447
700	900	83.9791650352409	24.6	108.579165035241	DBCA	50_2	70	121.430288534101
700	933.333333333333	83.8048937615572	24.6	108.404893761557	DBCA	50_2	280	137.845628167092
700	966.666666666667	78.6954452530733	24.6	103.295445253073	DBCA	50_2	0	103.295445253073
714.285714285714	666.666666666667	79.8653830687959	24.6	104.465383068796	DBCA	51_1	140	126.507003468198
714.285714285714	700	77.0667243896706	24.6	101.666724389671	DBCA	51_1	0	101.666724389671
714.285714285714	733.333333333333	84.9443306123906	24.6	109.544330612391	DBCA	51_1	70	122.395454111251
714.285714285714	766.666666666667	78.9819438356343	24.6	103.581943835634	DBCA	51_1	210	131.153434537262
714.285714285714	800	85.9130064403484	24.6	110.513006440348	DBCA	51_1	280	139.953740845883
714.285714285714	833.333333333333	82.7632993036642	24.6	107.363299303664	DBCA	51_2	210	134.934790005292
714.285714285714	866.666666666667	75.5799408330041	24.6	100.179940833004	DBCA	51_2	140	122.221561232406
714.285714285714	900	83.3759995133459	24.6	107.975999513346	DBCA	51_2	70	120.827123012206
714.285714285714	933.333333333333	84.0948993571787	24.6	108.694899357179	DBCA	51_2	0	108.694899357179
714.285714285714	966.666666666667	77.5119503601132	24.6	102.111950360113	DBCA	51_2	280	131.552684765648
728.571428571429	666.666666666667	78.1491664245559	24.6	102.749166424556	DBCA	52_1	0	102.749166424556
728.571428571429	700	77.6673872265627	24.6	102.267387226563	DBCA	52_1	140	124.309007625965
728.571428571429	733.333333333333	82.6888566073576	24.6	107.288856607358	DBCA	52_1	210	134.860347308985
728.571428571429	766.666666666667	82.6838479220096	24.6	107.28384792201	DBCA	52_1	280	136.724582327544
728.571428571429	800	79.1309687266342	24.6	103.730968726634	DBCA	52_1	70	116.582092225494
728.571428571429	833.333333333333	81.0653710142593	24.6	105.665371014259	DBCA	52_2	70	118.516494513119
728.571428571429	866.666666666667	78.6176462254612	24.6	103.217646225461	DBCA	52_2	140	125.259266624864
728.571428571429	900	84.9909146191086	24.6	109.590914619109	DBCA	52_2	210	137.162405320736
728.571428571429	933.333333333333	83.0493431611595	24.6	107.649343161159	DBCA	52_2	280	137.090077566694
728.571428571429	966.666666666667	80.8602493871942	24.6	105.460249387194	DBCA	52_2	0	105.460249387194
742.857142857143	666.666666666667	80.9493292124544	24.6	105.549329212454	DBCA	53_1	70	118.400452711314
742.857142857143	700	78.5166428124151	24.6	103.116642812415	DBCA	53_1	280	132.55737721795
742.857142857143	733.333333333333	79.9705200514105	24.6	104.570520051411	DBCA	53_1	0	104.570520051411
742.857142857143	766.666666666667	75.5664068830239	24.6	100.166406883024	DBCA	53_1	140	122.208027282426
742.857142857143	800	78.545144400343	24.6	103.145144400343	DBCA	53_1	210	130.71663510197
742.857142857143	833.333333333333	82.405411925954	24.6	107.005411925954	DBCA	53_2	210	134.576902627581
742.857142857143	866.666666666667	81.2529195178784	24.6	105.852919517878	DBCA	53_2	280	135.293653923413
742.857142857143	900	83.4498297661939	24.6	108.049829766194	DBCA	53_2	140	130.091450165596
742.857142857143	933.333333333333	82.8359650014067	24.6	107.435965001407	DBCA	53_2	0	107.435965001407
742.857142857143	966.666666666667	78.0188466293232	24.6	102.618846629323	DBCA	53_2	70	115.469970128183
757.142857142857	666.666666666667	79.2543817846528	24.6	103.854381784653	DBCA	54_1	280	133.295116190187
757.142857142857	700	77.6446502933368	24.6	102.244650293337	DBCA	54_1	140	124.286270692739
757.142857142857	733.333333333333	79.0541416386394	24.6	103.654141638639	DBCA	54_1	70	116.505265137499
757.142857142857	766.666666666667	76.6396965693866	24.6	101.239696569387	DBCA	54_1	210	128.811187271014
757.142857142857	800	80.8267556321087	24.6	105.426755632109	DBCA	54_1	0	105.426755632109
757.142857142857	833.333333333333	80.1154262089727	24.6	104.715426208973	DBCA	54_2	0	104.715426208973
757.142857142857	866.666666666667	83.159889869291	24.6	107.759889869291	DBCA	54_2	280	137.200624274826
757.142857142857	900	77.7633098737716	24.6	102.363309873772	DBCA	54_2	70	115.214433372632
757.142857142857	933.333333333333	80.067772002768	24.6	104.667772002768	DBCA	54_2	140	126.70939240217
757.142857142857	966.666666666667	75.8303442937894	24.6	100.430344293789	DBCA	54_2	210	128.001834995417
771.428571428571	666.666666666667	76.6639718392048	24.6	101.263971839205	DBCA	55_1	140	123.305592238607
771.428571428571	700	81.9125247167982	24.6	106.512524716798	DBCA	55_1	210	134.084015418425
771.428571428571	733.333333333333	79.9596547863397	24.6	104.55965478634	DBCA	55_1	70	117.4107782852
771.428571428571	766.666666666667	77.0656455503295	24.6	101.665645550329	DBCA	55_1	280	131.106379955864
771.428571428571	800	82.4614777438847	24.6	107.061477743885	DBCA	55_1	0	107.061477743885
771.428571428571	833.333333333333	77.440354329898	24.6	102.040354329898	DBCA	55_2	140	124.0819747293
771.428571428571	866.666666666667	81.4791087954612	24.6	106.079108795461	DBCA	55_2	70	118.930232294321
771.428571428571	900	80.2469286536283	24.6	104.846928653628	DBCA	55_2	280	134.287663059163
771.428571428571	933.333333333333	76.5857954025583	24.6	101.185795402558	DBCA	55_2	0	101.185795402558
771.428571428571	966.666666666667	76.7351133296702	24.6	101.33511332967	DBCA	55_2	210	128.906604031297
785.714285714286	666.666666666667	76.8349708833078	24.6	101.434970883308	DBCA	56_1	140	123.47659128271
785.714285714286	700	82.0667852855168	24.6	106.666785285517	DBCA	56_1	280	136.107519691051
785.714285714286	733.333333333333	80.1642803921831	24.6	104.764280392183	DBCA	56_1	0	104.764280392183
785.714285714286	766.666666666667	80.132013150033	24.6	104.732013150033	DBCA	56_1	70	117.583136648893
785.714285714286	800	81.2260919048251	24.6	105.826091904825	DBCA	56_1	210	133.397582606452
785.714285714286	833.333333333333	75.372023868597	24.6	99.972023868597	DBCA	56_2	280	129.412758274132
785.714285714286	866.666666666667	79.1263172588921	24.6	103.726317258892	DBCA	56_2	70	116.577440757752
785.714285714286	900	83.6802810262232	24.6	108.280281026223	DBCA	56_2	140	130.321901425626
785.714285714286	933.333333333333	75.3129698442845	24.6	99.9129698442845	DBCA	56_2	0	99.9129698442845
785.714285714286	966.666666666667	77.2011529380833	24.6	101.801152938083	DBCA	56_2	210	129.372643639711
800	666.666666666667	80.8348295857799	24.6	105.43482958578	DBCA	57_1	280	134.875563991315
800	700	84.9961026308196	24.6	109.59610263082	DBCA	57_1	140	131.637723030222
800	733.333333333333	82.209408661219	24.6	106.809408661219	DBCA	57_1	0	106.809408661219
800	766.666666666667	80.6098470425646	24.6	105.209847042565	DBCA	57_1	70	118.060970541424
800	800	82.4101551333377	24.6	107.010155133338	DBCA	57_1	210	134.581645834965
800	833.333333333333	78.0024751570896	24.6	102.60247515709	DBCA	57_2	210	130.173965858717
800	866.666666666667	75.378973675916	24.6	99.978973675916	DBCA	57_2	280	129.419708081451
800	900	82.9426828804901	24.6	107.54268288049	DBCA	57_2	140	129.584303279892
800	933.333333333333	73.6283034124019	24.6	98.2283034124019	DBCA	57_2	0	98.2283034124019
800	966.666666666667	78.8490954818729	24.6	103.449095481873	DBCA	57_2	70	116.300218980733
814.285714285714	666.666666666667	81.0412653883577	24.6	105.641265388358	DBCA	58_1	210	133.212756089985
814.285714285714	700	84.2365940368339	24.6	108.836594036834	DBCA	58_1	280	138.277328442369
814.285714285714	733.333333333333	82.8942663512913	24.6	107.494266351291	DBCA	58_1	70	120.345389850151
814.285714285714	766.666666666667	78.5085110050416	24.6	103.108511005042	DBCA	58_1	140	125.150131404444
814.285714285714	800	80.9499816881312	24.6	105.549981688131	DBCA	58_1	0	105.549981688131
814.285714285714	833.333333333333	80.8519837097972	24.6	105.451983709797	DBCA	58_2	70	118.303107208657
814.285714285714	866.666666666667	79.0790011912467	24.6	103.679001191247	DBCA	58_2	0	103.679001191247
814.285714285714	900	81.7879978233282	24.6	106.387997823328	DBCA	58_2	210	133.959488524955
814.285714285714	933.333333333333	76.0460411878128	24.6	100.646041187813	DBCA	58_2	280	130.086775593347
814.285714285714	966.666666666667	78.0095341257494	24.6	102.609534125749	DBCA	58_2	140	124.651154525152
828.571428571429	666.666666666667	82.4620605277263	24.6	107.062060527726	DBCA	59_1	0	107.062060527726
828.571428571429	700	85.4126069751626	24.6	110.012606975163	DBCA	59_1	280	139.453341380697
828.571428571429	733.333333333333	83.3669082730725	24.6	107.966908273072	DBCA	59_1	140	130.008528672475
828.571428571429	766.666666666667	83.8483786912283	24.6	108.448378691228	DBCA	59_1	70	121.299502190088
828.571428571429	800	79.314473777676	24.6	103.914473777676	DBCA	59_1	210	131.485964479303
828.571428571429	833.333333333333	78.9342926588737	24.6	103.534292658874	DBCA	59_2	210	131.105783360501
828.571428571429	866.666666666667	78.2582317669361	24.6	102.858231766936	DBCA	59_2	140	124.899852166338
828.571428571429	900	82.565618148433	24.6	107.165618148433	DBCA	59_2	280	136.606352553968
828.571428571429	933.333333333333	75.7815715925724	24.6	100.381571592572	DBCA	59_2	70	113.232695091432
828.571428571429	966.666666666667	75.5407080811651	24.6	100.140708081165	DBCA	59_2	0	100.140708081165
71.4285714285714	666.666666666667	80.1835930593964	0	80.1835930593964	DBCA	6_1	0	80.1835930593964
71.4285714285714	700	79.4925093968074	0	79.4925093968074	DBCA	6_1	70	86.4888328956673
71.4285714285714	733.333333333333	78.2585180792471	0	78.2585180792471	DBCA	6_1	210	88.2656087808744
71.4285714285714	766.666666666667	77.2780452250405	0	77.2780452250405	DBCA	6_1	280	83.2995796305752
71.4285714285714	800	81.4355444842536	0	81.4355444842536	DBCA	6_1	140	91.767564883656
71.4285714285714	833.333333333333	78.7082368446956	0	78.7082368446956	DBCA	6_2	140	89.040257244098
71.4285714285714	866.666666666667	82.6443257008275	0	82.6443257008275	DBCA	6_2	70	89.6406491996874
71.4285714285714	900	82.4849053554646	0	82.4849053554646	DBCA	6_2	280	88.5064397609993
71.4285714285714	933.333333333333	79.985216144966	0	79.985216144966	DBCA	6_2	210	89.9923068465933
71.4285714285714	966.666666666667	82.0007804082564	0	82.0007804082564	DBCA	6_2	0	82.0007804082564
842.857142857143	666.666666666667	84.2109914022626	24.6	108.810991402263	DBCA	60_1	140	130.852611801665
842.857142857143	700	84.5785426733481	24.6	109.178542673348	DBCA	60_1	0	109.178542673348
842.857142857143	733.333333333333	79.5868277085907	24.6	104.186827708591	DBCA	60_1	210	131.758318410218
842.857142857143	766.666666666667	83.0631806706721	24.6	107.663180670672	DBCA	60_1	280	137.103915076207
842.857142857143	800	78.1450674732262	24.6	102.745067473226	DBCA	60_1	70	115.596190972086
842.857142857143	833.333333333333	80.8668136084141	24.6	105.466813608414	DBCA	60_2	0	105.466813608414
842.857142857143	866.666666666667	80.4188628054553	24.6	105.018862805455	DBCA	60_2	140	127.060483204858
842.857142857143	900	79.4206919829504	24.6	104.02069198295	DBCA	60_2	70	116.87181548181
842.857142857143	933.333333333333	77.9134410617101	24.6	102.51344106171	DBCA	60_2	210	130.084931763337
842.857142857143	966.666666666667	79.5877322914381	24.6	104.187732291438	DBCA	60_2	280	133.628466696973
857.142857142857	666.666666666667	79.8207087727301	24.6	104.42070877273	DBCA	61_1	210	131.992199474357
857.142857142857	700	81.3263605895735	24.6	105.926360589573	DBCA	61_1	70	118.777484088433
857.142857142857	733.333333333333	83.1944407145149	24.6	107.794440714515	DBCA	61_1	280	137.23517512005
857.142857142857	766.666666666667	80.5268036562708	24.6	105.126803656271	DBCA	61_1	140	127.168424055673
857.142857142857	800	83.1237868553761	24.6	107.723786855376	DBCA	61_1	0	107.723786855376
857.142857142857	833.333333333333	85.6136226024837	24.6	110.213622602484	DBCA	61_2	280	139.654357008018
857.142857142857	866.666666666667	79.7085957716498	24.6	104.30859577165	DBCA	61_2	140	126.350216171052
857.142857142857	900	78.7529817592499	24.6	103.35298175925	DBCA	61_2	70	116.20410525811
857.142857142857	933.333333333333	79.5856594507638	24.6	104.185659450764	DBCA	61_2	0	104.185659450764
857.142857142857	966.666666666667	76.7142075528109	24.6	101.314207552811	DBCA	61_2	210	128.885698254438
871.428571428571	666.666666666667	79.0478849539068	24.6	103.647884953907	DBCA	62_1	210	131.219375655534
871.428571428571	700	83.5157487803151	24.6	108.115748780315	DBCA	62_1	0	108.115748780315
871.428571428571	733.333333333333	81.1952847904576	24.6	105.795284790458	DBCA	62_1	70	118.646408289318
871.428571428571	766.666666666667	80.758433836846	24.6	105.358433836846	DBCA	62_1	280	134.799168242381
871.428571428571	800	83.094913990069	24.6	107.694913990069	DBCA	62_1	140	129.736534389471
871.428571428571	833.333333333333	83.2193082893481	24.6	107.819308289348	DBCA	62_2	140	129.860928688751
871.428571428571	866.666666666667	79.1134818383958	24.6	103.713481838396	DBCA	62_2	280	133.154216243931
871.428571428571	900	80.1801849382459	24.6	104.780184938246	DBCA	62_2	70	117.631308437106
871.428571428571	933.333333333333	80.6713935355753	24.6	105.271393535575	DBCA	62_2	0	105.271393535575
871.428571428571	966.666666666667	77.2880871504708	24.6	101.888087150471	DBCA	62_2	210	129.459577852098
885.714285714286	666.666666666667	78.7579084672189	24.6	103.357908467219	DBCA	63_1	140	125.399528866621
885.714285714286	700	79.5967029597808	24.6	104.196702959781	DBCA	63_1	210	131.768193661408
885.714285714286	733.333333333333	81.644450626294	24.6	106.244450626294	DBCA	63_1	0	106.244450626294
885.714285714286	766.666666666667	79.3535314148137	24.6	103.953531414814	DBCA	63_1	280	133.394265820348
885.714285714286	800	83.2720045336995	24.6	107.872004533699	DBCA	63_1	70	120.723128032559
885.714285714286	833.333333333333	80.9970055004033	24.6	105.597005500403	DBCA	63_2	140	127.638625899806
885.714285714286	866.666666666667	79.9725687263181	24.6	104.572568726318	DBCA	63_2	280	134.013303131853
885.714285714286	900	79.8392967537628	24.6	104.439296753763	DBCA	63_2	70	117.290420252623
885.714285714286	933.333333333333	78.0878185507466	24.6	102.687818550747	DBCA	63_2	210	130.259309252374
885.714285714286	966.666666666667	79.4080122292892	24.6	104.008012229289	DBCA	63_2	0	104.008012229289
900	666.666666666667	80.804511645705	24.6	105.404511645705	DBCA	64_1	70	118.255635144565
900	700	77.9028525600519	24.6	102.502852560052	DBCA	64_1	210	130.074343261679
900	733.333333333333	77.1589707311521	24.6	101.758970731152	DBCA	64_1	0	101.758970731152
900	766.666666666667	80.1717042131236	24.6	104.771704213124	DBCA	64_1	140	126.813324612526
900	800	80.9912318665913	24.6	105.591231866591	DBCA	64_1	280	135.031966272126
900	833.333333333333	83.2345535480209	24.6	107.834553548021	DBCA	64_2	280	137.275287953556
900	866.666666666667	77.1512548480204	24.6	101.75125484802	DBCA	64_2	0	101.75125484802
900	900	77.6033688661557	24.6	102.203368866156	DBCA	64_2	70	115.054492365016
900	933.333333333333	77.0271532048768	24.6	101.627153204877	DBCA	64_2	210	129.198643906504
900	966.666666666667	79.1361874141009	24.6	103.736187414101	DBCA	64_2	140	125.777807813503
914.285714285714	666.666666666667	77.2003866031082	24.6	101.800386603108	DBCA	65_1	0	101.800386603108
914.285714285714	700	77.838527018054	24.6	102.438527018054	DBCA	65_1	210	130.010017719681
914.285714285714	733.333333333333	79.5190479397078	24.6	104.119047939708	DBCA	65_1	280	133.559782345242
914.285714285714	766.666666666667	76.4093012608992	24.6	101.009301260899	DBCA	65_1	140	123.050921660302
914.285714285714	800	79.5359190710034	24.6	104.135919071003	DBCA	65_1	70	116.987042569863
914.285714285714	833.333333333333	74.3693755377527	24.6	98.9693755377527	DBCA	65_2	280	128.410109943287
914.285714285714	866.666666666667	77.1012925498387	24.6	101.701292549839	DBCA	65_2	210	129.272783251466
914.285714285714	900	76.4415797826696	24.6	101.04157978267	DBCA	65_2	140	123.083200182072
914.285714285714	933.333333333333	78.5567332147245	24.6	103.156733214724	DBCA	65_2	0	103.156733214724
914.285714285714	966.666666666667	78.1685753414625	24.6	102.768575341462	DBCA	65_2	70	115.619698840322
928.571428571429	666.666666666667	82.8257992808102	24.6	107.42579928081	DBCA	66_1	70	120.27692277967
928.571428571429	700	80.3490506391884	24.6	104.949050639188	DBCA	66_1	140	126.990671038591
928.571428571429	733.333333333333	77.2929095611852	24.6	101.892909561185	DBCA	66_1	280	131.33364396672
928.571428571429	766.666666666667	75.6350318101709	24.6	100.235031810171	DBCA	66_1	210	127.806522511798
928.571428571429	800	77.0394655910729	24.6	101.639465591073	DBCA	66_1	0	101.639465591073
928.571428571429	833.333333333333	77.974081238921	24.6	102.574081238921	DBCA	66_2	70	115.425204737781
928.571428571429	866.666666666667	77.3449364355993	24.6	101.944936435599	DBCA	66_2	280	131.385670841134
928.571428571429	900	77.7436686538765	24.6	102.343668653876	DBCA	66_2	0	102.343668653876
928.571428571429	933.333333333333	75.8628841803291	24.6	100.462884180329	DBCA	66_2	210	128.034374881956
928.571428571429	966.666666666667	77.5736352628491	24.6	102.173635262849	DBCA	66_2	140	124.215255662251
942.857142857143	666.666666666667	80.9290813184725	24.6	105.529081318473	DBCA	67_1	210	133.1005720201
942.857142857143	700	74.418950645535	24.6	99.018950645535	DBCA	67_1	70	111.870074144395
942.857142857143	733.333333333333	78.2796380421857	24.6	102.879638042186	DBCA	67_1	0	102.879638042186
942.857142857143	766.666666666667	80.6589484615191	24.6	105.258948461519	DBCA	67_1	280	134.699682867054
942.857142857143	800	79.3732253790582	24.6	103.973225379058	DBCA	67_1	140	126.014845778461
942.857142857143	833.333333333333	79.2390729294574	24.6	103.839072929457	DBCA	67_2	70	116.690196428317
942.857142857143	866.666666666667	78.1619186224575	24.6	102.761918622457	DBCA	67_2	140	124.80353902186
942.857142857143	900	75.7539405144441	24.6	100.353940514444	DBCA	67_2	0	100.353940514444
942.857142857143	933.333333333333	75.4161119512585	24.6	100.016111951258	DBCA	67_2	280	129.456846356793
942.857142857143	966.666666666667	78.8128800287587	24.6	103.412880028759	DBCA	67_2	210	130.984370730386
957.142857142857	666.666666666667	78.7417910482535	24.6	103.341791048253	DBCA	68_1	0	103.341791048253
957.142857142857	700	73.9551740189025	24.6	98.5551740189025	DBCA	68_1	210	126.12666472053
957.142857142857	733.333333333333	77.036826117296	24.6	101.636826117296	DBCA	68_1	70	114.487949616156
957.142857142857	766.666666666667	77.8114421073355	24.6	102.411442107335	DBCA	68_1	140	124.453062506738
957.142857142857	800	77.613035126563	24.6	102.213035126563	DBCA	68_1	280	131.653769532098
957.142857142857	833.333333333333	78.2440927965085	24.6	102.844092796508	DBCA	68_2	140	124.885713195911
957.142857142857	866.666666666667	80.0975848108803	24.6	104.69758481088	DBCA	68_2	70	117.54870830974
957.142857142857	900	79.1137306358685	24.6	103.713730635869	DBCA	68_2	210	131.285221337496
957.142857142857	933.333333333333	77.5589263839161	24.6	102.158926383916	DBCA	68_2	0	102.158926383916
957.142857142857	966.666666666667	75.5397586150219	24.6	100.139758615022	DBCA	68_2	280	129.580493020557
971.428571428571	666.666666666667	77.4133509157801	24.6	102.01335091578	DBCA	69_1	0	102.01335091578
971.428571428571	700	75.957968516564	24.6	100.557968516564	DBCA	69_1	280	129.998702922099
971.428571428571	733.333333333333	79.1301163565394	24.6	103.730116356539	DBCA	69_1	210	131.301607058167
971.428571428571	766.666666666667	79.3845838470999	24.6	103.9845838471	DBCA	69_1	70	116.83570734596
971.428571428571	800	78.1634598058829	24.6	102.763459805883	DBCA	69_1	140	124.805080205285
971.428571428571	833.333333333333	78.0117898640769	24.6	102.611789864077	DBCA	69_2	70	115.462913362937
971.428571428571	866.666666666667	79.0908116145758	24.6	103.690811614576	DBCA	69_2	210	131.262302316203
971.428571428571	900	78.350447585881	24.6	102.950447585881	DBCA	69_2	280	132.391181991416
971.428571428571	933.333333333333	77.2599935644851	24.6	101.859993564485	DBCA	69_2	0	101.859993564485
971.428571428571	966.666666666667	78.6810251442349	24.6	103.281025144235	DBCA	69_2	140	125.322645543637
85.7142857142857	666.666666666667	81.9643452793336	0	81.9643452793336	DBCA	7_1	70	88.9606687781935
85.7142857142857	700	79.7043264300917	0	79.7043264300917	DBCA	7_1	140	90.0363468294941
85.7142857142857	733.333333333333	78.1294174724137	0	78.1294174724137	DBCA	7_1	0	78.1294174724137
85.7142857142857	766.666666666667	78.8431009108026	0	78.8431009108026	DBCA	7_1	210	88.8501916124299
85.7142857142857	800	77.6243105163545	0	77.6243105163545	DBCA	7_1	280	83.6458449218892
85.7142857142857	833.333333333333	78.236550001062	0	78.236550001062	DBCA	7_2	70	85.232873499922
85.7142857142857	866.666666666667	81.8450408805559	0	81.8450408805559	DBCA	7_2	280	87.8665752860906
85.7142857142857	900	81.6734632168724	0	81.6734632168724	DBCA	7_2	140	92.0054836162748
85.7142857142857	933.333333333333	81.2121661294941	0	81.2121661294941	DBCA	7_2	0	81.2121661294941
85.7142857142857	966.666666666667	81.6190430611223	0	81.6190430611223	DBCA	7_2	210	91.6261337627496
985.714285714286	666.666666666667	76.2182471058631	24.6	100.818247105863	DBCA	70_1	280	130.258981511398
985.714285714286	700	80.7217397480677	24.6	105.321739748068	DBCA	70_1	140	127.36336014747
985.714285714286	733.333333333333	79.5589244782387	24.6	104.158924478239	DBCA	70_1	210	131.730415179866
985.714285714286	766.666666666667	81.1002701595673	24.6	105.700270159567	DBCA	70_1	70	118.551393658427
985.714285714286	800	81.0389504423259	24.6	105.638950442326	DBCA	70_1	0	105.638950442326
985.714285714286	833.333333333333	79.2742306915985	24.6	103.874230691599	DBCA	70_2	140	125.915851091001
985.714285714286	866.666666666667	77.5295129521217	24.6	102.129512952122	DBCA	70_2	210	129.701003653749
985.714285714286	900	80.9757809984198	24.6	105.57578099842	DBCA	70_2	280	135.016515403954
985.714285714286	933.333333333333	75.8780663266516	24.6	100.478066326652	DBCA	70_2	70	113.329189825512
985.714285714286	966.666666666667	76.9505298243014	24.6	101.550529824301	DBCA	70_2	0	101.550529824301
1000	666.666666666667	77.9808577576766	24.6	102.580857757677	DBCA	71_1	70	115.431981256537
1000	700	80.2642991747831	24.6	104.864299174783	DBCA	71_1	280	134.305033580318
1000	733.333333333333	79.9159062565644	24.6	104.515906256564	DBCA	71_1	140	126.557526655967
1000	766.666666666667	83.996802228067	24.6	108.596802228067	DBCA	71_1	210	136.168292929694
1000	800	78.1686221487283	24.6	102.768622148728	DBCA	71_1	0	102.768622148728
1000	833.333333333333	77.4035116470524	24.6	102.003511647052	DBCA	71_2	0	102.003511647052
1000	866.666666666667	78.8682932796574	24.6	103.468293279657	DBCA	71_2	210	131.039783981285
1000	900	79.1722747942036	24.6	103.772274794204	DBCA	71_2	280	133.213009199738
1000	933.333333333333	79.7698679608066	24.6	104.369867960807	DBCA	71_2	70	117.220991459667
1000	966.666666666667	80.835692109184	24.6	105.435692109184	DBCA	71_2	140	127.477312508586
100	666.666666666667	81.9061848050519	0	81.9061848050519	DBCA	8_1	140	92.2382052044543
100	700	78.0694293066593	0	78.0694293066593	DBCA	8_1	70	85.0657528055193
100	733.333333333333	78.1275275419786	0	78.1275275419786	DBCA	8_1	0	78.1275275419786
100	766.666666666667	75.1332738718539	0	75.1332738718539	DBCA	8_1	280	81.1548082773886
100	800	80.1553541154163	0	80.1553541154163	DBCA	8_1	210	90.1624448170436
100	833.333333333333	81.0740657808747	0	81.0740657808747	DBCA	8_2	0	81.0740657808747
100	866.666666666667	80.3564270931929	0	80.3564270931929	DBCA	8_2	70	87.3527505920528
100	900	84.5330999384919	0	84.5330999384919	DBCA	8_2	210	94.5401906401192
100	933.333333333333	81.2970143248045	0	81.2970143248045	DBCA	8_2	280	87.3185487303392
100	966.666666666667	77.0608161895966	0	77.0608161895966	DBCA	8_2	140	87.392836588999
114.285714285714	666.666666666667	78.8389196298108	0	78.8389196298108	DBCA	9_1	140	89.1709400292132
114.285714285714	700	75.8613365353617	0	75.8613365353617	DBCA	9_1	70	82.8576600342217
114.285714285714	733.333333333333	78.8563009852404	0	78.8563009852404	DBCA	9_1	210	88.8633916868677
114.285714285714	766.666666666667	77.5263352673328	0	77.5263352673328	DBCA	9_1	280	83.5478696728675
114.285714285714	800	78.849139533009	0	78.849139533009	DBCA	9_1	0	78.849139533009
114.285714285714	833.333333333333	79.2298693285372	0	79.2298693285372	DBCA	9_2	140	89.5618897279396
114.285714285714	866.666666666667	78.4202785721738	0	78.4202785721738	DBCA	9_2	70	85.4166020710338
114.285714285714	900	79.3942740891627	0	79.3942740891627	DBCA	9_2	280	85.4158084946974
114.285714285714	933.333333333333	77.8106706638077	0	77.8106706638077	DBCA	9_2	0	77.8106706638077
114.285714285714	966.666666666667	79.9435098535033	0	79.9435098535033	DBCA	9_2	210	89.9506005551306
0	1000	84.1570255540671	0	84.1570255540671	DBCA	1_3	NA	NA
14.2857142857143	1000	84.1303272981305	0	84.1303272981305	DBCA	2_3	NA	NA
28.5714285714286	1000	84.5838980186675	0	84.5838980186675	DBCA	3_3	NA	NA
42.8571428571429	1000	85.1634507976422	0	85.1634507976422	DBCA	4_3	NA	NA
57.1428571428571	1000	79.9218056671911	0	79.9218056671911	DBCA	5_3	NA	NA
71.4285714285714	1000	81.6297687712853	0	81.6297687712853	DBCA	6_3	NA	NA
85.7142857142857	1000	82.6986435144991	0	82.6986435144991	DBCA	7_3	NA	NA
100	1000	81.4627678664433	0	81.4627678664433	DBCA	8_3	NA	NA
114.285714285714	1000	80.289788573035	0	80.289788573035	DBCA	9_3	NA	NA
128.571428571429	1000	76.3573811313227	0	76.3573811313227	DBCA	10_3	NA	NA
142.857142857143	1000	77.5438971357822	0	77.5438971357822	DBCA	11_3	NA	NA
157.142857142857	1000	76.7576738833201	0	76.7576738833201	DBCA	12_3	NA	NA
171.428571428571	1000	77.2108623861936	0	77.2108623861936	DBCA	13_3	NA	NA
185.714285714286	1000	80.1216554714917	0	80.1216554714917	DBCA	14_3	NA	NA
200	1000	80.8878318895521	0	80.8878318895521	DBCA	15_3	NA	NA
214.285714285714	1000	82.011438740261	0	82.011438740261	DBCA	16_3	NA	NA
228.571428571429	1000	81.6053343198128	0	81.6053343198128	DBCA	17_3	NA	NA
242.857142857143	1000	77.7459178842536	0	77.7459178842536	DBCA	18_3	NA	NA
257.142857142857	1000	80.0820707857156	0	80.0820707857156	DBCA	19_3	NA	NA
271.428571428571	1000	79.2922861072789	0	79.2922861072789	DBCA	20_3	NA	NA
285.714285714286	1000	79.5862927283104	0	79.5862927283104	DBCA	21_3	NA	NA
300	1000	80.9704359220882	0	80.9704359220882	DBCA	22_3	NA	NA
314.285714285714	1000	81.4458730406703	0	81.4458730406703	DBCA	23_3	NA	NA
328.571428571429	1000	85.0319703694846	0	85.0319703694846	DBCA	24_3	NA	NA
342.857142857143	1000	82.6786723339295	0	82.6786723339295	DBCA	25_3	NA	NA
357.142857142857	1000	80.8688575812389	0	80.8688575812389	DBCA	26_3	NA	NA
371.428571428571	1000	83.270656400294	0	83.270656400294	DBCA	27_3	NA	NA
385.714285714286	1000	83.1631732601134	0	83.1631732601134	DBCA	28_3	NA	NA
400	1000	82.9935577141102	0	82.9935577141102	DBCA	29_3	NA	NA
414.285714285714	1000	85.3161681025154	0	85.3161681025154	DBCA	30_3	NA	NA
428.571428571429	1000	83.6336796110139	0	83.6336796110139	DBCA	31_3	NA	NA
442.857142857143	1000	83.3995076144348	0	83.3995076144348	DBCA	32_3	NA	NA
457.142857142857	1000	82.0037239581214	0	82.0037239581214	DBCA	33_3	NA	NA
471.428571428571	1000	81.0510845754004	0	81.0510845754004	DBCA	34_3	NA	NA
485.714285714286	1000	80.8213058308526	0	80.8213058308526	DBCA	35_3	NA	NA
500	1000	79.6110199351518	0	79.6110199351518	DBCA	36_3	NA	NA
514.285714285714	1000	76.072496077973	24.6	100.672496077973	DBCA	37_3	NA	NA
528.571428571429	1000	79.0935864761731	24.6	103.693586476173	DBCA	38_3	NA	NA
542.857142857143	1000	81.304465801487	24.6	105.904465801487	DBCA	39_3	NA	NA
557.142857142857	1000	78.8312924132678	24.6	103.431292413268	DBCA	40_3	NA	NA
571.428571428571	1000	78.2756223671144	24.6	102.875622367114	DBCA	41_3	NA	NA
585.714285714286	1000	84.0401208611043	24.6	108.640120861104	DBCA	42_3	NA	NA
600	1000	86.1522290171856	24.6	110.752229017186	DBCA	43_3	NA	NA
614.285714285714	1000	82.5575184511092	24.6	107.157518451109	DBCA	44_3	NA	NA
628.571428571429	1000	82.2749374175447	24.6	106.874937417545	DBCA	45_3	NA	NA
642.857142857143	1000	82.4804460054069	24.6	107.080446005407	DBCA	46_3	NA	NA
657.142857142857	1000	82.9286376664653	24.6	107.528637666465	DBCA	47_3	NA	NA
671.428571428571	1000	80.5077666808618	24.6	105.107766680862	DBCA	48_3	NA	NA
685.714285714286	1000	81.7405436042404	24.6	106.34054360424	DBCA	49_3	NA	NA
700	1000	79.7621747316805	24.6	104.362174731681	DBCA	50_3	NA	NA
714.285714285714	1000	82.5816157435737	24.6	107.181615743574	DBCA	51_3	NA	NA
728.571428571429	1000	81.1012918339449	24.6	105.701291833945	DBCA	52_3	NA	NA
742.857142857143	1000	78.5579824543776	24.6	103.157982454378	DBCA	53_3	NA	NA
757.142857142857	1000	76.5763471037243	24.6	101.176347103724	DBCA	54_3	NA	NA
771.428571428571	1000	74.3747172645725	24.6	98.9747172645724	DBCA	55_3	NA	NA
785.714285714286	1000	74.6838666685604	24.6	99.2838666685603	DBCA	56_3	NA	NA
800	1000	75.1792565028822	24.6	99.7792565028822	DBCA	57_3	NA	NA
814.285714285714	1000	73.2327544576399	24.6	97.8327544576399	DBCA	58_3	NA	NA
828.571428571429	1000	77.2683148211182	24.6	101.868314821118	DBCA	59_3	NA	NA
842.857142857143	1000	79.9073414175704	24.6	104.50734141757	DBCA	60_3	NA	NA
857.142857142857	1000	81.2989984950296	24.6	105.89899849503	DBCA	61_3	NA	NA
871.428571428571	1000	80.8052532541418	24.6	105.405253254142	DBCA	62_3	NA	NA
885.714285714286	1000	78.2818415790606	24.6	102.881841579061	DBCA	63_3	NA	NA
900	1000	80.7471569339654	24.6	105.347156933965	DBCA	64_3	NA	NA
914.285714285714	1000	81.6673278795929	24.6	106.267327879593	DBCA	65_3	NA	NA
928.571428571429	1000	79.9680646294458	24.6	104.568064629446	DBCA	66_3	NA	NA
942.857142857143	1000	84.2265448079532	24.6	108.826544807953	DBCA	67_3	NA	NA
957.142857142857	1000	84.4419254176437	24.6	109.041925417644	DBCA	68_3	NA	NA
971.428571428571	1000	81.4224505950874	24.6	106.022450595087	DBCA	69_3	NA	NA
985.714285714286	1000	77.4287131683717	24.6	102.028713168372	DBCA	70_3	NA	NA
1000	1000	80.4428717918362	24.6	105.042871791836	DBCA	71_3	NA	NA
