x	y	variable1	Zona	ErrorConEfecto	Disenio	Bloque	AsigTrat	MiRto
0	666.666666666667	85.1616042134688	0	85.1616042134688	DBCA	1_1	70	91.9996896003481
0	700	82.2071353069198	0	82.2071353069198	DBCA	1_1	280	90.165411818526
0	733.333333333333	80.5313020031628	0	80.5313020031628	DBCA	1_1	140	90.9751286042696
0	766.666666666667	79.0444077558749	0	79.0444077558749	DBCA	1_1	0	79.0444077558749
0	800	76.1819355031944	0	76.1819355031944	DBCA	1_1	210	86.9991591458768
0	833.333333333333	79.8239865063518	0	79.8239865063518	DBCA	1_2	70	86.6620718932311
0	866.666666666667	80.080408872922	0	80.080408872922	DBCA	1_2	280	88.0386853845282
0	900	80.1462092588206	0	80.1462092588206	DBCA	1_2	140	90.5900358599274
0	933.333333333333	77.1549969434361	0	77.1549969434361	DBCA	1_2	210	87.9722205861185
0	966.666666666667	78.1638309095969	0	78.1638309095969	DBCA	1_2	0	78.1638309095969
128.571428571429	666.666666666667	79.7578652039374	0	79.7578652039374	DBCA	10_1	0	79.7578652039374
128.571428571429	700	78.8964979092228	0	78.8964979092228	DBCA	10_1	140	89.3403245103296
128.571428571429	733.333333333333	78.5449234690721	0	78.5449234690721	DBCA	10_1	70	85.3830088559514
128.571428571429	766.666666666667	80.5639135529203	0	80.5639135529203	DBCA	10_1	280	88.5221900645265
128.571428571429	800	77.4565521845774	0	77.4565521845774	DBCA	10_1	210	88.2737758272598
128.571428571429	833.333333333333	81.0935214892476	0	81.0935214892476	DBCA	10_2	140	91.5373480903544
128.571428571429	866.666666666667	78.8219740927604	0	78.8219740927604	DBCA	10_2	210	89.6391977354428
128.571428571429	900	81.5093811221766	0	81.5093811221766	DBCA	10_2	0	81.5093811221766
128.571428571429	933.333333333333	75.8630390082639	0	75.8630390082639	DBCA	10_2	280	83.8213155198701
128.571428571429	966.666666666667	80.8252746798136	0	80.8252746798136	DBCA	10_2	70	87.6633600666929
142.857142857143	666.666666666667	76.7411140637789	0	76.7411140637789	DBCA	11_1	0	76.7411140637789
142.857142857143	700	80.6926172285682	0	80.6926172285682	DBCA	11_1	210	91.5098408712506
142.857142857143	733.333333333333	80.9302597451724	0	80.9302597451724	DBCA	11_1	140	91.3740863462792
142.857142857143	766.666666666667	81.0147264537462	0	81.0147264537462	DBCA	11_1	280	88.9730029653524
142.857142857143	800	83.0356663547473	0	83.0356663547473	DBCA	11_1	70	89.8737517416266
142.857142857143	833.333333333333	80.2970525084992	0	80.2970525084992	DBCA	11_2	0	80.2970525084992
142.857142857143	866.666666666667	77.7438266515937	0	77.7438266515937	DBCA	11_2	280	85.7021031631999
142.857142857143	900	77.8536600953961	0	77.8536600953961	DBCA	11_2	140	88.2974866965028
142.857142857143	933.333333333333	80.5777316449594	0	80.5777316449594	DBCA	11_2	210	91.3949552876418
142.857142857143	966.666666666667	80.5341515730031	0	80.5341515730031	DBCA	11_2	70	87.3722369598824
157.142857142857	666.666666666667	74.1624279706739	0	74.1624279706739	DBCA	12_1	280	82.1207044822801
157.142857142857	700	81.3903807629037	0	81.3903807629037	DBCA	12_1	210	92.2076044055861
157.142857142857	733.333333333333	85.8499024205047	0	85.8499024205047	DBCA	12_1	70	92.687987807384
157.142857142857	766.666666666667	82.1611827260668	0	82.1611827260668	DBCA	12_1	140	92.6050093271736
157.142857142857	800	83.4502039591093	0	83.4502039591093	DBCA	12_1	0	83.4502039591093
157.142857142857	833.333333333333	83.0071531506432	0	83.0071531506432	DBCA	12_2	0	83.0071531506432
157.142857142857	866.666666666667	79.399890542833	0	79.399890542833	DBCA	12_2	280	87.3581670544393
157.142857142857	900	75.3108485911707	0	75.3108485911707	DBCA	12_2	70	82.14893397805
157.142857142857	933.333333333333	78.470671783918	0	78.470671783918	DBCA	12_2	140	88.9144983850248
157.142857142857	966.666666666667	75.4395998492436	0	75.4395998492436	DBCA	12_2	210	86.2568234919261
171.428571428571	666.666666666667	78.5510627499832	0	78.5510627499832	DBCA	13_1	280	86.5093392615894
171.428571428571	700	80.6496722787985	0	80.6496722787985	DBCA	13_1	0	80.6496722787985
171.428571428571	733.333333333333	83.4024372077038	0	83.4024372077038	DBCA	13_1	70	90.2405225945831
171.428571428571	766.666666666667	84.0384405153305	0	84.0384405153305	DBCA	13_1	210	94.8556641580129
171.428571428571	800	83.4495613976115	0	83.4495613976115	DBCA	13_1	140	93.8933879987182
171.428571428571	833.333333333333	79.2770638459265	0	79.2770638459265	DBCA	13_2	70	86.1151492328058
171.428571428571	866.666666666667	77.6202869670386	0	77.6202869670386	DBCA	13_2	210	88.437510609721
171.428571428571	900	75.6537517870952	0	75.6537517870952	DBCA	13_2	280	83.6120282987015
171.428571428571	933.333333333333	77.6494997932266	0	77.6494997932266	DBCA	13_2	140	88.0933263943334
171.428571428571	966.666666666667	78.6786296348284	0	78.6786296348284	DBCA	13_2	0	78.6786296348284
185.714285714286	666.666666666667	78.5018990326165	0	78.5018990326165	DBCA	14_1	140	88.9457256337233
185.714285714286	700	81.0745323983728	0	81.0745323983728	DBCA	14_1	210	91.8917560410552
185.714285714286	733.333333333333	85.5546833261035	0	85.5546833261035	DBCA	14_1	70	92.3927687129828
185.714285714286	766.666666666667	84.9095190092791	0	84.9095190092791	DBCA	14_1	280	92.8677955208853
185.714285714286	800	82.7805605250985	0	82.7805605250985	DBCA	14_1	0	82.7805605250985
185.714285714286	833.333333333333	80.1782341143668	0	80.1782341143668	DBCA	14_2	280	88.1365106259731
185.714285714286	866.666666666667	77.7137042733526	0	77.7137042733526	DBCA	14_2	210	88.530927916035
185.714285714286	900	78.2868747660487	0	78.2868747660487	DBCA	14_2	0	78.2868747660487
185.714285714286	933.333333333333	76.2982574864002	0	76.2982574864002	DBCA	14_2	70	83.1363428732795
185.714285714286	966.666666666667	78.6046840270972	0	78.6046840270972	DBCA	14_2	140	89.0485106282039
200	666.666666666667	79.6475396914157	0	79.6475396914157	DBCA	15_1	0	79.6475396914157
200	700	82.9409089239538	0	82.9409089239538	DBCA	15_1	280	90.89918543556
200	733.333333333333	84.5716392625594	0	84.5716392625594	DBCA	15_1	140	95.0154658636662
200	766.666666666667	83.4736486420302	0	83.4736486420302	DBCA	15_1	70	90.3117340289095
200	800	81.2064584408494	0	81.2064584408494	DBCA	15_1	210	92.0236820835318
200	833.333333333333	78.6327290427186	0	78.6327290427186	DBCA	15_2	70	85.4708144295979
200	866.666666666667	75.6613269001444	0	75.6613269001444	DBCA	15_2	0	75.6613269001444
200	900	78.0526887254462	0	78.0526887254462	DBCA	15_2	140	88.4965153265529
200	933.333333333333	78.4448341951785	0	78.4448341951785	DBCA	15_2	280	86.4031107067848
200	966.666666666667	77.8347366884703	0	77.8347366884703	DBCA	15_2	210	88.6519603311527
214.285714285714	666.666666666667	80.079527251834	0	80.079527251834	DBCA	16_1	280	88.0378037634402
214.285714285714	700	81.6492872851943	0	81.6492872851943	DBCA	16_1	70	88.4873726720736
214.285714285714	733.333333333333	80.3874985092199	0	80.3874985092199	DBCA	16_1	0	80.3874985092199
214.285714285714	766.666666666667	81.1572456748328	0	81.1572456748328	DBCA	16_1	140	91.6010722759396
214.285714285714	800	81.0950278717135	0	81.0950278717135	DBCA	16_1	210	91.9122515143959
214.285714285714	833.333333333333	78.4161039156641	0	78.4161039156641	DBCA	16_2	210	89.2333275583465
214.285714285714	866.666666666667	78.6227313502016	0	78.6227313502016	DBCA	16_2	140	89.0665579513084
214.285714285714	900	77.0690558429033	0	77.0690558429033	DBCA	16_2	70	83.9071412297826
214.285714285714	933.333333333333	80.2310781125819	0	80.2310781125819	DBCA	16_2	0	80.2310781125819
214.285714285714	966.666666666667	81.4460664387288	0	81.4460664387288	DBCA	16_2	280	89.4043429503351
228.571428571429	666.666666666667	84.8744282531676	0	84.8744282531676	DBCA	17_1	140	95.3182548542744
228.571428571429	700	82.3953876251469	0	82.3953876251469	DBCA	17_1	280	90.3536641367531
228.571428571429	733.333333333333	78.9399669914624	0	78.9399669914624	DBCA	17_1	0	78.9399669914624
228.571428571429	766.666666666667	79.7418861065952	0	79.7418861065952	DBCA	17_1	70	86.5799714934745
228.571428571429	800	78.6931368147994	0	78.6931368147994	DBCA	17_1	210	89.5103604574819
228.571428571429	833.333333333333	79.7139997995259	0	79.7139997995259	DBCA	17_2	70	86.5520851864052
228.571428571429	866.666666666667	82.3906450838896	0	82.3906450838896	DBCA	17_2	0	82.3906450838896
228.571428571429	900	76.1582856549323	0	76.1582856549323	DBCA	17_2	280	84.1165621665385
228.571428571429	933.333333333333	77.5524143366989	0	77.5524143366989	DBCA	17_2	140	87.9962409378056
228.571428571429	966.666666666667	79.2354993189343	0	79.2354993189343	DBCA	17_2	210	90.0527229616167
242.857142857143	666.666666666667	85.3213355301842	0	85.3213355301842	DBCA	18_1	70	92.1594209170635
242.857142857143	700	81.7004119381649	0	81.7004119381649	DBCA	18_1	210	92.5176355808473
242.857142857143	733.333333333333	81.4341169698328	0	81.4341169698328	DBCA	18_1	140	91.8779435709396
242.857142857143	766.666666666667	78.6440893887844	0	78.6440893887844	DBCA	18_1	0	78.6440893887844
242.857142857143	800	77.2923874961391	0	77.2923874961391	DBCA	18_1	280	85.2506640077454
242.857142857143	833.333333333333	80.058937015877	0	80.058937015877	DBCA	18_2	210	90.8761606585594
242.857142857143	866.666666666667	80.0080521442325	0	80.0080521442325	DBCA	18_2	0	80.0080521442325
242.857142857143	900	77.42519040087	0	77.42519040087	DBCA	18_2	140	87.8690170019768
242.857142857143	933.333333333333	78.1100118934445	0	78.1100118934445	DBCA	18_2	280	86.0682884050507
242.857142857143	966.666666666667	78.1994094032174	0	78.1994094032174	DBCA	18_2	70	85.0374947900967
257.142857142857	666.666666666667	86.004474799567	0	86.004474799567	DBCA	19_1	280	93.9627513111732
257.142857142857	700	83.9636862528486	0	83.9636862528486	DBCA	19_1	0	83.9636862528486
257.142857142857	733.333333333333	78.5463090803082	0	78.5463090803082	DBCA	19_1	70	85.3843944671875
257.142857142857	766.666666666667	76.1536302526954	0	76.1536302526954	DBCA	19_1	140	86.5974568538022
257.142857142857	800	77.62126818102	0	77.62126818102	DBCA	19_1	210	88.4384918237024
257.142857142857	833.333333333333	80.9152355127399	0	80.9152355127399	DBCA	19_2	70	87.7533208996192
257.142857142857	866.666666666667	81.0508534642483	0	81.0508534642483	DBCA	19_2	280	89.0091299758545
257.142857142857	900	78.91260445951	0	78.91260445951	DBCA	19_2	210	89.7298281021924
257.142857142857	933.333333333333	78.6869597325181	0	78.6869597325181	DBCA	19_2	140	89.1307863336249
257.142857142857	966.666666666667	75.7379748207645	0	75.7379748207645	DBCA	19_2	0	75.7379748207645
14.2857142857143	666.666666666667	83.5050794782335	0	83.5050794782335	DBCA	2_1	0	83.5050794782335
14.2857142857143	700	80.5009823851691	0	80.5009823851691	DBCA	2_1	280	88.4592588967753
14.2857142857143	733.333333333333	80.4420542455024	0	80.4420542455024	DBCA	2_1	210	91.2592778881848
14.2857142857143	766.666666666667	78.4790709620777	0	78.4790709620777	DBCA	2_1	140	88.9228975631845
14.2857142857143	800	77.9066207969157	0	77.9066207969157	DBCA	2_1	70	84.744706183795
14.2857142857143	833.333333333333	77.8775966721555	0	77.8775966721555	DBCA	2_2	280	85.8358731837617
14.2857142857143	866.666666666667	75.8509130095204	0	75.8509130095204	DBCA	2_2	0	75.8509130095204
14.2857142857143	900	79.3474841254202	0	79.3474841254202	DBCA	2_2	70	86.1855695122995
14.2857142857143	933.333333333333	76.8870097501805	0	76.8870097501805	DBCA	2_2	140	87.3308363512872
14.2857142857143	966.666666666667	75.5125540405675	0	75.5125540405675	DBCA	2_2	210	86.3297776832499
271.428571428571	666.666666666667	83.1043291278238	0	83.1043291278238	DBCA	20_1	70	89.9424145147031
271.428571428571	700	82.2607201623675	0	82.2607201623675	DBCA	20_1	140	92.7045467634742
271.428571428571	733.333333333333	81.0477744361751	0	81.0477744361751	DBCA	20_1	210	91.8649980788575
271.428571428571	766.666666666667	79.7016247505875	0	79.7016247505875	DBCA	20_1	280	87.6599012621937
271.428571428571	800	80.3292396585422	0	80.3292396585422	DBCA	20_1	0	80.3292396585422
271.428571428571	833.333333333333	79.4654401289935	0	79.4654401289935	DBCA	20_2	140	89.9092667301003
271.428571428571	866.666666666667	80.6412389782057	0	80.6412389782057	DBCA	20_2	0	80.6412389782057
271.428571428571	900	77.5077266893846	0	77.5077266893846	DBCA	20_2	210	88.324950332067
271.428571428571	933.333333333333	76.1002507077109	0	76.1002507077109	DBCA	20_2	70	82.9383360945902
271.428571428571	966.666666666667	78.8948565976104	0	78.8948565976104	DBCA	20_2	280	86.8531331092166
285.714285714286	666.666666666667	83.2666442821591	0	83.2666442821591	DBCA	21_1	70	90.1047296690384
285.714285714286	700	85.2449371121311	0	85.2449371121311	DBCA	21_1	0	85.2449371121311
285.714285714286	733.333333333333	76.8422708311964	0	76.8422708311964	DBCA	21_1	280	84.8005473428026
285.714285714286	766.666666666667	79.1434155895255	0	79.1434155895255	DBCA	21_1	140	89.5872421906323
285.714285714286	800	81.2115901779565	0	81.2115901779565	DBCA	21_1	210	92.0288138206389
285.714285714286	833.333333333333	80.8892912343249	0	80.8892912343249	DBCA	21_2	0	80.8892912343249
285.714285714286	866.666666666667	82.9412870881044	0	82.9412870881044	DBCA	21_2	280	90.8995635997106
285.714285714286	900	75.2419403595914	0	75.2419403595914	DBCA	21_2	70	82.0800257464707
285.714285714286	933.333333333333	80.1060149856254	0	80.1060149856254	DBCA	21_2	210	90.9232386283078
285.714285714286	966.666666666667	79.992217071409	0	79.992217071409	DBCA	21_2	140	90.4360436725158
300	666.666666666667	81.8357973424807	0	81.8357973424807	DBCA	22_1	0	81.8357973424807
300	700	81.5748128428237	0	81.5748128428237	DBCA	22_1	70	88.412898229703
300	733.333333333333	79.4827820810172	0	79.4827820810172	DBCA	22_1	280	87.4410585926234
300	766.666666666667	77.7779229666962	0	77.7779229666962	DBCA	22_1	210	88.5951466093786
300	800	81.0634124406259	0	81.0634124406259	DBCA	22_1	140	91.5072390417326
300	833.333333333333	79.1722583255026	0	79.1722583255026	DBCA	22_2	70	86.0103437123819
300	866.666666666667	82.0739418997712	0	82.0739418997712	DBCA	22_2	0	82.0739418997712
300	900	78.7044765914026	0	78.7044765914026	DBCA	22_2	210	89.521700234085
300	933.333333333333	76.9238963702922	0	76.9238963702922	DBCA	22_2	140	87.367722971399
300	966.666666666667	75.9663764499527	0	75.9663764499527	DBCA	22_2	280	83.9246529615589
314.285714285714	666.666666666667	80.3739150864297	0	80.3739150864297	DBCA	23_1	210	91.1911387291121
314.285714285714	700	80.5021973013056	0	80.5021973013056	DBCA	23_1	280	88.4604738129119
314.285714285714	733.333333333333	79.7050470615936	0	79.7050470615936	DBCA	23_1	0	79.7050470615936
314.285714285714	766.666666666667	79.0779089592901	0	79.0779089592901	DBCA	23_1	70	85.9159943461694
314.285714285714	800	79.7180428784283	0	79.7180428784283	DBCA	23_1	140	90.1618694795351
314.285714285714	833.333333333333	84.3472620227464	0	84.3472620227464	DBCA	23_2	210	95.1644856654288
314.285714285714	866.666666666667	80.6166989960332	0	80.6166989960332	DBCA	23_2	280	88.5749755076395
314.285714285714	900	73.9846843887099	0	73.9846843887099	DBCA	23_2	140	84.4285109898167
314.285714285714	933.333333333333	77.3083649493351	0	77.3083649493351	DBCA	23_2	70	84.1464503362143
314.285714285714	966.666666666667	75.7532764904864	0	75.7532764904864	DBCA	23_2	0	75.7532764904864
328.571428571429	666.666666666667	82.1781380131569	0	82.1781380131569	DBCA	24_1	280	90.1364145247631
328.571428571429	700	81.8949171583078	0	81.8949171583078	DBCA	24_1	210	92.7121408009902
328.571428571429	733.333333333333	79.2059596630344	0	79.2059596630344	DBCA	24_1	70	86.0440450499137
328.571428571429	766.666666666667	80.1521701841608	0	80.1521701841608	DBCA	24_1	0	80.1521701841608
328.571428571429	800	78.8565934122683	0	78.8565934122683	DBCA	24_1	140	89.3004200133751
328.571428571429	833.333333333333	82.3406686106543	0	82.3406686106543	DBCA	24_2	210	93.1578922533368
328.571428571429	866.666666666667	82.9669230925024	0	82.9669230925024	DBCA	24_2	70	89.8050084793817
328.571428571429	900	78.0449820527276	0	78.0449820527276	DBCA	24_2	140	88.4888086538344
328.571428571429	933.333333333333	77.2389883102736	0	77.2389883102736	DBCA	24_2	0	77.2389883102736
328.571428571429	966.666666666667	74.8092133403041	0	74.8092133403041	DBCA	24_2	280	82.7674898519103
342.857142857143	666.666666666667	80.9168540061614	0	80.9168540061614	DBCA	25_1	280	88.8751305177676
342.857142857143	700	78.2694094167064	0	78.2694094167064	DBCA	25_1	210	89.0866330593888
342.857142857143	733.333333333333	78.3853582019426	0	78.3853582019426	DBCA	25_1	0	78.3853582019426
342.857142857143	766.666666666667	76.9036422141634	0	76.9036422141634	DBCA	25_1	70	83.7417276010427
342.857142857143	800	80.5925822762485	0	80.5925822762485	DBCA	25_1	140	91.0364088773553
342.857142857143	833.333333333333	80.5198970476041	0	80.5198970476041	DBCA	25_2	280	88.4781735592104
342.857142857143	866.666666666667	81.0262571712075	0	81.0262571712075	DBCA	25_2	210	91.8434808138899
342.857142857143	900	79.9622136879929	0	79.9622136879929	DBCA	25_2	140	90.4060402890997
342.857142857143	933.333333333333	74.3457738731157	0	74.3457738731157	DBCA	25_2	70	81.183859259995
342.857142857143	966.666666666667	78.3897713486319	0	78.3897713486319	DBCA	25_2	0	78.3897713486319
357.142857142857	666.666666666667	80.3731995268499	0	80.3731995268499	DBCA	26_1	140	90.8170261279567
357.142857142857	700	78.1649622903222	0	78.1649622903222	DBCA	26_1	210	88.9821859330046
357.142857142857	733.333333333333	78.3363104944864	0	78.3363104944864	DBCA	26_1	70	85.1743958813657
357.142857142857	766.666666666667	77.2809701724617	0	77.2809701724617	DBCA	26_1	280	85.2392466840679
357.142857142857	800	79.4455205032796	0	79.4455205032796	DBCA	26_1	0	79.4455205032796
357.142857142857	833.333333333333	83.0985935714504	0	83.0985935714504	DBCA	26_2	210	93.9158172141328
357.142857142857	866.666666666667	81.7481264219079	0	81.7481264219079	DBCA	26_2	280	89.7064029335141
357.142857142857	900	74.3158222441771	0	74.3158222441771	DBCA	26_2	0	74.3158222441771
357.142857142857	933.333333333333	75.3991989258978	0	75.3991989258978	DBCA	26_2	70	82.2372843127771
357.142857142857	966.666666666667	75.0945776453272	0	75.0945776453272	DBCA	26_2	140	85.538404246434
371.428571428571	666.666666666667	79.4415531299764	0	79.4415531299764	DBCA	27_1	0	79.4415531299764
371.428571428571	700	77.4711871291024	0	77.4711871291024	DBCA	27_1	280	85.4294636407087
371.428571428571	733.333333333333	79.3192417696295	0	79.3192417696295	DBCA	27_1	210	90.1364654123119
371.428571428571	766.666666666667	78.0832437666601	0	78.0832437666601	DBCA	27_1	140	88.5270703677669
371.428571428571	800	83.0961701496378	0	83.0961701496378	DBCA	27_1	70	89.9342555365171
371.428571428571	833.333333333333	81.5104875304546	0	81.5104875304546	DBCA	27_2	70	88.3485729173339
371.428571428571	866.666666666667	78.088554574856	0	78.088554574856	DBCA	27_2	0	78.088554574856
371.428571428571	900	73.688966877457	0	73.688966877457	DBCA	27_2	280	81.6472433890632
371.428571428571	933.333333333333	76.6314132466123	0	76.6314132466123	DBCA	27_2	140	87.075239847719
371.428571428571	966.666666666667	78.0367508978179	0	78.0367508978179	DBCA	27_2	210	88.8539745405003
385.714285714286	666.666666666667	81.0895691432982	0	81.0895691432982	DBCA	28_1	280	89.0478456549044
385.714285714286	700	77.3571889548751	0	77.3571889548751	DBCA	28_1	210	88.1744125975575
385.714285714286	733.333333333333	78.3717204121614	0	78.3717204121614	DBCA	28_1	0	78.3717204121614
385.714285714286	766.666666666667	81.9642660871064	0	81.9642660871064	DBCA	28_1	70	88.8023514739857
385.714285714286	800	78.122469188441	0	78.122469188441	DBCA	28_1	140	88.5662957895477
385.714285714286	833.333333333333	81.1211830499967	0	81.1211830499967	DBCA	28_2	210	91.9384066926791
385.714285714286	866.666666666667	75.6082362790137	0	75.6082362790137	DBCA	28_2	0	75.6082362790137
385.714285714286	900	74.9727900613226	0	74.9727900613226	DBCA	28_2	140	85.4166166624293
385.714285714286	933.333333333333	76.4614421523642	0	76.4614421523642	DBCA	28_2	280	84.4197186639704
385.714285714286	966.666666666667	72.9582974739474	0	72.9582974739474	DBCA	28_2	70	79.7963828608267
400	666.666666666667	79.9884212071646	0	79.9884212071646	DBCA	29_1	280	87.9466977187709
400	700	75.9691808020184	0	75.9691808020184	DBCA	29_1	0	75.9691808020184
400	733.333333333333	76.2459378486253	0	76.2459378486253	DBCA	29_1	140	86.6897644497321
400	766.666666666667	81.6267822976581	0	81.6267822976581	DBCA	29_1	70	88.4648676845374
400	800	78.7650291574729	0	78.7650291574729	DBCA	29_1	210	89.5822528001553
400	833.333333333333	83.8055790275048	0	83.8055790275048	DBCA	29_2	140	94.2494056286116
400	866.666666666667	82.4086859055837	0	82.4086859055837	DBCA	29_2	70	89.246771292463
400	900	77.3184065880645	0	77.3184065880645	DBCA	29_2	210	88.1356302307469
400	933.333333333333	77.2998294515246	0	77.2998294515246	DBCA	29_2	0	77.2998294515246
400	966.666666666667	77.2191928764337	0	77.2191928764337	DBCA	29_2	280	85.1774693880399
28.5714285714286	666.666666666667	84.8255823526992	0	84.8255823526992	DBCA	3_1	70	91.6636677395785
28.5714285714286	700	80.1461990464585	0	80.1461990464585	DBCA	3_1	140	90.5900256475653
28.5714285714286	733.333333333333	81.6839511604911	0	81.6839511604911	DBCA	3_1	280	89.6422276720973
28.5714285714286	766.666666666667	79.8450030489102	0	79.8450030489102	DBCA	3_1	0	79.8450030489102
28.5714285714286	800	82.0430997629353	0	82.0430997629353	DBCA	3_1	210	92.8603234056177
28.5714285714286	833.333333333333	80.2148228769176	0	80.2148228769176	DBCA	3_2	70	87.0529082637969
28.5714285714286	866.666666666667	76.6805703944696	0	76.6805703944696	DBCA	3_2	140	87.1243969955764
28.5714285714286	900	79.5507510152885	0	79.5507510152885	DBCA	3_2	210	90.3679746579709
28.5714285714286	933.333333333333	78.601716134552	0	78.601716134552	DBCA	3_2	0	78.601716134552
28.5714285714286	966.666666666667	75.6568876148221	0	75.6568876148221	DBCA	3_2	280	83.6151641264283
414.285714285714	666.666666666667	81.0242890991002	0	81.0242890991002	DBCA	30_1	0	81.0242890991002
414.285714285714	700	79.7661516706531	0	79.7661516706531	DBCA	30_1	280	87.7244281822593
414.285714285714	733.333333333333	78.7703147468948	0	78.7703147468948	DBCA	30_1	70	85.6084001337741
414.285714285714	766.666666666667	77.8004552192323	0	77.8004552192323	DBCA	30_1	140	88.244281820339
414.285714285714	800	78.9061205755133	0	78.9061205755133	DBCA	30_1	210	89.7233442181957
414.285714285714	833.333333333333	80.6168638333913	0	80.6168638333913	DBCA	30_2	70	87.4549492202706
414.285714285714	866.666666666667	79.4603267872438	0	79.4603267872438	DBCA	30_2	0	79.4603267872438
414.285714285714	900	76.749134400113	0	76.749134400113	DBCA	30_2	280	84.7074109117192
414.285714285714	933.333333333333	77.7839749558568	0	77.7839749558568	DBCA	30_2	210	88.6011985985392
414.285714285714	966.666666666667	78.1373668367818	0	78.1373668367818	DBCA	30_2	140	88.5811934378885
428.571428571429	666.666666666667	84.8168972448704	0	84.8168972448704	DBCA	31_1	0	84.8168972448704
428.571428571429	700	81.0120332602932	0	81.0120332602932	DBCA	31_1	280	88.9703097718995
428.571428571429	733.333333333333	80.272817039517	0	80.272817039517	DBCA	31_1	140	90.7166436406238
428.571428571429	766.666666666667	81.1385029914234	0	81.1385029914234	DBCA	31_1	210	91.9557266341058
428.571428571429	800	77.2834038461104	0	77.2834038461104	DBCA	31_1	70	84.1214892329897
428.571428571429	833.333333333333	82.8788062277174	0	82.8788062277174	DBCA	31_2	280	90.8370827393237
428.571428571429	866.666666666667	76.880926025463	0	76.880926025463	DBCA	31_2	0	76.880926025463
428.571428571429	900	74.2842374440664	0	74.2842374440664	DBCA	31_2	210	85.1014610867488
428.571428571429	933.333333333333	74.2619543177827	0	74.2619543177827	DBCA	31_2	70	81.100039704662
428.571428571429	966.666666666667	75.0931662329373	0	75.0931662329373	DBCA	31_2	140	85.5369928340441
442.857142857143	666.666666666667	84.4067245828509	0	84.4067245828509	DBCA	32_1	0	84.4067245828509
442.857142857143	700	78.2989857010141	0	78.2989857010141	DBCA	32_1	210	89.1162093436965
442.857142857143	733.333333333333	76.7215863231877	0	76.7215863231877	DBCA	32_1	70	83.559671710067
442.857142857143	766.666666666667	76.884366052204	0	76.884366052204	DBCA	32_1	280	84.8426425638102
442.857142857143	800	77.9592796954727	0	77.9592796954727	DBCA	32_1	140	88.4031062965795
442.857142857143	833.333333333333	83.5277570482625	0	83.5277570482625	DBCA	32_2	70	90.3658424351418
442.857142857143	866.666666666667	77.1064130808131	0	77.1064130808131	DBCA	32_2	210	87.9236367234955
442.857142857143	900	74.6488195879015	0	74.6488195879015	DBCA	32_2	280	82.6070960995078
442.857142857143	933.333333333333	73.7888245524174	0	73.7888245524174	DBCA	32_2	0	73.7888245524174
442.857142857143	966.666666666667	74.5257890863474	0	74.5257890863474	DBCA	32_2	140	84.9696156874542
457.142857142857	666.666666666667	82.6903900181899	0	82.6903900181899	DBCA	33_1	280	90.6486665297961
457.142857142857	700	79.9262866223538	0	79.9262866223538	DBCA	33_1	210	90.7435102650362
457.142857142857	733.333333333333	75.9188852343194	0	75.9188852343194	DBCA	33_1	70	82.7569706211987
457.142857142857	766.666666666667	79.1781492858127	0	79.1781492858127	DBCA	33_1	0	79.1781492858127
457.142857142857	800	78.3753904906516	0	78.3753904906516	DBCA	33_1	140	88.8192170917584
457.142857142857	833.333333333333	78.0022164347823	0	78.0022164347823	DBCA	33_2	140	88.446043035889
457.142857142857	866.666666666667	75.7771804704514	0	75.7771804704514	DBCA	33_2	210	86.5944041131338
457.142857142857	900	75.923627088766	0	75.923627088766	DBCA	33_2	0	75.923627088766
457.142857142857	933.333333333333	74.764876365607	0	74.764876365607	DBCA	33_2	70	81.6029617524863
457.142857142857	966.666666666667	76.4774652401764	0	76.4774652401764	DBCA	33_2	280	84.4357417517827
471.428571428571	666.666666666667	85.4063348376932	0	85.4063348376932	DBCA	34_1	0	85.4063348376932
471.428571428571	700	80.3924929691289	0	80.3924929691289	DBCA	34_1	210	91.2097166118113
471.428571428571	733.333333333333	76.5486510638519	0	76.5486510638519	DBCA	34_1	140	86.9924776649587
471.428571428571	766.666666666667	78.9461320808575	0	78.9461320808575	DBCA	34_1	70	85.7842174677368
471.428571428571	800	76.8363857528875	0	76.8363857528875	DBCA	34_1	280	84.7946622644938
471.428571428571	833.333333333333	79.2714867380401	0	79.2714867380401	DBCA	34_2	0	79.2714867380401
471.428571428571	866.666666666667	76.370594084858	0	76.370594084858	DBCA	34_2	70	83.2086794717373
471.428571428571	900	73.9602594737142	0	73.9602594737142	DBCA	34_2	280	81.9185359853204
471.428571428571	933.333333333333	78.5093978538741	0	78.5093978538741	DBCA	34_2	210	89.3266214965565
471.428571428571	966.666666666667	82.6179474774384	0	82.6179474774384	DBCA	34_2	140	93.0617740785452
485.714285714286	666.666666666667	84.1504930852789	0	84.1504930852789	DBCA	35_1	70	90.9885784721582
485.714285714286	700	76.0879858345396	0	76.0879858345396	DBCA	35_1	0	76.0879858345396
485.714285714286	733.333333333333	79.4430491941711	0	79.4430491941711	DBCA	35_1	280	87.4013257057773
485.714285714286	766.666666666667	78.682515437302	0	78.682515437302	DBCA	35_1	140	89.1263420384088
485.714285714286	800	77.0243142713799	0	77.0243142713799	DBCA	35_1	210	87.8415379140623
485.714285714286	833.333333333333	80.2089712502042	0	80.2089712502042	DBCA	35_2	140	90.652797851311
485.714285714286	866.666666666667	71.9995362424326	0	71.9995362424326	DBCA	35_2	280	79.9578127540389
485.714285714286	900	74.178232675902	0	74.178232675902	DBCA	35_2	0	74.178232675902
485.714285714286	933.333333333333	78.9731210349754	0	78.9731210349754	DBCA	35_2	70	85.8112064218547
485.714285714286	966.666666666667	82.5778799393145	0	82.5778799393145	DBCA	35_2	210	93.3951035819969
500	666.666666666667	77.668115997491	0	77.668115997491	DBCA	36_1	70	84.5062013843703
500	700	73.2181122628127	0	73.2181122628127	DBCA	36_1	140	83.6619388639195
500	733.333333333333	79.0083603951689	0	79.0083603951689	DBCA	36_1	210	89.8255840378513
500	766.666666666667	81.2126650776623	0	81.2126650776623	DBCA	36_1	0	81.2126650776623
500	800	79.3364224801469	0	79.3364224801469	DBCA	36_1	280	87.2946989917532
500	833.333333333333	78.6458579382226	0	78.6458579382226	DBCA	36_2	140	89.0896845393294
500	866.666666666667	72.8394253134175	0	72.8394253134175	DBCA	36_2	0	72.8394253134175
500	900	77.8790930763138	0	77.8790930763138	DBCA	36_2	280	85.8373695879201
500	933.333333333333	79.6485060731497	0	79.6485060731497	DBCA	36_2	70	86.486591460029
500	966.666666666667	80.0468959417154	0	80.0468959417154	DBCA	36_2	210	90.8641195843978
514.285714285714	666.666666666667	75.2223104177212	24.6	99.8223104177212	DBCA	37_1	0	99.8223104177212
514.285714285714	700	75.0752699423562	24.6	99.6752699423562	DBCA	37_1	280	131.052746453962
514.285714285714	733.333333333333	77.2009373499112	24.6	101.800937349911	DBCA	37_1	210	130.182560992594
514.285714285714	766.666666666667	80.1468794933993	24.6	104.746879493399	DBCA	37_1	140	126.900306094506
514.285714285714	800	79.0053515923488	24.6	103.605351592349	DBCA	37_1	70	116.298236979228
514.285714285714	833.333333333333	79.7367104108133	24.6	104.336710410813	DBCA	37_2	140	126.49013701192
514.285714285714	866.666666666667	74.5108555577549	24.6	99.1108555577549	DBCA	37_2	0	99.1108555577549
514.285714285714	900	78.2178908901827	24.6	102.817890890183	DBCA	37_2	70	115.510776277062
514.285714285714	933.333333333333	79.1481466267822	24.6	103.748146626782	DBCA	37_2	280	135.125623138388
514.285714285714	966.666666666667	76.0771619727914	24.6	100.677161972791	DBCA	37_2	210	129.058785615474
528.571428571429	666.666666666667	77.2686040545427	24.6	101.868604054543	DBCA	38_1	280	133.246080566149
528.571428571429	700	75.8648432613835	24.6	100.464843261383	DBCA	38_1	70	113.157728648263
528.571428571429	733.333333333333	76.4106680802182	24.6	101.010668080218	DBCA	38_1	210	129.392291722901
528.571428571429	766.666666666667	78.5693960580712	24.6	103.169396058071	DBCA	38_1	0	103.169396058071
528.571428571429	800	81.9166729194748	24.6	106.516672919475	DBCA	38_1	140	128.670099520582
528.571428571429	833.333333333333	78.6036784874741	24.6	103.203678487474	DBCA	38_2	140	125.357105088581
528.571428571429	866.666666666667	79.9059181969357	24.6	104.505918196936	DBCA	38_2	70	117.198803583815
528.571428571429	900	75.4003409070619	24.6	100.000340907062	DBCA	38_2	280	131.377817418668
528.571428571429	933.333333333333	81.6695942208981	24.6	106.269594220898	DBCA	38_2	210	134.65121786358
528.571428571429	966.666666666667	76.2936908703101	24.6	100.89369087031	DBCA	38_2	0	100.89369087031
542.857142857143	666.666666666667	81.4545641887167	24.6	106.054564188717	DBCA	39_1	70	118.747449575596
542.857142857143	700	76.3056506301524	24.6	100.905650630152	DBCA	39_1	0	100.905650630152
542.857142857143	733.333333333333	76.3292645383771	24.6	100.929264538377	DBCA	39_1	210	129.310888181059
542.857142857143	766.666666666667	76.8856800996147	24.6	101.485680099615	DBCA	39_1	280	132.863156611221
542.857142857143	800	81.0911627887468	24.6	105.691162788747	DBCA	39_1	140	127.844589389854
542.857142857143	833.333333333333	76.2907266462547	24.6	100.890726646255	DBCA	39_2	70	113.583612033134
542.857142857143	866.666666666667	81.2494808634791	24.6	105.849480863479	DBCA	39_2	210	134.231104506161
542.857142857143	900	74.5310044488675	24.6	99.1310044488675	DBCA	39_2	140	121.284431049974
542.857142857143	933.333333333333	74.69278064081	24.6	99.29278064081	DBCA	39_2	0	99.29278064081
542.857142857143	966.666666666667	76.9987779773176	24.6	101.598777977318	DBCA	39_2	280	132.976254488924
42.8571428571429	666.666666666667	82.7962148042541	0	82.7962148042541	DBCA	4_1	280	90.7544913158603
42.8571428571429	700	82.2109599577042	0	82.2109599577042	DBCA	4_1	210	93.0281836003867
42.8571428571429	733.333333333333	81.3067767842656	0	81.3067767842656	DBCA	4_1	0	81.3067767842656
42.8571428571429	766.666666666667	76.6523642008276	0	76.6523642008276	DBCA	4_1	140	87.0961908019343
42.8571428571429	800	78.691509869472	0	78.691509869472	DBCA	4_1	70	85.5295952563513
42.8571428571429	833.333333333333	80.2198159613642	0	80.2198159613642	DBCA	4_2	210	91.0370396040466
42.8571428571429	866.666666666667	76.8896157663128	0	76.8896157663128	DBCA	4_2	0	76.8896157663128
42.8571428571429	900	78.3479225895777	0	78.3479225895777	DBCA	4_2	140	88.7917491906845
42.8571428571429	933.333333333333	80.2859399273643	0	80.2859399273643	DBCA	4_2	70	87.1240253142435
42.8571428571429	966.666666666667	77.5662565080685	0	77.5662565080685	DBCA	4_2	280	85.5245330196747
557.142857142857	666.666666666667	83.4618689096199	24.6	108.06186890962	DBCA	40_1	70	120.754754296499
557.142857142857	700	76.3202784336871	24.6	100.920278433687	DBCA	40_1	140	123.073705034794
557.142857142857	733.333333333333	75.4447049014028	24.6	100.044704901403	DBCA	40_1	0	100.044704901403
557.142857142857	766.666666666667	79.0687292053684	24.6	103.668729205368	DBCA	40_1	280	135.046205716975
557.142857142857	800	84.8089766971157	24.6	109.408976697116	DBCA	40_1	210	137.790600339798
557.142857142857	833.333333333333	81.9890880417208	24.6	106.589088041721	DBCA	40_2	0	106.589088041721
557.142857142857	866.666666666667	78.9029182078444	24.6	103.502918207844	DBCA	40_2	70	116.195803594724
557.142857142857	900	76.7264702959236	24.6	101.326470295924	DBCA	40_2	140	123.47989689703
557.142857142857	933.333333333333	76.5444937096575	24.6	101.144493709658	DBCA	40_2	210	129.52611735234
557.142857142857	966.666666666667	74.8208530504577	24.6	99.4208530504577	DBCA	40_2	280	130.798329562064
571.428571428571	666.666666666667	82.8758698080315	24.6	107.475869808031	DBCA	41_1	0	107.475869808031
571.428571428571	700	79.8901000151162	24.6	104.490100015116	DBCA	41_1	140	126.643526616223
571.428571428571	733.333333333333	72.2412712114635	24.6	96.8412712114635	DBCA	41_1	280	128.21874772307
571.428571428571	766.666666666667	79.0522534718565	24.6	103.652253471856	DBCA	41_1	70	116.345138858736
571.428571428571	800	81.1758319858348	24.6	105.775831985835	DBCA	41_1	210	134.157455628517
571.428571428571	833.333333333333	80.1418024408416	24.6	104.741802440842	DBCA	41_2	210	133.123426083524
571.428571428571	866.666666666667	79.8517874794641	24.6	104.451787479464	DBCA	41_2	140	126.605214080571
571.428571428571	900	78.4735607335814	24.6	103.073560733581	DBCA	41_2	0	103.073560733581
571.428571428571	933.333333333333	75.1004567025276	24.6	99.7004567025276	DBCA	41_2	280	131.077933214134
571.428571428571	966.666666666667	75.3004991980742	24.6	99.9004991980742	DBCA	41_2	70	112.593384584953
585.714285714286	666.666666666667	78.0841758053191	24.6	102.684175805319	DBCA	42_1	0	102.684175805319
585.714285714286	700	78.6125961729693	24.6	103.212596172969	DBCA	42_1	210	131.594219815652
585.714285714286	733.333333333333	74.1756028874525	24.6	98.7756028874525	DBCA	42_1	140	120.929029488559
585.714285714286	766.666666666667	81.090711142455	24.6	105.690711142455	DBCA	42_1	280	137.068187654061
585.714285714286	800	81.4722919131918	24.6	106.072291913192	DBCA	42_1	70	118.765177300071
585.714285714286	833.333333333333	80.0023033490154	24.6	104.602303349015	DBCA	42_2	0	104.602303349015
585.714285714286	866.666666666667	77.360988695731	24.6	101.960988695731	DBCA	42_2	280	133.338465207337
585.714285714286	900	78.8338570576553	24.6	103.433857057655	DBCA	42_2	70	116.126742444535
585.714285714286	933.333333333333	76.2358564749841	24.6	100.835856474984	DBCA	42_2	210	129.217480117667
585.714285714286	966.666666666667	75.6729957763554	24.6	100.272995776355	DBCA	42_2	140	122.426422377462
600	666.666666666667	78.3771140518803	24.6	102.97711405188	DBCA	43_1	70	115.66999943876
600	700	76.2533178083416	24.6	100.853317808342	DBCA	43_1	280	132.230794319948
600	733.333333333333	74.4367729642235	24.6	99.0367729642234	DBCA	43_1	140	121.19019956533
600	766.666666666667	80.4347825582473	24.6	105.034782558247	DBCA	43_1	0	105.034782558247
600	800	78.7108093322316	24.6	103.310809332232	DBCA	43_1	210	131.692432974914
600	833.333333333333	79.1058631024152	24.6	103.705863102415	DBCA	43_2	140	125.859289703522
600	866.666666666667	73.6889946185314	24.6	98.2889946185314	DBCA	43_2	0	98.2889946185314
600	900	76.9614868794063	24.6	101.561486879406	DBCA	43_2	280	132.938963391012
600	933.333333333333	78.3409807688556	24.6	102.940980768856	DBCA	43_2	70	115.633866155735
600	966.666666666667	78.7643267604968	24.6	103.364326760497	DBCA	43_2	210	131.745950403179
614.285714285714	666.666666666667	81.593323463801	24.6	106.193323463801	DBCA	44_1	0	106.193323463801
614.285714285714	700	81.766123599746	24.6	106.366123599746	DBCA	44_1	280	137.743600111352
614.285714285714	733.333333333333	79.7511462664729	24.6	104.351146266473	DBCA	44_1	70	117.044031653352
614.285714285714	766.666666666667	82.7202167366329	24.6	107.320216736633	DBCA	44_1	210	135.701840379315
614.285714285714	800	81.1906886445812	24.6	105.790688644581	DBCA	44_1	140	127.944115245688
614.285714285714	833.333333333333	80.6590282979535	24.6	105.259028297953	DBCA	44_2	0	105.259028297953
614.285714285714	866.666666666667	77.1972109962177	24.6	101.797210996218	DBCA	44_2	140	123.950637597324
614.285714285714	900	77.1213360490078	24.6	101.721336049008	DBCA	44_2	210	130.10295969169
614.285714285714	933.333333333333	78.1425976034561	24.6	102.742597603456	DBCA	44_2	70	115.435482990335
614.285714285714	966.666666666667	79.4041478002698	24.6	104.00414780027	DBCA	44_2	280	135.381624311876
628.571428571429	666.666666666667	79.3775900716095	24.6	103.977590071609	DBCA	45_1	70	116.670475458489
628.571428571429	700	82.1676143710578	24.6	106.767614371058	DBCA	45_1	140	128.921040972165
628.571428571429	733.333333333333	82.4150204062753	24.6	107.015020406275	DBCA	45_1	210	135.396644048958
628.571428571429	766.666666666667	84.450468085387	24.6	109.050468085387	DBCA	45_1	280	140.427944596993
628.571428571429	800	82.6690167234486	24.6	107.269016723449	DBCA	45_1	0	107.269016723449
628.571428571429	833.333333333333	84.0202650586437	24.6	108.620265058644	DBCA	45_2	140	130.77369165975
628.571428571429	866.666666666667	76.1616605831703	24.6	100.76166058317	DBCA	45_2	280	132.139137094777
628.571428571429	900	71.8186276774932	24.6	96.4186276774932	DBCA	45_2	70	109.111513064373
628.571428571429	933.333333333333	81.2787317039153	24.6	105.878731703915	DBCA	45_2	0	105.878731703915
628.571428571429	966.666666666667	79.7213150558175	24.6	104.321315055817	DBCA	45_2	210	132.7029386985
642.857142857143	666.666666666667	78.1832846911799	24.6	102.78328469118	DBCA	46_1	280	134.160761202786
642.857142857143	700	81.0070915507778	24.6	105.607091550778	DBCA	46_1	70	118.299976937657
642.857142857143	733.333333333333	84.2781950897914	24.6	108.878195089791	DBCA	46_1	210	137.259818732474
642.857142857143	766.666666666667	82.1302752413139	24.6	106.730275241314	DBCA	46_1	0	106.730275241314
642.857142857143	800	81.3298832900092	24.6	105.929883290009	DBCA	46_1	140	128.083309891116
642.857142857143	833.333333333333	82.2281907223336	24.6	106.828190722334	DBCA	46_2	140	128.98161732344
642.857142857143	866.666666666667	79.2825594602046	24.6	103.882559460205	DBCA	46_2	0	103.882559460205
642.857142857143	900	79.9104776698194	24.6	104.510477669819	DBCA	46_2	70	117.203363056699
642.857142857143	933.333333333333	78.877640506997	24.6	103.477640506997	DBCA	46_2	210	131.859264149679
642.857142857143	966.666666666667	81.3091111714557	24.6	105.909111171456	DBCA	46_2	280	137.286587683062
657.142857142857	666.666666666667	77.6465017958934	24.6	102.246501795893	DBCA	47_1	140	124.399928397
657.142857142857	700	78.7425768187261	24.6	103.342576818726	DBCA	47_1	280	134.720053330332
657.142857142857	733.333333333333	81.7143650491697	24.6	106.31436504917	DBCA	47_1	70	119.007250436049
657.142857142857	766.666666666667	83.5993282824984	24.6	108.199328282498	DBCA	47_1	210	136.580951925181
657.142857142857	800	82.9230276817475	24.6	107.523027681748	DBCA	47_1	0	107.523027681748
657.142857142857	833.333333333333	82.8204544501766	24.6	107.420454450177	DBCA	47_2	280	138.797930961783
657.142857142857	866.666666666667	75.1940442940879	24.6	99.7940442940879	DBCA	47_2	210	128.17566793677
657.142857142857	900	80.5212255469171	24.6	105.121225546917	DBCA	47_2	140	127.274652148024
657.142857142857	933.333333333333	78.1099743641792	24.6	102.709974364179	DBCA	47_2	70	115.402859751059
657.142857142857	966.666666666667	78.5175591849648	24.6	103.117559184965	DBCA	47_2	0	103.117559184965
671.428571428571	666.666666666667	76.7087234452519	24.6	101.308723445252	DBCA	48_1	280	132.686199956858
671.428571428571	700	79.2416743144346	24.6	103.841674314435	DBCA	48_1	70	116.534559701314
671.428571428571	733.333333333333	80.9054396916608	24.6	105.505439691661	DBCA	48_1	140	127.658866292768
671.428571428571	766.666666666667	76.2587748357223	24.6	100.858774835722	DBCA	48_1	210	129.240398478405
671.428571428571	800	80.1122942783761	24.6	104.712294278376	DBCA	48_1	0	104.712294278376
671.428571428571	833.333333333333	80.5879813373604	24.6	105.18798133736	DBCA	48_2	140	127.341407938467
671.428571428571	866.666666666667	74.7416726467251	24.6	99.3416726467251	DBCA	48_2	210	127.723296289407
671.428571428571	900	79.7459114931791	24.6	104.345911493179	DBCA	48_2	0	104.345911493179
671.428571428571	933.333333333333	76.8683586666915	24.6	101.468358666692	DBCA	48_2	280	132.845835178298
671.428571428571	966.666666666667	76.7090733498438	24.6	101.309073349844	DBCA	48_2	70	114.001958736723
685.714285714286	666.666666666667	81.736571540037	24.6	106.336571540037	DBCA	49_1	280	137.714048051643
685.714285714286	700	78.0115536416779	24.6	102.611553641678	DBCA	49_1	70	115.304439028557
685.714285714286	733.333333333333	78.3958544686951	24.6	102.995854468695	DBCA	49_1	210	131.377478111377
685.714285714286	766.666666666667	78.0640193235148	24.6	102.664019323515	DBCA	49_1	0	102.664019323515
685.714285714286	800	79.4001412893526	24.6	104.000141289353	DBCA	49_1	140	126.153567890459
685.714285714286	833.333333333333	79.7699246864377	24.6	104.369924686438	DBCA	49_2	140	126.523351287544
685.714285714286	866.666666666667	77.8116747245714	24.6	102.411674724571	DBCA	49_2	210	130.793298367254
685.714285714286	900	78.6930062272744	24.6	103.293006227274	DBCA	49_2	280	134.670482738881
685.714285714286	933.333333333333	79.7209287565726	24.6	104.320928756573	DBCA	49_2	0	104.320928756573
685.714285714286	966.666666666667	77.7577079032836	24.6	102.357707903284	DBCA	49_2	70	115.050593290163
57.1428571428571	666.666666666667	78.9222253803199	0	78.9222253803199	DBCA	5_1	210	89.7394490230023
57.1428571428571	700	77.5947452761777	0	77.5947452761777	DBCA	5_1	0	77.5947452761777
57.1428571428571	733.333333333333	81.4985701386322	0	81.4985701386322	DBCA	5_1	70	88.3366555255115
57.1428571428571	766.666666666667	76.991248884816	0	76.991248884816	DBCA	5_1	140	87.4350754859228
57.1428571428571	800	81.9927493630934	0	81.9927493630934	DBCA	5_1	280	89.9510258746996
57.1428571428571	833.333333333333	77.7954768019236	0	77.7954768019236	DBCA	5_2	280	85.7537533135298
57.1428571428571	866.666666666667	77.6709515623665	0	77.6709515623665	DBCA	5_2	0	77.6709515623665
57.1428571428571	900	80.4310012389188	0	80.4310012389188	DBCA	5_2	210	91.2482248816012
57.1428571428571	933.333333333333	77.562634291849	0	77.562634291849	DBCA	5_2	140	88.0064608929557
57.1428571428571	966.666666666667	79.7406775870685	0	79.7406775870685	DBCA	5_2	70	86.5787629739478
700	666.666666666667	77.673908249578	24.6	102.273908249578	DBCA	50_1	280	133.651384761184
700	700	79.6810725603641	24.6	104.281072560364	DBCA	50_1	210	132.662696203046
700	733.333333333333	75.3686411463416	24.6	99.9686411463416	DBCA	50_1	140	122.122067747448
700	766.666666666667	78.5334405220729	24.6	103.133440522073	DBCA	50_1	70	115.826325908952
700	800	79.7280516135997	24.6	104.3280516136	DBCA	50_1	0	104.3280516136
700	833.333333333333	77.7607023802847	24.6	102.360702380285	DBCA	50_2	140	124.514128981391
700	866.666666666667	73.9166306834778	24.6	98.5166306834778	DBCA	50_2	210	126.89825432616
700	900	79.4457582068744	24.6	104.045758206874	DBCA	50_2	0	104.045758206874
700	933.333333333333	79.1104398299096	24.6	103.71043982991	DBCA	50_2	280	135.087916341516
700	966.666666666667	74.9026195654246	24.6	99.5026195654246	DBCA	50_2	70	112.195504952304
714.285714285714	666.666666666667	77.2064355904563	24.6	101.806435590456	DBCA	51_1	280	133.183912102062
714.285714285714	700	79.4215345147372	24.6	104.021534514737	DBCA	51_1	0	104.021534514737
714.285714285714	733.333333333333	82.9518449413369	24.6	107.551844941337	DBCA	51_1	140	129.705271542444
714.285714285714	766.666666666667	76.6765699322006	24.6	101.276569932201	DBCA	51_1	210	129.658193574883
714.285714285714	800	77.7757714467778	24.6	102.375771446778	DBCA	51_1	70	115.068656833657
714.285714285714	833.333333333333	73.9814033282523	24.6	98.5814033282523	DBCA	51_2	140	120.734829929359
714.285714285714	866.666666666667	78.417966175456	24.6	103.017966175456	DBCA	51_2	210	131.399589818138
714.285714285714	900	77.4281660894741	24.6	102.028166089474	DBCA	51_2	280	133.40564260108
714.285714285714	933.333333333333	78.9995609358573	24.6	103.599560935857	DBCA	51_2	0	103.599560935857
714.285714285714	966.666666666667	76.3136048212941	24.6	100.913604821294	DBCA	51_2	70	113.606490208173
728.571428571429	666.666666666667	80.6422624566853	24.6	105.242262456685	DBCA	52_1	280	136.619738968292
728.571428571429	700	83.2507919751142	24.6	107.850791975114	DBCA	52_1	70	120.543677361993
728.571428571429	733.333333333333	83.729904465721	24.6	108.329904465721	DBCA	52_1	0	108.329904465721
728.571428571429	766.666666666667	79.213506554492	24.6	103.813506554492	DBCA	52_1	210	132.195130197174
728.571428571429	800	77.9278407425969	24.6	102.527840742597	DBCA	52_1	140	124.681267343704
728.571428571429	833.333333333333	76.0807603714415	24.6	100.680760371441	DBCA	52_2	0	100.680760371441
728.571428571429	866.666666666667	78.0303532306992	24.6	102.630353230699	DBCA	52_2	140	124.783779831806
728.571428571429	900	74.7503230579099	24.6	99.3503230579099	DBCA	52_2	70	112.043208444789
728.571428571429	933.333333333333	75.8999122294606	24.6	100.499912229461	DBCA	52_2	210	128.881535872143
728.571428571429	966.666666666667	78.8570128578506	24.6	103.457012857851	DBCA	52_2	280	134.834489369457
742.857142857143	666.666666666667	82.9308967319936	24.6	107.530896731994	DBCA	53_1	210	135.912520374676
742.857142857143	700	84.6576722118903	24.6	109.25767221189	DBCA	53_1	280	140.635148723497
742.857142857143	733.333333333333	82.0050278290654	24.6	106.605027829065	DBCA	53_1	0	106.605027829065
742.857142857143	766.666666666667	78.4445250295712	24.6	103.044525029571	DBCA	53_1	140	125.197951630678
742.857142857143	800	82.1389067474144	24.6	106.738906747414	DBCA	53_1	70	119.431792134294
742.857142857143	833.333333333333	75.1589229140311	24.6	99.7589229140311	DBCA	53_2	280	131.136399425637
742.857142857143	866.666666666667	75.9077872892143	24.6	100.507787289214	DBCA	53_2	0	100.507787289214
742.857142857143	900	76.0647885620467	24.6	100.664788562047	DBCA	53_2	70	113.357673948926
742.857142857143	933.333333333333	77.0032921642659	24.6	101.603292164266	DBCA	53_2	140	123.756718765373
742.857142857143	966.666666666667	78.7761164042098	24.6	103.37611640421	DBCA	53_2	210	131.757740046892
757.142857142857	666.666666666667	82.2981215122386	24.6	106.898121512239	DBCA	54_1	70	119.591006899118
757.142857142857	700	87.2383860155892	24.6	111.838386015589	DBCA	54_1	210	140.220009658272
757.142857142857	733.333333333333	82.5527439893649	24.6	107.152743989365	DBCA	54_1	280	138.530220500971
757.142857142857	766.666666666667	77.5094301335229	24.6	102.109430133523	DBCA	54_1	0	102.109430133523
757.142857142857	800	84.3585176467008	24.6	108.958517646701	DBCA	54_1	140	131.111944247808
757.142857142857	833.333333333333	80.0967074888434	24.6	104.696707488843	DBCA	54_2	140	126.85013408995
757.142857142857	866.666666666667	76.4518363335843	24.6	101.051836333584	DBCA	54_2	70	113.744721720464
757.142857142857	900	76.7832052087446	24.6	101.383205208745	DBCA	54_2	280	132.760681720351
757.142857142857	933.333333333333	73.9101303381382	24.6	98.5101303381382	DBCA	54_2	0	98.5101303381382
757.142857142857	966.666666666667	78.971506131184	24.6	103.571506131184	DBCA	54_2	210	131.953129773866
771.428571428571	666.666666666667	80.2252188929582	24.6	104.825218892958	DBCA	55_1	210	133.206842535641
771.428571428571	700	83.8681123384198	24.6	108.46811233842	DBCA	55_1	0	108.46811233842
771.428571428571	733.333333333333	83.7683398784647	24.6	108.368339878465	DBCA	55_1	140	130.521766479571
771.428571428571	766.666666666667	81.8817810607736	24.6	106.481781060774	DBCA	55_1	280	137.85925757238
771.428571428571	800	81.8238897250451	24.6	106.423889725045	DBCA	55_1	70	119.116775111924
771.428571428571	833.333333333333	82.4562577986558	24.6	107.056257798656	DBCA	55_2	140	129.209684399763
771.428571428571	866.666666666667	79.7257944306422	24.6	104.325794430642	DBCA	55_2	280	135.703270942248
771.428571428571	900	77.2309793994997	24.6	101.8309793995	DBCA	55_2	210	130.212603042182
771.428571428571	933.333333333333	75.9164654917843	24.6	100.516465491784	DBCA	55_2	70	113.209350878664
771.428571428571	966.666666666667	75.7008604770793	24.6	100.300860477079	DBCA	55_2	0	100.300860477079
785.714285714286	666.666666666667	76.8155406923933	24.6	101.415540692393	DBCA	56_1	140	123.5689672935
785.714285714286	700	84.5846739967924	24.6	109.184673996792	DBCA	56_1	210	137.566297639475
785.714285714286	733.333333333333	85.0454616676342	24.6	109.645461667634	DBCA	56_1	70	122.338347054513
785.714285714286	766.666666666667	82.4892324995291	24.6	107.089232499529	DBCA	56_1	0	107.089232499529
785.714285714286	800	81.0037716884883	24.6	105.603771688488	DBCA	56_1	280	136.981248200095
785.714285714286	833.333333333333	80.9644717943447	24.6	105.564471794345	DBCA	56_2	210	133.946095437027
785.714285714286	866.666666666667	81.4209923196037	24.6	106.020992319604	DBCA	56_2	140	128.17441892071
785.714285714286	900	78.4217932283445	24.6	103.021793228345	DBCA	56_2	0	103.021793228345
785.714285714286	933.333333333333	79.0383794139846	24.6	103.638379413985	DBCA	56_2	280	135.015855925591
785.714285714286	966.666666666667	77.4364538737687	24.6	102.036453873769	DBCA	56_2	70	114.729339260648
800	666.666666666667	78.7659964015308	24.6	103.365996401531	DBCA	57_1	70	116.05888178841
800	700	84.4702642741589	24.6	109.070264274159	DBCA	57_1	0	109.070264274159
800	733.333333333333	80.4875620022992	24.6	105.087562002299	DBCA	57_1	140	127.240988603406
800	766.666666666667	82.9613921652376	24.6	107.561392165238	DBCA	57_1	210	135.94301580792
800	800	82.7786527226195	24.6	107.378652722619	DBCA	57_1	280	138.756129234226
800	833.333333333333	78.2564311915313	24.6	102.856431191531	DBCA	57_2	280	134.233907703138
800	866.666666666667	83.0433682219887	24.6	107.643368221989	DBCA	57_2	140	129.796794823095
800	900	79.6904923554187	24.6	104.290492355419	DBCA	57_2	0	104.290492355419
800	933.333333333333	80.8589756928219	24.6	105.458975692822	DBCA	57_2	70	118.151861079701
800	966.666666666667	76.3255747003292	24.6	100.925574700329	DBCA	57_2	210	129.307198343012
814.285714285714	666.666666666667	81.4285871818522	24.6	106.028587181852	DBCA	58_1	210	134.410210824535
814.285714285714	700	78.9629632332615	24.6	103.562963233261	DBCA	58_1	70	116.255848620141
814.285714285714	733.333333333333	82.2938509282785	24.6	106.893850928278	DBCA	58_1	0	106.893850928278
814.285714285714	766.666666666667	83.1332658917928	24.6	107.733265891793	DBCA	58_1	280	139.110742403399
814.285714285714	800	84.6555742659689	24.6	109.255574265969	DBCA	58_1	140	131.409000867076
814.285714285714	833.333333333333	81.5285786037796	24.6	106.12857860378	DBCA	58_2	0	106.12857860378
814.285714285714	866.666666666667	82.7511351740222	24.6	107.351135174022	DBCA	58_2	210	135.732758816705
814.285714285714	900	82.02395581475	24.6	106.62395581475	DBCA	58_2	70	119.316841201629
814.285714285714	933.333333333333	80.751256695741	24.6	105.351256695741	DBCA	58_2	140	127.504683296848
814.285714285714	966.666666666667	74.6254755983966	24.6	99.2254755983966	DBCA	58_2	280	130.602952110003
828.571428571429	666.666666666667	75.9919409365935	24.6	100.591940936594	DBCA	59_1	0	100.591940936594
828.571428571429	700	79.9705745593595	24.6	104.570574559359	DBCA	59_1	140	126.724001160466
828.571428571429	733.333333333333	83.8709405975877	24.6	108.470940597588	DBCA	59_1	70	121.163825984467
828.571428571429	766.666666666667	80.9583591795529	24.6	105.558359179553	DBCA	59_1	280	136.935835691159
828.571428571429	800	82.4736787553253	24.6	107.073678755325	DBCA	59_1	210	135.455302398008
828.571428571429	833.333333333333	84.5709361946038	24.6	109.170936194604	DBCA	59_2	0	109.170936194604
828.571428571429	866.666666666667	81.3109948982655	24.6	105.910994898266	DBCA	59_2	70	118.603880285145
828.571428571429	900	83.5561379296731	24.6	108.156137929673	DBCA	59_2	210	136.537761572355
828.571428571429	933.333333333333	79.5541057871736	24.6	104.154105787174	DBCA	59_2	280	135.53158229878
828.571428571429	966.666666666667	76.3042673174934	24.6	100.904267317493	DBCA	59_2	140	123.0576939186
71.4285714285714	666.666666666667	77.6298409518972	0	77.6298409518972	DBCA	6_1	70	84.4679263387765
71.4285714285714	700	78.7856845234499	0	78.7856845234499	DBCA	6_1	140	89.2295111245567
71.4285714285714	733.333333333333	79.2305161636418	0	79.2305161636418	DBCA	6_1	280	87.188792675248
71.4285714285714	766.666666666667	80.7634874040698	0	80.7634874040698	DBCA	6_1	0	80.7634874040698
71.4285714285714	800	77.6753748063591	0	77.6753748063591	DBCA	6_1	210	88.4925984490415
71.4285714285714	833.333333333333	82.9226143962343	0	82.9226143962343	DBCA	6_2	0	82.9226143962343
71.4285714285714	866.666666666667	83.2420741315856	0	83.2420741315856	DBCA	6_2	210	94.059297774268
71.4285714285714	900	84.0002464529166	0	84.0002464529166	DBCA	6_2	140	94.4440730540233
71.4285714285714	933.333333333333	82.3556789647477	0	82.3556789647477	DBCA	6_2	70	89.193764351627
71.4285714285714	966.666666666667	80.0921429360713	0	80.0921429360713	DBCA	6_2	280	88.0504194476775
842.857142857143	666.666666666667	74.9973628163167	24.6	99.5973628163167	DBCA	60_1	210	127.978986458999
842.857142857143	700	80.0912744768688	24.6	104.691274476869	DBCA	60_1	70	117.384159863748
842.857142857143	733.333333333333	82.8613942885455	24.6	107.461394288545	DBCA	60_1	280	138.838870800152
842.857142857143	766.666666666667	79.4246037573003	24.6	104.0246037573	DBCA	60_1	0	104.0246037573
842.857142857143	800	79.6586739078171	24.6	104.258673907817	DBCA	60_1	140	126.412100508924
842.857142857143	833.333333333333	85.2987841949587	24.6	109.898784194959	DBCA	60_2	0	109.898784194959
842.857142857143	866.666666666667	81.2389111315851	24.6	105.838911131585	DBCA	60_2	140	127.992337732692
842.857142857143	900	80.6426464643126	24.6	105.242646464313	DBCA	60_2	210	133.624270106995
842.857142857143	933.333333333333	77.3977503883901	24.6	101.99775038839	DBCA	60_2	280	133.375226899996
842.857142857143	966.666666666667	77.8339882349326	24.6	102.433988234933	DBCA	60_2	70	115.126873621812
857.142857142857	666.666666666667	75.6420577877775	24.6	100.242057787777	DBCA	61_1	0	100.242057787777
857.142857142857	700	76.7640327638104	24.6	101.36403276381	DBCA	61_1	70	114.05691815069
857.142857142857	733.333333333333	80.6610674267844	24.6	105.261067426784	DBCA	61_1	210	133.642691069467
857.142857142857	766.666666666667	76.9336270208712	24.6	101.533627020871	DBCA	61_1	280	132.911103532477
857.142857142857	800	81.2756423680287	24.6	105.875642368029	DBCA	61_1	140	128.029068969135
857.142857142857	833.333333333333	85.8841827052905	24.6	110.48418270529	DBCA	61_2	280	141.861659216897
857.142857142857	866.666666666667	84.132483946651	24.6	108.732483946651	DBCA	61_2	210	137.114107589333
857.142857142857	900	81.0192027922262	24.6	105.619202792226	DBCA	61_2	140	127.772629393333
857.142857142857	933.333333333333	80.4824705682106	24.6	105.082470568211	DBCA	61_2	70	117.77535595509
857.142857142857	966.666666666667	77.5402717176927	24.6	102.140271717693	DBCA	61_2	0	102.140271717693
871.428571428571	666.666666666667	74.5806889195	24.6	99.1806889195	DBCA	62_1	210	127.562312562182
871.428571428571	700	79.8955762053231	24.6	104.495576205323	DBCA	62_1	140	126.64900280643
871.428571428571	733.333333333333	77.6785281639301	24.6	102.27852816393	DBCA	62_1	0	102.27852816393
871.428571428571	766.666666666667	77.1691776490853	24.6	101.769177649085	DBCA	62_1	280	133.146654160692
871.428571428571	800	82.4988404242789	24.6	107.098840424279	DBCA	62_1	70	119.791725811158
871.428571428571	833.333333333333	82.0298483940427	24.6	106.629848394043	DBCA	62_2	140	128.783274995149
871.428571428571	866.666666666667	85.196842544903	24.6	109.796842544903	DBCA	62_2	0	109.796842544903
871.428571428571	900	82.535600713713	24.6	107.135600713713	DBCA	62_2	210	135.517224356395
871.428571428571	933.333333333333	84.5545999024561	24.6	109.154599902456	DBCA	62_2	70	121.847485289335
871.428571428571	966.666666666667	79.5928893612172	24.6	104.192889361217	DBCA	62_2	280	135.570365872823
885.714285714286	666.666666666667	76.2014609114015	24.6	100.801460911401	DBCA	63_1	0	100.801460911401
885.714285714286	700	79.7677112958859	24.6	104.367711295886	DBCA	63_1	70	117.060596682765
885.714285714286	733.333333333333	81.4786753672864	24.6	106.078675367286	DBCA	63_1	280	137.456151878893
885.714285714286	766.666666666667	78.6343231888386	24.6	103.234323188839	DBCA	63_1	140	125.387749789945
885.714285714286	800	78.333631803017	24.6	102.933631803017	DBCA	63_1	210	131.315255445699
885.714285714286	833.333333333333	81.3723359598139	24.6	105.972335959814	DBCA	63_2	140	128.125762560921
885.714285714286	866.666666666667	81.9019337385656	24.6	106.501933738566	DBCA	63_2	0	106.501933738566
885.714285714286	900	84.2954582997231	24.6	108.895458299723	DBCA	63_2	210	137.277081942406
885.714285714286	933.333333333333	79.8698626314335	24.6	104.469862631433	DBCA	63_2	280	135.84733914304
885.714285714286	966.666666666667	77.414779173795	24.6	102.014779173795	DBCA	63_2	70	114.707664560674
900	666.666666666667	80.3845069780686	24.6	104.984506978069	DBCA	64_1	0	104.984506978069
900	700	81.4569421316797	24.6	106.05694213168	DBCA	64_1	70	118.749827518559
900	733.333333333333	80.5510785596986	24.6	105.151078559699	DBCA	64_1	140	127.304505160805
900	766.666666666667	76.2658255944839	24.6	100.865825594484	DBCA	64_1	210	129.247449237166
900	800	78.9615370755729	24.6	103.561537075573	DBCA	64_1	280	134.939013587179
900	833.333333333333	80.8200964540972	24.6	105.420096454097	DBCA	64_2	0	105.420096454097
900	866.666666666667	79.5188253357827	24.6	104.118825335783	DBCA	64_2	210	132.500448978465
900	900	84.089188204908	24.6	108.689188204908	DBCA	64_2	140	130.842614806015
900	933.333333333333	78.7821056221428	24.6	103.382105622143	DBCA	64_2	70	116.074991009022
900	966.666666666667	77.8820070207756	24.6	102.482007020776	DBCA	64_2	280	133.859483532382
914.285714285714	666.666666666667	77.023400600129	24.6	101.623400600129	DBCA	65_1	140	123.776827201236
914.285714285714	700	82.5287537295868	24.6	107.128753729587	DBCA	65_1	70	119.821639116466
914.285714285714	733.333333333333	78.9237700723007	24.6	103.523770072301	DBCA	65_1	0	103.523770072301
914.285714285714	766.666666666667	77.3479316807429	24.6	101.947931680743	DBCA	65_1	210	130.329555323425
914.285714285714	800	78.5145176490678	24.6	103.114517649068	DBCA	65_1	280	134.491994160674
914.285714285714	833.333333333333	78.7189948085043	24.6	103.318994808504	DBCA	65_2	210	131.700618451187
914.285714285714	866.666666666667	80.567165501136	24.6	105.167165501136	DBCA	65_2	0	105.167165501136
914.285714285714	900	80.4524517636152	24.6	105.052451763615	DBCA	65_2	140	127.205878364722
914.285714285714	933.333333333333	79.0521598702738	24.6	103.652159870274	DBCA	65_2	70	116.345045257153
914.285714285714	966.666666666667	78.2329786366202	24.6	102.83297863662	DBCA	65_2	280	134.210455148226
928.571428571429	666.666666666667	77.2991644551637	24.6	101.899164455164	DBCA	66_1	70	114.592049842043
928.571428571429	700	81.4088025068236	24.6	106.008802506824	DBCA	66_1	210	134.390426149506
928.571428571429	733.333333333333	78.5426635347925	24.6	103.142663534793	DBCA	66_1	140	125.296090135899
928.571428571429	766.666666666667	78.7731763713256	24.6	103.373176371326	DBCA	66_1	0	103.373176371326
928.571428571429	800	80.5136500077773	24.6	105.113650007777	DBCA	66_1	280	136.491126519384
928.571428571429	833.333333333333	77.3778732312443	24.6	101.977873231244	DBCA	66_2	280	133.35534974285
928.571428571429	866.666666666667	79.6852134614466	24.6	104.285213461447	DBCA	66_2	70	116.978098848326
928.571428571429	900	81.4323274589277	24.6	106.032327458928	DBCA	66_2	210	134.41395110161
928.571428571429	933.333333333333	75.6206166026914	24.6	100.220616602691	DBCA	66_2	0	100.220616602691
928.571428571429	966.666666666667	76.7559743065004	24.6	101.3559743065	DBCA	66_2	140	123.509400907607
942.857142857143	666.666666666667	80.011964274042	24.6	104.611964274042	DBCA	67_1	210	132.993587916724
942.857142857143	700	80.2432838209155	24.6	104.843283820916	DBCA	67_1	140	126.996710422022
942.857142857143	733.333333333333	82.6868333318401	24.6	107.28683333184	DBCA	67_1	280	138.664309843446
942.857142857143	766.666666666667	82.0722256226584	24.6	106.672225622658	DBCA	67_1	0	106.672225622658
942.857142857143	800	79.3825000627824	24.6	103.982500062782	DBCA	67_1	70	116.675385449662
942.857142857143	833.333333333333	79.3882312618177	24.6	103.988231261818	DBCA	67_2	0	103.988231261818
942.857142857143	866.666666666667	79.4875650101734	24.6	104.087565010173	DBCA	67_2	280	135.46504152178
942.857142857143	900	80.9516544991061	24.6	105.551654499106	DBCA	67_2	70	118.244539885985
942.857142857143	933.333333333333	77.9181330332793	24.6	102.518133033279	DBCA	67_2	140	124.671559634386
942.857142857143	966.666666666667	76.5671618899446	24.6	101.167161889945	DBCA	67_2	210	129.548785532627
957.142857142857	666.666666666667	79.9054447430308	24.6	104.505444743031	DBCA	68_1	210	132.887068385713
957.142857142857	700	81.6055122552175	24.6	106.205512255217	DBCA	68_1	0	106.205512255217
957.142857142857	733.333333333333	86.3231632564306	24.6	110.923163256431	DBCA	68_1	70	123.61604864331
957.142857142857	766.666666666667	84.0759348503818	24.6	108.675934850382	DBCA	68_1	140	130.829361451489
957.142857142857	800	77.4364435020108	24.6	102.036443502011	DBCA	68_1	280	133.413920013617
957.142857142857	833.333333333333	78.7530563599992	24.6	103.353056359999	DBCA	68_2	140	125.506482961106
957.142857142857	866.666666666667	79.5716173884878	24.6	104.171617388488	DBCA	68_2	210	132.55324103117
957.142857142857	900	79.5368126518428	24.6	104.136812651843	DBCA	68_2	0	104.136812651843
957.142857142857	933.333333333333	79.6257975781933	24.6	104.225797578193	DBCA	68_2	70	116.918682965073
957.142857142857	966.666666666667	76.3180825779575	24.6	100.918082577957	DBCA	68_2	280	132.295559089564
971.428571428571	666.666666666667	80.8142079546086	24.6	105.414207954609	DBCA	69_1	210	133.795831597291
971.428571428571	700	84.4081965812905	24.6	109.008196581291	DBCA	69_1	0	109.008196581291
971.428571428571	733.333333333333	85.3539516269674	24.6	109.953951626967	DBCA	69_1	70	122.646837013847
971.428571428571	766.666666666667	84.9624810156005	24.6	109.5624810156	DBCA	69_1	140	131.715907616707
971.428571428571	800	77.5779763250606	24.6	102.177976325061	DBCA	69_1	280	133.555452836667
971.428571428571	833.333333333333	80.9542586959654	24.6	105.554258695965	DBCA	69_2	70	118.247144082845
971.428571428571	866.666666666667	75.7784935642659	24.6	100.378493564266	DBCA	69_2	280	131.755970075872
971.428571428571	900	80.3497873947806	24.6	104.949787394781	DBCA	69_2	210	133.331411037463
971.428571428571	933.333333333333	78.990160117956	24.6	103.590160117956	DBCA	69_2	140	125.743586719063
971.428571428571	966.666666666667	76.5782086991985	24.6	101.178208699198	DBCA	69_2	0	101.178208699198
85.7142857142857	666.666666666667	78.1792138693159	0	78.1792138693159	DBCA	7_1	210	88.9964375119983
85.7142857142857	700	76.6176472182672	0	76.6176472182672	DBCA	7_1	0	76.6176472182672
85.7142857142857	733.333333333333	81.7739742108558	0	81.7739742108558	DBCA	7_1	280	89.732250722462
85.7142857142857	766.666666666667	80.2838467143292	0	80.2838467143292	DBCA	7_1	140	90.727673315436
85.7142857142857	800	77.3783159135371	0	77.3783159135371	DBCA	7_1	70	84.2164013004164
85.7142857142857	833.333333333333	80.1714436212056	0	80.1714436212056	DBCA	7_2	140	90.6152702223124
85.7142857142857	866.666666666667	78.1127013131851	0	78.1127013131851	DBCA	7_2	210	88.9299249558675
85.7142857142857	900	80.2975899462703	0	80.2975899462703	DBCA	7_2	280	88.2558664578765
85.7142857142857	933.333333333333	80.377360674947	0	80.377360674947	DBCA	7_2	0	80.377360674947
85.7142857142857	966.666666666667	77.2037330298936	0	77.2037330298936	DBCA	7_2	70	84.0418184167729
985.714285714286	666.666666666667	83.785787629056	24.6	108.385787629056	DBCA	70_1	0	108.385787629056
985.714285714286	700	83.8718807319644	24.6	108.471880731964	DBCA	70_1	280	139.849357243571
985.714285714286	733.333333333333	81.2679802568105	24.6	105.86798025681	DBCA	70_1	210	134.249603899493
985.714285714286	766.666666666667	82.9743655902394	24.6	107.574365590239	DBCA	70_1	140	129.727792191346
985.714285714286	800	82.5720269527797	24.6	107.17202695278	DBCA	70_1	70	119.864912339659
985.714285714286	833.333333333333	82.0400831265289	24.6	106.640083126529	DBCA	70_2	140	128.793509727636
985.714285714286	866.666666666667	80.4694678239955	24.6	105.069467823995	DBCA	70_2	280	136.446944335602
985.714285714286	900	76.9085354843053	24.6	101.508535484305	DBCA	70_2	210	129.890159126988
985.714285714286	933.333333333333	78.4118946739081	24.6	103.011894673908	DBCA	70_2	0	103.011894673908
985.714285714286	966.666666666667	80.5379759089267	24.6	105.137975908927	DBCA	70_2	70	117.830861295806
1000	666.666666666667	84.1809621119881	24.6	108.780962111988	DBCA	71_1	210	137.162585754671
1000	700	79.469859027483	24.6	104.069859027483	DBCA	71_1	0	104.069859027483
1000	733.333333333333	84.4854572835725	24.6	109.085457283573	DBCA	71_1	280	140.462933795179
1000	766.666666666667	79.1438645074577	24.6	103.743864507458	DBCA	71_1	70	116.436749894337
1000	800	80.8728269597872	24.6	105.472826959787	DBCA	71_1	140	127.626253560894
1000	833.333333333333	79.894941847321	24.6	104.494941847321	DBCA	71_2	280	135.872418358927
1000	866.666666666667	80.039853481687	24.6	104.639853481687	DBCA	71_2	210	133.021477124369
1000	900	76.2902378509114	24.6	100.890237850911	DBCA	71_2	140	123.043664452018
1000	933.333333333333	84.3217526961518	24.6	108.921752696152	DBCA	71_2	0	108.921752696152
1000	966.666666666667	82.4313284844178	24.6	107.031328484418	DBCA	71_2	70	119.724213871297
100	666.666666666667	75.991970393569	0	75.991970393569	DBCA	8_1	280	83.9502469051752
100	700	74.9179683445208	0	74.9179683445208	DBCA	8_1	210	85.7351919872032
100	733.333333333333	78.3457912320038	0	78.3457912320038	DBCA	8_1	70	85.1838766188831
100	766.666666666667	78.549035656681	0	78.549035656681	DBCA	8_1	140	88.9928622577877
100	800	77.7178775681759	0	77.7178775681759	DBCA	8_1	0	77.7178775681759
100	833.333333333333	77.9587622347632	0	77.9587622347632	DBCA	8_2	280	85.9170387463694
100	866.666666666667	80.4947631871389	0	80.4947631871389	DBCA	8_2	140	90.9385897882457
100	900	79.2415170715717	0	79.2415170715717	DBCA	8_2	0	79.2415170715717
100	933.333333333333	80.956906750842	0	80.956906750842	DBCA	8_2	210	91.7741303935244
100	966.666666666667	83.2578752244283	0	83.2578752244283	DBCA	8_2	70	90.0959606113076
114.285714285714	666.666666666667	77.5983346435525	0	77.5983346435525	DBCA	9_1	70	84.4364200304318
114.285714285714	700	78.6821764277206	0	78.6821764277206	DBCA	9_1	280	86.6404529393268
114.285714285714	733.333333333333	77.233495252196	0	77.233495252196	DBCA	9_1	0	77.233495252196
114.285714285714	766.666666666667	81.6660026528919	0	81.6660026528919	DBCA	9_1	210	92.4832262955744
114.285714285714	800	81.7994247200804	0	81.7994247200804	DBCA	9_1	140	92.2432513211872
114.285714285714	833.333333333333	81.3507560036117	0	81.3507560036117	DBCA	9_2	140	91.7945826047184
114.285714285714	866.666666666667	81.8821808749561	0	81.8821808749561	DBCA	9_2	280	89.8404573865623
114.285714285714	900	78.3901030024819	0	78.3901030024819	DBCA	9_2	210	89.2073266451643
114.285714285714	933.333333333333	79.3142178456055	0	79.3142178456055	DBCA	9_2	70	86.1523032324848
114.285714285714	966.666666666667	80.6155157847392	0	80.6155157847392	DBCA	9_2	0	80.6155157847392
0	1000	77.2157341804534	0	77.2157341804534	DBCA	1_3	NA	NA
14.2857142857143	1000	75.8960763491503	0	75.8960763491503	DBCA	2_3	NA	NA
28.5714285714286	1000	78.9070594188836	0	78.9070594188836	DBCA	3_3	NA	NA
42.8571428571429	1000	77.054515003042	0	77.054515003042	DBCA	4_3	NA	NA
57.1428571428571	1000	74.7891224829727	0	74.7891224829727	DBCA	5_3	NA	NA
71.4285714285714	1000	75.0528634991481	0	75.0528634991481	DBCA	6_3	NA	NA
85.7142857142857	1000	74.3630695115607	0	74.3630695115607	DBCA	7_3	NA	NA
100	1000	77.9982047207569	0	77.9982047207569	DBCA	8_3	NA	NA
114.285714285714	1000	78.8218611881556	0	78.8218611881556	DBCA	9_3	NA	NA
128.571428571429	1000	77.975594385508	0	77.975594385508	DBCA	10_3	NA	NA
142.857142857143	1000	76.1883077569434	0	76.1883077569434	DBCA	11_3	NA	NA
157.142857142857	1000	73.6615218839569	0	73.6615218839569	DBCA	12_3	NA	NA
171.428571428571	1000	74.3341418092885	0	74.3341418092885	DBCA	13_3	NA	NA
185.714285714286	1000	78.6467705170036	0	78.6467705170036	DBCA	14_3	NA	NA
200	1000	77.7095396851786	0	77.7095396851786	DBCA	15_3	NA	NA
214.285714285714	1000	79.9811992940721	0	79.9811992940721	DBCA	16_3	NA	NA
228.571428571429	1000	78.9502494979156	0	78.9502494979156	DBCA	17_3	NA	NA
242.857142857143	1000	79.5441981101458	0	79.5441981101458	DBCA	18_3	NA	NA
257.142857142857	1000	78.4160919142637	0	78.4160919142637	DBCA	19_3	NA	NA
271.428571428571	1000	76.6767362736826	0	76.6767362736826	DBCA	20_3	NA	NA
285.714285714286	1000	79.0246458793679	0	79.0246458793679	DBCA	21_3	NA	NA
300	1000	77.2159160647891	0	77.2159160647891	DBCA	22_3	NA	NA
314.285714285714	1000	74.4825454406693	0	74.4825454406693	DBCA	23_3	NA	NA
328.571428571429	1000	78.7459214109091	0	78.7459214109091	DBCA	24_3	NA	NA
342.857142857143	1000	74.632565031126	0	74.632565031126	DBCA	25_3	NA	NA
357.142857142857	1000	77.4862917551491	0	77.4862917551491	DBCA	26_3	NA	NA
371.428571428571	1000	78.5700060012331	0	78.5700060012331	DBCA	27_3	NA	NA
385.714285714286	1000	79.2461057552839	0	79.2461057552839	DBCA	28_3	NA	NA
400	1000	77.0991159655129	0	77.0991159655129	DBCA	29_3	NA	NA
414.285714285714	1000	79.5526723398828	0	79.5526723398828	DBCA	30_3	NA	NA
428.571428571429	1000	78.6387970044764	0	78.6387970044764	DBCA	31_3	NA	NA
442.857142857143	1000	77.6041043223726	0	77.6041043223726	DBCA	32_3	NA	NA
457.142857142857	1000	80.2952946323471	0	80.2952946323471	DBCA	33_3	NA	NA
471.428571428571	1000	80.9768780275982	0	80.9768780275982	DBCA	34_3	NA	NA
485.714285714286	1000	75.3642138513595	0	75.3642138513595	DBCA	35_3	NA	NA
500	1000	78.2068794711402	0	78.2068794711402	DBCA	36_3	NA	NA
514.285714285714	1000	77.1926902891705	24.6	101.79269028917	DBCA	37_3	NA	NA
528.571428571429	1000	77.5085625519956	24.6	102.108562551996	DBCA	38_3	NA	NA
542.857142857143	1000	77.301533783604	24.6	101.901533783604	DBCA	39_3	NA	NA
557.142857142857	1000	81.6943444525193	24.6	106.294344452519	DBCA	40_3	NA	NA
571.428571428571	1000	77.2249050395084	24.6	101.824905039508	DBCA	41_3	NA	NA
585.714285714286	1000	77.1179571338782	24.6	101.717957133878	DBCA	42_3	NA	NA
600	1000	79.2197488379738	24.6	103.819748837974	DBCA	43_3	NA	NA
614.285714285714	1000	81.2541713496755	24.6	105.854171349675	DBCA	44_3	NA	NA
628.571428571429	1000	80.0617885453564	24.6	104.661788545356	DBCA	45_3	NA	NA
642.857142857143	1000	78.877101867719	24.6	103.477101867719	DBCA	46_3	NA	NA
657.142857142857	1000	79.3587980380512	24.6	103.958798038051	DBCA	47_3	NA	NA
671.428571428571	1000	77.6965904070819	24.6	102.296590407082	DBCA	48_3	NA	NA
685.714285714286	1000	76.010963044172	24.6	100.610963044172	DBCA	49_3	NA	NA
700	1000	75.0711171235005	24.6	99.6711171235005	DBCA	50_3	NA	NA
714.285714285714	1000	75.522578024687	24.6	100.122578024687	DBCA	51_3	NA	NA
728.571428571429	1000	80.1690923543634	24.6	104.769092354363	DBCA	52_3	NA	NA
742.857142857143	1000	82.0497800776032	24.6	106.649780077603	DBCA	53_3	NA	NA
757.142857142857	1000	78.8282495438981	24.6	103.428249543898	DBCA	54_3	NA	NA
771.428571428571	1000	77.0104976213592	24.6	101.610497621359	DBCA	55_3	NA	NA
785.714285714286	1000	73.7938957055302	24.6	98.3938957055302	DBCA	56_3	NA	NA
800	1000	73.2666611575916	24.6	97.8666611575916	DBCA	57_3	NA	NA
814.285714285714	1000	75.3438326586998	24.6	99.9438326586998	DBCA	58_3	NA	NA
828.571428571429	1000	73.1752975453608	24.6	97.7752975453608	DBCA	59_3	NA	NA
842.857142857143	1000	77.1121628172898	24.6	101.71216281729	DBCA	60_3	NA	NA
857.142857142857	1000	75.9552468917471	24.6	100.555246891747	DBCA	61_3	NA	NA
871.428571428571	1000	77.5301209390858	24.6	102.130120939086	DBCA	62_3	NA	NA
885.714285714286	1000	77.3295890908851	24.6	101.929589090885	DBCA	63_3	NA	NA
900	1000	75.4730220641149	24.6	100.073022064115	DBCA	64_3	NA	NA
914.285714285714	1000	76.1020506956869	24.6	100.702050695687	DBCA	65_3	NA	NA
928.571428571429	1000	74.543444214184	24.6	99.143444214184	DBCA	66_3	NA	NA
942.857142857143	1000	75.053018963949	24.6	99.653018963949	DBCA	67_3	NA	NA
957.142857142857	1000	79.3652900431802	24.6	103.96529004318	DBCA	68_3	NA	NA
971.428571428571	1000	80.7696423185185	24.6	105.369642318519	DBCA	69_3	NA	NA
985.714285714286	1000	83.489792974067	24.6	108.089792974067	DBCA	70_3	NA	NA
1000	1000	86.0968388266357	24.6	110.696838826636	DBCA	71_3	NA	NA
