x	y	variable1	Zona	ErrorConEfecto	Disenio	Bloque	AsigTrat	MiRto
0	666.666666666667	73.4489233937325	0	73.4489233937325	DBCA	1_1	140	86.7177178466156
0	700	76.2713703801239	0	76.2713703801239	DBCA	1_1	70	84.2070855730575
0	733.333333333333	78.7185704434936	0	78.7185704434936	DBCA	1_1	280	94.8456156173232
0	766.666666666667	77.64046682775	0	77.64046682775	DBCA	1_1	0	77.64046682775
0	800	77.7757356993583	0	77.7757356993583	DBCA	1_1	210	93.7749734792068
0	833.333333333333	79.648253830002	0	79.648253830002	DBCA	1_2	280	95.7752990038316
0	866.666666666667	80.1172022758856	0	80.1172022758856	DBCA	1_2	70	88.0529174688192
0	900	81.610170055014	0	81.610170055014	DBCA	1_2	140	94.8789645078971
0	933.333333333333	81.7832088743234	0	81.7832088743234	DBCA	1_2	210	97.7824466541718
0	966.666666666667	83.9698156476979	0	83.9698156476979	DBCA	1_2	0	83.9698156476979
128.571428571429	666.666666666667	79.9128311739359	0	79.9128311739359	DBCA	10_1	210	95.9120689537844
128.571428571429	700	77.3666099703977	0	77.3666099703977	DBCA	10_1	70	85.3023251633313
128.571428571429	733.333333333333	80.8805699547497	0	80.8805699547497	DBCA	10_1	0	80.8805699547497
128.571428571429	766.666666666667	78.6015239193195	0	78.6015239193195	DBCA	10_1	140	91.8703183722026
128.571428571429	800	79.7657337630947	0	79.7657337630947	DBCA	10_1	280	95.8927789369244
128.571428571429	833.333333333333	79.7457563087958	0	79.7457563087958	DBCA	10_2	70	87.6814715017294
128.571428571429	866.666666666667	81.8592936312591	0	81.8592936312591	DBCA	10_2	140	95.1280880841422
128.571428571429	900	84.5650163697218	0	84.5650163697218	DBCA	10_2	0	84.5650163697218
128.571428571429	933.333333333333	79.9042737906532	0	79.9042737906532	DBCA	10_2	210	95.9035115705016
128.571428571429	966.666666666667	82.2424216352101	0	82.2424216352101	DBCA	10_2	280	98.3694668090398
142.857142857143	666.666666666667	82.790111398254	0	82.790111398254	DBCA	11_1	70	90.7258265911876
142.857142857143	700	80.5190632112655	0	80.5190632112655	DBCA	11_1	0	80.5190632112655
142.857142857143	733.333333333333	81.8231412522014	0	81.8231412522014	DBCA	11_1	210	97.8223790320499
142.857142857143	766.666666666667	82.3270715463087	0	82.3270715463087	DBCA	11_1	140	95.5958659991918
142.857142857143	800	80.455564444607	0	80.455564444607	DBCA	11_1	280	96.5826096184367
142.857142857143	833.333333333333	81.3113919911463	0	81.3113919911463	DBCA	11_2	140	94.5801864440294
142.857142857143	866.666666666667	80.3290558207663	0	80.3290558207663	DBCA	11_2	210	96.3282936006147
142.857142857143	900	83.0785956324826	0	83.0785956324826	DBCA	11_2	0	83.0785956324826
142.857142857143	933.333333333333	77.8163099610621	0	77.8163099610621	DBCA	11_2	70	85.7520251539957
142.857142857143	966.666666666667	77.1439792679752	0	77.1439792679752	DBCA	11_2	280	93.2710244418049
157.142857142857	666.666666666667	85.1873442853101	0	85.1873442853101	DBCA	12_1	210	101.186582065159
157.142857142857	700	78.1235059614444	0	78.1235059614444	DBCA	12_1	0	78.1235059614444
157.142857142857	733.333333333333	77.8373235600748	0	77.8373235600748	DBCA	12_1	140	91.1061180129579
157.142857142857	766.666666666667	82.4506924630057	0	82.4506924630057	DBCA	12_1	280	98.5777376368353
157.142857142857	800	82.5127969992821	0	82.5127969992821	DBCA	12_1	70	90.4485121922158
157.142857142857	833.333333333333	82.2677050354305	0	82.2677050354305	DBCA	12_2	140	95.5364994883136
157.142857142857	866.666666666667	80.0213013284782	0	80.0213013284782	DBCA	12_2	210	96.0205391083266
157.142857142857	900	82.2485759481481	0	82.2485759481481	DBCA	12_2	0	82.2485759481481
157.142857142857	933.333333333333	81.6271897343031	0	81.6271897343031	DBCA	12_2	280	97.7542349081328
157.142857142857	966.666666666667	76.7109564385707	0	76.7109564385707	DBCA	12_2	70	84.6466716315043
171.428571428571	666.666666666667	81.4460162179399	0	81.4460162179399	DBCA	13_1	280	97.5730613917696
171.428571428571	700	77.627072018364	0	77.627072018364	DBCA	13_1	0	77.627072018364
171.428571428571	733.333333333333	78.1229778449561	0	78.1229778449561	DBCA	13_1	70	86.0586930378897
171.428571428571	766.666666666667	83.1876922741779	0	83.1876922741779	DBCA	13_1	140	96.456486727061
171.428571428571	800	83.8500296957511	0	83.8500296957511	DBCA	13_1	210	99.8492674755996
171.428571428571	833.333333333333	76.5435711018792	0	76.5435711018792	DBCA	13_2	140	89.8123655547623
171.428571428571	866.666666666667	79.9539634973386	0	79.9539634973386	DBCA	13_2	0	79.9539634973386
171.428571428571	900	80.593909733198	0	80.593909733198	DBCA	13_2	210	96.5931475130464
171.428571428571	933.333333333333	78.2840404769524	0	78.2840404769524	DBCA	13_2	280	94.4110856507821
171.428571428571	966.666666666667	77.6527769612627	0	77.6527769612627	DBCA	13_2	70	85.5884921541963
185.714285714286	666.666666666667	84.8611492953771	0	84.8611492953771	DBCA	14_1	0	84.8611492953771
185.714285714286	700	76.193231481889	0	76.193231481889	DBCA	14_1	140	89.4620259347721
185.714285714286	733.333333333333	83.8500544526711	0	83.8500544526711	DBCA	14_1	280	99.9770996265008
185.714285714286	766.666666666667	81.1322885459107	0	81.1322885459107	DBCA	14_1	210	97.1315263257591
185.714285714286	800	80.3709510862789	0	80.3709510862789	DBCA	14_1	70	88.3066662792125
185.714285714286	833.333333333333	80.365239921198	0	80.365239921198	DBCA	14_2	70	88.3009551141316
185.714285714286	866.666666666667	78.2312015681087	0	78.2312015681087	DBCA	14_2	0	78.2312015681087
185.714285714286	900	76.1742916189965	0	76.1742916189965	DBCA	14_2	140	89.4430860718796
185.714285714286	933.333333333333	75.6436189665335	0	75.6436189665335	DBCA	14_2	210	91.642856746382
185.714285714286	966.666666666667	76.3279106426924	0	76.3279106426924	DBCA	14_2	280	92.4549558165221
200	666.666666666667	83.0680297928991	0	83.0680297928991	DBCA	15_1	140	96.3368242457822
200	700	80.3652690989767	0	80.3652690989767	DBCA	15_1	70	88.3009842919103
200	733.333333333333	84.0334014621998	0	84.0334014621998	DBCA	15_1	210	100.032639242048
200	766.666666666667	79.5969509080577	0	79.5969509080577	DBCA	15_1	0	79.5969509080577
200	800	81.4080468320793	0	81.4080468320793	DBCA	15_1	280	97.535092005909
200	833.333333333333	80.6943984133695	0	80.6943984133695	DBCA	15_2	210	96.693636193218
200	866.666666666667	79.8858802578495	0	79.8858802578495	DBCA	15_2	0	79.8858802578495
200	900	81.5304628695331	0	81.5304628695331	DBCA	15_2	280	97.6575080433628
200	933.333333333333	78.5952658240038	0	78.5952658240038	DBCA	15_2	140	91.8640602768869
200	966.666666666667	77.5894126868574	0	77.5894126868574	DBCA	15_2	70	85.5251278797911
214.285714285714	666.666666666667	78.3976368560107	0	78.3976368560107	DBCA	16_1	210	94.3968746358591
214.285714285714	700	80.6278075889032	0	80.6278075889032	DBCA	16_1	140	93.8966020417863
214.285714285714	733.333333333333	84.9321501915103	0	84.9321501915103	DBCA	16_1	0	84.9321501915103
214.285714285714	766.666666666667	84.748698964186	0	84.748698964186	DBCA	16_1	70	92.6844141571196
214.285714285714	800	81.2238409113545	0	81.2238409113545	DBCA	16_1	280	97.3508860851842
214.285714285714	833.333333333333	80.3545916729294	0	80.3545916729294	DBCA	16_2	140	93.6233861258125
214.285714285714	866.666666666667	80.6364220039179	0	80.6364220039179	DBCA	16_2	210	96.6356597837664
214.285714285714	900	82.6955740774945	0	82.6955740774945	DBCA	16_2	70	90.6312892704281
214.285714285714	933.333333333333	83.3045589731176	0	83.3045589731176	DBCA	16_2	0	83.3045589731176
214.285714285714	966.666666666667	79.7002875378444	0	79.7002875378444	DBCA	16_2	280	95.827332711674
228.571428571429	666.666666666667	80.1450978508036	0	80.1450978508036	DBCA	17_1	280	96.2721430246333
228.571428571429	700	80.2617285803111	0	80.2617285803111	DBCA	17_1	210	96.2609663601595
228.571428571429	733.333333333333	86.5517443778138	0	86.5517443778138	DBCA	17_1	70	94.4874595707474
228.571428571429	766.666666666667	86.2873387462142	0	86.2873387462142	DBCA	17_1	140	99.5561331990973
228.571428571429	800	82.4999346387036	0	82.4999346387036	DBCA	17_1	0	82.4999346387036
228.571428571429	833.333333333333	78.4869888588393	0	78.4869888588393	DBCA	17_2	0	78.4869888588393
228.571428571429	866.666666666667	83.4481489191437	0	83.4481489191437	DBCA	17_2	70	91.3838641120773
228.571428571429	900	81.029379700692	0	81.029379700692	DBCA	17_2	140	94.2981741535751
228.571428571429	933.333333333333	84.1823984953137	0	84.1823984953137	DBCA	17_2	210	100.181636275162
228.571428571429	966.666666666667	84.660545340324	0	84.660545340324	DBCA	17_2	280	100.787590514154
242.857142857143	666.666666666667	80.0895438292189	0	80.0895438292189	DBCA	18_1	70	88.0252590221525
242.857142857143	700	77.8149564365739	0	77.8149564365739	DBCA	18_1	280	93.9420016104036
242.857142857143	733.333333333333	81.7431081427136	0	81.7431081427136	DBCA	18_1	140	95.0119025955967
242.857142857143	766.666666666667	83.0183089640432	0	83.0183089640432	DBCA	18_1	210	99.0175467438916
242.857142857143	800	81.6948283352913	0	81.6948283352913	DBCA	18_1	0	81.6948283352913
242.857142857143	833.333333333333	77.6655157600832	0	77.6655157600832	DBCA	18_2	140	90.9343102129663
242.857142857143	866.666666666667	83.0272840699186	0	83.0272840699186	DBCA	18_2	0	83.0272840699186
242.857142857143	900	79.6083903235944	0	79.6083903235944	DBCA	18_2	70	87.544105516528
242.857142857143	933.333333333333	80.8475607404108	0	80.8475607404108	DBCA	18_2	280	96.9746059142405
242.857142857143	966.666666666667	85.7076792429743	0	85.7076792429743	DBCA	18_2	210	101.706917022823
257.142857142857	666.666666666667	76.7504817191042	0	76.7504817191042	DBCA	19_1	280	92.8775268929339
257.142857142857	700	81.1580518729966	0	81.1580518729966	DBCA	19_1	140	94.4268463258797
257.142857142857	733.333333333333	80.5428583895537	0	80.5428583895537	DBCA	19_1	210	96.5420961694021
257.142857142857	766.666666666667	84.579215024107	0	84.579215024107	DBCA	19_1	70	92.5149302170406
257.142857142857	800	82.3127381378077	0	82.3127381378077	DBCA	19_1	0	82.3127381378077
257.142857142857	833.333333333333	81.9086245459869	0	81.9086245459869	DBCA	19_2	210	97.9078623258354
257.142857142857	866.666666666667	81.1081509927932	0	81.1081509927932	DBCA	19_2	70	89.0438661857268
257.142857142857	900	79.7073954844978	0	79.7073954844978	DBCA	19_2	140	92.9761899373809
257.142857142857	933.333333333333	83.0828369522176	0	83.0828369522176	DBCA	19_2	0	83.0828369522176
257.142857142857	966.666666666667	85.9169247808381	0	85.9169247808381	DBCA	19_2	280	102.043969954668
14.2857142857143	666.666666666667	77.1001009319678	0	77.1001009319678	DBCA	2_1	70	85.0358161249015
14.2857142857143	700	77.4531201303558	0	77.4531201303558	DBCA	2_1	0	77.4531201303558
14.2857142857143	733.333333333333	79.2684704726017	0	79.2684704726017	DBCA	2_1	210	95.2677082524502
14.2857142857143	766.666666666667	75.685372857792	0	75.685372857792	DBCA	2_1	280	91.8124180316217
14.2857142857143	800	79.9923965841441	0	79.9923965841441	DBCA	2_1	140	93.2611910370272
14.2857142857143	833.333333333333	78.5529260402929	0	78.5529260402929	DBCA	2_2	140	91.821720493176
14.2857142857143	866.666666666667	82.6092415268302	0	82.6092415268302	DBCA	2_2	280	98.7362867006599
14.2857142857143	900	81.1929451552087	0	81.1929451552087	DBCA	2_2	210	97.1921829350571
14.2857142857143	933.333333333333	78.5801045486122	0	78.5801045486122	DBCA	2_2	0	78.5801045486122
14.2857142857143	966.666666666667	80.4269265383728	0	80.4269265383728	DBCA	2_2	70	88.3626417313064
271.428571428571	666.666666666667	78.8316218428336	0	78.8316218428336	DBCA	20_1	70	86.7673370357672
271.428571428571	700	79.8956482408789	0	79.8956482408789	DBCA	20_1	210	95.8948860207274
271.428571428571	733.333333333333	79.2965254778117	0	79.2965254778117	DBCA	20_1	280	95.4235706516414
271.428571428571	766.666666666667	79.9737476861487	0	79.9737476861487	DBCA	20_1	140	93.2425421390318
271.428571428571	800	83.3465471441972	0	83.3465471441972	DBCA	20_1	0	83.3465471441972
271.428571428571	833.333333333333	80.7458605005661	0	80.7458605005661	DBCA	20_2	140	94.0146549534492
271.428571428571	866.666666666667	79.284724554066	0	79.284724554066	DBCA	20_2	70	87.2204397469996
271.428571428571	900	81.3266953012054	0	81.3266953012054	DBCA	20_2	210	97.3259330810538
271.428571428571	933.333333333333	82.0920513945253	0	82.0920513945253	DBCA	20_2	0	82.0920513945253
271.428571428571	966.666666666667	86.3730449833637	0	86.3730449833637	DBCA	20_2	280	102.500090157193
285.714285714286	666.666666666667	79.3891862636101	0	79.3891862636101	DBCA	21_1	280	95.5162314374398
285.714285714286	700	78.6037836600641	0	78.6037836600641	DBCA	21_1	70	86.5394988529977
285.714285714286	733.333333333333	78.311440881807	0	78.311440881807	DBCA	21_1	0	78.311440881807
285.714285714286	766.666666666667	79.4691168912408	0	79.4691168912408	DBCA	21_1	140	92.7379113441239
285.714285714286	800	84.4345565133104	0	84.4345565133104	DBCA	21_1	210	100.433794293159
285.714285714286	833.333333333333	83.6134873317425	0	83.6134873317425	DBCA	21_2	210	99.612725111591
285.714285714286	866.666666666667	79.3393655694603	0	79.3393655694603	DBCA	21_2	140	92.6081600223434
285.714285714286	900	81.2228810093076	0	81.2228810093076	DBCA	21_2	280	97.3499261831373
285.714285714286	933.333333333333	79.4287165059981	0	79.4287165059981	DBCA	21_2	0	79.4287165059981
285.714285714286	966.666666666667	84.3660331298141	0	84.3660331298141	DBCA	21_2	70	92.3017483227477
300	666.666666666667	80.9955265043323	0	80.9955265043323	DBCA	22_1	210	96.9947642841808
300	700	79.9065848622812	0	79.9065848622812	DBCA	22_1	0	79.9065848622812
300	733.333333333333	81.3194645005424	0	81.3194645005424	DBCA	22_1	70	89.255179693476
300	766.666666666667	80.6084354103521	0	80.6084354103521	DBCA	22_1	140	93.8772298632352
300	800	81.0617745796931	0	81.0617745796931	DBCA	22_1	280	97.1888197535228
300	833.333333333333	83.6120380118129	0	83.6120380118129	DBCA	22_2	70	91.5477532047465
300	866.666666666667	77.4593751672884	0	77.4593751672884	DBCA	22_2	280	93.5864203411181
300	900	77.7113470218757	0	77.7113470218757	DBCA	22_2	0	77.7113470218757
300	933.333333333333	80.0392766821912	0	80.0392766821912	DBCA	22_2	140	93.3080711350743
300	966.666666666667	85.9984638997487	0	85.9984638997487	DBCA	22_2	210	101.997701679597
314.285714285714	666.666666666667	78.8515665036602	0	78.8515665036602	DBCA	23_1	280	94.9786116774899
314.285714285714	700	77.5717610810585	0	77.5717610810585	DBCA	23_1	210	93.570998860907
314.285714285714	733.333333333333	79.6211954438454	0	79.6211954438454	DBCA	23_1	0	79.6211954438454
314.285714285714	766.666666666667	77.3421953924534	0	77.3421953924534	DBCA	23_1	70	85.277910585387
314.285714285714	800	84.3627457962173	0	84.3627457962173	DBCA	23_1	140	97.6315402491004
314.285714285714	833.333333333333	78.3977070339132	0	78.3977070339132	DBCA	23_2	280	94.5247522077429
314.285714285714	866.666666666667	75.1365884089647	0	75.1365884089647	DBCA	23_2	210	91.1358261888132
314.285714285714	900	77.9916832589609	0	77.9916832589609	DBCA	23_2	140	91.260477711844
314.285714285714	933.333333333333	78.3903666882844	0	78.3903666882844	DBCA	23_2	0	78.3903666882844
314.285714285714	966.666666666667	80.4308119605976	0	80.4308119605976	DBCA	23_2	70	88.3665271535312
328.571428571429	666.666666666667	79.6793394827022	0	79.6793394827022	DBCA	24_1	280	95.8063846565318
328.571428571429	700	79.0046310873993	0	79.0046310873993	DBCA	24_1	140	92.2734255402824
328.571428571429	733.333333333333	83.6582758982675	0	83.6582758982675	DBCA	24_1	0	83.6582758982675
328.571428571429	766.666666666667	78.7511493287742	0	78.7511493287742	DBCA	24_1	210	94.7503871086227
328.571428571429	800	80.9611314749664	0	80.9611314749664	DBCA	24_1	70	88.8968466679
328.571428571429	833.333333333333	78.8516571074605	0	78.8516571074605	DBCA	24_2	0	78.8516571074605
328.571428571429	866.666666666667	75.404272764635	0	75.404272764635	DBCA	24_2	70	83.3399879575686
328.571428571429	900	74.7540518979861	0	74.7540518979861	DBCA	24_2	210	90.7532896778346
328.571428571429	933.333333333333	78.9074909511494	0	78.9074909511494	DBCA	24_2	280	95.034536124979
328.571428571429	966.666666666667	82.8768169107717	0	82.8768169107717	DBCA	24_2	140	96.1456113636548
342.857142857143	666.666666666667	77.0774521163417	0	77.0774521163417	DBCA	25_1	140	90.3462465692248
342.857142857143	700	77.8764162550395	0	77.8764162550395	DBCA	25_1	210	93.8756540348879
342.857142857143	733.333333333333	81.3010623344487	0	81.3010623344487	DBCA	25_1	280	97.4281075082784
342.857142857143	766.666666666667	80.4600861496429	0	80.4600861496429	DBCA	25_1	70	88.3958013425765
342.857142857143	800	80.3269628644484	0	80.3269628644484	DBCA	25_1	0	80.3269628644484
342.857142857143	833.333333333333	80.9897781350845	0	80.9897781350845	DBCA	25_2	140	94.2585725879676
342.857142857143	866.666666666667	77.4739560583391	0	77.4739560583391	DBCA	25_2	210	93.4731938381875
342.857142857143	900	72.5417939838728	0	72.5417939838728	DBCA	25_2	0	72.5417939838728
342.857142857143	933.333333333333	83.8663091001499	0	83.8663091001499	DBCA	25_2	70	91.8020242930835
342.857142857143	966.666666666667	80.1026470320877	0	80.1026470320877	DBCA	25_2	280	96.2296922059173
357.142857142857	666.666666666667	77.6333157740407	0	77.6333157740407	DBCA	26_1	140	90.9021102269238
357.142857142857	700	80.650727201887	0	80.650727201887	DBCA	26_1	0	80.650727201887
357.142857142857	733.333333333333	77.5027684721387	0	77.5027684721387	DBCA	26_1	280	93.6298136459683
357.142857142857	766.666666666667	81.750974847286	0	81.750974847286	DBCA	26_1	210	97.7502126271345
357.142857142857	800	83.0703415339882	0	83.0703415339882	DBCA	26_1	70	91.0060567269218
357.142857142857	833.333333333333	79.4871469131867	0	79.4871469131867	DBCA	26_2	210	95.4863846930352
357.142857142857	866.666666666667	74.861871890226	0	74.861871890226	DBCA	26_2	140	88.1306663431091
357.142857142857	900	77.4169035702022	0	77.4169035702022	DBCA	26_2	70	85.3526187631358
357.142857142857	933.333333333333	80.5110271016355	0	80.5110271016355	DBCA	26_2	280	96.6380722754651
357.142857142857	966.666666666667	80.0495531822419	0	80.0495531822419	DBCA	26_2	0	80.0495531822419
371.428571428571	666.666666666667	81.8997828194122	0	81.8997828194122	DBCA	27_1	70	89.8354980123458
371.428571428571	700	79.0522194964345	0	79.0522194964345	DBCA	27_1	140	92.3210139493176
371.428571428571	733.333333333333	78.3358861055429	0	78.3358861055429	DBCA	27_1	210	94.3351238853913
371.428571428571	766.666666666667	78.081970168003	0	78.081970168003	DBCA	27_1	280	94.2090153418327
371.428571428571	800	78.909918677121	0	78.909918677121	DBCA	27_1	0	78.909918677121
371.428571428571	833.333333333333	81.6154461276856	0	81.6154461276856	DBCA	27_2	210	97.614683907534
371.428571428571	866.666666666667	77.7927112829392	0	77.7927112829392	DBCA	27_2	0	77.7927112829392
371.428571428571	900	77.1240877113073	0	77.1240877113073	DBCA	27_2	70	85.0598029042409
371.428571428571	933.333333333333	81.4795793676896	0	81.4795793676896	DBCA	27_2	140	94.7483738205727
371.428571428571	966.666666666667	80.0167984109567	0	80.0167984109567	DBCA	27_2	280	96.1438435847864
385.714285714286	666.666666666667	81.5088842880032	0	81.5088842880032	DBCA	28_1	280	97.6359294618329
385.714285714286	700	78.0402162721362	0	78.0402162721362	DBCA	28_1	140	91.3090107250193
385.714285714286	733.333333333333	79.802064313691	0	79.802064313691	DBCA	28_1	0	79.802064313691
385.714285714286	766.666666666667	79.5865045333979	0	79.5865045333979	DBCA	28_1	70	87.5222197263315
385.714285714286	800	82.4462347768395	0	82.4462347768395	DBCA	28_1	210	98.445472556688
385.714285714286	833.333333333333	86.3044446089306	0	86.3044446089306	DBCA	28_2	210	102.303682388779
385.714285714286	866.666666666667	78.6165510378267	0	78.6165510378267	DBCA	28_2	280	94.7435962116564
385.714285714286	900	76.4983118203779	0	76.4983118203779	DBCA	28_2	140	89.7671062732609
385.714285714286	933.333333333333	78.2796027279081	0	78.2796027279081	DBCA	28_2	70	86.2153179208417
385.714285714286	966.666666666667	79.0923596157259	0	79.0923596157259	DBCA	28_2	0	79.0923596157259
400	666.666666666667	81.2888546721834	0	81.2888546721834	DBCA	29_1	210	97.2880924520319
400	700	77.1185668517647	0	77.1185668517647	DBCA	29_1	280	93.2456120255944
400	733.333333333333	77.9393146434639	0	77.9393146434639	DBCA	29_1	140	91.208109096347
400	766.666666666667	79.8428230527065	0	79.8428230527065	DBCA	29_1	0	79.8428230527065
400	800	80.4056338127828	0	80.4056338127828	DBCA	29_1	70	88.3413490057165
400	833.333333333333	78.8553147086779	0	78.8553147086779	DBCA	29_2	140	92.124109161561
400	866.666666666667	79.2158652755575	0	79.2158652755575	DBCA	29_2	210	95.2151030554059
400	900	76.7660872619495	0	76.7660872619495	DBCA	29_2	280	92.8931324357791
400	933.333333333333	80.4431582600791	0	80.4431582600791	DBCA	29_2	0	80.4431582600791
400	966.666666666667	79.5105600202897	0	79.5105600202897	DBCA	29_2	70	87.4462752132233
28.5714285714286	666.666666666667	78.8791983261471	0	78.8791983261471	DBCA	3_1	0	78.8791983261471
28.5714285714286	700	75.8419102947247	0	75.8419102947247	DBCA	3_1	210	91.8411480745731
28.5714285714286	733.333333333333	77.0937424517166	0	77.0937424517166	DBCA	3_1	140	90.3625369045997
28.5714285714286	766.666666666667	74.8720803283541	0	74.8720803283541	DBCA	3_1	70	82.8077955212877
28.5714285714286	800	80.5517873712533	0	80.5517873712533	DBCA	3_1	280	96.678832545083
28.5714285714286	833.333333333333	81.5933151435623	0	81.5933151435623	DBCA	3_2	70	89.5290303364959
28.5714285714286	866.666666666667	80.9606760732854	0	80.9606760732854	DBCA	3_2	140	94.2294705261685
28.5714285714286	900	79.7742757008033	0	79.7742757008033	DBCA	3_2	0	79.7742757008033
28.5714285714286	933.333333333333	76.8629152631033	0	76.8629152631033	DBCA	3_2	280	92.9899604369329
28.5714285714286	966.666666666667	76.7712139039003	0	76.7712139039003	DBCA	3_2	210	92.7704516837487
414.285714285714	666.666666666667	80.1204582664019	0	80.1204582664019	DBCA	30_1	0	80.1204582664019
414.285714285714	700	79.3041291236766	0	79.3041291236766	DBCA	30_1	70	87.2398443166102
414.285714285714	733.333333333333	77.7898216628712	0	77.7898216628712	DBCA	30_1	140	91.0586161157543
414.285714285714	766.666666666667	78.8208445808336	0	78.8208445808336	DBCA	30_1	280	94.9478897546633
414.285714285714	800	80.517748994189	0	80.517748994189	DBCA	30_1	210	96.5169867740374
414.285714285714	833.333333333333	80.2363036905838	0	80.2363036905838	DBCA	30_2	70	88.1720188835174
414.285714285714	866.666666666667	78.0261975421737	0	78.0261975421737	DBCA	30_2	0	78.0261975421737
414.285714285714	900	79.4086194110678	0	79.4086194110678	DBCA	30_2	140	92.6774138639509
414.285714285714	933.333333333333	85.0914343697575	0	85.0914343697575	DBCA	30_2	280	101.218479543587
414.285714285714	966.666666666667	80.4607438828447	0	80.4607438828447	DBCA	30_2	210	96.4599816626931
428.571428571429	666.666666666667	80.8181214741385	0	80.8181214741385	DBCA	31_1	70	88.7538366670721
428.571428571429	700	77.121612035546	0	77.121612035546	DBCA	31_1	140	90.3904064884291
428.571428571429	733.333333333333	80.0936305992283	0	80.0936305992283	DBCA	31_1	0	80.0936305992283
428.571428571429	766.666666666667	81.2079821152376	0	81.2079821152376	DBCA	31_1	280	97.3350272890672
428.571428571429	800	79.5631332240207	0	79.5631332240207	DBCA	31_1	210	95.5623710038691
428.571428571429	833.333333333333	74.7312233156199	0	74.7312233156199	DBCA	31_2	70	82.6669385085535
428.571428571429	866.666666666667	75.0474475411416	0	75.0474475411416	DBCA	31_2	210	91.04668532099
428.571428571429	900	76.9638851588827	0	76.9638851588827	DBCA	31_2	140	90.2326796117658
428.571428571429	933.333333333333	79.4571166611357	0	79.4571166611357	DBCA	31_2	0	79.4571166611357
428.571428571429	966.666666666667	77.709106718351	0	77.709106718351	DBCA	31_2	280	93.8361518921807
442.857142857143	666.666666666667	80.2554797471518	0	80.2554797471518	DBCA	32_1	280	96.3825249209815
442.857142857143	700	78.8792312727878	0	78.8792312727878	DBCA	32_1	210	94.8784690526363
442.857142857143	733.333333333333	79.5007333431719	0	79.5007333431719	DBCA	32_1	0	79.5007333431719
442.857142857143	766.666666666667	82.4665779814484	0	82.4665779814484	DBCA	32_1	140	95.7353724343315
442.857142857143	800	79.9510921076744	0	79.9510921076744	DBCA	32_1	70	87.886807300608
442.857142857143	833.333333333333	78.0345423454405	0	78.0345423454405	DBCA	32_2	280	94.1615875192702
442.857142857143	866.666666666667	77.8340039291793	0	77.8340039291793	DBCA	32_2	210	93.8332417090277
442.857142857143	900	77.922231175742	0	77.922231175742	DBCA	32_2	70	85.8579463686756
442.857142857143	933.333333333333	82.1293565668487	0	82.1293565668487	DBCA	32_2	0	82.1293565668487
442.857142857143	966.666666666667	75.9593665196071	0	75.9593665196071	DBCA	32_2	140	89.2281609724902
457.142857142857	666.666666666667	80.8694376373179	0	80.8694376373179	DBCA	33_1	210	96.8686754171664
457.142857142857	700	82.2820177018022	0	82.2820177018022	DBCA	33_1	280	98.4090628756319
457.142857142857	733.333333333333	85.1931919546211	0	85.1931919546211	DBCA	33_1	140	98.4619864075042
457.142857142857	766.666666666667	77.6370271311282	0	77.6370271311282	DBCA	33_1	70	85.5727423240618
457.142857142857	800	80.5644104862159	0	80.5644104862159	DBCA	33_1	0	80.5644104862159
457.142857142857	833.333333333333	78.7287781145597	0	78.7287781145597	DBCA	33_2	140	91.9975725674428
457.142857142857	866.666666666667	81.082247005957	0	81.082247005957	DBCA	33_2	210	97.0814847858054
457.142857142857	900	81.0233727619584	0	81.0233727619584	DBCA	33_2	0	81.0233727619584
457.142857142857	933.333333333333	79.4897458409896	0	79.4897458409896	DBCA	33_2	70	87.4254610339232
457.142857142857	966.666666666667	75.1389291688519	0	75.1389291688519	DBCA	33_2	280	91.2659743426816
471.428571428571	666.666666666667	81.927904928535	0	81.927904928535	DBCA	34_1	70	89.8636201214686
471.428571428571	700	84.7839379536838	0	84.7839379536838	DBCA	34_1	210	100.783175733532
471.428571428571	733.333333333333	89.3242865153796	0	89.3242865153796	DBCA	34_1	280	105.451331689209
471.428571428571	766.666666666667	83.8662681067119	0	83.8662681067119	DBCA	34_1	0	83.8662681067119
471.428571428571	800	79.4946423801102	0	79.4946423801102	DBCA	34_1	140	92.7634368329933
471.428571428571	833.333333333333	78.0892460244609	0	78.0892460244609	DBCA	34_2	140	91.358040477344
471.428571428571	866.666666666667	77.8425862536859	0	77.8425862536859	DBCA	34_2	280	93.9696314275155
471.428571428571	900	77.2417206040061	0	77.2417206040061	DBCA	34_2	0	77.2417206040061
471.428571428571	933.333333333333	80.0675656032832	0	80.0675656032832	DBCA	34_2	70	88.0032807962168
471.428571428571	966.666666666667	79.5549098893365	0	79.5549098893365	DBCA	34_2	210	95.554147669185
485.714285714286	666.666666666667	83.3855659796779	0	83.3855659796779	DBCA	35_1	140	96.654360432561
485.714285714286	700	88.5331271211623	0	88.5331271211623	DBCA	35_1	0	88.5331271211623
485.714285714286	733.333333333333	84.2993299216201	0	84.2993299216201	DBCA	35_1	210	100.298567701469
485.714285714286	766.666666666667	87.3268302585525	0	87.3268302585525	DBCA	35_1	70	95.2625454514861
485.714285714286	800	79.412297339016	0	79.412297339016	DBCA	35_1	280	95.5393425128457
485.714285714286	833.333333333333	76.7694650068534	0	76.7694650068534	DBCA	35_2	280	92.8965101806831
485.714285714286	866.666666666667	78.5657538534594	0	78.5657538534594	DBCA	35_2	140	91.8345483063425
485.714285714286	900	77.4617176270372	0	77.4617176270372	DBCA	35_2	70	85.3974328199708
485.714285714286	933.333333333333	81.0297908077641	0	81.0297908077641	DBCA	35_2	0	81.0297908077641
485.714285714286	966.666666666667	79.9400677088488	0	79.9400677088488	DBCA	35_2	210	95.9393054886973
500	666.666666666667	84.3652528079486	0	84.3652528079486	DBCA	36_1	280	100.492297981778
500	700	88.6528091038159	0	88.6528091038159	DBCA	36_1	210	104.652046883664
500	733.333333333333	85.3947431632732	0	85.3947431632732	DBCA	36_1	0	85.3947431632732
500	766.666666666667	87.6561019584027	0	87.6561019584027	DBCA	36_1	140	100.924896411286
500	800	79.2764710062306	0	79.2764710062306	DBCA	36_1	70	87.2121861991642
500	833.333333333333	77.0012010832964	0	77.0012010832964	DBCA	36_2	70	84.93691627623
500	866.666666666667	76.768498423296	0	76.768498423296	DBCA	36_2	140	90.0372928761791
500	900	80.9307526852158	0	80.9307526852158	DBCA	36_2	0	80.9307526852158
500	933.333333333333	80.3304386961187	0	80.3304386961187	DBCA	36_2	210	96.3296764759671
500	966.666666666667	77.265131076071	0	77.265131076071	DBCA	36_2	280	93.3921762499007
514.285714285714	666.666666666667	84.8433321542205	24.6	109.443332154221	DBCA	37_1	70	123.233847347154
514.285714285714	700	88.5150053191821	24.6	113.115005319182	DBCA	37_1	280	152.661250493012
514.285714285714	733.333333333333	87.4402371471731	24.6	112.040237147173	DBCA	37_1	0	112.040237147173
514.285714285714	766.666666666667	85.5429886645056	24.6	110.142988664506	DBCA	37_1	210	143.706626444354
514.285714285714	800	78.7924738404726	24.6	103.392473840473	DBCA	37_1	140	128.370868293356
514.285714285714	833.333333333333	75.9654950933211	24.6	100.565495093321	DBCA	37_2	210	134.12913287317
514.285714285714	866.666666666667	75.1142182281021	24.6	99.7142182281021	DBCA	37_2	140	124.692612680985
514.285714285714	900	77.9925185716334	24.6	102.592518571633	DBCA	37_2	280	142.138763745463
514.285714285714	933.333333333333	78.1268329814978	24.6	102.726832981498	DBCA	37_2	70	116.517348174431
514.285714285714	966.666666666667	81.8072180062926	24.6	106.407218006293	DBCA	37_2	0	106.407218006293
528.571428571429	666.666666666667	88.538028880873	24.6	113.138028880873	DBCA	38_1	70	126.928544073807
528.571428571429	700	89.5104001109078	24.6	114.110400110908	DBCA	38_1	0	114.110400110908
528.571428571429	733.333333333333	86.1396098327189	24.6	110.739609832719	DBCA	38_1	210	144.303247612567
528.571428571429	766.666666666667	84.2763809934583	24.6	108.876380993458	DBCA	38_1	140	133.854775446341
528.571428571429	800	86.5779978858039	24.6	111.177997885804	DBCA	38_1	280	150.724243059634
528.571428571429	833.333333333333	78.5688495660327	24.6	103.168849566033	DBCA	38_2	140	128.147244018916
528.571428571429	866.666666666667	75.4640524767138	24.6	100.064052476714	DBCA	38_2	70	113.854567669647
528.571428571429	900	80.9585711513542	24.6	105.558571151354	DBCA	38_2	280	145.104816325184
528.571428571429	933.333333333333	82.8664618111597	24.6	107.46646181116	DBCA	38_2	210	141.030099591008
528.571428571429	966.666666666667	82.7109122133231	24.6	107.310912213323	DBCA	38_2	0	107.310912213323
542.857142857143	666.666666666667	86.6074202725677	24.6	111.207420272568	DBCA	39_1	210	144.771058052416
542.857142857143	700	81.9015496619119	24.6	106.501549661912	DBCA	39_1	140	131.479944114795
542.857142857143	733.333333333333	85.3000940832908	24.6	109.900094083291	DBCA	39_1	70	123.690609276224
542.857142857143	766.666666666667	85.2216075380737	24.6	109.821607538074	DBCA	39_1	280	149.367852711903
542.857142857143	800	82.6031263521969	24.6	107.203126352197	DBCA	39_1	0	107.203126352197
542.857142857143	833.333333333333	78.7827273448024	24.6	103.382727344802	DBCA	39_2	140	128.361121797685
542.857142857143	866.666666666667	73.2941224546567	24.6	97.8941224546567	DBCA	39_2	70	111.68463764759
542.857142857143	900	79.2994903982244	24.6	103.899490398224	DBCA	39_2	280	143.445735572054
542.857142857143	933.333333333333	80.9471226715729	24.6	105.547122671573	DBCA	39_2	0	105.547122671573
542.857142857143	966.666666666667	81.9947971890677	24.6	106.594797189068	DBCA	39_2	210	140.158434968916
42.8571428571429	666.666666666667	74.1401192943327	0	74.1401192943327	DBCA	4_1	0	74.1401192943327
42.8571428571429	700	75.9091024285049	0	75.9091024285049	DBCA	4_1	210	91.9083402083533
42.8571428571429	733.333333333333	77.5273574044631	0	77.5273574044631	DBCA	4_1	140	90.7961518573462
42.8571428571429	766.666666666667	76.1408906805563	0	76.1408906805563	DBCA	4_1	70	84.0766058734899
42.8571428571429	800	77.6490805204857	0	77.6490805204857	DBCA	4_1	280	93.7761256943154
42.8571428571429	833.333333333333	77.4572385748241	0	77.4572385748241	DBCA	4_2	0	77.4572385748241
42.8571428571429	866.666666666667	82.6926705624753	0	82.6926705624753	DBCA	4_2	280	98.819715736305
42.8571428571429	900	81.6598860748465	0	81.6598860748465	DBCA	4_2	210	97.659123854695
42.8571428571429	933.333333333333	74.5853254729928	0	74.5853254729928	DBCA	4_2	70	82.5210406659264
42.8571428571429	966.666666666667	80.2814973241984	0	80.2814973241984	DBCA	4_2	140	93.5502917770815
557.142857142857	666.666666666667	83.8958229192263	24.6	108.495822919226	DBCA	40_1	280	148.042068093056
557.142857142857	700	85.2062159312193	24.6	109.806215931219	DBCA	40_1	70	123.596731124153
557.142857142857	733.333333333333	81.7772849888795	24.6	106.377284988879	DBCA	40_1	140	131.355679441763
557.142857142857	766.666666666667	81.8429869058757	24.6	106.442986905876	DBCA	40_1	0	106.442986905876
557.142857142857	800	84.8693071679652	24.6	109.469307167965	DBCA	40_1	210	143.032944947814
557.142857142857	833.333333333333	77.4435386821725	24.6	102.043538682173	DBCA	40_2	70	115.834053875106
557.142857142857	866.666666666667	73.3994349631975	24.6	97.9994349631975	DBCA	40_2	280	137.545680137027
557.142857142857	900	73.9941218753604	24.6	98.5941218753604	DBCA	40_2	140	123.572516328243
557.142857142857	933.333333333333	80.2955236224789	24.6	104.895523622479	DBCA	40_2	0	104.895523622479
557.142857142857	966.666666666667	80.6949671634411	24.6	105.294967163441	DBCA	40_2	210	138.85860494329
571.428571428571	666.666666666667	85.6222232606731	24.6	110.222223260673	DBCA	41_1	280	149.768468434503
571.428571428571	700	86.8451941990253	24.6	111.445194199025	DBCA	41_1	210	145.008831978874
571.428571428571	733.333333333333	83.9615949868664	24.6	108.561594986866	DBCA	41_1	140	133.53998943975
571.428571428571	766.666666666667	85.1401961813231	24.6	109.740196181323	DBCA	41_1	70	123.530711374257
571.428571428571	800	81.9190262908719	24.6	106.519026290872	DBCA	41_1	0	106.519026290872
571.428571428571	833.333333333333	77.1111412943019	24.6	101.711141294302	DBCA	41_2	280	141.257386468132
571.428571428571	866.666666666667	74.3326535967718	24.6	98.9326535967718	DBCA	41_2	0	98.9326535967718
571.428571428571	900	74.8934525985929	24.6	99.4934525985929	DBCA	41_2	70	113.283967791527
571.428571428571	933.333333333333	80.0125981771196	24.6	104.61259817712	DBCA	41_2	140	129.590992630003
571.428571428571	966.666666666667	80.5997216583492	24.6	105.199721658349	DBCA	41_2	210	138.763359438198
585.714285714286	666.666666666667	82.2672784075853	24.6	106.867278407585	DBCA	42_1	280	146.413523581415
585.714285714286	700	80.29022195915	24.6	104.89022195915	DBCA	42_1	140	129.868616412033
585.714285714286	733.333333333333	84.6656759511144	24.6	109.265675951114	DBCA	42_1	210	142.829313730963
585.714285714286	766.666666666667	81.3812304800311	24.6	105.981230480031	DBCA	42_1	70	119.771745672965
585.714285714286	800	79.8029241268935	24.6	104.402924126893	DBCA	42_1	0	104.402924126893
585.714285714286	833.333333333333	78.4344473682019	24.6	103.034447368202	DBCA	42_2	140	128.012841821085
585.714285714286	866.666666666667	74.4874119625027	24.6	99.0874119625027	DBCA	42_2	210	132.651049742351
585.714285714286	900	75.1821626570949	24.6	99.7821626570949	DBCA	42_2	70	113.572677850028
585.714285714286	933.333333333333	80.0094826342241	24.6	104.609482634224	DBCA	42_2	0	104.609482634224
585.714285714286	966.666666666667	81.6284851594927	24.6	106.228485159493	DBCA	42_2	280	145.774730333322
600	666.666666666667	78.3631452835551	24.6	102.963145283555	DBCA	43_1	70	116.753660476489
600	700	83.3257525527195	24.6	107.925752552719	DBCA	43_1	210	141.489390332568
600	733.333333333333	85.6071988527878	24.6	110.207198852788	DBCA	43_1	0	110.207198852788
600	766.666666666667	82.8530713466064	24.6	107.453071346606	DBCA	43_1	280	146.999316520436
600	800	75.031573322568	24.6	99.631573322568	DBCA	43_1	140	124.609967775451
600	833.333333333333	77.1928069451989	24.6	101.792806945199	DBCA	43_2	280	141.339052119029
600	866.666666666667	73.6116281856238	24.6	98.2116281856238	DBCA	43_2	140	123.190022638507
600	900	78.2377904714741	24.6	102.837790471474	DBCA	43_2	0	102.837790471474
600	933.333333333333	80.7185595099347	24.6	105.318559509935	DBCA	43_2	70	119.109074702868
600	966.666666666667	80.2012254824062	24.6	104.801225482406	DBCA	43_2	210	138.364863262255
614.285714285714	666.666666666667	80.0492103824675	24.6	104.649210382467	DBCA	44_1	0	104.649210382467
614.285714285714	700	80.8130514955295	24.6	105.413051495529	DBCA	44_1	280	144.959296669359
614.285714285714	733.333333333333	82.1370885270703	24.6	106.73708852707	DBCA	44_1	140	131.715482979953
614.285714285714	766.666666666667	81.9409903099109	24.6	106.540990309911	DBCA	44_1	210	140.104628089759
614.285714285714	800	78.6898617972666	24.6	103.289861797267	DBCA	44_1	70	117.0803769902
614.285714285714	833.333333333333	78.4537541227755	24.6	103.053754122776	DBCA	44_2	210	136.617391902624
614.285714285714	866.666666666667	75.7449886566307	24.6	100.344988656631	DBCA	44_2	280	139.89123383046
614.285714285714	900	80.8253509112175	24.6	105.425350911218	DBCA	44_2	140	130.403745364101
614.285714285714	933.333333333333	82.1098115542783	24.6	106.709811554278	DBCA	44_2	70	120.500326747212
614.285714285714	966.666666666667	79.5534078302937	24.6	104.153407830294	DBCA	44_2	0	104.153407830294
628.571428571429	666.666666666667	80.2006604991036	24.6	104.800660499104	DBCA	45_1	140	129.779054951987
628.571428571429	700	80.8828739301298	24.6	105.48287393013	DBCA	45_1	280	145.029119103959
628.571428571429	733.333333333333	84.6975115127405	24.6	109.29751151274	DBCA	45_1	0	109.29751151274
628.571428571429	766.666666666667	82.2988639697459	24.6	106.898863969746	DBCA	45_1	210	140.462501749594
628.571428571429	800	78.5286292838748	24.6	103.128629283875	DBCA	45_1	70	116.919144476808
628.571428571429	833.333333333333	76.667810686046	24.6	101.267810686046	DBCA	45_2	210	134.831448465894
628.571428571429	866.666666666667	74.279377990898	24.6	98.879377990898	DBCA	45_2	140	123.857772443781
628.571428571429	900	80.786524819343	24.6	105.386524819343	DBCA	45_2	280	144.932769993173
628.571428571429	933.333333333333	81.7853720064788	24.6	106.385372006479	DBCA	45_2	0	106.385372006479
628.571428571429	966.666666666667	81.4659475060125	24.6	106.065947506012	DBCA	45_2	70	119.856462698946
642.857142857143	666.666666666667	77.6974590538937	24.6	102.297459053894	DBCA	46_1	280	141.843704227723
642.857142857143	700	78.7931087002352	24.6	103.393108700235	DBCA	46_1	0	103.393108700235
642.857142857143	733.333333333333	81.7615310287232	24.6	106.361531028723	DBCA	46_1	70	120.152046221657
642.857142857143	766.666666666667	81.7626641828061	24.6	106.362664182806	DBCA	46_1	210	139.926301962655
642.857142857143	800	80.3124778331758	24.6	104.912477833176	DBCA	46_1	140	129.890872286059
642.857142857143	833.333333333333	76.3100550634406	24.6	100.910055063441	DBCA	46_2	0	100.910055063441
642.857142857143	866.666666666667	78.4804446384047	24.6	103.080444638405	DBCA	46_2	70	116.870959831338
642.857142857143	900	76.6598352672881	24.6	101.259835267288	DBCA	46_2	210	134.823473047137
642.857142857143	933.333333333333	82.0169648641641	24.6	106.616964864164	DBCA	46_2	140	131.595359317047
642.857142857143	966.666666666667	81.4616324790022	24.6	106.061632479002	DBCA	46_2	280	145.607877652832
657.142857142857	666.666666666667	78.3379713801388	24.6	102.937971380139	DBCA	47_1	0	102.937971380139
657.142857142857	700	75.7188052791513	24.6	100.318805279151	DBCA	47_1	210	133.882443059
657.142857142857	733.333333333333	82.0904569994118	24.6	106.690456999412	DBCA	47_1	280	146.236702173241
657.142857142857	766.666666666667	80.3667435378407	24.6	104.966743537841	DBCA	47_1	70	118.757258730774
657.142857142857	800	78.6593162514056	24.6	103.259316251406	DBCA	47_1	140	128.237710704289
657.142857142857	833.333333333333	79.178854155028	24.6	103.778854155028	DBCA	47_2	280	143.325099328858
657.142857142857	866.666666666667	79.8864362369169	24.6	104.486436236917	DBCA	47_2	210	138.050074016765
657.142857142857	900	77.405491394501	24.6	102.005491394501	DBCA	47_2	0	102.005491394501
657.142857142857	933.333333333333	80.2298549864674	24.6	104.829854986467	DBCA	47_2	140	129.80824943935
657.142857142857	966.666666666667	80.170593226123	24.6	104.770593226123	DBCA	47_2	70	118.561108419057
671.428571428571	666.666666666667	77.4256531916836	24.6	102.025653191684	DBCA	48_1	140	127.004047644567
671.428571428571	700	78.5657571596953	24.6	103.165757159695	DBCA	48_1	0	103.165757159695
671.428571428571	733.333333333333	79.2264124865931	24.6	103.826412486593	DBCA	48_1	210	137.390050266442
671.428571428571	766.666666666667	81.0492205585592	24.6	105.649220558559	DBCA	48_1	70	119.439735751493
671.428571428571	800	79.4693507469429	24.6	104.069350746943	DBCA	48_1	280	143.615595920773
671.428571428571	833.333333333333	79.7862340385618	24.6	104.386234038562	DBCA	48_2	280	143.932479212392
671.428571428571	866.666666666667	80.6218930152639	24.6	105.221893015264	DBCA	48_2	70	119.012408208198
671.428571428571	900	79.9166119300151	24.6	104.516611930015	DBCA	48_2	210	138.080249709864
671.428571428571	933.333333333333	82.3884775024191	24.6	106.988477502419	DBCA	48_2	140	131.966871955302
671.428571428571	966.666666666667	80.6166046592251	24.6	105.216604659225	DBCA	48_2	0	105.216604659225
685.714285714286	666.666666666667	79.4822641616312	24.6	104.082264161631	DBCA	49_1	280	143.628509335461
685.714285714286	700	73.4593176073192	24.6	98.0593176073191	DBCA	49_1	70	111.849832800253
685.714285714286	733.333333333333	80.425593071918	24.6	105.025593071918	DBCA	49_1	0	105.025593071918
685.714285714286	766.666666666667	79.6736142347327	24.6	104.273614234733	DBCA	49_1	210	137.837252014581
685.714285714286	800	80.9161419343137	24.6	105.516141934314	DBCA	49_1	140	130.494536387197
685.714285714286	833.333333333333	83.613411351967	24.6	108.213411351967	DBCA	49_2	210	141.777049131815
685.714285714286	866.666666666667	83.4168139990039	24.6	108.016813999004	DBCA	49_2	70	121.807329191937
685.714285714286	900	80.7372146534168	24.6	105.337214653417	DBCA	49_2	0	105.337214653417
685.714285714286	933.333333333333	81.5378590973525	24.6	106.137859097352	DBCA	49_2	280	145.684104271182
685.714285714286	966.666666666667	83.0284145286952	24.6	107.628414528695	DBCA	49_2	140	132.606808981578
57.1428571428571	666.666666666667	74.5607047767786	0	74.5607047767786	DBCA	5_1	140	87.8294992296617
57.1428571428571	700	76.5857491232921	0	76.5857491232921	DBCA	5_1	280	92.7127942971218
57.1428571428571	733.333333333333	74.4702491479546	0	74.4702491479546	DBCA	5_1	0	74.4702491479546
57.1428571428571	766.666666666667	78.4873003881227	0	78.4873003881227	DBCA	5_1	210	94.4865381679712
57.1428571428571	800	78.5094454004407	0	78.5094454004407	DBCA	5_1	70	86.4451605933743
57.1428571428571	833.333333333333	82.0460643841751	0	82.0460643841751	DBCA	5_2	140	95.3148588370582
57.1428571428571	866.666666666667	80.1188939441484	0	80.1188939441484	DBCA	5_2	70	88.054609137082
57.1428571428571	900	79.6026862275952	0	79.6026862275952	DBCA	5_2	210	95.6019240074437
57.1428571428571	933.333333333333	77.6583119971061	0	77.6583119971061	DBCA	5_2	280	93.7853571709357
57.1428571428571	966.666666666667	80.0054377124209	0	80.0054377124209	DBCA	5_2	0	80.0054377124209
700	666.666666666667	78.5116881651276	24.6	103.111688165128	DBCA	50_1	140	128.090082618011
700	700	77.8168635763071	24.6	102.416863576307	DBCA	50_1	70	116.207378769241
700	733.333333333333	77.9437141174537	24.6	102.543714117454	DBCA	50_1	210	136.107351897302
700	766.666666666667	80.9644016435797	24.6	105.56440164358	DBCA	50_1	0	105.56440164358
700	800	85.8068196163068	24.6	110.406819616307	DBCA	50_1	280	149.953064790136
700	833.333333333333	85.6010253378727	24.6	110.201025337873	DBCA	50_2	0	110.201025337873
700	866.666666666667	82.3049448405534	24.6	106.904944840553	DBCA	50_2	280	146.451190014383
700	900	82.9463642956097	24.6	107.54636429561	DBCA	50_2	140	132.524758748493
700	933.333333333333	83.3978922410539	24.6	107.997892241054	DBCA	50_2	210	141.561530020902
700	966.666666666667	80.5265113083778	24.6	105.126511308378	DBCA	50_2	70	118.917026501311
714.285714285714	666.666666666667	79.1255254899278	24.6	103.725525489928	DBCA	51_1	70	117.516040682861
714.285714285714	700	77.4736897124718	24.6	102.073689712472	DBCA	51_1	0	102.073689712472
714.285714285714	733.333333333333	77.4818882110649	24.6	102.081888211065	DBCA	51_1	210	135.645525990913
714.285714285714	766.666666666667	79.9486723519386	24.6	104.548672351939	DBCA	51_1	140	129.527066804822
714.285714285714	800	81.7684261717822	24.6	106.368426171782	DBCA	51_1	280	145.914671345612
714.285714285714	833.333333333333	82.6852579378464	24.6	107.285257937846	DBCA	51_2	0	107.285257937846
714.285714285714	866.666666666667	81.6606133015633	24.6	106.260613301563	DBCA	51_2	70	120.051128494497
714.285714285714	900	84.3459101715185	24.6	108.945910171518	DBCA	51_2	140	133.924304624402
714.285714285714	933.333333333333	82.266190918028	24.6	106.866190918028	DBCA	51_2	280	146.412436091858
714.285714285714	966.666666666667	79.879356941091	24.6	104.479356941091	DBCA	51_2	210	138.042994720939
728.571428571429	666.666666666667	82.8425470222207	24.6	107.442547022221	DBCA	52_1	0	107.442547022221
728.571428571429	700	84.6263509953473	24.6	109.226350995347	DBCA	52_1	280	148.772596169177
728.571428571429	733.333333333333	80.0760594300772	24.6	104.676059430077	DBCA	52_1	70	118.466574623011
728.571428571429	766.666666666667	78.2254248828951	24.6	102.825424882895	DBCA	52_1	140	127.803819335778
728.571428571429	800	82.0363706820489	24.6	106.636370682049	DBCA	52_1	210	140.200008461897
728.571428571429	833.333333333333	88.1376485611293	24.6	112.737648561129	DBCA	52_2	140	137.716043014012
728.571428571429	866.666666666667	85.8564158698504	24.6	110.45641586985	DBCA	52_2	0	110.45641586985
728.571428571429	900	82.5921954465142	24.6	107.192195446514	DBCA	52_2	70	120.982710639448
728.571428571429	933.333333333333	81.6480688985191	24.6	106.248068898519	DBCA	52_2	210	139.811706678368
728.571428571429	966.666666666667	78.6223633068583	24.6	103.222363306858	DBCA	52_2	280	142.768608480688
742.857142857143	666.666666666667	79.3926989759484	24.6	103.992698975948	DBCA	53_1	70	117.783214168882
742.857142857143	700	82.4449802924256	24.6	107.044980292426	DBCA	53_1	210	140.608618072274
742.857142857143	733.333333333333	81.1019436266894	24.6	105.701943626689	DBCA	53_1	140	130.680338079572
742.857142857143	766.666666666667	80.2553553463961	24.6	104.855355346396	DBCA	53_1	280	144.401600520226
742.857142857143	800	79.6139823278116	24.6	104.213982327812	DBCA	53_1	0	104.213982327812
742.857142857143	833.333333333333	81.8899146336251	24.6	106.489914633625	DBCA	53_2	210	140.053552413474
742.857142857143	866.666666666667	84.9480821174171	24.6	109.548082117417	DBCA	53_2	140	134.5264765703
742.857142857143	900	82.1164886916929	24.6	106.716488691693	DBCA	53_2	280	146.262733865523
742.857142857143	933.333333333333	84.678321994595	24.6	109.278321994595	DBCA	53_2	70	123.068837187529
742.857142857143	966.666666666667	79.7698680781964	24.6	104.369868078196	DBCA	53_2	0	104.369868078196
757.142857142857	666.666666666667	78.5022924251873	24.6	103.102292425187	DBCA	54_1	140	128.08068687807
757.142857142857	700	84.9054178165882	24.6	109.505417816588	DBCA	54_1	0	109.505417816588
757.142857142857	733.333333333333	80.1408761661217	24.6	104.740876166122	DBCA	54_1	280	144.287121339951
757.142857142857	766.666666666667	79.5605746908356	24.6	104.160574690836	DBCA	54_1	70	117.951089883769
757.142857142857	800	83.46120198853	24.6	108.06120198853	DBCA	54_1	210	141.624839768378
757.142857142857	833.333333333333	85.480541461815	24.6	110.080541461815	DBCA	54_2	0	110.080541461815
757.142857142857	866.666666666667	85.4458111652337	24.6	110.045811165234	DBCA	54_2	210	143.609448945082
757.142857142857	900	82.0863206174023	24.6	106.686320617402	DBCA	54_2	280	146.232565791232
757.142857142857	933.333333333333	83.1770310850441	24.6	107.777031085044	DBCA	54_2	70	121.567546277978
757.142857142857	966.666666666667	80.63835222757	24.6	105.23835222757	DBCA	54_2	140	130.216746680453
771.428571428571	666.666666666667	81.0555228550284	24.6	105.655522855028	DBCA	55_1	140	130.633917307912
771.428571428571	700	81.2335659575819	24.6	105.833565957582	DBCA	55_1	280	145.379811131412
771.428571428571	733.333333333333	82.3060774977269	24.6	106.906077497727	DBCA	55_1	0	106.906077497727
771.428571428571	766.666666666667	81.3745383480064	24.6	105.974538348006	DBCA	55_1	70	119.76505354094
771.428571428571	800	85.5180668987039	24.6	110.118066898704	DBCA	55_1	210	143.681704678552
771.428571428571	833.333333333333	85.6679269856031	24.6	110.267926985603	DBCA	55_2	0	110.267926985603
771.428571428571	866.666666666667	79.9960413525352	24.6	104.596041352535	DBCA	55_2	280	144.142286526365
771.428571428571	900	83.5079266591243	24.6	108.107926659124	DBCA	55_2	140	133.086321112007
771.428571428571	933.333333333333	76.4515485163971	24.6	101.051548516397	DBCA	55_2	210	134.615186296246
771.428571428571	966.666666666667	80.9580334420801	24.6	105.55803344208	DBCA	55_2	70	119.348548635014
785.714285714286	666.666666666667	75.4979345698624	24.6	100.097934569862	DBCA	56_1	210	133.661572349711
785.714285714286	700	80.9881856836423	24.6	105.588185683642	DBCA	56_1	140	130.566580136525
785.714285714286	733.333333333333	79.9447312663456	24.6	104.544731266346	DBCA	56_1	280	144.090976440175
785.714285714286	766.666666666667	79.2856486434439	24.6	103.885648643444	DBCA	56_1	0	103.885648643444
785.714285714286	800	81.643357855189	24.6	106.243357855189	DBCA	56_1	70	120.033873048123
785.714285714286	833.333333333333	85.0454135190382	24.6	109.645413519038	DBCA	56_2	70	123.435928711972
785.714285714286	866.666666666667	81.3084361500955	24.6	105.908436150095	DBCA	56_2	140	130.886830602979
785.714285714286	900	80.9170238291356	24.6	105.517023829136	DBCA	56_2	210	139.080661608984
785.714285714286	933.333333333333	76.5089458236466	24.6	101.108945823647	DBCA	56_2	280	140.655190997476
785.714285714286	966.666666666667	80.1231946421694	24.6	104.723194642169	DBCA	56_2	0	104.723194642169
800	666.666666666667	78.2329100228791	24.6	102.832910022879	DBCA	57_1	210	136.396547802727
800	700	81.5483851407652	24.6	106.148385140765	DBCA	57_1	140	131.126779593648
800	733.333333333333	82.9928773833066	24.6	107.592877383307	DBCA	57_1	0	107.592877383307
800	766.666666666667	82.6822209826983	24.6	107.282220982698	DBCA	57_1	70	121.072736175632
800	800	82.6369036425802	24.6	107.23690364258	DBCA	57_1	280	146.78314881641
800	833.333333333333	87.0628597737025	24.6	111.662859773703	DBCA	57_2	0	111.662859773703
800	866.666666666667	83.0423606599814	24.6	107.642360659981	DBCA	57_2	140	132.620755112865
800	900	80.4924656639175	24.6	105.092465663917	DBCA	57_2	280	144.638710837747
800	933.333333333333	76.5481169586475	24.6	101.148116958647	DBCA	57_2	70	114.938632151581
800	966.666666666667	79.0422238247103	24.6	103.64222382471	DBCA	57_2	210	137.205861604559
814.285714285714	666.666666666667	74.0137722593439	24.6	98.6137722593438	DBCA	58_1	210	132.177410039192
814.285714285714	700	81.263866537262	24.6	105.863866537262	DBCA	58_1	0	105.863866537262
814.285714285714	733.333333333333	82.3007105111632	24.6	106.900710511163	DBCA	58_1	70	120.691225704097
814.285714285714	766.666666666667	81.9032581682369	24.6	106.503258168237	DBCA	58_1	140	131.48165262112
814.285714285714	800	83.5481348674826	24.6	108.148134867483	DBCA	58_1	280	147.694380041312
814.285714285714	833.333333333333	88.5047300259581	24.6	113.104730025958	DBCA	58_2	70	126.895245218892
814.285714285714	866.666666666667	83.3697758219765	24.6	107.969775821976	DBCA	58_2	280	147.516020995806
814.285714285714	900	77.3220539583553	24.6	101.922053958355	DBCA	58_2	0	101.922053958355
814.285714285714	933.333333333333	74.4221961368286	24.6	99.0221961368286	DBCA	58_2	210	132.585833916677
814.285714285714	966.666666666667	81.3767142996978	24.6	105.976714299698	DBCA	58_2	140	130.955108752581
828.571428571429	666.666666666667	75.7449419378303	24.6	100.34494193783	DBCA	59_1	280	139.89118711166
828.571428571429	700	81.1468837694978	24.6	105.746883769498	DBCA	59_1	210	139.310521549346
828.571428571429	733.333333333333	82.9026049657369	24.6	107.502604965737	DBCA	59_1	70	121.29312015867
828.571428571429	766.666666666667	81.7091301147582	24.6	106.309130114758	DBCA	59_1	0	106.309130114758
828.571428571429	800	82.2921620979443	24.6	106.892162097944	DBCA	59_1	140	131.870556550827
828.571428571429	833.333333333333	85.1835971980093	24.6	109.783597198009	DBCA	59_2	210	143.347234977858
828.571428571429	866.666666666667	81.1902920316726	24.6	105.790292031673	DBCA	59_2	0	105.790292031673
828.571428571429	900	77.4125191372011	24.6	102.012519137201	DBCA	59_2	140	126.990913590084
828.571428571429	933.333333333333	78.5897128844777	24.6	103.189712884478	DBCA	59_2	70	116.980228077411
828.571428571429	966.666666666667	79.0870668123382	24.6	103.687066812338	DBCA	59_2	280	143.233311986168
71.4285714285714	666.666666666667	75.5786241307888	0	75.5786241307888	DBCA	6_1	280	91.7056693046185
71.4285714285714	700	77.3795023383151	0	77.3795023383151	DBCA	6_1	210	93.3787401181636
71.4285714285714	733.333333333333	78.6461095834456	0	78.6461095834456	DBCA	6_1	0	78.6461095834456
71.4285714285714	766.666666666667	80.369804734708	0	80.369804734708	DBCA	6_1	70	88.3055199276416
71.4285714285714	800	82.1085880879851	0	82.1085880879851	DBCA	6_1	140	95.3773825408682
71.4285714285714	833.333333333333	82.7602900878773	0	82.7602900878773	DBCA	6_2	280	98.887335261707
71.4285714285714	866.666666666667	80.9446571956645	0	80.9446571956645	DBCA	6_2	140	94.2134516485476
71.4285714285714	900	78.7188628058203	0	78.7188628058203	DBCA	6_2	0	78.7188628058203
71.4285714285714	933.333333333333	81.6082879456177	0	81.6082879456177	DBCA	6_2	210	97.6075257254661
71.4285714285714	966.666666666667	79.567594795925	0	79.567594795925	DBCA	6_2	70	87.5033099888586
842.857142857143	666.666666666667	74.7964631416809	24.6	99.3964631416809	DBCA	60_1	280	138.942708315511
842.857142857143	700	78.8180147309485	24.6	103.418014730948	DBCA	60_1	0	103.418014730948
842.857142857143	733.333333333333	82.1023047623968	24.6	106.702304762397	DBCA	60_1	210	140.265942542245
842.857142857143	766.666666666667	81.7333156610039	24.6	106.333315661004	DBCA	60_1	140	131.311710113887
842.857142857143	800	79.1266954572791	24.6	103.726695457279	DBCA	60_1	70	117.517210650213
842.857142857143	833.333333333333	85.3256725404935	24.6	109.925672540493	DBCA	60_2	0	109.925672540493
842.857142857143	866.666666666667	81.0459617675754	24.6	105.645961767575	DBCA	60_2	280	145.192206941405
842.857142857143	900	78.3287469215999	24.6	102.9287469216	DBCA	60_2	140	127.907141374483
842.857142857143	933.333333333333	79.9256930001263	24.6	104.525693000126	DBCA	60_2	70	118.31620819306
842.857142857143	966.666666666667	77.6837551155238	24.6	102.283755115524	DBCA	60_2	210	135.847392895372
857.142857142857	666.666666666667	75.3984148790692	24.6	99.9984148790692	DBCA	61_1	0	99.9984148790692
857.142857142857	700	79.8246648606831	24.6	104.424664860683	DBCA	61_1	140	129.403059313566
857.142857142857	733.333333333333	83.9460141152589	24.6	108.546014115259	DBCA	61_1	210	142.109651895107
857.142857142857	766.666666666667	84.4747091684719	24.6	109.074709168472	DBCA	61_1	70	122.865224361406
857.142857142857	800	80.804353812433	24.6	105.404353812433	DBCA	61_1	280	144.950598986263
857.142857142857	833.333333333333	84.4029891582402	24.6	109.00298915824	DBCA	61_2	210	142.566626938089
857.142857142857	866.666666666667	82.8439784455351	24.6	107.443978445535	DBCA	61_2	70	121.234493638469
857.142857142857	900	79.4148138592126	24.6	104.014813859213	DBCA	61_2	280	143.561059033042
857.142857142857	933.333333333333	79.8775697456959	24.6	104.477569745696	DBCA	61_2	0	104.477569745696
857.142857142857	966.666666666667	78.2182885817844	24.6	102.818288581784	DBCA	61_2	140	127.796683034667
871.428571428571	666.666666666667	77.3458314021059	24.6	101.945831402106	DBCA	62_1	210	135.509469181954
871.428571428571	700	83.7131161702792	24.6	108.313116170279	DBCA	62_1	0	108.313116170279
871.428571428571	733.333333333333	80.7061083630817	24.6	105.306108363082	DBCA	62_1	70	119.096623556015
871.428571428571	766.666666666667	82.0749904360146	24.6	106.674990436015	DBCA	62_1	140	131.653384888898
871.428571428571	800	83.5942351431028	24.6	108.194235143103	DBCA	62_1	280	147.740480316933
871.428571428571	833.333333333333	83.4978654081811	24.6	108.097865408181	DBCA	62_2	140	133.076259861064
871.428571428571	866.666666666667	84.2405170380162	24.6	108.840517038016	DBCA	62_2	210	142.404154817865
871.428571428571	900	82.3267582812643	24.6	106.926758281264	DBCA	62_2	280	146.473003455094
871.428571428571	933.333333333333	80.2328421589562	24.6	104.832842158956	DBCA	62_2	70	118.62335735189
871.428571428571	966.666666666667	78.3056525786331	24.6	102.905652578633	DBCA	62_2	0	102.905652578633
885.714285714286	666.666666666667	78.7043799643878	24.6	103.304379964388	DBCA	63_1	0	103.304379964388
885.714285714286	700	82.5847231937569	24.6	107.184723193757	DBCA	63_1	140	132.16311764664
885.714285714286	733.333333333333	80.9019548643512	24.6	105.501954864351	DBCA	63_1	210	139.0655926442
885.714285714286	766.666666666667	79.6972140639641	24.6	104.297214063964	DBCA	63_1	280	143.843459237794
885.714285714286	800	84.702885988933	24.6	109.302885988933	DBCA	63_1	70	123.093401181867
885.714285714286	833.333333333333	82.1806955628987	24.6	106.780695562899	DBCA	63_2	70	120.571210755832
885.714285714286	866.666666666667	82.3901616445691	24.6	106.990161644569	DBCA	63_2	210	140.553799424418
885.714285714286	900	77.075990452073	24.6	101.675990452073	DBCA	63_2	0	101.675990452073
885.714285714286	933.333333333333	79.0848655963091	24.6	103.684865596309	DBCA	63_2	140	128.663260049192
885.714285714286	966.666666666667	76.64618815884	24.6	101.24618815884	DBCA	63_2	280	140.79243333267
900	666.666666666667	79.6711231793624	24.6	104.271123179362	DBCA	64_1	280	143.817368353192
900	700	83.8338254064121	24.6	108.433825406412	DBCA	64_1	140	133.412219859295
900	733.333333333333	81.4317113803014	24.6	106.031711380301	DBCA	64_1	0	106.031711380301
900	766.666666666667	85.4333906362721	24.6	110.033390636272	DBCA	64_1	70	123.823905829206
900	800	83.4755214651429	24.6	108.075521465143	DBCA	64_1	210	141.639159244991
900	833.333333333333	82.5965092204008	24.6	107.196509220401	DBCA	64_2	280	146.74275439423
900	866.666666666667	83.0138630663363	24.6	107.613863066336	DBCA	64_2	210	141.177500846185
900	900	81.0834014881922	24.6	105.683401488192	DBCA	64_2	0	105.683401488192
900	933.333333333333	76.1879480838033	24.6	100.787948083803	DBCA	64_2	70	114.578463276737
900	966.666666666667	79.6736674980251	24.6	104.273667498025	DBCA	64_2	140	129.252061950908
914.285714285714	666.666666666667	81.9399949113831	24.6	106.539994911383	DBCA	65_1	140	131.518389364266
914.285714285714	700	82.259670760255	24.6	106.859670760255	DBCA	65_1	70	120.650185953189
914.285714285714	733.333333333333	78.1366708359327	24.6	102.736670835933	DBCA	65_1	0	102.736670835933
914.285714285714	766.666666666667	84.2293458309203	24.6	108.82934583092	DBCA	65_1	280	148.37559100475
914.285714285714	800	81.4606398923325	24.6	106.060639892332	DBCA	65_1	210	139.624277672181
914.285714285714	833.333333333333	85.9134325719356	24.6	110.513432571936	DBCA	65_2	140	135.491827024819
914.285714285714	866.666666666667	83.7682260806526	24.6	108.368226080653	DBCA	65_2	280	147.914471254482
914.285714285714	900	79.3500115904669	24.6	103.950011590467	DBCA	65_2	0	103.950011590467
914.285714285714	933.333333333333	80.3842161207646	24.6	104.984216120765	DBCA	65_2	210	138.547853900613
914.285714285714	966.666666666667	83.2436131998495	24.6	107.84361319985	DBCA	65_2	70	121.634128392783
928.571428571429	666.666666666667	83.8688080484612	24.6	108.468808048461	DBCA	66_1	280	148.015053222291
928.571428571429	700	82.4817697112702	24.6	107.08176971127	DBCA	66_1	140	132.060164164153
928.571428571429	733.333333333333	83.1462443547012	24.6	107.746244354701	DBCA	66_1	210	141.30988213455
928.571428571429	766.666666666667	84.2118836800909	24.6	108.811883680091	DBCA	66_1	70	122.602398873025
928.571428571429	800	82.4468009832656	24.6	107.046800983266	DBCA	66_1	0	107.046800983266
928.571428571429	833.333333333333	78.634730966471	24.6	103.234730966471	DBCA	66_2	0	103.234730966471
928.571428571429	866.666666666667	77.5404218819352	24.6	102.140421881935	DBCA	66_2	210	135.704059661784
928.571428571429	900	79.7414245022272	24.6	104.341424502227	DBCA	66_2	280	143.887669676057
928.571428571429	933.333333333333	79.3718056315184	24.6	103.971805631518	DBCA	66_2	140	128.950200084401
928.571428571429	966.666666666667	85.2363155510961	24.6	109.836315551096	DBCA	66_2	70	123.62683074403
942.857142857143	666.666666666667	82.0558347330439	24.6	106.655834733044	DBCA	67_1	70	120.446349925977
942.857142857143	700	83.2619480566417	24.6	107.861948056642	DBCA	67_1	280	147.408193230471
942.857142857143	733.333333333333	85.3940292641391	24.6	109.994029264139	DBCA	67_1	140	134.972423717022
942.857142857143	766.666666666667	83.1955426710011	24.6	107.795542671001	DBCA	67_1	210	141.35918045085
942.857142857143	800	81.6546937972379	24.6	106.254693797238	DBCA	67_1	0	106.254693797238
942.857142857143	833.333333333333	79.916907430315	24.6	104.516907430315	DBCA	67_2	140	129.495301883198
942.857142857143	866.666666666667	80.6304195451936	24.6	105.230419545194	DBCA	67_2	0	105.230419545194
942.857142857143	900	79.4341084302046	24.6	104.034108430205	DBCA	67_2	280	143.580353604034
942.857142857143	933.333333333333	78.2323132255209	24.6	102.832313225521	DBCA	67_2	70	116.622828418455
942.857142857143	966.666666666667	81.7425563151379	24.6	106.342556315138	DBCA	67_2	210	139.906194094986
957.142857142857	666.666666666667	82.4199765946404	24.6	107.01997659464	DBCA	68_1	280	146.56622176847
957.142857142857	700	80.7425797319444	24.6	105.342579731944	DBCA	68_1	70	119.133094924878
957.142857142857	733.333333333333	84.2848655173047	24.6	108.884865517305	DBCA	68_1	140	133.863259970188
957.142857142857	766.666666666667	85.4737687074122	24.6	110.073768707412	DBCA	68_1	0	110.073768707412
957.142857142857	800	81.882233730182	24.6	106.482233730182	DBCA	68_1	210	140.04587151003
957.142857142857	833.333333333333	77.7334494229727	24.6	102.333449422973	DBCA	68_2	210	135.897087202821
957.142857142857	866.666666666667	81.6634017723543	24.6	106.263401772354	DBCA	68_2	140	131.241796225237
957.142857142857	900	76.875228398385	24.6	101.475228398385	DBCA	68_2	70	115.265743591319
957.142857142857	933.333333333333	76.1143393196501	24.6	100.71433931965	DBCA	68_2	0	100.71433931965
957.142857142857	966.666666666667	81.4504056563807	24.6	106.050405656381	DBCA	68_2	280	145.59665083021
971.428571428571	666.666666666667	80.1683232277117	24.6	104.768323227712	DBCA	69_1	210	138.33196100756
971.428571428571	700	80.3987109546312	24.6	104.998710954631	DBCA	69_1	70	118.789226147565
971.428571428571	733.333333333333	79.8200595120486	24.6	104.420059512049	DBCA	69_1	0	104.420059512049
971.428571428571	766.666666666667	86.7390437180193	24.6	111.339043718019	DBCA	69_1	280	150.885288891849
971.428571428571	800	81.4963726519454	24.6	106.096372651945	DBCA	69_1	140	131.074767104828
971.428571428571	833.333333333333	81.0180289439054	24.6	105.618028943905	DBCA	69_2	210	139.181666723754
971.428571428571	866.666666666667	78.6623442520614	24.6	103.262344252061	DBCA	69_2	0	103.262344252061
971.428571428571	900	77.0936565194958	24.6	101.693656519496	DBCA	69_2	70	115.484171712429
971.428571428571	933.333333333333	77.0608944273101	24.6	101.66089442731	DBCA	69_2	140	126.639288880193
971.428571428571	966.666666666667	78.730832561886	24.6	103.330832561886	DBCA	69_2	280	142.877077735716
85.7142857142857	666.666666666667	75.8057818371563	0	75.8057818371563	DBCA	7_1	0	75.8057818371563
85.7142857142857	700	78.1558440377076	0	78.1558440377076	DBCA	7_1	140	91.4246384905907
85.7142857142857	733.333333333333	78.0149207085297	0	78.0149207085297	DBCA	7_1	70	85.9506359014634
85.7142857142857	766.666666666667	75.3231274251264	0	75.3231274251264	DBCA	7_1	210	91.3223652049748
85.7142857142857	800	80.4969693994151	0	80.4969693994151	DBCA	7_1	280	96.6240145732447
85.7142857142857	833.333333333333	83.5315995450975	0	83.5315995450975	DBCA	7_2	70	91.4673147380311
85.7142857142857	866.666666666667	80.0868343813327	0	80.0868343813327	DBCA	7_2	140	93.3556288342158
85.7142857142857	900	82.8160344029162	0	82.8160344029162	DBCA	7_2	210	98.8152721827646
85.7142857142857	933.333333333333	82.6509733920559	0	82.6509733920559	DBCA	7_2	280	98.7780185658856
85.7142857142857	966.666666666667	80.4701566313897	0	80.4701566313897	DBCA	7_2	0	80.4701566313897
985.714285714286	666.666666666667	80.3565200140063	24.6	104.956520014006	DBCA	70_1	140	129.934914466889
985.714285714286	700	80.4052679101401	24.6	105.00526791014	DBCA	70_1	210	138.568905689989
985.714285714286	733.333333333333	83.1572589980385	24.6	107.757258998038	DBCA	70_1	280	147.303504171868
985.714285714286	766.666666666667	86.9137552702598	24.6	111.51375527026	DBCA	70_1	0	111.51375527026
985.714285714286	800	79.0157031073954	24.6	103.615703107395	DBCA	70_1	70	117.406218300329
985.714285714286	833.333333333333	81.6286293096961	24.6	106.228629309696	DBCA	70_2	280	145.774874483526
985.714285714286	866.666666666667	80.2548709129888	24.6	104.854870912989	DBCA	70_2	210	138.418508692837
985.714285714286	900	80.0248231471055	24.6	104.624823147106	DBCA	70_2	140	129.603217599989
985.714285714286	933.333333333333	79.6382716564136	24.6	104.238271656414	DBCA	70_2	0	104.238271656414
985.714285714286	966.666666666667	80.6820311139117	24.6	105.282031113912	DBCA	70_2	70	119.072546306845
1000	666.666666666667	78.5786177758963	24.6	103.178617775896	DBCA	71_1	0	103.178617775896
1000	700	78.8406814953793	24.6	103.440681495379	DBCA	71_1	210	137.004319275228
1000	733.333333333333	84.5276704261182	24.6	109.127670426118	DBCA	71_1	140	134.106064879001
1000	766.666666666667	84.4367516445375	24.6	109.036751644537	DBCA	71_1	70	122.827266837471
1000	800	84.7697023155982	24.6	109.369702315598	DBCA	71_1	280	148.915947489428
1000	833.333333333333	82.2852072171857	24.6	106.885207217186	DBCA	71_2	140	131.863601670069
1000	866.666666666667	81.6419173352532	24.6	106.241917335253	DBCA	71_2	280	145.788162509083
1000	900	80.1748881250209	24.6	104.774888125021	DBCA	71_2	70	118.565403317955
1000	933.333333333333	80.193043768909	24.6	104.793043768909	DBCA	71_2	0	104.793043768909
1000	966.666666666667	79.2735218637097	24.6	103.87352186371	DBCA	71_2	210	137.437159643558
100	666.666666666667	74.4453295032289	0	74.4453295032289	DBCA	8_1	210	90.4445672830774
100	700	75.2481086487569	0	75.2481086487569	DBCA	8_1	0	75.2481086487569
100	733.333333333333	74.1453230753581	0	74.1453230753581	DBCA	8_1	70	82.0810382682917
100	766.666666666667	78.3176179699098	0	78.3176179699098	DBCA	8_1	280	94.4446631437395
100	800	78.5843450230695	0	78.5843450230695	DBCA	8_1	140	91.8531394759526
100	833.333333333333	82.0526891661125	0	82.0526891661125	DBCA	8_2	70	89.9884043590461
100	866.666666666667	82.8466040058533	0	82.8466040058533	DBCA	8_2	140	96.1153984587364
100	900	82.8738289544302	0	82.8738289544302	DBCA	8_2	210	98.8730667342787
100	933.333333333333	78.5163944109848	0	78.5163944109848	DBCA	8_2	0	78.5163944109848
100	966.666666666667	81.6024694333928	0	81.6024694333928	DBCA	8_2	280	97.7295146072225
114.285714285714	666.666666666667	75.4356916556831	0	75.4356916556831	DBCA	9_1	0	75.4356916556831
114.285714285714	700	76.4380757306278	0	76.4380757306278	DBCA	9_1	70	84.3737909235614
114.285714285714	733.333333333333	76.8540359910975	0	76.8540359910975	DBCA	9_1	210	92.8532737709459
114.285714285714	766.666666666667	83.1256694965347	0	83.1256694965347	DBCA	9_1	140	96.3944639494178
114.285714285714	800	80.5592584639331	0	80.5592584639331	DBCA	9_1	280	96.6863036377628
114.285714285714	833.333333333333	80.4295714665883	0	80.4295714665883	DBCA	9_2	0	80.4295714665883
114.285714285714	866.666666666667	83.0103849825262	0	83.0103849825262	DBCA	9_2	70	90.9461001754598
114.285714285714	900	84.130807649143	0	84.130807649143	DBCA	9_2	210	100.130045428991
114.285714285714	933.333333333333	83.819852898427	0	83.819852898427	DBCA	9_2	140	97.0886473513101
114.285714285714	966.666666666667	84.7362076424163	0	84.7362076424163	DBCA	9_2	280	100.863252816246
0	1000	80.4483977911164	0	80.4483977911164	DBCA	1_3	NA	NA
14.2857142857143	1000	79.1972113067813	0	79.1972113067813	DBCA	2_3	NA	NA
28.5714285714286	1000	79.1687014563561	0	79.1687014563561	DBCA	3_3	NA	NA
42.8571428571429	1000	80.200589113411	0	80.200589113411	DBCA	4_3	NA	NA
57.1428571428571	1000	78.8171563258947	0	78.8171563258947	DBCA	5_3	NA	NA
71.4285714285714	1000	78.2740157570093	0	78.2740157570093	DBCA	6_3	NA	NA
85.7142857142857	1000	78.333974894772	0	78.333974894772	DBCA	7_3	NA	NA
100	1000	81.9289688489394	0	81.9289688489394	DBCA	8_3	NA	NA
114.285714285714	1000	79.4737268878676	0	79.4737268878676	DBCA	9_3	NA	NA
128.571428571429	1000	81.9948724081247	0	81.9948724081247	DBCA	10_3	NA	NA
142.857142857143	1000	83.1361428482586	0	83.1361428482586	DBCA	11_3	NA	NA
157.142857142857	1000	82.3454097746409	0	82.3454097746409	DBCA	12_3	NA	NA
171.428571428571	1000	77.1415376124154	0	77.1415376124154	DBCA	13_3	NA	NA
185.714285714286	1000	78.1242008941304	0	78.1242008941304	DBCA	14_3	NA	NA
200	1000	78.8532657612096	0	78.8532657612096	DBCA	15_3	NA	NA
214.285714285714	1000	79.3761811347522	0	79.3761811347522	DBCA	16_3	NA	NA
228.571428571429	1000	81.6190363598276	0	81.6190363598276	DBCA	17_3	NA	NA
242.857142857143	1000	82.1434980003843	0	82.1434980003843	DBCA	18_3	NA	NA
257.142857142857	1000	80.3307896144371	0	80.3307896144371	DBCA	19_3	NA	NA
271.428571428571	1000	80.0804030640003	0	80.0804030640003	DBCA	20_3	NA	NA
285.714285714286	1000	79.3498633514274	0	79.3498633514274	DBCA	21_3	NA	NA
300	1000	80.3718245247143	0	80.3718245247143	DBCA	22_3	NA	NA
314.285714285714	1000	80.8141473064052	0	80.8141473064052	DBCA	23_3	NA	NA
328.571428571429	1000	79.3760946195368	0	79.3760946195368	DBCA	24_3	NA	NA
342.857142857143	1000	79.7755074409958	0	79.7755074409958	DBCA	25_3	NA	NA
357.142857142857	1000	81.7455226863725	0	81.7455226863725	DBCA	26_3	NA	NA
371.428571428571	1000	79.0048269329974	0	79.0048269329974	DBCA	27_3	NA	NA
385.714285714286	1000	78.5215055586268	0	78.5215055586268	DBCA	28_3	NA	NA
400	1000	78.8633953088116	0	78.8633953088116	DBCA	29_3	NA	NA
414.285714285714	1000	80.5054709101963	0	80.5054709101963	DBCA	30_3	NA	NA
428.571428571429	1000	78.5460301834115	0	78.5460301834115	DBCA	31_3	NA	NA
442.857142857143	1000	78.0176445531533	0	78.0176445531533	DBCA	32_3	NA	NA
457.142857142857	1000	78.2036357770957	0	78.2036357770957	DBCA	33_3	NA	NA
471.428571428571	1000	79.2997003684126	0	79.2997003684126	DBCA	34_3	NA	NA
485.714285714286	1000	78.6164301767451	0	78.6164301767451	DBCA	35_3	NA	NA
500	1000	79.7900746255611	0	79.7900746255611	DBCA	36_3	NA	NA
514.285714285714	1000	76.1707797339226	24.6	100.770779733923	DBCA	37_3	NA	NA
528.571428571429	1000	78.9596196584892	24.6	103.559619658489	DBCA	38_3	NA	NA
542.857142857143	1000	78.1474994239699	24.6	102.74749942397	DBCA	39_3	NA	NA
557.142857142857	1000	75.8869315702848	24.6	100.486931570285	DBCA	40_3	NA	NA
571.428571428571	1000	78.0894423480249	24.6	102.689442348025	DBCA	41_3	NA	NA
585.714285714286	1000	81.2320660431624	24.6	105.832066043162	DBCA	42_3	NA	NA
600	1000	78.4803976731683	24.6	103.080397673168	DBCA	43_3	NA	NA
614.285714285714	1000	80.1786894973496	24.6	104.77868949735	DBCA	44_3	NA	NA
628.571428571429	1000	81.7620211961466	24.6	106.362021196147	DBCA	45_3	NA	NA
642.857142857143	1000	85.702674278702	24.6	110.302674278702	DBCA	46_3	NA	NA
657.142857142857	1000	82.9583301995823	24.6	107.558330199582	DBCA	47_3	NA	NA
671.428571428571	1000	83.7402673055868	24.6	108.340267305587	DBCA	48_3	NA	NA
685.714285714286	1000	84.8241638099936	24.6	109.424163809994	DBCA	49_3	NA	NA
700	1000	83.6886293075051	24.6	108.288629307505	DBCA	50_3	NA	NA
714.285714285714	1000	82.9745953693467	24.6	107.574595369347	DBCA	51_3	NA	NA
728.571428571429	1000	80.7229555094071	24.6	105.322955509407	DBCA	52_3	NA	NA
742.857142857143	1000	83.6990483325731	24.6	108.299048332573	DBCA	53_3	NA	NA
757.142857142857	1000	83.5167092296753	24.6	108.116709229675	DBCA	54_3	NA	NA
771.428571428571	1000	84.2047522223705	24.6	108.80475222237	DBCA	55_3	NA	NA
785.714285714286	1000	79.9508833903105	24.6	104.550883390311	DBCA	56_3	NA	NA
800	1000	81.7363257698739	24.6	106.336325769874	DBCA	57_3	NA	NA
814.285714285714	1000	80.8727077859506	24.6	105.472707785951	DBCA	58_3	NA	NA
828.571428571429	1000	78.0430465421985	24.6	102.643046542199	DBCA	59_3	NA	NA
842.857142857143	1000	80.948426191176	24.6	105.548426191176	DBCA	60_3	NA	NA
857.142857142857	1000	79.1204866220183	24.6	103.720486622018	DBCA	61_3	NA	NA
871.428571428571	1000	77.9253837551451	24.6	102.525383755145	DBCA	62_3	NA	NA
885.714285714286	1000	79.5018003098813	24.6	104.101800309881	DBCA	63_3	NA	NA
900	1000	74.9471894827956	24.6	99.5471894827956	DBCA	64_3	NA	NA
914.285714285714	1000	80.5538002256528	24.6	105.153800225653	DBCA	65_3	NA	NA
928.571428571429	1000	79.796763621322	24.6	104.396763621322	DBCA	66_3	NA	NA
942.857142857143	1000	84.0048679628719	24.6	108.604867962872	DBCA	67_3	NA	NA
957.142857142857	1000	85.8579696533131	24.6	110.457969653313	DBCA	68_3	NA	NA
971.428571428571	1000	78.6845764115188	24.6	103.284576411519	DBCA	69_3	NA	NA
985.714285714286	1000	79.5833762659754	24.6	104.183376265975	DBCA	70_3	NA	NA
1000	1000	80.6867296154872	24.6	105.286729615487	DBCA	71_3	NA	NA
