x	y	variable1	Zona	ErrorConEfecto	Disenio	Bloque	AsigTrat	MiRto
0	666.666666666667	78.7201934048725	0	78.7201934048725	DBCA	1_1	140	91.7402429764172
0	700	80.0151165768727	0	80.0151165768727	DBCA	1_1	210	94.7871283712027
0	733.333333333333	79.5809211420707	0	79.5809211420707	DBCA	1_1	70	87.6769667821721
0	766.666666666667	77.6349060179847	0	77.6349060179847	DBCA	1_1	280	90.9868383264418
0	800	78.2024849424744	0	78.2024849424744	DBCA	1_1	0	78.2024849424744
0	833.333333333333	82.2830920320874	0	82.2830920320874	DBCA	1_2	280	95.6350243405444
0	866.666666666667	84.6131395914161	0	84.6131395914161	DBCA	1_2	210	99.385151385746
0	900	80.0474802184593	0	80.0474802184593	DBCA	1_2	0	80.0474802184593
0	933.333333333333	81.5280817164896	0	81.5280817164896	DBCA	1_2	140	94.5481312880343
0	966.666666666667	78.5815006492994	0	78.5815006492994	DBCA	1_2	70	86.6775462894008
128.571428571429	666.666666666667	79.9187002449489	0	79.9187002449489	DBCA	10_1	210	94.6907120392788
128.571428571429	700	81.3683227034336	0	81.3683227034336	DBCA	10_1	280	94.7202550118906
128.571428571429	733.333333333333	79.3968036194492	0	79.3968036194492	DBCA	10_1	140	92.4168531909939
128.571428571429	766.666666666667	79.5676379286276	0	79.5676379286276	DBCA	10_1	70	87.6636835687291
128.571428571429	800	78.6762534439859	0	78.6762534439859	DBCA	10_1	0	78.6762534439859
128.571428571429	833.333333333333	81.2876257907147	0	81.2876257907147	DBCA	10_2	280	94.6395580991717
128.571428571429	866.666666666667	77.7224132606715	0	77.7224132606715	DBCA	10_2	70	85.8184589007729
128.571428571429	900	77.4384010931582	0	77.4384010931582	DBCA	10_2	140	90.458450664703
128.571428571429	933.333333333333	80.6945246493085	0	80.6945246493085	DBCA	10_2	210	95.4665364436384
128.571428571429	966.666666666667	81.570852884469	0	81.570852884469	DBCA	10_2	0	81.570852884469
142.857142857143	666.666666666667	82.7103088877039	0	82.7103088877039	DBCA	11_1	70	90.8063545278053
142.857142857143	700	83.322510038728	0	83.322510038728	DBCA	11_1	280	96.674442347185
142.857142857143	733.333333333333	79.3385189572962	0	79.3385189572962	DBCA	11_1	0	79.3385189572962
142.857142857143	766.666666666667	82.2689387919827	0	82.2689387919827	DBCA	11_1	210	97.0409505863126
142.857142857143	800	76.5806973815405	0	76.5806973815405	DBCA	11_1	140	89.6007469530852
142.857142857143	833.333333333333	77.5150144733895	0	77.5150144733895	DBCA	11_2	70	85.6110601134909
142.857142857143	866.666666666667	78.3306147546755	0	78.3306147546755	DBCA	11_2	140	91.3506643262202
142.857142857143	900	77.0039823243874	0	77.0039823243874	DBCA	11_2	280	90.3559146328444
142.857142857143	933.333333333333	81.459572584913	0	81.459572584913	DBCA	11_2	210	96.2315843792429
142.857142857143	966.666666666667	79.6793078914887	0	79.6793078914887	DBCA	11_2	0	79.6793078914887
157.142857142857	666.666666666667	83.755487971866	0	83.755487971866	DBCA	12_1	0	83.755487971866
157.142857142857	700	80.9698901545615	0	80.9698901545615	DBCA	12_1	210	95.7419019488915
157.142857142857	733.333333333333	79.9971980898501	0	79.9971980898501	DBCA	12_1	140	93.0172476613948
157.142857142857	766.666666666667	79.9471968677077	0	79.9471968677077	DBCA	12_1	70	88.0432425078091
157.142857142857	800	76.52325246879	0	76.52325246879	DBCA	12_1	280	89.875184777247
157.142857142857	833.333333333333	75.8078057793674	0	75.8078057793674	DBCA	12_2	280	89.1597380878245
157.142857142857	866.666666666667	76.212148942279	0	76.212148942279	DBCA	12_2	210	90.9841607366089
157.142857142857	900	78.5555126735515	0	78.5555126735515	DBCA	12_2	0	78.5555126735515
157.142857142857	933.333333333333	79.473274263809	0	79.473274263809	DBCA	12_2	70	87.5693199039104
157.142857142857	966.666666666667	82.5281216617219	0	82.5281216617219	DBCA	12_2	140	95.5481712332666
171.428571428571	666.666666666667	83.5069426529137	0	83.5069426529137	DBCA	13_1	210	98.2789544472436
171.428571428571	700	81.4766123917117	0	81.4766123917117	DBCA	13_1	140	94.4966619632564
171.428571428571	733.333333333333	79.5969412414345	0	79.5969412414345	DBCA	13_1	280	92.9488735498915
171.428571428571	766.666666666667	77.5665341440764	0	77.5665341440764	DBCA	13_1	70	85.6625797841778
171.428571428571	800	78.9522265839128	0	78.9522265839128	DBCA	13_1	0	78.9522265839128
171.428571428571	833.333333333333	77.9904883937377	0	77.9904883937377	DBCA	13_2	70	86.0865340338391
171.428571428571	866.666666666667	76.5338558679064	0	76.5338558679064	DBCA	13_2	280	89.8857881763635
171.428571428571	900	80.9822084398835	0	80.9822084398835	DBCA	13_2	140	94.0022580114283
171.428571428571	933.333333333333	78.5737560467872	0	78.5737560467872	DBCA	13_2	210	93.3457678411171
171.428571428571	966.666666666667	79.2576097431184	0	79.2576097431184	DBCA	13_2	0	79.2576097431184
185.714285714286	666.666666666667	83.304929840391	0	83.304929840391	DBCA	14_1	140	96.3249794119357
185.714285714286	700	77.2792780465548	0	77.2792780465548	DBCA	14_1	70	85.3753236866562
185.714285714286	733.333333333333	79.8135331828741	0	79.8135331828741	DBCA	14_1	210	94.585544977204
185.714285714286	766.666666666667	78.8237313808713	0	78.8237313808713	DBCA	14_1	0	78.8237313808713
185.714285714286	800	77.0611498542381	0	77.0611498542381	DBCA	14_1	280	90.4130821626951
185.714285714286	833.333333333333	78.6086135570456	0	78.6086135570456	DBCA	14_2	140	91.6286631285903
185.714285714286	866.666666666667	76.3915712011528	0	76.3915712011528	DBCA	14_2	210	91.1635829954827
185.714285714286	900	75.1860642526996	0	75.1860642526996	DBCA	14_2	280	88.5379965611566
185.714285714286	933.333333333333	80.3131041113427	0	80.3131041113427	DBCA	14_2	0	80.3131041113427
185.714285714286	966.666666666667	76.6473553045267	0	76.6473553045267	DBCA	14_2	70	84.7434009446281
200	666.666666666667	79.3477684088768	0	79.3477684088768	DBCA	15_1	70	87.4438140489782
200	700	81.0460381776544	0	81.0460381776544	DBCA	15_1	210	95.8180499719843
200	733.333333333333	77.3727979829347	0	77.3727979829347	DBCA	15_1	0	77.3727979829347
200	766.666666666667	81.168130932567	0	81.168130932567	DBCA	15_1	140	94.1881805041117
200	800	77.0872979636104	0	77.0872979636104	DBCA	15_1	280	90.4392302720674
200	833.333333333333	79.1535445714489	0	79.1535445714489	DBCA	15_2	0	79.1535445714489
200	866.666666666667	78.5372488666984	0	78.5372488666984	DBCA	15_2	140	91.5572984382431
200	900	76.186793443486	0	76.186793443486	DBCA	15_2	70	84.2828390835874
200	933.333333333333	82.183634810903	0	82.183634810903	DBCA	15_2	280	95.53556711936
200	966.666666666667	81.8200887871407	0	81.8200887871407	DBCA	15_2	210	96.5921005814706
214.285714285714	666.666666666667	79.8291597413248	0	79.8291597413248	DBCA	16_1	140	92.8492093128695
214.285714285714	700	79.5290479440332	0	79.5290479440332	DBCA	16_1	210	94.3010597383631
214.285714285714	733.333333333333	78.0121619009897	0	78.0121619009897	DBCA	16_1	280	91.3640942094467
214.285714285714	766.666666666667	80.9218501769989	0	80.9218501769989	DBCA	16_1	70	89.0178958171004
214.285714285714	800	79.1779998096754	0	79.1779998096754	DBCA	16_1	0	79.1779998096754
214.285714285714	833.333333333333	83.0340525913363	0	83.0340525913363	DBCA	16_2	70	91.1300982314377
214.285714285714	866.666666666667	82.2346007014176	0	82.2346007014176	DBCA	16_2	0	82.2346007014176
214.285714285714	900	81.4343716015062	0	81.4343716015062	DBCA	16_2	210	96.2063833958361
214.285714285714	933.333333333333	81.094329347434	0	81.094329347434	DBCA	16_2	280	94.446261655891
214.285714285714	966.666666666667	81.3898984953967	0	81.3898984953967	DBCA	16_2	140	94.4099480669414
228.571428571429	666.666666666667	83.0671751507558	0	83.0671751507558	DBCA	17_1	0	83.0671751507558
228.571428571429	700	81.4882675934538	0	81.4882675934538	DBCA	17_1	280	94.8401999019108
228.571428571429	733.333333333333	81.6513297718753	0	81.6513297718753	DBCA	17_1	210	96.4233415662052
228.571428571429	766.666666666667	79.38805829393	0	79.38805829393	DBCA	17_1	140	92.4081078654747
228.571428571429	800	78.6493927087747	0	78.6493927087747	DBCA	17_1	70	86.7454383488761
228.571428571429	833.333333333333	83.5562242299983	0	83.5562242299983	DBCA	17_2	70	91.6522698700997
228.571428571429	866.666666666667	81.0315148103509	0	81.0315148103509	DBCA	17_2	140	94.0515643818956
228.571428571429	900	83.8872271906811	0	83.8872271906811	DBCA	17_2	210	98.659238985011
228.571428571429	933.333333333333	81.4450192964925	0	81.4450192964925	DBCA	17_2	0	81.4450192964925
228.571428571429	966.666666666667	83.3533268068555	0	83.3533268068555	DBCA	17_2	280	96.7052591153125
242.857142857143	666.666666666667	85.3010173917739	0	85.3010173917739	DBCA	18_1	210	100.073029186104
242.857142857143	700	80.9258721341066	0	80.9258721341066	DBCA	18_1	140	93.9459217056513
242.857142857143	733.333333333333	78.7456241089076	0	78.7456241089076	DBCA	18_1	0	78.7456241089076
242.857142857143	766.666666666667	79.0386931074851	0	79.0386931074851	DBCA	18_1	280	92.3906254159421
242.857142857143	800	81.3156378750694	0	81.3156378750694	DBCA	18_1	70	89.4116835151708
242.857142857143	833.333333333333	83.5606618789699	0	83.5606618789699	DBCA	18_2	0	83.5606618789699
242.857142857143	866.666666666667	79.5910367403589	0	79.5910367403589	DBCA	18_2	280	92.9429690488159
242.857142857143	900	80.4424737339449	0	80.4424737339449	DBCA	18_2	140	93.4625233054896
242.857142857143	933.333333333333	80.3382983772171	0	80.3382983772171	DBCA	18_2	210	95.1103101715471
242.857142857143	966.666666666667	81.7990574602671	0	81.7990574602671	DBCA	18_2	70	89.8951031003685
257.142857142857	666.666666666667	84.5410681464754	0	84.5410681464754	DBCA	19_1	280	97.8930004549324
257.142857142857	700	82.3952091660493	0	82.3952091660493	DBCA	19_1	70	90.4912548061507
257.142857142857	733.333333333333	80.7024240810963	0	80.7024240810963	DBCA	19_1	140	93.722473652641
257.142857142857	766.666666666667	79.9028457724064	0	79.9028457724064	DBCA	19_1	210	94.6748575667363
257.142857142857	800	83.5074783129066	0	83.5074783129066	DBCA	19_1	0	83.5074783129066
257.142857142857	833.333333333333	85.3679481756271	0	85.3679481756271	DBCA	19_2	70	93.4639938157286
257.142857142857	866.666666666667	83.5481794330614	0	83.5481794330614	DBCA	19_2	0	83.5481794330614
257.142857142857	900	80.1466350155741	0	80.1466350155741	DBCA	19_2	140	93.1666845871188
257.142857142857	933.333333333333	81.1763869189755	0	81.1763869189755	DBCA	19_2	210	95.9483987133054
257.142857142857	966.666666666667	81.0209575289694	0	81.0209575289694	DBCA	19_2	280	94.3728898374264
14.2857142857143	666.666666666667	77.2521317355033	0	77.2521317355033	DBCA	2_1	210	92.0241435298332
14.2857142857143	700	79.2037459767	0	79.2037459767	DBCA	2_1	280	92.555678285157
14.2857142857143	733.333333333333	79.0870427063581	0	79.0870427063581	DBCA	2_1	70	87.1830883464595
14.2857142857143	766.666666666667	74.6695497000896	0	74.6695497000896	DBCA	2_1	140	87.6895992716343
14.2857142857143	800	80.7177468517787	0	80.7177468517787	DBCA	2_1	0	80.7177468517787
14.2857142857143	833.333333333333	79.1870206482443	0	79.1870206482443	DBCA	2_2	0	79.1870206482443
14.2857142857143	866.666666666667	83.5116518005782	0	83.5116518005782	DBCA	2_2	140	96.5317013721229
14.2857142857143	900	81.0313263477633	0	81.0313263477633	DBCA	2_2	280	94.3832586562203
14.2857142857143	933.333333333333	81.9587462678762	0	81.9587462678762	DBCA	2_2	70	90.0547919079776
14.2857142857143	966.666666666667	76.305610930155	0	76.305610930155	DBCA	2_2	210	91.077622724485
271.428571428571	666.666666666667	79.6406880161997	0	79.6406880161997	DBCA	20_1	280	92.9926203246567
271.428571428571	700	79.5431179793161	0	79.5431179793161	DBCA	20_1	140	92.5631675508609
271.428571428571	733.333333333333	81.5417208860342	0	81.5417208860342	DBCA	20_1	210	96.3137326803641
271.428571428571	766.666666666667	73.6854518545632	0	73.6854518545632	DBCA	20_1	0	73.6854518545632
271.428571428571	800	80.8441088577277	0	80.8441088577277	DBCA	20_1	70	88.9401544978291
271.428571428571	833.333333333333	85.1743739354469	0	85.1743739354469	DBCA	20_2	280	98.5263062439039
271.428571428571	866.666666666667	81.8260472732234	0	81.8260472732234	DBCA	20_2	210	96.5980590675533
271.428571428571	900	82.1551957423328	0	82.1551957423328	DBCA	20_2	140	95.1752453138775
271.428571428571	933.333333333333	83.3003270780715	0	83.3003270780715	DBCA	20_2	0	83.3003270780715
271.428571428571	966.666666666667	81.7577425717406	0	81.7577425717406	DBCA	20_2	70	89.853788211842
285.714285714286	666.666666666667	77.6626666824331	0	77.6626666824331	DBCA	21_1	70	85.7587123225345
285.714285714286	700	77.8597859191555	0	77.8597859191555	DBCA	21_1	0	77.8597859191555
285.714285714286	733.333333333333	77.8864314491624	0	77.8864314491624	DBCA	21_1	140	90.9064810207071
285.714285714286	766.666666666667	77.8770421579576	0	77.8770421579576	DBCA	21_1	210	92.6490539522875
285.714285714286	800	79.5733083923113	0	79.5733083923113	DBCA	21_1	280	92.9252407007683
285.714285714286	833.333333333333	84.2084661036415	0	84.2084661036415	DBCA	21_2	280	97.5603984120985
285.714285714286	866.666666666667	82.4346385268096	0	82.4346385268096	DBCA	21_2	140	95.4546880983543
285.714285714286	900	83.4314839937439	0	83.4314839937439	DBCA	21_2	210	98.2034957880738
285.714285714286	933.333333333333	85.2366290846872	0	85.2366290846872	DBCA	21_2	0	85.2366290846872
285.714285714286	966.666666666667	80.9124615919751	0	80.9124615919751	DBCA	21_2	70	89.0085072320765
300	666.666666666667	77.5568601316776	0	77.5568601316776	DBCA	22_1	210	92.3288719260075
300	700	79.7081340280285	0	79.7081340280285	DBCA	22_1	280	93.0600663364855
300	733.333333333333	76.8121207547339	0	76.8121207547339	DBCA	22_1	70	84.9081663948353
300	766.666666666667	80.6885880499182	0	80.6885880499182	DBCA	22_1	0	80.6885880499182
300	800	80.9240458992006	0	80.9240458992006	DBCA	22_1	140	93.9440954707453
300	833.333333333333	85.1502039904639	0	85.1502039904639	DBCA	22_2	140	98.1702535620086
300	866.666666666667	82.4402335931575	0	82.4402335931575	DBCA	22_2	0	82.4402335931575
300	900	82.7364446224653	0	82.7364446224653	DBCA	22_2	280	96.0883769309223
300	933.333333333333	80.9605809904159	0	80.9605809904159	DBCA	22_2	70	89.0566266305173
300	966.666666666667	84.3839860980733	0	84.3839860980733	DBCA	22_2	210	99.1559978924032
314.285714285714	666.666666666667	78.6752161685036	0	78.6752161685036	DBCA	23_1	0	78.6752161685036
314.285714285714	700	84.0719596850178	0	84.0719596850178	DBCA	23_1	280	97.4238919934749
314.285714285714	733.333333333333	81.3002756161031	0	81.3002756161031	DBCA	23_1	210	96.072287410433
314.285714285714	766.666666666667	79.1948020782052	0	79.1948020782052	DBCA	23_1	70	87.2908477183066
314.285714285714	800	80.4414066759058	0	80.4414066759058	DBCA	23_1	140	93.4614562474505
314.285714285714	833.333333333333	75.6832323226665	0	75.6832323226665	DBCA	23_2	70	83.7792779627679
314.285714285714	866.666666666667	81.6805303752573	0	81.6805303752573	DBCA	23_2	210	96.4525421695872
314.285714285714	900	85.0893718712554	0	85.0893718712554	DBCA	23_2	0	85.0893718712554
314.285714285714	933.333333333333	81.2596280093946	0	81.2596280093946	DBCA	23_2	140	94.2796775809393
314.285714285714	966.666666666667	79.8897271260409	0	79.8897271260409	DBCA	23_2	280	93.2416594344979
328.571428571429	666.666666666667	82.0305314750582	0	82.0305314750582	DBCA	24_1	0	82.0305314750582
328.571428571429	700	83.2922298523245	0	83.2922298523245	DBCA	24_1	280	96.6441621607815
328.571428571429	733.333333333333	78.5192152356111	0	78.5192152356111	DBCA	24_1	70	86.6152608757125
328.571428571429	766.666666666667	76.5643696528248	0	76.5643696528248	DBCA	24_1	140	89.5844192243695
328.571428571429	800	78.8021601586363	0	78.8021601586363	DBCA	24_1	210	93.5741719529662
328.571428571429	833.333333333333	77.4782534370574	0	77.4782534370574	DBCA	24_2	0	77.4782534370574
328.571428571429	866.666666666667	78.9952298633577	0	78.9952298633577	DBCA	24_2	280	92.3471621718147
328.571428571429	900	82.4003089723874	0	82.4003089723874	DBCA	24_2	140	95.4203585439321
328.571428571429	933.333333333333	83.1462112467845	0	83.1462112467845	DBCA	24_2	210	97.9182230411144
328.571428571429	966.666666666667	83.2638850798972	0	83.2638850798972	DBCA	24_2	70	91.3599307199986
342.857142857143	666.666666666667	81.7895660797029	0	81.7895660797029	DBCA	25_1	140	94.8096156512476
342.857142857143	700	81.9116016541126	0	81.9116016541126	DBCA	25_1	280	95.2635339625696
342.857142857143	733.333333333333	78.0881095216559	0	78.0881095216559	DBCA	25_1	0	78.0881095216559
342.857142857143	766.666666666667	77.9390594299246	0	77.9390594299246	DBCA	25_1	70	86.035105070026
342.857142857143	800	77.7184397524249	0	77.7184397524249	DBCA	25_1	210	92.4904515467548
342.857142857143	833.333333333333	82.3750764463711	0	82.3750764463711	DBCA	25_2	140	95.3951260179158
342.857142857143	866.666666666667	81.4777843238249	0	81.4777843238249	DBCA	25_2	70	89.5738299639263
342.857142857143	900	80.9968628376646	0	80.9968628376646	DBCA	25_2	280	94.3487951461216
342.857142857143	933.333333333333	80.2967823149408	0	80.2967823149408	DBCA	25_2	0	80.2967823149408
342.857142857143	966.666666666667	80.7982013628428	0	80.7982013628428	DBCA	25_2	210	95.5702131571727
357.142857142857	666.666666666667	84.4466225538237	0	84.4466225538237	DBCA	26_1	140	97.4666721253684
357.142857142857	700	82.4157005906349	0	82.4157005906349	DBCA	26_1	280	95.7676328990919
357.142857142857	733.333333333333	76.4940386120462	0	76.4940386120462	DBCA	26_1	0	76.4940386120462
357.142857142857	766.666666666667	79.2617974203526	0	79.2617974203526	DBCA	26_1	70	87.357843060454
357.142857142857	800	82.153081011918	0	82.153081011918	DBCA	26_1	210	96.9250928062479
357.142857142857	833.333333333333	80.2517835206877	0	80.2517835206877	DBCA	26_2	210	95.0237953150176
357.142857142857	866.666666666667	83.596373482408	0	83.596373482408	DBCA	26_2	70	91.6924191225094
357.142857142857	900	79.4256927012855	0	79.4256927012855	DBCA	26_2	280	92.7776250097425
357.142857142857	933.333333333333	82.1709606815622	0	82.1709606815622	DBCA	26_2	140	95.1910102531069
357.142857142857	966.666666666667	82.781611184868	0	82.781611184868	DBCA	26_2	0	82.781611184868
371.428571428571	666.666666666667	84.6116035336977	0	84.6116035336977	DBCA	27_1	210	99.3836153280276
371.428571428571	700	80.9533785216387	0	80.9533785216387	DBCA	27_1	0	80.9533785216387
371.428571428571	733.333333333333	78.5634297177437	0	78.5634297177437	DBCA	27_1	280	91.9153620262008
371.428571428571	766.666666666667	79.8573250080359	0	79.8573250080359	DBCA	27_1	140	92.8773745795807
371.428571428571	800	81.3334930207228	0	81.3334930207228	DBCA	27_1	70	89.4295386608242
371.428571428571	833.333333333333	78.4601453762412	0	78.4601453762412	DBCA	27_2	140	91.4801949477859
371.428571428571	866.666666666667	84.4922465805911	0	84.4922465805911	DBCA	27_2	280	97.8441788890481
371.428571428571	900	79.4285726804598	0	79.4285726804598	DBCA	27_2	0	79.4285726804598
371.428571428571	933.333333333333	81.1101972673735	0	81.1101972673735	DBCA	27_2	210	95.8822090617034
371.428571428571	966.666666666667	79.509910523022	0	79.509910523022	DBCA	27_2	70	87.6059561631235
385.714285714286	666.666666666667	84.3318163873084	0	84.3318163873084	DBCA	28_1	280	97.6837486957654
385.714285714286	700	78.488415108313	0	78.488415108313	DBCA	28_1	70	86.5844607484144
385.714285714286	733.333333333333	79.1192516116158	0	79.1192516116158	DBCA	28_1	0	79.1192516116158
385.714285714286	766.666666666667	76.6791261864243	0	76.6791261864243	DBCA	28_1	140	89.699175757969
385.714285714286	800	80.3779441772744	0	80.3779441772744	DBCA	28_1	210	95.1499559716043
385.714285714286	833.333333333333	77.1217789830507	0	77.1217789830507	DBCA	28_2	70	85.2178246231521
385.714285714286	866.666666666667	80.983253377377	0	80.983253377377	DBCA	28_2	210	95.755265171707
385.714285714286	900	77.1238359129939	0	77.1238359129939	DBCA	28_2	280	90.4757682214509
385.714285714286	933.333333333333	77.6534868799275	0	77.6534868799275	DBCA	28_2	0	77.6534868799275
385.714285714286	966.666666666667	79.9386743330306	0	79.9386743330306	DBCA	28_2	140	92.9587239045754
400	666.666666666667	81.5836750566568	0	81.5836750566568	DBCA	29_1	280	94.9356073651138
400	700	82.925988407519	0	82.925988407519	DBCA	29_1	0	82.925988407519
400	733.333333333333	77.2761641116038	0	77.2761641116038	DBCA	29_1	70	85.3722097517052
400	766.666666666667	75.1232009979149	0	75.1232009979149	DBCA	29_1	210	89.8952127922448
400	800	78.2126905242378	0	78.2126905242378	DBCA	29_1	140	91.2327400957825
400	833.333333333333	78.1400110530916	0	78.1400110530916	DBCA	29_2	0	78.1400110530916
400	866.666666666667	81.561999541223	0	81.561999541223	DBCA	29_2	140	94.5820491127677
400	900	73.7734525205186	0	73.7734525205186	DBCA	29_2	70	81.8694981606201
400	933.333333333333	80.2441595768005	0	80.2441595768005	DBCA	29_2	210	95.0161713711305
400	966.666666666667	78.0043827839057	0	78.0043827839057	DBCA	29_2	280	91.3563150923627
28.5714285714286	666.666666666667	80.4342162248488	0	80.4342162248488	DBCA	3_1	0	80.4342162248488
28.5714285714286	700	73.9041846651055	0	73.9041846651055	DBCA	3_1	280	87.2561169735625
28.5714285714286	733.333333333333	79.0887134124626	0	79.0887134124626	DBCA	3_1	140	92.1087629840073
28.5714285714286	766.666666666667	75.398748555524	0	75.398748555524	DBCA	3_1	70	83.4947941956254
28.5714285714286	800	79.9266389406138	0	79.9266389406138	DBCA	3_1	210	94.6986507349437
28.5714285714286	833.333333333333	80.3819520991743	0	80.3819520991743	DBCA	3_2	0	80.3819520991743
28.5714285714286	866.666666666667	81.5045187680638	0	81.5045187680638	DBCA	3_2	210	96.2765305623937
28.5714285714286	900	81.0023801269541	0	81.0023801269541	DBCA	3_2	70	89.0984257670555
28.5714285714286	933.333333333333	84.8479316174795	0	84.8479316174795	DBCA	3_2	140	97.8679811890242
28.5714285714286	966.666666666667	78.5175114200547	0	78.5175114200547	DBCA	3_2	280	91.8694437285117
414.285714285714	666.666666666667	83.0779835081233	0	83.0779835081233	DBCA	30_1	0	83.0779835081233
414.285714285714	700	81.6891946428365	0	81.6891946428365	DBCA	30_1	140	94.7092442143812
414.285714285714	733.333333333333	78.3714940879859	0	78.3714940879859	DBCA	30_1	210	93.1435058823158
414.285714285714	766.666666666667	74.7451825894404	0	74.7451825894404	DBCA	30_1	280	88.0971148978974
414.285714285714	800	77.9120793505403	0	77.9120793505403	DBCA	30_1	70	86.0081249906417
414.285714285714	833.333333333333	78.6031315888095	0	78.6031315888095	DBCA	30_2	210	93.3751433831394
414.285714285714	866.666666666667	78.9119846070804	0	78.9119846070804	DBCA	30_2	280	92.2639169155374
414.285714285714	900	79.4220110053979	0	79.4220110053979	DBCA	30_2	70	87.5180566454994
414.285714285714	933.333333333333	79.3510084850676	0	79.3510084850676	DBCA	30_2	0	79.3510084850676
414.285714285714	966.666666666667	75.5963246593234	0	75.5963246593234	DBCA	30_2	140	88.6163742308682
428.571428571429	666.666666666667	78.8383458084527	0	78.8383458084527	DBCA	31_1	0	78.8383458084527
428.571428571429	700	81.0687461757041	0	81.0687461757041	DBCA	31_1	70	89.1647918158055
428.571428571429	733.333333333333	79.7636348064311	0	79.7636348064311	DBCA	31_1	140	92.7836843779758
428.571428571429	766.666666666667	80.0401530343451	0	80.0401530343451	DBCA	31_1	280	93.3920853428021
428.571428571429	800	74.8892543319044	0	74.8892543319044	DBCA	31_1	210	89.6612661262343
428.571428571429	833.333333333333	77.8204871722732	0	77.8204871722732	DBCA	31_2	70	85.9165328123746
428.571428571429	866.666666666667	76.7104596497387	0	76.7104596497387	DBCA	31_2	210	91.4824714440687
428.571428571429	900	78.2252713576247	0	78.2252713576247	DBCA	31_2	0	78.2252713576247
428.571428571429	933.333333333333	77.7182631774357	0	77.7182631774357	DBCA	31_2	280	91.0701954858927
428.571428571429	966.666666666667	80.9976671342317	0	80.9976671342317	DBCA	31_2	140	94.0177167057764
442.857142857143	666.666666666667	77.4186643578747	0	77.4186643578747	DBCA	32_1	140	90.4387139294194
442.857142857143	700	79.0186761073602	0	79.0186761073602	DBCA	32_1	0	79.0186761073602
442.857142857143	733.333333333333	80.2843441154898	0	80.2843441154898	DBCA	32_1	210	95.0563559098197
442.857142857143	766.666666666667	81.2316272124314	0	81.2316272124314	DBCA	32_1	280	94.5835595208884
442.857142857143	800	76.838657918109	0	76.838657918109	DBCA	32_1	70	84.9347035582105
442.857142857143	833.333333333333	79.4657797133144	0	79.4657797133144	DBCA	32_2	140	92.4858292848591
442.857142857143	866.666666666667	76.225520888178	0	76.225520888178	DBCA	32_2	70	84.3215665282794
442.857142857143	900	74.9389106058174	0	74.9389106058174	DBCA	32_2	280	88.2908429142744
442.857142857143	933.333333333333	78.707945596516	0	78.707945596516	DBCA	32_2	210	93.4799573908459
442.857142857143	966.666666666667	80.4378432660798	0	80.4378432660798	DBCA	32_2	0	80.4378432660798
457.142857142857	666.666666666667	75.8541756150418	0	75.8541756150418	DBCA	33_1	0	75.8541756150418
457.142857142857	700	81.1354374346309	0	81.1354374346309	DBCA	33_1	70	89.2314830747323
457.142857142857	733.333333333333	83.7054335940167	0	83.7054335940167	DBCA	33_1	140	96.7254831655614
457.142857142857	766.666666666667	80.6938961024014	0	80.6938961024014	DBCA	33_1	210	95.4659078967313
457.142857142857	800	78.5734328912346	0	78.5734328912346	DBCA	33_1	280	91.9253651996916
457.142857142857	833.333333333333	77.2469757537167	0	77.2469757537167	DBCA	33_2	140	90.2670253252614
457.142857142857	866.666666666667	76.4353466755203	0	76.4353466755203	DBCA	33_2	280	89.7872789839774
457.142857142857	900	75.4748672405004	0	75.4748672405004	DBCA	33_2	0	75.4748672405004
457.142857142857	933.333333333333	80.0824167731257	0	80.0824167731257	DBCA	33_2	70	88.1784624132271
457.142857142857	966.666666666667	78.706973293451	0	78.706973293451	DBCA	33_2	210	93.4789850877809
471.428571428571	666.666666666667	81.0803527912868	0	81.0803527912868	DBCA	34_1	70	89.1763984313882
471.428571428571	700	81.8270396602182	0	81.8270396602182	DBCA	34_1	0	81.8270396602182
471.428571428571	733.333333333333	83.9224100909087	0	83.9224100909087	DBCA	34_1	280	97.2743423993657
471.428571428571	766.666666666667	82.3156565089372	0	82.3156565089372	DBCA	34_1	140	95.3357060804819
471.428571428571	800	79.8264361957284	0	79.8264361957284	DBCA	34_1	210	94.5984479900583
471.428571428571	833.333333333333	79.3902756001136	0	79.3902756001136	DBCA	34_2	0	79.3902756001136
471.428571428571	866.666666666667	79.1795739083418	0	79.1795739083418	DBCA	34_2	140	92.1996234798865
471.428571428571	900	79.7453710207854	0	79.7453710207854	DBCA	34_2	70	87.8414166608868
471.428571428571	933.333333333333	81.3858263678506	0	81.3858263678506	DBCA	34_2	280	94.7377586763076
471.428571428571	966.666666666667	78.0687541971107	0	78.0687541971107	DBCA	34_2	210	92.8407659914406
485.714285714286	666.666666666667	79.023969078302	0	79.023969078302	DBCA	35_1	280	92.375901386759
485.714285714286	700	79.3817275187079	0	79.3817275187079	DBCA	35_1	0	79.3817275187079
485.714285714286	733.333333333333	84.034288494322	0	84.034288494322	DBCA	35_1	210	98.8063002886519
485.714285714286	766.666666666667	80.1955085314563	0	80.1955085314563	DBCA	35_1	70	88.2915541715577
485.714285714286	800	80.7970632194174	0	80.7970632194174	DBCA	35_1	140	93.8171127909621
485.714285714286	833.333333333333	77.8693978287192	0	77.8693978287192	DBCA	35_2	140	90.889447400264
485.714285714286	866.666666666667	80.9580004484853	0	80.9580004484853	DBCA	35_2	210	95.7300122428152
485.714285714286	900	80.4726596045466	0	80.4726596045466	DBCA	35_2	0	80.4726596045466
485.714285714286	933.333333333333	80.4976303859649	0	80.4976303859649	DBCA	35_2	70	88.5936760260663
485.714285714286	966.666666666667	82.4481075510429	0	82.4481075510429	DBCA	35_2	280	95.8000398594999
500	666.666666666667	79.3305594746034	0	79.3305594746034	DBCA	36_1	210	94.1025712689333
500	700	79.2845887288825	0	79.2845887288825	DBCA	36_1	0	79.2845887288825
500	733.333333333333	83.207977642909	0	83.207977642909	DBCA	36_1	70	91.3040232830104
500	766.666666666667	76.0849090625072	0	76.0849090625072	DBCA	36_1	280	89.4368413709643
500	800	77.80344506585	0	77.80344506585	DBCA	36_1	140	90.8234946373947
500	833.333333333333	79.3535967454733	0	79.3535967454733	DBCA	36_2	280	92.7055290539303
500	866.666666666667	80.5394335726842	0	80.5394335726842	DBCA	36_2	210	95.3114453670141
500	900	78.9417295551853	0	78.9417295551853	DBCA	36_2	70	87.0377751952867
500	933.333333333333	80.9188094273038	0	80.9188094273038	DBCA	36_2	0	80.9188094273038
500	966.666666666667	81.5313030039215	0	81.5313030039215	DBCA	36_2	140	94.5513525754662
514.285714285714	666.666666666667	78.8549746795715	24.6	103.454974679572	DBCA	37_1	140	128.184624251116
514.285714285714	700	81.765835886613	24.6	106.365835886613	DBCA	37_1	70	120.316681526714
514.285714285714	733.333333333333	78.4126509909152	24.6	103.012650990915	DBCA	37_1	280	139.783783299372
514.285714285714	766.666666666667	76.2743183607322	24.6	100.874318360732	DBCA	37_1	210	133.210730155062
514.285714285714	800	77.6696414259924	24.6	102.269641425992	DBCA	37_1	0	102.269641425992
514.285714285714	833.333333333333	75.6401407007018	24.6	100.240140700702	DBCA	37_2	280	137.011273009159
514.285714285714	866.666666666667	77.1047852434207	24.6	101.704785243421	DBCA	37_2	70	115.655630883522
514.285714285714	900	80.3910285776512	24.6	104.991028577651	DBCA	37_2	140	129.720678149196
514.285714285714	933.333333333333	79.7783062685819	24.6	104.378306268582	DBCA	37_2	210	136.714718062912
514.285714285714	966.666666666667	79.9349518592685	24.6	104.534951859268	DBCA	37_2	0	104.534951859268
528.571428571429	666.666666666667	81.3319159160108	24.6	105.931915916011	DBCA	38_1	0	105.931915916011
528.571428571429	700	79.9849776252462	24.6	104.584977625246	DBCA	38_1	280	141.356109933703
528.571428571429	733.333333333333	78.188093115963	24.6	102.788093115963	DBCA	38_1	210	135.124504910293
528.571428571429	766.666666666667	77.0935304583715	24.6	101.693530458371	DBCA	38_1	70	115.644376098473
528.571428571429	800	79.2570421145734	24.6	103.857042114573	DBCA	38_1	140	128.586691686118
528.571428571429	833.333333333333	75.3325907379824	24.6	99.9325907379824	DBCA	38_2	140	124.662240309527
528.571428571429	866.666666666667	78.6871917310908	24.6	103.287191731091	DBCA	38_2	70	117.238037371192
528.571428571429	900	79.0284557735279	24.6	103.628455773528	DBCA	38_2	280	140.399588081985
528.571428571429	933.333333333333	78.6622981524684	24.6	103.262298152468	DBCA	38_2	210	135.598709946798
528.571428571429	966.666666666667	77.7357902264964	24.6	102.335790226496	DBCA	38_2	0	102.335790226496
542.857142857143	666.666666666667	82.7078188945197	24.6	107.30781889452	DBCA	39_1	70	121.258664534621
542.857142857143	700	78.4828554141088	24.6	103.082855414109	DBCA	39_1	210	135.419267208439
542.857142857143	733.333333333333	81.7859814609804	24.6	106.38598146098	DBCA	39_1	140	131.115631032525
542.857142857143	766.666666666667	76.5022763365269	24.6	101.102276336527	DBCA	39_1	0	101.102276336527
542.857142857143	800	76.7933513441631	24.6	101.393351344163	DBCA	39_1	280	138.16448365262
542.857142857143	833.333333333333	77.7312837578492	24.6	102.331283757849	DBCA	39_2	140	127.060933329394
542.857142857143	866.666666666667	76.7992563726044	24.6	101.399256372604	DBCA	39_2	70	115.350102012706
542.857142857143	900	79.0631966501955	24.6	103.663196650196	DBCA	39_2	280	140.434328958653
542.857142857143	933.333333333333	77.9790842418117	24.6	102.579084241812	DBCA	39_2	0	102.579084241812
542.857142857143	966.666666666667	80.4385492557924	24.6	105.038549255792	DBCA	39_2	210	137.374961050122
42.8571428571429	666.666666666667	78.859322638984	0	78.859322638984	DBCA	4_1	210	93.6313344333139
42.8571428571429	700	78.1807678826375	0	78.1807678826375	DBCA	4_1	280	91.5327001910946
42.8571428571429	733.333333333333	80.4239114702995	0	80.4239114702995	DBCA	4_1	140	93.4439610418442
42.8571428571429	766.666666666667	80.0265284178521	0	80.0265284178521	DBCA	4_1	70	88.1225740579536
42.8571428571429	800	80.5622276902997	0	80.5622276902997	DBCA	4_1	0	80.5622276902997
42.8571428571429	833.333333333333	77.1579980313519	0	77.1579980313519	DBCA	4_2	280	90.5099303398089
42.8571428571429	866.666666666667	81.2309386844537	0	81.2309386844537	DBCA	4_2	140	94.2509882559984
42.8571428571429	900	80.6124155068299	0	80.6124155068299	DBCA	4_2	70	88.7084611469313
42.8571428571429	933.333333333333	81.8860725553679	0	81.8860725553679	DBCA	4_2	210	96.6580843496978
42.8571428571429	966.666666666667	79.936901917205	0	79.936901917205	DBCA	4_2	0	79.936901917205
557.142857142857	666.666666666667	80.9938769474363	24.6	105.593876947436	DBCA	40_1	0	105.593876947436
557.142857142857	700	81.7247762053132	24.6	106.324776205313	DBCA	40_1	140	131.054425776858
557.142857142857	733.333333333333	81.514863773007	24.6	106.114863773007	DBCA	40_1	210	138.451275567337
557.142857142857	766.666666666667	75.4814452872173	24.6	100.081445287217	DBCA	40_1	280	136.852577595674
557.142857142857	800	78.08383524081	24.6	102.68383524081	DBCA	40_1	70	116.634680880911
557.142857142857	833.333333333333	78.7696515353917	24.6	103.369651535392	DBCA	40_2	0	103.369651535392
557.142857142857	866.666666666667	80.4272740733866	24.6	105.027274073387	DBCA	40_2	140	129.756923644931
557.142857142857	900	77.5662953753406	24.6	102.166295375341	DBCA	40_2	70	116.117141015442
557.142857142857	933.333333333333	80.7061836073927	24.6	105.306183607393	DBCA	40_2	280	142.07731591585
557.142857142857	966.666666666667	80.573812614498	24.6	105.173812614498	DBCA	40_2	210	137.510224408828
571.428571428571	666.666666666667	76.6051688743907	24.6	101.205168874391	DBCA	41_1	70	115.156014514492
571.428571428571	700	79.3342285440463	24.6	103.934228544046	DBCA	41_1	0	103.934228544046
571.428571428571	733.333333333333	79.7725843656806	24.6	104.372584365681	DBCA	41_1	210	136.708996160011
571.428571428571	766.666666666667	75.6697195348052	24.6	100.269719534805	DBCA	41_1	280	137.040851843262
571.428571428571	800	74.6685361355357	24.6	99.2685361355357	DBCA	41_1	140	123.99818570708
571.428571428571	833.333333333333	74.6656541568961	24.6	99.2656541568961	DBCA	41_2	140	123.995303728441
571.428571428571	866.666666666667	75.4473383101894	24.6	100.047338310189	DBCA	41_2	70	113.998183950291
571.428571428571	900	81.8800799098199	24.6	106.48007990982	DBCA	41_2	280	143.251212218277
571.428571428571	933.333333333333	83.6866778688299	24.6	108.28667786883	DBCA	41_2	0	108.28667786883
571.428571428571	966.666666666667	81.8972112370573	24.6	106.497211237057	DBCA	41_2	210	138.833623031387
585.714285714286	666.666666666667	78.3274538991836	24.6	102.927453899184	DBCA	42_1	70	116.878299539285
585.714285714286	700	77.5640847627694	24.6	102.164084762769	DBCA	42_1	210	134.500496557099
585.714285714286	733.333333333333	80.5923894888778	24.6	105.192389488878	DBCA	42_1	140	129.922039060423
585.714285714286	766.666666666667	75.1724311415437	24.6	99.7724311415437	DBCA	42_1	0	99.7724311415437
585.714285714286	800	76.6807995031032	24.6	101.280799503103	DBCA	42_1	280	138.05193181156
585.714285714286	833.333333333333	75.119798437645	24.6	99.719798437645	DBCA	42_2	140	124.44944800919
585.714285714286	866.666666666667	78.8501123395006	24.6	103.450112339501	DBCA	42_2	280	140.221244647958
585.714285714286	900	80.717082697586	24.6	105.317082697586	DBCA	42_2	0	105.317082697586
585.714285714286	933.333333333333	83.3066943294343	24.6	107.906694329434	DBCA	42_2	210	140.243106123764
585.714285714286	966.666666666667	81.6811885654665	24.6	106.281188565466	DBCA	42_2	70	120.232034205568
600	666.666666666667	79.2845391773202	24.6	103.88453917732	DBCA	43_1	0	103.88453917732
600	700	79.7992649591858	24.6	104.399264959186	DBCA	43_1	280	141.170397267643
600	733.333333333333	77.7559034962312	24.6	102.355903496231	DBCA	43_1	140	127.085553067776
600	766.666666666667	77.1429632182377	24.6	101.742963218238	DBCA	43_1	70	115.693808858339
600	800	77.0169796290101	24.6	101.61697962901	DBCA	43_1	210	133.95339142334
600	833.333333333333	75.7728754980424	24.6	100.372875498042	DBCA	43_2	140	125.102525069587
600	866.666666666667	77.2699731771977	24.6	101.869973177198	DBCA	43_2	0	101.869973177198
600	900	82.9729353691694	24.6	107.572935369169	DBCA	43_2	210	139.909347163499
600	933.333333333333	84.7586644975734	24.6	109.358664497573	DBCA	43_2	280	146.12979680603
600	966.666666666667	85.3167179048728	24.6	109.916717904873	DBCA	43_2	70	123.867563544974
614.285714285714	666.666666666667	76.0013829497186	24.6	100.601382949719	DBCA	44_1	280	137.372515258176
614.285714285714	700	80.9000302193357	24.6	105.500030219336	DBCA	44_1	70	119.450875859437
614.285714285714	733.333333333333	79.0771624248738	24.6	103.677162424874	DBCA	44_1	210	136.013574219204
614.285714285714	766.666666666667	79.4419863080984	24.6	104.041986308098	DBCA	44_1	140	128.771635879643
614.285714285714	800	75.7744667912419	24.6	100.374466791242	DBCA	44_1	0	100.374466791242
614.285714285714	833.333333333333	77.2016962411715	24.6	101.801696241171	DBCA	44_2	70	115.752541881273
614.285714285714	866.666666666667	78.5497739026307	24.6	103.149773902631	DBCA	44_2	280	139.920906211088
614.285714285714	900	83.1922467205417	24.6	107.792246720542	DBCA	44_2	210	140.128658514872
614.285714285714	933.333333333333	84.1390507648039	24.6	108.739050764804	DBCA	44_2	0	108.739050764804
614.285714285714	966.666666666667	83.8183601795707	24.6	108.418360179571	DBCA	44_2	140	133.148009751115
628.571428571429	666.666666666667	82.7368204921994	24.6	107.336820492199	DBCA	45_1	70	121.287666132301
628.571428571429	700	81.9517189540501	24.6	106.55171895405	DBCA	45_1	140	131.281368525595
628.571428571429	733.333333333333	82.4594108542897	24.6	107.05941085429	DBCA	45_1	210	139.39582264862
628.571428571429	766.666666666667	78.9714722056019	24.6	103.571472205602	DBCA	45_1	280	140.342604514059
628.571428571429	800	78.9269981422642	24.6	103.526998142264	DBCA	45_1	0	103.526998142264
628.571428571429	833.333333333333	79.7708439725775	24.6	104.370843972578	DBCA	45_2	280	141.141976281035
628.571428571429	866.666666666667	82.6381205785656	24.6	107.238120578566	DBCA	45_2	210	139.574532372895
628.571428571429	900	82.5071502365289	24.6	107.107150236529	DBCA	45_2	70	121.05799587663
628.571428571429	933.333333333333	82.953775421352	24.6	107.553775421352	DBCA	45_2	140	132.283424992897
628.571428571429	966.666666666667	81.8294268778712	24.6	106.429426877871	DBCA	45_2	0	106.429426877871
642.857142857143	666.666666666667	81.5599027855119	24.6	106.159902785512	DBCA	46_1	0	106.159902785512
642.857142857143	700	84.4771299042829	24.6	109.077129904283	DBCA	46_1	140	133.806779475828
642.857142857143	733.333333333333	83.1937605837892	24.6	107.793760583789	DBCA	46_1	280	144.564892892246
642.857142857143	766.666666666667	78.6416652153251	24.6	103.241665215325	DBCA	46_1	70	117.192510855427
642.857142857143	800	76.6837847881887	24.6	101.283784788189	DBCA	46_1	210	133.620196582519
642.857142857143	833.333333333333	77.5640845467313	24.6	102.164084546731	DBCA	46_2	140	126.893734118276
642.857142857143	866.666666666667	81.3652063102122	24.6	105.965206310212	DBCA	46_2	280	142.736338618669
642.857142857143	900	81.0465354276715	24.6	105.646535427672	DBCA	46_2	210	137.982947222001
642.857142857143	933.333333333333	80.2619814515301	24.6	104.86198145153	DBCA	46_2	70	118.812827091632
642.857142857143	966.666666666667	78.2911180026753	24.6	102.891118002675	DBCA	46_2	0	102.891118002675
657.142857142857	666.666666666667	84.0519808129518	24.6	108.651980812952	DBCA	47_1	70	122.602826453053
657.142857142857	700	82.3696471987653	24.6	106.969647198765	DBCA	47_1	0	106.969647198765
657.142857142857	733.333333333333	83.9537511834253	24.6	108.553751183425	DBCA	47_1	210	140.890162977755
657.142857142857	766.666666666667	81.4262381083914	24.6	106.026238108391	DBCA	47_1	140	130.755887679936
657.142857142857	800	80.5146608159177	24.6	105.114660815918	DBCA	47_1	280	141.885793124375
657.142857142857	833.333333333333	77.1838793763916	24.6	101.783879376392	DBCA	47_2	280	138.555011684849
657.142857142857	866.666666666667	82.1874178703548	24.6	106.787417870355	DBCA	47_2	140	131.5170674419
657.142857142857	900	78.1926710662207	24.6	102.792671066221	DBCA	47_2	210	135.129082860551
657.142857142857	933.333333333333	77.0892692995384	24.6	101.689269299538	DBCA	47_2	70	115.64011493964
657.142857142857	966.666666666667	77.8152210582726	24.6	102.415221058273	DBCA	47_2	0	102.415221058273
671.428571428571	666.666666666667	83.8259816776549	24.6	108.425981677655	DBCA	48_1	210	140.762393471985
671.428571428571	700	83.8158840821607	24.6	108.415884082161	DBCA	48_1	0	108.415884082161
671.428571428571	733.333333333333	85.575196769741	24.6	110.175196769741	DBCA	48_1	140	134.904846341286
671.428571428571	766.666666666667	85.7287062949405	24.6	110.32870629494	DBCA	48_1	280	147.099838603397
671.428571428571	800	79.2183177254423	24.6	103.818317725442	DBCA	48_1	70	117.769163365544
671.428571428571	833.333333333333	79.1045210018329	24.6	103.704521001833	DBCA	48_2	0	103.704521001833
671.428571428571	866.666666666667	79.3287865129234	24.6	103.928786512923	DBCA	48_2	280	140.69991882138
671.428571428571	900	77.7108743836256	24.6	102.310874383626	DBCA	48_2	210	134.647286177955
671.428571428571	933.333333333333	76.6438710406095	24.6	101.243871040609	DBCA	48_2	70	115.194716680711
671.428571428571	966.666666666667	78.2192464012137	24.6	102.819246401214	DBCA	48_2	140	127.548895972758
685.714285714286	666.666666666667	83.4705722555142	24.6	108.070572255514	DBCA	49_1	280	144.841704563971
685.714285714286	700	82.7873118220758	24.6	107.387311822076	DBCA	49_1	70	121.338157462177
685.714285714286	733.333333333333	84.0183389309824	24.6	108.618338930982	DBCA	49_1	0	108.618338930982
685.714285714286	766.666666666667	86.0466738516603	24.6	110.64667385166	DBCA	49_1	210	142.98308564599
685.714285714286	800	79.4546218825697	24.6	104.05462188257	DBCA	49_1	140	128.784271454114
685.714285714286	833.333333333333	80.102043737878	24.6	104.702043737878	DBCA	49_2	280	141.473176046335
685.714285714286	866.666666666667	80.1621602388731	24.6	104.762160238873	DBCA	49_2	0	104.762160238873
685.714285714286	900	77.0101925410451	24.6	101.610192541045	DBCA	49_2	140	126.33984211259
685.714285714286	933.333333333333	78.3549660600831	24.6	102.954966060083	DBCA	49_2	70	116.905811700185
685.714285714286	966.666666666667	75.9713139494849	24.6	100.571313949485	DBCA	49_2	210	132.907725743815
57.1428571428571	666.666666666667	81.3888216651872	0	81.3888216651872	DBCA	5_1	0	81.3888216651872
57.1428571428571	700	78.3664312053938	0	78.3664312053938	DBCA	5_1	140	91.3864807769385
57.1428571428571	733.333333333333	76.4848221808202	0	76.4848221808202	DBCA	5_1	70	84.5808678209216
57.1428571428571	766.666666666667	82.7519271565482	0	82.7519271565482	DBCA	5_1	280	96.1038594650052
57.1428571428571	800	78.6750523582732	0	78.6750523582732	DBCA	5_1	210	93.4470641526031
57.1428571428571	833.333333333333	79.6616052058847	0	79.6616052058847	DBCA	5_2	70	87.7576508459861
57.1428571428571	866.666666666667	76.5510610317555	0	76.5510610317555	DBCA	5_2	140	89.5711106033002
57.1428571428571	900	80.6142803893378	0	80.6142803893378	DBCA	5_2	210	95.3862921836677
57.1428571428571	933.333333333333	78.8337418010907	0	78.8337418010907	DBCA	5_2	0	78.8337418010907
57.1428571428571	966.666666666667	79.4860214464102	0	79.4860214464102	DBCA	5_2	280	92.8379537548673
700	666.666666666667	81.9389358121286	24.6	106.538935812129	DBCA	50_1	210	138.875347606459
700	700	82.2858671838103	24.6	106.88586718381	DBCA	50_1	0	106.88586718381
700	733.333333333333	79.1406402183921	24.6	103.740640218392	DBCA	50_1	280	140.511772526849
700	766.666666666667	80.2419208672294	24.6	104.841920867229	DBCA	50_1	140	129.571570438774
700	800	82.0492215891163	24.6	106.649221589116	DBCA	50_1	70	120.600067229218
700	833.333333333333	80.6407584174862	24.6	105.240758417486	DBCA	50_2	210	137.577170211816
700	866.666666666667	78.5371214677237	24.6	103.137121467724	DBCA	50_2	0	103.137121467724
700	900	78.3455379214993	24.6	102.945537921499	DBCA	50_2	280	139.716670229956
700	933.333333333333	77.224697271294	24.6	101.824697271294	DBCA	50_2	140	126.554346842839
700	966.666666666667	72.7839282775778	24.6	97.3839282775778	DBCA	50_2	70	111.334773917679
714.285714285714	666.666666666667	84.6645598967171	24.6	109.264559896717	DBCA	51_1	140	133.994209468262
714.285714285714	700	81.2856261671278	24.6	105.885626167128	DBCA	51_1	70	119.836471807229
714.285714285714	733.333333333333	79.4884309224628	24.6	104.088430922463	DBCA	51_1	280	140.85956323092
714.285714285714	766.666666666667	78.4233495167242	24.6	103.023349516724	DBCA	51_1	0	103.023349516724
714.285714285714	800	80.3894672395564	24.6	104.989467239556	DBCA	51_1	210	137.325879033886
714.285714285714	833.333333333333	78.3963218675134	24.6	102.996321867513	DBCA	51_2	280	139.76745417597
714.285714285714	866.666666666667	77.5019041509694	24.6	102.101904150969	DBCA	51_2	210	134.438315945299
714.285714285714	900	75.8804259671569	24.6	100.480425967157	DBCA	51_2	70	114.431271607258
714.285714285714	933.333333333333	79.1503832818118	24.6	103.750383281812	DBCA	51_2	0	103.750383281812
714.285714285714	966.666666666667	77.7621742506662	24.6	102.362174250666	DBCA	51_2	140	127.091823822211
728.571428571429	666.666666666667	86.1392681283194	24.6	110.739268128319	DBCA	52_1	0	110.739268128319
728.571428571429	700	82.686064860316	24.6	107.286064860316	DBCA	52_1	70	121.236910500417
728.571428571429	733.333333333333	78.8699634247801	24.6	103.46996342478	DBCA	52_1	280	140.241095733237
728.571428571429	766.666666666667	82.5179006147187	24.6	107.117900614719	DBCA	52_1	210	139.454312409049
728.571428571429	800	80.8493650560431	24.6	105.449365056043	DBCA	52_1	140	130.179014627588
728.571428571429	833.333333333333	75.7542513883411	24.6	100.354251388341	DBCA	52_2	70	114.305097028443
728.571428571429	866.666666666667	78.6553312889809	24.6	103.255331288981	DBCA	52_2	0	103.255331288981
728.571428571429	900	77.5488378964085	24.6	102.148837896409	DBCA	52_2	140	126.878487467953
728.571428571429	933.333333333333	75.8107238915781	24.6	100.410723891578	DBCA	52_2	210	132.747135685908
728.571428571429	966.666666666667	79.3400182736386	24.6	103.940018273639	DBCA	52_2	280	140.711150582096
742.857142857143	666.666666666667	85.9288007307622	24.6	110.528800730762	DBCA	53_1	140	135.258450302307
742.857142857143	700	83.8428349696647	24.6	108.442834969665	DBCA	53_1	210	140.779246763995
742.857142857143	733.333333333333	77.7218892671289	24.6	102.321889267129	DBCA	53_1	0	102.321889267129
742.857142857143	766.666666666667	82.9142312705609	24.6	107.514231270561	DBCA	53_1	70	121.465076910662
742.857142857143	800	81.8974796080308	24.6	106.497479608031	DBCA	53_1	280	143.268611916488
742.857142857143	833.333333333333	75.0338720844037	24.6	99.6338720844037	DBCA	53_2	280	136.405004392861
742.857142857143	866.666666666667	79.2467516429685	24.6	103.846751642969	DBCA	53_2	140	128.576401214513
742.857142857143	900	74.6271500897502	24.6	99.2271500897502	DBCA	53_2	70	113.177995729852
742.857142857143	933.333333333333	75.2260687202257	24.6	99.8260687202257	DBCA	53_2	210	132.162480514556
742.857142857143	966.666666666667	77.0188300206127	24.6	101.618830020613	DBCA	53_2	0	101.618830020613
757.142857142857	666.666666666667	90.8846835186164	24.6	115.484683518616	DBCA	54_1	280	152.255815827073
757.142857142857	700	82.7077894575794	24.6	107.307789457579	DBCA	54_1	140	132.037439029124
757.142857142857	733.333333333333	80.7121652786474	24.6	105.312165278647	DBCA	54_1	210	137.648577072977
757.142857142857	766.666666666667	84.350103981204	24.6	108.950103981204	DBCA	54_1	70	122.900949621305
757.142857142857	800	79.8952546964392	24.6	104.495254696439	DBCA	54_1	0	104.495254696439
757.142857142857	833.333333333333	71.9445388218951	24.6	96.5445388218951	DBCA	54_2	280	133.315671130352
757.142857142857	866.666666666667	78.6223419129589	24.6	103.222341912959	DBCA	54_2	70	117.17318755306
757.142857142857	900	78.8349266634851	24.6	103.434926663485	DBCA	54_2	210	135.771338457815
757.142857142857	933.333333333333	79.453481378046	24.6	104.053481378046	DBCA	54_2	140	128.783130949591
757.142857142857	966.666666666667	81.0293853690953	24.6	105.629385369095	DBCA	54_2	0	105.629385369095
771.428571428571	666.666666666667	82.2377489958135	24.6	106.837748995814	DBCA	55_1	140	131.567398567358
771.428571428571	700	82.6109415683925	24.6	107.210941568392	DBCA	55_1	70	121.161787208494
771.428571428571	733.333333333333	78.6426424289351	24.6	103.242642428935	DBCA	55_1	0	103.242642428935
771.428571428571	766.666666666667	80.7582485576449	24.6	105.358248557645	DBCA	55_1	280	142.129380866102
771.428571428571	800	78.5240197821216	24.6	103.124019782122	DBCA	55_1	210	135.460431576452
771.428571428571	833.333333333333	74.6375285216299	24.6	99.2375285216299	DBCA	55_2	70	113.188374161731
771.428571428571	866.666666666667	82.7687974875636	24.6	107.368797487564	DBCA	55_2	140	132.098447059108
771.428571428571	900	80.5839593974702	24.6	105.18395939747	DBCA	55_2	280	141.955091705927
771.428571428571	933.333333333333	80.1710162448675	24.6	104.771016244868	DBCA	55_2	0	104.771016244868
771.428571428571	966.666666666667	79.2965589638674	24.6	103.896558963867	DBCA	55_2	210	136.232970758197
785.714285714286	666.666666666667	80.8868982934479	24.6	105.486898293448	DBCA	56_1	0	105.486898293448
785.714285714286	700	79.5310134475858	24.6	104.131013447586	DBCA	56_1	210	136.467425241916
785.714285714286	733.333333333333	81.493475988724	24.6	106.093475988724	DBCA	56_1	280	142.864608297181
785.714285714286	766.666666666667	76.4742566020501	24.6	101.07425660205	DBCA	56_1	140	125.803906173595
785.714285714286	800	79.170124499631	24.6	103.770124499631	DBCA	56_1	70	117.720970139732
785.714285714286	833.333333333333	82.0133731535017	24.6	106.613373153502	DBCA	56_2	280	143.384505461959
785.714285714286	866.666666666667	78.9860663683901	24.6	103.58606636839	DBCA	56_2	210	135.92247816272
785.714285714286	900	81.360823863382	24.6	105.960823863382	DBCA	56_2	140	130.690473434927
785.714285714286	933.333333333333	79.2965282872292	24.6	103.896528287229	DBCA	56_2	70	117.847373927331
785.714285714286	966.666666666667	82.5784585637737	24.6	107.178458563774	DBCA	56_2	0	107.178458563774
800	666.666666666667	81.7928931936908	24.6	106.392893193691	DBCA	57_1	210	138.729304988021
800	700	80.4959936667996	24.6	105.0959936668	DBCA	57_1	0	105.0959936668
800	733.333333333333	76.1290782588113	24.6	100.729078258811	DBCA	57_1	70	114.679923898913
800	766.666666666667	78.2705726057991	24.6	102.870572605799	DBCA	57_1	140	127.600222177344
800	800	78.2118350592673	24.6	102.811835059267	DBCA	57_1	280	139.582967367724
800	833.333333333333	79.4806263617698	24.6	104.08062636177	DBCA	57_2	0	104.08062636177
800	866.666666666667	81.0322410285342	24.6	105.632241028534	DBCA	57_2	210	137.968652822864
800	900	79.1252938596194	24.6	103.725293859619	DBCA	57_2	140	128.454943431164
800	933.333333333333	82.1503378926303	24.6	106.75033789263	DBCA	57_2	280	143.521470201087
800	966.666666666667	84.1500075231766	24.6	108.750007523177	DBCA	57_2	70	122.700853163278
814.285714285714	666.666666666667	80.7611368362571	24.6	105.361136836257	DBCA	58_1	0	105.361136836257
814.285714285714	700	82.4844374743067	24.6	107.084437474307	DBCA	58_1	70	121.035283114408
814.285714285714	733.333333333333	78.5535240031144	24.6	103.153524003114	DBCA	58_1	210	135.489935797444
814.285714285714	766.666666666667	83.95713693732	24.6	108.55713693732	DBCA	58_1	140	133.286786508865
814.285714285714	800	79.0378350809528	24.6	103.637835080953	DBCA	58_1	280	140.40896738941
814.285714285714	833.333333333333	78.6889607972166	24.6	103.288960797217	DBCA	58_2	140	128.018610368761
814.285714285714	866.666666666667	76.7593041919758	24.6	101.359304191976	DBCA	58_2	210	133.695715986306
814.285714285714	900	82.7241105297129	24.6	107.324110529713	DBCA	58_2	0	107.324110529713
814.285714285714	933.333333333333	81.5113683571673	24.6	106.111368357167	DBCA	58_2	280	142.882500665624
814.285714285714	966.666666666667	84.7401929308908	24.6	109.340192930891	DBCA	58_2	70	123.291038570992
828.571428571429	666.666666666667	79.1671140143745	24.6	103.767114014374	DBCA	59_1	210	136.103525808704
828.571428571429	700	80.9793969931062	24.6	105.579396993106	DBCA	59_1	280	142.350529301563
828.571428571429	733.333333333333	83.438292872558	24.6	108.038292872558	DBCA	59_1	70	121.989138512659
828.571428571429	766.666666666667	82.0906558501521	24.6	106.690655850152	DBCA	59_1	140	131.420305421697
828.571428571429	800	77.7110725237594	24.6	102.311072523759	DBCA	59_1	0	102.311072523759
828.571428571429	833.333333333333	81.4812194859964	24.6	106.081219485996	DBCA	59_2	280	142.852351794453
828.571428571429	866.666666666667	79.3218115481322	24.6	103.921811548132	DBCA	59_2	70	117.872657188234
828.571428571429	900	79.7968989317281	24.6	104.396898931728	DBCA	59_2	210	136.733310726058
828.571428571429	933.333333333333	80.8813182162571	24.6	105.481318216257	DBCA	59_2	0	105.481318216257
828.571428571429	966.666666666667	86.0889322544656	24.6	110.688932254466	DBCA	59_2	140	135.41858182601
71.4285714285714	666.666666666667	82.4685811955497	0	82.4685811955497	DBCA	6_1	210	97.2405929898797
71.4285714285714	700	81.8831670207234	0	81.8831670207234	DBCA	6_1	140	94.9032165922681
71.4285714285714	733.333333333333	82.5387499357059	0	82.5387499357059	DBCA	6_1	70	90.6347955758073
71.4285714285714	766.666666666667	83.3425118124732	0	83.3425118124732	DBCA	6_1	280	96.6944441209303
71.4285714285714	800	83.1929741112216	0	83.1929741112216	DBCA	6_1	0	83.1929741112216
71.4285714285714	833.333333333333	80.8168647538574	0	80.8168647538574	DBCA	6_2	140	93.8369143254021
71.4285714285714	866.666666666667	75.8229935623211	0	75.8229935623211	DBCA	6_2	0	75.8229935623211
71.4285714285714	900	80.5366765577257	0	80.5366765577257	DBCA	6_2	70	88.6327221978271
71.4285714285714	933.333333333333	81.6995058069512	0	81.6995058069512	DBCA	6_2	280	95.0514381154082
71.4285714285714	966.666666666667	82.0948736434694	0	82.0948736434694	DBCA	6_2	210	96.8668854377993
842.857142857143	666.666666666667	80.5805513372116	24.6	105.180551337212	DBCA	60_1	70	119.131396977313
842.857142857143	700	81.4602350825184	24.6	106.060235082518	DBCA	60_1	0	106.060235082518
842.857142857143	733.333333333333	86.7855973587183	24.6	111.385597358718	DBCA	60_1	280	148.156729667175
842.857142857143	766.666666666667	86.4364030376439	24.6	111.036403037644	DBCA	60_1	210	143.372814831974
842.857142857143	800	78.8948693002179	24.6	103.494869300218	DBCA	60_1	140	128.224518871763
842.857142857143	833.333333333333	80.171781720694	24.6	104.771781720694	DBCA	60_2	70	118.722627360795
842.857142857143	866.666666666667	81.9282032910572	24.6	106.528203291057	DBCA	60_2	0	106.528203291057
842.857142857143	900	81.9829515918164	24.6	106.582951591816	DBCA	60_2	140	131.312601163361
842.857142857143	933.333333333333	82.5760096339502	24.6	107.17600963395	DBCA	60_2	210	139.51242142828
842.857142857143	966.666666666667	84.5600157533535	24.6	109.160015753353	DBCA	60_2	280	145.93114806181
857.142857142857	666.666666666667	81.1213594643752	24.6	105.721359464375	DBCA	61_1	0	105.721359464375
857.142857142857	700	79.6388933525243	24.6	104.238893352524	DBCA	61_1	280	141.010025660981
857.142857142857	733.333333333333	83.6968728343292	24.6	108.296872834329	DBCA	61_1	140	133.026522405874
857.142857142857	766.666666666667	82.1751378344632	24.6	106.775137834463	DBCA	61_1	210	139.111549628793
857.142857142857	800	84.5769669746114	24.6	109.176966974611	DBCA	61_1	70	123.127812614713
857.142857142857	833.333333333333	84.3342283819748	24.6	108.934228381975	DBCA	61_2	0	108.934228381975
857.142857142857	866.666666666667	80.7240283100972	24.6	105.324028310097	DBCA	61_2	70	119.274873950199
857.142857142857	900	82.2884628415904	24.6	106.88846284159	DBCA	61_2	140	131.618112413135
857.142857142857	933.333333333333	84.4411621275953	24.6	109.041162127595	DBCA	61_2	210	141.377573921925
857.142857142857	966.666666666667	81.9299236583331	24.6	106.529923658333	DBCA	61_2	280	143.30105596679
871.428571428571	666.666666666667	82.1040393949165	24.6	106.704039394916	DBCA	62_1	210	139.040451189246
871.428571428571	700	76.2071747235057	24.6	100.807174723506	DBCA	62_1	140	125.53682429505
871.428571428571	733.333333333333	86.6231621764055	24.6	111.223162176406	DBCA	62_1	0	111.223162176406
871.428571428571	766.666666666667	81.425433297524	24.6	106.025433297524	DBCA	62_1	70	119.976278937625
871.428571428571	800	86.3643758196897	24.6	110.96437581969	DBCA	62_1	280	147.735508128147
871.428571428571	833.333333333333	82.5752354632089	24.6	107.175235463209	DBCA	62_2	140	131.904885034754
871.428571428571	866.666666666667	81.690671782294	24.6	106.290671782294	DBCA	62_2	210	138.627083576624
871.428571428571	900	81.4410397736086	24.6	106.041039773609	DBCA	62_2	280	142.812172082066
871.428571428571	933.333333333333	83.78838827932	24.6	108.38838827932	DBCA	62_2	70	122.339233919421
871.428571428571	966.666666666667	80.1726717020239	24.6	104.772671702024	DBCA	62_2	0	104.772671702024
885.714285714286	666.666666666667	83.1543275576281	24.6	107.754327557628	DBCA	63_1	280	144.525459866085
885.714285714286	700	81.1407026998805	24.6	105.74070269988	DBCA	63_1	70	119.691548339982
885.714285714286	733.333333333333	81.7582465455197	24.6	106.35824654552	DBCA	63_1	140	131.087896117064
885.714285714286	766.666666666667	81.039230930402	24.6	105.639230930402	DBCA	63_1	0	105.639230930402
885.714285714286	800	81.2617831254001	24.6	105.8617831254	DBCA	63_1	210	138.19819491973
885.714285714286	833.333333333333	80.5578493392172	24.6	105.157849339217	DBCA	63_2	280	141.928981647674
885.714285714286	866.666666666667	79.8882028557477	24.6	104.488202855748	DBCA	63_2	210	136.824614650078
885.714285714286	900	79.8190761934249	24.6	104.419076193425	DBCA	63_2	70	118.369921833526
885.714285714286	933.333333333333	86.1084239501598	24.6	110.70842395016	DBCA	63_2	0	110.70842395016
885.714285714286	966.666666666667	78.0128937799181	24.6	102.612893779918	DBCA	63_2	140	127.342543351463
900	666.666666666667	80.2553594213283	24.6	104.855359421328	DBCA	64_1	0	104.855359421328
900	700	80.6706529217807	24.6	105.270652921781	DBCA	64_1	280	142.041785230238
900	733.333333333333	85.3780330557963	24.6	109.978033055796	DBCA	64_1	210	142.314444850126
900	766.666666666667	82.2544842402456	24.6	106.854484240246	DBCA	64_1	70	120.805329880347
900	800	80.670201951123	24.6	105.270201951123	DBCA	64_1	140	129.999851522668
900	833.333333333333	78.5937363520053	24.6	103.193736352005	DBCA	64_2	0	103.193736352005
900	866.666666666667	78.6462817145414	24.6	103.246281714541	DBCA	64_2	140	127.975931286086
900	900	82.7521931966425	24.6	107.352193196642	DBCA	64_2	280	144.123325505099
900	933.333333333333	82.2190355300529	24.6	106.819035530053	DBCA	64_2	70	120.769881170154
900	966.666666666667	76.4440833105168	24.6	101.044083310517	DBCA	64_2	210	133.380495104847
914.285714285714	666.666666666667	79.056219270103	24.6	103.656219270103	DBCA	65_1	70	117.607064910204
914.285714285714	700	82.1046093815015	24.6	106.704609381501	DBCA	65_1	210	139.041021175831
914.285714285714	733.333333333333	83.8727018934863	24.6	108.472701893486	DBCA	65_1	0	108.472701893486
914.285714285714	766.666666666667	81.5355128078461	24.6	106.135512807846	DBCA	65_1	280	142.906645116303
914.285714285714	800	84.3667633912977	24.6	108.966763391298	DBCA	65_1	140	133.696412962842
914.285714285714	833.333333333333	77.9257243263109	24.6	102.525724326311	DBCA	65_2	0	102.525724326311
914.285714285714	866.666666666667	77.9875526392584	24.6	102.587552639258	DBCA	65_2	210	134.923964433588
914.285714285714	900	81.7400080324658	24.6	106.340008032466	DBCA	65_2	140	131.069657604011
914.285714285714	933.333333333333	79.1462503499914	24.6	103.746250349991	DBCA	65_2	70	117.697095990093
914.285714285714	966.666666666667	78.7698662885215	24.6	103.369866288521	DBCA	65_2	280	140.140998596979
928.571428571429	666.666666666667	77.7431317555955	24.6	102.343131755595	DBCA	66_1	280	139.114264064052
928.571428571429	700	84.0851379393771	24.6	108.685137939377	DBCA	66_1	210	141.021549733707
928.571428571429	733.333333333333	85.3033062928719	24.6	109.903306292872	DBCA	66_1	70	123.854151932973
928.571428571429	766.666666666667	83.9114306195813	24.6	108.511430619581	DBCA	66_1	0	108.511430619581
928.571428571429	800	81.5140808817193	24.6	106.114080881719	DBCA	66_1	140	130.843730453264
928.571428571429	833.333333333333	79.1781155421201	24.6	103.77811554212	DBCA	66_2	140	128.507765113665
928.571428571429	866.666666666667	78.5086007749149	24.6	103.108600774915	DBCA	66_2	210	135.445012569245
928.571428571429	900	78.8278674618287	24.6	103.427867461829	DBCA	66_2	280	140.198999770286
928.571428571429	933.333333333333	80.3821619852191	24.6	104.982161985219	DBCA	66_2	0	104.982161985219
928.571428571429	966.666666666667	76.943845873651	24.6	101.543845873651	DBCA	66_2	70	115.494691513752
942.857142857143	666.666666666667	78.4878680969678	24.6	103.087868096968	DBCA	67_1	0	103.087868096968
942.857142857143	700	82.2014070296657	24.6	106.801407029666	DBCA	67_1	140	131.53105660121
942.857142857143	733.333333333333	84.1589261750704	24.6	108.75892617507	DBCA	67_1	70	122.709771815172
942.857142857143	766.666666666667	78.9962297579028	24.6	103.596229757903	DBCA	67_1	210	135.932641552233
942.857142857143	800	80.3543701465697	24.6	104.95437014657	DBCA	67_1	280	141.725502455027
942.857142857143	833.333333333333	80.4593843806588	24.6	105.059384380659	DBCA	67_2	140	129.789033952204
942.857142857143	866.666666666667	81.2857372894972	24.6	105.885737289497	DBCA	67_2	0	105.885737289497
942.857142857143	900	75.1984241544112	24.6	99.7984241544112	DBCA	67_2	210	132.134835948741
942.857142857143	933.333333333333	78.3683083399294	24.6	102.968308339929	DBCA	67_2	280	139.739440648386
942.857142857143	966.666666666667	75.7483381067016	24.6	100.348338106702	DBCA	67_2	70	114.299183746803
957.142857142857	666.666666666667	79.4438236664554	24.6	104.043823666455	DBCA	68_1	280	140.814955974912
957.142857142857	700	82.7334108955451	24.6	107.333410895545	DBCA	68_1	210	139.669822689875
957.142857142857	733.333333333333	83.7156193404742	24.6	108.315619340474	DBCA	68_1	140	133.045268912019
957.142857142857	766.666666666667	80.9062165835052	24.6	105.506216583505	DBCA	68_1	0	105.506216583505
957.142857142857	800	83.7542793833215	24.6	108.354279383321	DBCA	68_1	70	122.305125023423
957.142857142857	833.333333333333	81.1600860530594	24.6	105.760086053059	DBCA	68_2	0	105.760086053059
957.142857142857	866.666666666667	81.7193474413074	24.6	106.319347441307	DBCA	68_2	70	120.270193081409
957.142857142857	900	77.2690535081699	24.6	101.86905350817	DBCA	68_2	280	138.640185816627
957.142857142857	933.333333333333	77.0915860582768	24.6	101.691586058277	DBCA	68_2	140	126.421235629821
957.142857142857	966.666666666667	78.4212438974011	24.6	103.021243897401	DBCA	68_2	210	135.357655691731
971.428571428571	666.666666666667	81.597536315657	24.6	106.197536315657	DBCA	69_1	0	106.197536315657
971.428571428571	700	83.2587867909876	24.6	107.858786790988	DBCA	69_1	210	140.195198585317
971.428571428571	733.333333333333	86.3323049766914	24.6	110.932304976691	DBCA	69_1	140	135.661954548236
971.428571428571	766.666666666667	82.9036460167384	24.6	107.503646016738	DBCA	69_1	280	144.274778325195
971.428571428571	800	80.4830524134495	24.6	105.083052413449	DBCA	69_1	70	119.033898053551
971.428571428571	833.333333333333	77.5141621618742	24.6	102.114162161874	DBCA	69_2	210	134.450573956204
971.428571428571	866.666666666667	80.7158165047782	24.6	105.315816504778	DBCA	69_2	70	119.26666214488
971.428571428571	900	76.8738576052825	24.6	101.473857605283	DBCA	69_2	280	138.24498991374
971.428571428571	933.333333333333	78.9215372106175	24.6	103.521537210618	DBCA	69_2	140	128.251186782162
971.428571428571	966.666666666667	78.6197802449356	24.6	103.219780244936	DBCA	69_2	0	103.219780244936
85.7142857142857	666.666666666667	79.6027907624728	0	79.6027907624728	DBCA	7_1	280	92.9547230709299
85.7142857142857	700	78.9214228277112	0	78.9214228277112	DBCA	7_1	70	87.0174684678126
85.7142857142857	733.333333333333	80.5791007289766	0	80.5791007289766	DBCA	7_1	140	93.5991503005213
85.7142857142857	766.666666666667	79.6465295233516	0	79.6465295233516	DBCA	7_1	0	79.6465295233516
85.7142857142857	800	78.1342199158295	0	78.1342199158295	DBCA	7_1	210	92.9062317101594
85.7142857142857	833.333333333333	77.8805510482545	0	77.8805510482545	DBCA	7_2	140	90.9006006197992
85.7142857142857	866.666666666667	76.3010023805798	0	76.3010023805798	DBCA	7_2	210	91.0730141749097
85.7142857142857	900	77.6040713542314	0	77.6040713542314	DBCA	7_2	280	90.9560036626884
85.7142857142857	933.333333333333	80.3126626039097	0	80.3126626039097	DBCA	7_2	70	88.4087082440112
85.7142857142857	966.666666666667	80.1840193398203	0	80.1840193398203	DBCA	7_2	0	80.1840193398203
985.714285714286	666.666666666667	78.5903044915888	24.6	103.190304491589	DBCA	70_1	140	127.919954063134
985.714285714286	700	80.2080898795151	24.6	104.808089879515	DBCA	70_1	70	118.758935519617
985.714285714286	733.333333333333	83.8821913349399	24.6	108.48219133494	DBCA	70_1	280	145.253323643397
985.714285714286	766.666666666667	84.5123657948643	24.6	109.112365794864	DBCA	70_1	0	109.112365794864
985.714285714286	800	79.6416445816843	24.6	104.241644581684	DBCA	70_1	210	136.578056376014
985.714285714286	833.333333333333	80.3349918489078	24.6	104.934991848908	DBCA	70_2	140	129.664641420452
985.714285714286	866.666666666667	77.7570748047157	24.6	102.357074804716	DBCA	70_2	0	102.357074804716
985.714285714286	900	73.4333976200402	24.6	98.0333976200402	DBCA	70_2	210	130.36980941437
985.714285714286	933.333333333333	77.7490971745245	24.6	102.349097174524	DBCA	70_2	280	139.120229482981
985.714285714286	966.666666666667	80.3011000559422	24.6	104.901100055942	DBCA	70_2	70	118.851945696044
1000	666.666666666667	78.5488458047035	24.6	103.148845804703	DBCA	71_1	70	117.099691444805
1000	700	80.4904356862637	24.6	105.090435686264	DBCA	71_1	140	129.820085257808
1000	733.333333333333	84.8988712584498	24.6	109.49887125845	DBCA	71_1	210	141.83528305278
1000	766.666666666667	83.3931544771928	24.6	107.993154477193	DBCA	71_1	280	144.76428678565
1000	800	86.0275400897737	24.6	110.627540089774	DBCA	71_1	0	110.627540089774
1000	833.333333333333	79.6974490354214	24.6	104.297449035421	DBCA	71_2	140	129.027098606966
1000	866.666666666667	78.9831809355921	24.6	103.583180935592	DBCA	71_2	0	103.583180935592
1000	900	76.3777287612576	24.6	100.977728761258	DBCA	71_2	70	114.928574401359
1000	933.333333333333	76.2280382017406	24.6	100.828038201741	DBCA	71_2	210	133.164449996071
1000	966.666666666667	79.7837674842768	24.6	104.383767484277	DBCA	71_2	280	141.154899792734
100	666.666666666667	78.2099337580555	0	78.2099337580555	DBCA	8_1	0	78.2099337580555
100	700	78.3929112317092	0	78.3929112317092	DBCA	8_1	210	93.1649230260391
100	733.333333333333	78.3342661369768	0	78.3342661369768	DBCA	8_1	70	86.4303117770782
100	766.666666666667	77.8671382326294	0	77.8671382326294	DBCA	8_1	140	90.8871878041741
100	800	79.6467859844821	0	79.6467859844821	DBCA	8_1	280	92.9987182929391
100	833.333333333333	81.4671733804117	0	81.4671733804117	DBCA	8_2	70	89.5632190205131
100	866.666666666667	76.922578629355	0	76.922578629355	DBCA	8_2	140	89.9426282008997
100	900	77.7275662709326	0	77.7275662709326	DBCA	8_2	280	91.0794985793896
100	933.333333333333	79.4845684460052	0	79.4845684460052	DBCA	8_2	210	94.2565802403351
100	966.666666666667	81.9283952499834	0	81.9283952499834	DBCA	8_2	0	81.9283952499834
114.285714285714	666.666666666667	76.9933583137535	0	76.9933583137535	DBCA	9_1	70	85.0894039538549
114.285714285714	700	80.5019858936672	0	80.5019858936672	DBCA	9_1	140	93.5220354652119
114.285714285714	733.333333333333	77.7899186856645	0	77.7899186856645	DBCA	9_1	0	77.7899186856645
114.285714285714	766.666666666667	77.4562013041442	0	77.4562013041442	DBCA	9_1	280	90.8081336126013
114.285714285714	800	80.0608797644182	0	80.0608797644182	DBCA	9_1	210	94.8328915587481
114.285714285714	833.333333333333	78.9630101382826	0	78.9630101382826	DBCA	9_2	280	92.3149424467396
114.285714285714	866.666666666667	74.5096864417549	0	74.5096864417549	DBCA	9_2	210	89.2816982360848
114.285714285714	900	79.2687787674882	0	79.2687787674882	DBCA	9_2	140	92.2888283390329
114.285714285714	933.333333333333	83.1510627751053	0	83.1510627751053	DBCA	9_2	70	91.2471084152067
114.285714285714	966.666666666667	82.0670012421261	0	82.0670012421261	DBCA	9_2	0	82.0670012421261
0	1000	80.3081152279782	0	80.3081152279782	DBCA	1_3	NA	NA
14.2857142857143	1000	82.4358505971361	0	82.4358505971361	DBCA	2_3	NA	NA
28.5714285714286	1000	81.5890564302931	0	81.5890564302931	DBCA	3_3	NA	NA
42.8571428571429	1000	80.6386692429652	0	80.6386692429652	DBCA	4_3	NA	NA
57.1428571428571	1000	80.5879227939817	0	80.5879227939817	DBCA	5_3	NA	NA
71.4285714285714	1000	81.4455687061387	0	81.4455687061387	DBCA	6_3	NA	NA
85.7142857142857	1000	81.3870788514981	0	81.3870788514981	DBCA	7_3	NA	NA
100	1000	81.2862567240226	0	81.2862567240226	DBCA	8_3	NA	NA
114.285714285714	1000	77.5113704668428	0	77.5113704668428	DBCA	9_3	NA	NA
128.571428571429	1000	79.1167057030985	0	79.1167057030985	DBCA	10_3	NA	NA
142.857142857143	1000	78.8067012102063	0	78.8067012102063	DBCA	11_3	NA	NA
157.142857142857	1000	81.6343854171564	0	81.6343854171564	DBCA	12_3	NA	NA
171.428571428571	1000	77.484572058521	0	77.484572058521	DBCA	13_3	NA	NA
185.714285714286	1000	74.421580857577	0	74.421580857577	DBCA	14_3	NA	NA
200	1000	74.4291011831611	0	74.4291011831611	DBCA	15_3	NA	NA
214.285714285714	1000	75.4829942267654	0	75.4829942267654	DBCA	16_3	NA	NA
228.571428571429	1000	77.037369744694	0	77.037369744694	DBCA	17_3	NA	NA
242.857142857143	1000	77.2112075843788	0	77.2112075843788	DBCA	18_3	NA	NA
257.142857142857	1000	79.9694819106478	0	79.9694819106478	DBCA	19_3	NA	NA
271.428571428571	1000	79.1962851604214	0	79.1962851604214	DBCA	20_3	NA	NA
285.714285714286	1000	82.8031605659055	0	82.8031605659055	DBCA	21_3	NA	NA
300	1000	81.1962334509713	0	81.1962334509713	DBCA	22_3	NA	NA
314.285714285714	1000	82.8999043745406	0	82.8999043745406	DBCA	23_3	NA	NA
328.571428571429	1000	80.9804287468537	0	80.9804287468537	DBCA	24_3	NA	NA
342.857142857143	1000	77.9852908926277	0	77.9852908926277	DBCA	25_3	NA	NA
357.142857142857	1000	81.6400754323925	0	81.6400754323925	DBCA	26_3	NA	NA
371.428571428571	1000	79.4352634539476	0	79.4352634539476	DBCA	27_3	NA	NA
385.714285714286	1000	79.9775325210587	0	79.9775325210587	DBCA	28_3	NA	NA
400	1000	80.1422879979022	0	80.1422879979022	DBCA	29_3	NA	NA
414.285714285714	1000	83.0034658736819	0	83.0034658736819	DBCA	30_3	NA	NA
428.571428571429	1000	81.1632267624239	0	81.1632267624239	DBCA	31_3	NA	NA
442.857142857143	1000	84.137649293962	0	84.137649293962	DBCA	32_3	NA	NA
457.142857142857	1000	83.0393558753631	0	83.0393558753631	DBCA	33_3	NA	NA
471.428571428571	1000	81.2214856312505	0	81.2214856312505	DBCA	34_3	NA	NA
485.714285714286	1000	83.0230210520153	0	83.0230210520153	DBCA	35_3	NA	NA
500	1000	77.6576696650143	0	77.6576696650143	DBCA	36_3	NA	NA
514.285714285714	1000	76.4587009346674	24.6	101.058700934667	DBCA	37_3	NA	NA
528.571428571429	1000	80.4152462707879	24.6	105.015246270788	DBCA	38_3	NA	NA
542.857142857143	1000	78.9095928535776	24.6	103.509592853578	DBCA	39_3	NA	NA
557.142857142857	1000	78.0744085599787	24.6	102.674408559979	DBCA	40_3	NA	NA
571.428571428571	1000	81.5460689897295	24.6	106.146068989729	DBCA	41_3	NA	NA
585.714285714286	1000	80.3128253290388	24.6	104.912825329039	DBCA	42_3	NA	NA
600	1000	82.394703929017	24.6	106.994703929017	DBCA	43_3	NA	NA
614.285714285714	1000	75.9633720073475	24.6	100.563372007348	DBCA	44_3	NA	NA
628.571428571429	1000	78.1432086213238	24.6	102.743208621324	DBCA	45_3	NA	NA
642.857142857143	1000	79.4007240158726	24.6	104.000724015873	DBCA	46_3	NA	NA
657.142857142857	1000	78.7012821768028	24.6	103.301282176803	DBCA	47_3	NA	NA
671.428571428571	1000	77.9083971909429	24.6	102.508397190943	DBCA	48_3	NA	NA
685.714285714286	1000	76.6988862777656	24.6	101.298886277766	DBCA	49_3	NA	NA
700	1000	73.0011895472815	24.6	97.6011895472815	DBCA	50_3	NA	NA
714.285714285714	1000	75.8204303905363	24.6	100.420430390536	DBCA	51_3	NA	NA
728.571428571429	1000	78.6996737302862	24.6	103.299673730286	DBCA	52_3	NA	NA
742.857142857143	1000	74.9226673629688	24.6	99.5226673629688	DBCA	53_3	NA	NA
757.142857142857	1000	76.8786741217347	24.6	101.478674121735	DBCA	54_3	NA	NA
771.428571428571	1000	77.7123209110787	24.6	102.312320911079	DBCA	55_3	NA	NA
785.714285714286	1000	78.1116291679033	24.6	102.711629167903	DBCA	56_3	NA	NA
800	1000	77.4396182630495	24.6	102.039618263049	DBCA	57_3	NA	NA
814.285714285714	1000	79.060849895496	24.6	103.660849895496	DBCA	58_3	NA	NA
828.571428571429	1000	77.3568346048718	24.6	101.956834604872	DBCA	59_3	NA	NA
842.857142857143	1000	82.5944093033884	24.6	107.194409303388	DBCA	60_3	NA	NA
857.142857142857	1000	80.8671882491146	24.6	105.467188249115	DBCA	61_3	NA	NA
871.428571428571	1000	81.2699455893179	24.6	105.869945589318	DBCA	62_3	NA	NA
885.714285714286	1000	81.1375381472152	24.6	105.737538147215	DBCA	63_3	NA	NA
900	1000	82.3312184163741	24.6	106.931218416374	DBCA	64_3	NA	NA
914.285714285714	1000	79.5311484372562	24.6	104.131148437256	DBCA	65_3	NA	NA
928.571428571429	1000	76.5695371225704	24.6	101.16953712257	DBCA	66_3	NA	NA
942.857142857143	1000	79.2269146002645	24.6	103.826914600264	DBCA	67_3	NA	NA
957.142857142857	1000	78.3298916441023	24.6	102.929891644102	DBCA	68_3	NA	NA
971.428571428571	1000	80.974613853416	24.6	105.574613853416	DBCA	69_3	NA	NA
985.714285714286	1000	79.4311264849092	24.6	104.031126484909	DBCA	70_3	NA	NA
1000	1000	80.8359986278313	24.6	105.435998627831	DBCA	71_3	NA	NA
