x	y	variable1	Zona	ErrorConEfecto	Disenio	Bloque	AsigTrat	MiRto
0	666.666666666667	83.5731491344107	0	83.5731491344107	DBCA	1_1	0	83.5731491344107
0	700	82.4072835019627	0	82.4072835019627	DBCA	1_1	140	93.5025029505347
0	733.333333333333	78.4492685304953	0	78.4492685304953	DBCA	1_1	280	91.5394727704904
0	766.666666666667	79.4865545208952	0	79.4865545208952	DBCA	1_1	70	86.1716935773248
0	800	83.8887864493638	0	83.8887864493638	DBCA	1_1	210	97.119027625791
0	833.333333333333	79.360415311798	0	79.360415311798	DBCA	1_2	70	86.0455543682276
0	866.666666666667	76.9495593305738	0	76.9495593305738	DBCA	1_2	140	88.0447787791458
0	900	78.9575718804766	0	78.9575718804766	DBCA	1_2	210	92.1878130569037
0	933.333333333333	76.6743572698084	0	76.6743572698084	DBCA	1_2	280	89.7645615098036
0	966.666666666667	80.5579350196552	0	80.5579350196552	DBCA	1_2	0	80.5579350196552
128.571428571429	666.666666666667	78.8303475002182	0	78.8303475002182	DBCA	10_1	70	85.5154865566477
128.571428571429	700	79.5403301549467	0	79.5403301549467	DBCA	10_1	210	92.7705713313738
128.571428571429	733.333333333333	78.8577721109506	0	78.8577721109506	DBCA	10_1	140	89.9529915595226
128.571428571429	766.666666666667	78.4293888852725	0	78.4293888852725	DBCA	10_1	0	78.4293888852725
128.571428571429	800	81.2187254457148	0	81.2187254457148	DBCA	10_1	280	94.3089296857099
128.571428571429	833.333333333333	79.301361216429	0	79.301361216429	DBCA	10_2	70	85.9865002728585
128.571428571429	866.666666666667	83.1174223956415	0	83.1174223956415	DBCA	10_2	140	94.2126418442135
128.571428571429	900	80.4328156246204	0	80.4328156246204	DBCA	10_2	280	93.5230198646155
128.571428571429	933.333333333333	81.6182460958979	0	81.6182460958979	DBCA	10_2	0	81.6182460958979
128.571428571429	966.666666666667	81.8306229059261	0	81.8306229059261	DBCA	10_2	210	95.0608640823533
142.857142857143	666.666666666667	79.7879535699877	0	79.7879535699877	DBCA	11_1	280	92.8781578099829
142.857142857143	700	77.1131193295652	0	77.1131193295652	DBCA	11_1	0	77.1131193295652
142.857142857143	733.333333333333	79.5676245867889	0	79.5676245867889	DBCA	11_1	70	86.2527636432185
142.857142857143	766.666666666667	81.4397117022676	0	81.4397117022676	DBCA	11_1	140	92.5349311508396
142.857142857143	800	81.8559202835163	0	81.8559202835163	DBCA	11_1	210	95.0861614599435
142.857142857143	833.333333333333	80.5602837971111	0	80.5602837971111	DBCA	11_2	70	87.2454228535407
142.857142857143	866.666666666667	79.2366899985639	0	79.2366899985639	DBCA	11_2	210	92.4669311749911
142.857142857143	900	81.7833349895692	0	81.7833349895692	DBCA	11_2	280	94.8735392295644
142.857142857143	933.333333333333	79.2713123963239	0	79.2713123963239	DBCA	11_2	0	79.2713123963239
142.857142857143	966.666666666667	83.2931826635557	0	83.2931826635557	DBCA	11_2	140	94.3884021121277
157.142857142857	666.666666666667	79.4991061703501	0	79.4991061703501	DBCA	12_1	210	92.7293473467773
157.142857142857	700	75.952058519253	0	75.952058519253	DBCA	12_1	0	75.952058519253
157.142857142857	733.333333333333	79.5903434189468	0	79.5903434189468	DBCA	12_1	140	90.6855628675188
157.142857142857	766.666666666667	82.3186722610167	0	82.3186722610167	DBCA	12_1	70	89.0038113174463
157.142857142857	800	84.544634866641	0	84.544634866641	DBCA	12_1	280	97.6348391066362
157.142857142857	833.333333333333	79.2565389457734	0	79.2565389457734	DBCA	12_2	70	85.941678002203
157.142857142857	866.666666666667	78.0927027902352	0	78.0927027902352	DBCA	12_2	140	89.1879222388071
157.142857142857	900	79.319497684517	0	79.319497684517	DBCA	12_2	280	92.4097019245121
157.142857142857	933.333333333333	79.2011300122294	0	79.2011300122294	DBCA	12_2	0	79.2011300122294
157.142857142857	966.666666666667	80.6771968299745	0	80.6771968299745	DBCA	12_2	210	93.9074380064017
171.428571428571	666.666666666667	78.6119620302893	0	78.6119620302893	DBCA	13_1	140	89.7071814788613
171.428571428571	700	76.9449849612201	0	76.9449849612201	DBCA	13_1	70	83.6301240176496
171.428571428571	733.333333333333	79.6596359232063	0	79.6596359232063	DBCA	13_1	210	92.8898770996335
171.428571428571	766.666666666667	81.6587617073065	0	81.6587617073065	DBCA	13_1	0	81.6587617073065
171.428571428571	800	83.0630590912719	0	83.0630590912719	DBCA	13_1	280	96.153263331267
171.428571428571	833.333333333333	79.8008908744101	0	79.8008908744101	DBCA	13_2	0	79.8008908744101
171.428571428571	866.666666666667	81.1472394751092	0	81.1472394751092	DBCA	13_2	210	94.3774806515363
171.428571428571	900	80.308763273341	0	80.308763273341	DBCA	13_2	70	86.9939023297706
171.428571428571	933.333333333333	77.8294096165075	0	77.8294096165075	DBCA	13_2	140	88.9246290650795
171.428571428571	966.666666666667	78.595356920228	0	78.595356920228	DBCA	13_2	280	91.6855611602231
185.714285714286	666.666666666667	82.7023360014581	0	82.7023360014581	DBCA	14_1	0	82.7023360014581
185.714285714286	700	75.694888871103	0	75.694888871103	DBCA	14_1	140	86.790108319675
185.714285714286	733.333333333333	79.6777921200081	0	79.6777921200081	DBCA	14_1	70	86.3629311764377
185.714285714286	766.666666666667	80.6210856250919	0	80.6210856250919	DBCA	14_1	280	93.711289865087
185.714285714286	800	86.7405741956248	0	86.7405741956248	DBCA	14_1	210	99.9708153720519
185.714285714286	833.333333333333	78.7634695198375	0	78.7634695198375	DBCA	14_2	140	89.8586889684095
185.714285714286	866.666666666667	81.8587176519346	0	81.8587176519346	DBCA	14_2	70	88.5438567083642
185.714285714286	900	80.4441302165137	0	80.4441302165137	DBCA	14_2	280	93.5343344565088
185.714285714286	933.333333333333	76.5011029567315	0	76.5011029567315	DBCA	14_2	210	89.7313441331587
185.714285714286	966.666666666667	79.1705035697449	0	79.1705035697449	DBCA	14_2	0	79.1705035697449
200	666.666666666667	81.0791472406846	0	81.0791472406846	DBCA	15_1	70	87.7642862971142
200	700	78.2815131588828	0	78.2815131588828	DBCA	15_1	210	91.51175433531
200	733.333333333333	81.4047205014387	0	81.4047205014387	DBCA	15_1	0	81.4047205014387
200	766.666666666667	78.7038260237274	0	78.7038260237274	DBCA	15_1	140	89.7990454722994
200	800	81.9587767442757	0	81.9587767442757	DBCA	15_1	280	95.0489809842709
200	833.333333333333	81.0850696392238	0	81.0850696392238	DBCA	15_2	210	94.3153108156509
200	866.666666666667	86.9709767625824	0	86.9709767625824	DBCA	15_2	140	98.0661962111544
200	900	80.5608608543654	0	80.5608608543654	DBCA	15_2	0	80.5608608543654
200	933.333333333333	74.6531925063161	0	74.6531925063161	DBCA	15_2	70	81.3383315627457
200	966.666666666667	77.4963740734151	0	77.4963740734151	DBCA	15_2	280	90.5865783134103
214.285714285714	666.666666666667	77.8901277105437	0	77.8901277105437	DBCA	16_1	0	77.8901277105437
214.285714285714	700	80.2690498171262	0	80.2690498171262	DBCA	16_1	140	91.3642692656982
214.285714285714	733.333333333333	81.4394836779383	0	81.4394836779383	DBCA	16_1	280	94.5296879179334
214.285714285714	766.666666666667	79.0954269003916	0	79.0954269003916	DBCA	16_1	210	92.3256680768187
214.285714285714	800	80.1943319795328	0	80.1943319795328	DBCA	16_1	70	86.8794710359624
214.285714285714	833.333333333333	79.2182289189038	0	79.2182289189038	DBCA	16_2	0	79.2182289189038
214.285714285714	866.666666666667	83.9793227612517	0	83.9793227612517	DBCA	16_2	280	97.0695270012468
214.285714285714	900	80.9038333002431	0	80.9038333002431	DBCA	16_2	210	94.1340744766702
214.285714285714	933.333333333333	73.1289059637276	0	73.1289059637276	DBCA	16_2	140	84.2241254122996
214.285714285714	966.666666666667	75.8534590273983	0	75.8534590273983	DBCA	16_2	70	82.5385980838279
228.571428571429	666.666666666667	79.9354166186734	0	79.9354166186734	DBCA	17_1	210	93.1656577951006
228.571428571429	700	79.2384408203559	0	79.2384408203559	DBCA	17_1	0	79.2384408203559
228.571428571429	733.333333333333	79.7234431950162	0	79.7234431950162	DBCA	17_1	280	92.8136474350113
228.571428571429	766.666666666667	76.5584314597742	0	76.5584314597742	DBCA	17_1	140	87.6536509083462
228.571428571429	800	79.5345932219918	0	79.5345932219918	DBCA	17_1	70	86.2197322784214
228.571428571429	833.333333333333	80.5488988789642	0	80.5488988789642	DBCA	17_2	140	91.6441183275362
228.571428571429	866.666666666667	85.0207027062212	0	85.0207027062212	DBCA	17_2	280	98.1109069462164
228.571428571429	900	77.9558209759153	0	77.9558209759153	DBCA	17_2	70	84.6409600323449
228.571428571429	933.333333333333	77.3619898635145	0	77.3619898635145	DBCA	17_2	210	90.5922310399417
228.571428571429	966.666666666667	75.6754635496724	0	75.6754635496724	DBCA	17_2	0	75.6754635496724
242.857142857143	666.666666666667	79.7768925145266	0	79.7768925145266	DBCA	18_1	70	86.4620315709562
242.857142857143	700	79.5912042730858	0	79.5912042730858	DBCA	18_1	140	90.6864237216577
242.857142857143	733.333333333333	81.2163969842219	0	81.2163969842219	DBCA	18_1	280	94.306601224217
242.857142857143	766.666666666667	79.0571766095668	0	79.0571766095668	DBCA	18_1	210	92.2874177859939
242.857142857143	800	81.3485321014657	0	81.3485321014657	DBCA	18_1	0	81.3485321014657
242.857142857143	833.333333333333	80.4151507126153	0	80.4151507126153	DBCA	18_2	70	87.1002897690449
242.857142857143	866.666666666667	84.0373988669099	0	84.0373988669099	DBCA	18_2	280	97.1276031069051
242.857142857143	900	78.1547147523086	0	78.1547147523086	DBCA	18_2	0	78.1547147523086
242.857142857143	933.333333333333	76.6105925642468	0	76.6105925642468	DBCA	18_2	210	89.8408337406739
242.857142857143	966.666666666667	72.4179980477961	0	72.4179980477961	DBCA	18_2	140	83.5132174963681
257.142857142857	666.666666666667	83.3871502464302	0	83.3871502464302	DBCA	19_1	0	83.3871502464302
257.142857142857	700	77.4567555072516	0	77.4567555072516	DBCA	19_1	210	90.6869966836788
257.142857142857	733.333333333333	78.5222393617791	0	78.5222393617791	DBCA	19_1	280	91.6124436017742
257.142857142857	766.666666666667	79.6814716401467	0	79.6814716401467	DBCA	19_1	140	90.7766910887187
257.142857142857	800	79.8581313997172	0	79.8581313997172	DBCA	19_1	70	86.5432704561468
257.142857142857	833.333333333333	83.5970365496364	0	83.5970365496364	DBCA	19_2	280	96.6872407896316
257.142857142857	866.666666666667	81.0743366683091	0	81.0743366683091	DBCA	19_2	140	92.1695561168811
257.142857142857	900	79.7370322148656	0	79.7370322148656	DBCA	19_2	210	92.9672733912927
257.142857142857	933.333333333333	75.1830249151934	0	75.1830249151934	DBCA	19_2	0	75.1830249151934
257.142857142857	966.666666666667	78.6285009683646	0	78.6285009683646	DBCA	19_2	70	85.3136400247942
14.2857142857143	666.666666666667	83.9629384621851	0	83.9629384621851	DBCA	2_1	140	95.0581579107571
14.2857142857143	700	86.2329563451253	0	86.2329563451253	DBCA	2_1	210	99.4631975215524
14.2857142857143	733.333333333333	82.2561100783422	0	82.2561100783422	DBCA	2_1	280	95.3463143183373
14.2857142857143	766.666666666667	79.6577900959705	0	79.6577900959705	DBCA	2_1	0	79.6577900959705
14.2857142857143	800	80.2253587940801	0	80.2253587940801	DBCA	2_1	70	86.9104978505097
14.2857142857143	833.333333333333	78.7268011077763	0	78.7268011077763	DBCA	2_2	210	91.9570422842034
14.2857142857143	866.666666666667	75.2151301337875	0	75.2151301337875	DBCA	2_2	70	81.9002691902171
14.2857142857143	900	82.6095774725207	0	82.6095774725207	DBCA	2_2	0	82.6095774725207
14.2857142857143	933.333333333333	81.2935752521306	0	81.2935752521306	DBCA	2_2	140	92.3887947007026
14.2857142857143	966.666666666667	78.6377706039867	0	78.6377706039867	DBCA	2_2	280	91.7279748439818
271.428571428571	666.666666666667	81.885726680547	0	81.885726680547	DBCA	20_1	70	88.5708657369766
271.428571428571	700	81.8386833068151	0	81.8386833068151	DBCA	20_1	210	95.0689244832423
271.428571428571	733.333333333333	81.9677219315871	0	81.9677219315871	DBCA	20_1	0	81.9677219315871
271.428571428571	766.666666666667	80.8799119526939	0	80.8799119526939	DBCA	20_1	280	93.9701161926891
271.428571428571	800	81.1848471634687	0	81.1848471634687	DBCA	20_1	140	92.2800666120407
271.428571428571	833.333333333333	77.6662137393073	0	77.6662137393073	DBCA	20_2	140	88.7614331878793
271.428571428571	866.666666666667	77.6474736343982	0	77.6474736343982	DBCA	20_2	210	90.8777148108254
271.428571428571	900	77.7899540240303	0	77.7899540240303	DBCA	20_2	0	77.7899540240303
271.428571428571	933.333333333333	75.626156484896	0	75.626156484896	DBCA	20_2	70	82.3112955413256
271.428571428571	966.666666666667	76.8467421950113	0	76.8467421950113	DBCA	20_2	280	89.9369464350064
285.714285714286	666.666666666667	81.2338746653197	0	81.2338746653197	DBCA	21_1	140	92.3290941138917
285.714285714286	700	82.9079951593156	0	82.9079951593156	DBCA	21_1	280	95.9981993993107
285.714285714286	733.333333333333	83.6126963789921	0	83.6126963789921	DBCA	21_1	0	83.6126963789921
285.714285714286	766.666666666667	80.7152103282609	0	80.7152103282609	DBCA	21_1	210	93.9454515046881
285.714285714286	800	81.4595857098548	0	81.4595857098548	DBCA	21_1	70	88.1447247662844
285.714285714286	833.333333333333	78.2317632897447	0	78.2317632897447	DBCA	21_2	280	91.3219675297399
285.714285714286	866.666666666667	70.3868959770415	0	70.3868959770415	DBCA	21_2	0	70.3868959770415
285.714285714286	900	75.514055706934	0	75.514055706934	DBCA	21_2	70	82.1991947633636
285.714285714286	933.333333333333	81.329783813826	0	81.329783813826	DBCA	21_2	210	94.5600249902532
285.714285714286	966.666666666667	78.6926999034152	0	78.6926999034152	DBCA	21_2	140	89.7879193519871
300	666.666666666667	79.8563145471173	0	79.8563145471173	DBCA	22_1	70	86.5414536035469
300	700	80.1553069144339	0	80.1553069144339	DBCA	22_1	280	93.2455111544291
300	733.333333333333	83.1977004194147	0	83.1977004194147	DBCA	22_1	210	96.4279415958419
300	766.666666666667	84.5694599215814	0	84.5694599215814	DBCA	22_1	0	84.5694599215814
300	800	80.3715338973207	0	80.3715338973207	DBCA	22_1	140	91.4667533458927
300	833.333333333333	77.9958806453475	0	77.9958806453475	DBCA	22_2	210	91.2261218217747
300	866.666666666667	77.6251936802509	0	77.6251936802509	DBCA	22_2	0	77.6251936802509
300	900	76.0587388363866	0	76.0587388363866	DBCA	22_2	70	82.7438778928162
300	933.333333333333	79.7341627909261	0	79.7341627909261	DBCA	22_2	280	92.8243670309213
300	966.666666666667	79.8091573903709	0	79.8091573903709	DBCA	22_2	140	90.9043768389429
314.285714285714	666.666666666667	82.8592183484873	0	82.8592183484873	DBCA	23_1	70	89.5443574049169
314.285714285714	700	81.8974992812219	0	81.8974992812219	DBCA	23_1	0	81.8974992812219
314.285714285714	733.333333333333	82.83180394501	0	82.83180394501	DBCA	23_1	140	93.927023393582
314.285714285714	766.666666666667	80.3989327748499	0	80.3989327748499	DBCA	23_1	210	93.6291739512771
314.285714285714	800	85.8185439068558	0	85.8185439068558	DBCA	23_1	280	98.9087481468509
314.285714285714	833.333333333333	80.3342178104926	0	80.3342178104926	DBCA	23_2	280	93.4244220504877
314.285714285714	866.666666666667	75.1821291270593	0	75.1821291270593	DBCA	23_2	140	86.2773485756313
314.285714285714	900	78.1020232412146	0	78.1020232412146	DBCA	23_2	210	91.3322644176418
314.285714285714	933.333333333333	79.577547986472	0	79.577547986472	DBCA	23_2	0	79.577547986472
314.285714285714	966.666666666667	77.7844305208872	0	77.7844305208872	DBCA	23_2	70	84.4695695773168
328.571428571429	666.666666666667	82.3326233794731	0	82.3326233794731	DBCA	24_1	280	95.4228276194683
328.571428571429	700	85.5729301055688	0	85.5729301055688	DBCA	24_1	0	85.5729301055688
328.571428571429	733.333333333333	85.2407291677322	0	85.2407291677322	DBCA	24_1	70	91.9258682241617
328.571428571429	766.666666666667	83.7803803053415	0	83.7803803053415	DBCA	24_1	210	97.0106214817687
328.571428571429	800	78.7838228749142	0	78.7838228749142	DBCA	24_1	140	89.8790423234862
328.571428571429	833.333333333333	80.6045657149721	0	80.6045657149721	DBCA	24_2	280	93.6947699549673
328.571428571429	866.666666666667	78.2352292018346	0	78.2352292018346	DBCA	24_2	140	89.3304486504066
328.571428571429	900	76.8825272101794	0	76.8825272101794	DBCA	24_2	210	90.1127683866066
328.571428571429	933.333333333333	81.09332005974	0	81.09332005974	DBCA	24_2	70	87.7784591161696
328.571428571429	966.666666666667	78.3596589610264	0	78.3596589610264	DBCA	24_2	0	78.3596589610264
342.857142857143	666.666666666667	81.7140470710987	0	81.7140470710987	DBCA	25_1	210	94.9442882475259
342.857142857143	700	84.3489439809676	0	84.3489439809676	DBCA	25_1	70	91.0340830373972
342.857142857143	733.333333333333	80.8881252006476	0	80.8881252006476	DBCA	25_1	140	91.9833446492196
342.857142857143	766.666666666667	81.9595391251434	0	81.9595391251434	DBCA	25_1	280	95.0497433651385
342.857142857143	800	80.7635130081057	0	80.7635130081057	DBCA	25_1	0	80.7635130081057
342.857142857143	833.333333333333	80.4576551121847	0	80.4576551121847	DBCA	25_2	140	91.5528745607567
342.857142857143	866.666666666667	77.9930740385156	0	77.9930740385156	DBCA	25_2	280	91.0832782785107
342.857142857143	900	80.5972077989894	0	80.5972077989894	DBCA	25_2	210	93.8274489754165
342.857142857143	933.333333333333	80.3703459758782	0	80.3703459758782	DBCA	25_2	70	87.0554850323077
342.857142857143	966.666666666667	80.0125380961971	0	80.0125380961971	DBCA	25_2	0	80.0125380961971
357.142857142857	666.666666666667	84.7121468189591	0	84.7121468189591	DBCA	26_1	280	97.8023510589543
357.142857142857	700	79.5354380901523	0	79.5354380901523	DBCA	26_1	140	90.6306575387243
357.142857142857	733.333333333333	84.3721600692715	0	84.3721600692715	DBCA	26_1	210	97.6024012456986
357.142857142857	766.666666666667	83.5248753324745	0	83.5248753324745	DBCA	26_1	70	90.210014388904
357.142857142857	800	79.7401663944325	0	79.7401663944325	DBCA	26_1	0	79.7401663944325
357.142857142857	833.333333333333	83.3687050554607	0	83.3687050554607	DBCA	26_2	140	94.4639245040327
357.142857142857	866.666666666667	78.0182169503653	0	78.0182169503653	DBCA	26_2	210	91.2484581267925
357.142857142857	900	78.9876794397644	0	78.9876794397644	DBCA	26_2	70	85.672818496194
357.142857142857	933.333333333333	81.9106501241606	0	81.9106501241606	DBCA	26_2	280	95.0008543641557
357.142857142857	966.666666666667	77.1088069873037	0	77.1088069873037	DBCA	26_2	0	77.1088069873037
371.428571428571	666.666666666667	81.2145237363525	0	81.2145237363525	DBCA	27_1	210	94.4447649127797
371.428571428571	700	84.9402360345505	0	84.9402360345505	DBCA	27_1	0	84.9402360345505
371.428571428571	733.333333333333	84.9453237048373	0	84.9453237048373	DBCA	27_1	140	96.0405431534093
371.428571428571	766.666666666667	80.753698746518	0	80.753698746518	DBCA	27_1	280	93.8439029865132
371.428571428571	800	80.2525760533251	0	80.2525760533251	DBCA	27_1	70	86.9377151097547
371.428571428571	833.333333333333	78.355690575232	0	78.355690575232	DBCA	27_2	210	91.5859317516592
371.428571428571	866.666666666667	78.4295832287065	0	78.4295832287065	DBCA	27_2	0	78.4295832287065
371.428571428571	900	76.3637454881805	0	76.3637454881805	DBCA	27_2	140	87.4589649367525
371.428571428571	933.333333333333	76.9662268500873	0	76.9662268500873	DBCA	27_2	280	90.0564310900824
371.428571428571	966.666666666667	74.6947329873851	0	74.6947329873851	DBCA	27_2	70	81.3798720438147
385.714285714286	666.666666666667	81.1344132791009	0	81.1344132791009	DBCA	28_1	140	92.2296327276729
385.714285714286	700	83.8518548960699	0	83.8518548960699	DBCA	28_1	0	83.8518548960699
385.714285714286	733.333333333333	84.2289228157377	0	84.2289228157377	DBCA	28_1	280	97.3191270557329
385.714285714286	766.666666666667	79.3612166493405	0	79.3612166493405	DBCA	28_1	210	92.5914578257677
385.714285714286	800	77.5402855652	0	77.5402855652	DBCA	28_1	70	84.2254246216296
385.714285714286	833.333333333333	77.5686351239831	0	77.5686351239831	DBCA	28_2	0	77.5686351239831
385.714285714286	866.666666666667	80.5118821267704	0	80.5118821267704	DBCA	28_2	210	93.7421233031976
385.714285714286	900	75.5871181160691	0	75.5871181160691	DBCA	28_2	280	88.6773223560643
385.714285714286	933.333333333333	75.6477502837296	0	75.6477502837296	DBCA	28_2	70	82.3328893401592
385.714285714286	966.666666666667	78.2298201270145	0	78.2298201270145	DBCA	28_2	140	89.3250395755865
400	666.666666666667	83.9823617887453	0	83.9823617887453	DBCA	29_1	70	90.6675008451749
400	700	83.3869265521312	0	83.3869265521312	DBCA	29_1	280	96.4771307921264
400	733.333333333333	83.489794781009	0	83.489794781009	DBCA	29_1	210	96.7200359574362
400	766.666666666667	78.8509008813564	0	78.8509008813564	DBCA	29_1	140	89.9461203299284
400	800	76.6390631637005	0	76.6390631637005	DBCA	29_1	0	76.6390631637005
400	833.333333333333	78.9446343292014	0	78.9446343292014	DBCA	29_2	0	78.9446343292014
400	866.666666666667	83.3822119130481	0	83.3822119130481	DBCA	29_2	140	94.4774313616201
400	900	75.7933364573143	0	75.7933364573143	DBCA	29_2	70	82.4784755137439
400	933.333333333333	77.3188758188583	0	77.3188758188583	DBCA	29_2	210	90.5491169952855
400	966.666666666667	77.1053067293596	0	77.1053067293596	DBCA	29_2	280	90.1955109693548
28.5714285714286	666.666666666667	84.3004542084318	0	84.3004542084318	DBCA	3_1	140	95.3956736570038
28.5714285714286	700	81.7307924801767	0	81.7307924801767	DBCA	3_1	70	88.4159315366063
28.5714285714286	733.333333333333	81.455262021601	0	81.455262021601	DBCA	3_1	0	81.455262021601
28.5714285714286	766.666666666667	77.5761737837823	0	77.5761737837823	DBCA	3_1	210	90.8064149602095
28.5714285714286	800	77.362584807567	0	77.362584807567	DBCA	3_1	280	90.4527890475622
28.5714285714286	833.333333333333	76.3582689160121	0	76.3582689160121	DBCA	3_2	70	83.0434079724417
28.5714285714286	866.666666666667	73.4926900430365	0	73.4926900430365	DBCA	3_2	210	86.7229312194636
28.5714285714286	900	81.9175512726639	0	81.9175512726639	DBCA	3_2	140	93.0127707212359
28.5714285714286	933.333333333333	79.187953797985	0	79.187953797985	DBCA	3_2	0	79.187953797985
28.5714285714286	966.666666666667	78.3419765854926	0	78.3419765854926	DBCA	3_2	280	91.4321808254878
414.285714285714	666.666666666667	86.4739232618623	0	86.4739232618623	DBCA	30_1	0	86.4739232618623
414.285714285714	700	79.8246804341352	0	79.8246804341352	DBCA	30_1	140	90.9198998827072
414.285714285714	733.333333333333	80.7695559041035	0	80.7695559041035	DBCA	30_1	280	93.8597601440987
414.285714285714	766.666666666667	81.2309899892959	0	81.2309899892959	DBCA	30_1	70	87.9161290457255
414.285714285714	800	81.8804655567176	0	81.8804655567176	DBCA	30_1	210	95.1107067331448
414.285714285714	833.333333333333	77.1752689677663	0	77.1752689677663	DBCA	30_2	0	77.1752689677663
414.285714285714	866.666666666667	78.5126359315744	0	78.5126359315744	DBCA	30_2	140	89.6078553801464
414.285714285714	900	76.8667457719543	0	76.8667457719543	DBCA	30_2	280	89.9569500119494
414.285714285714	933.333333333333	75.8211081859818	0	75.8211081859818	DBCA	30_2	70	82.5062472424114
414.285714285714	966.666666666667	79.6927491765844	0	79.6927491765844	DBCA	30_2	210	92.9229903530116
428.571428571429	666.666666666667	84.4411287420935	0	84.4411287420935	DBCA	31_1	70	91.1262677985231
428.571428571429	700	80.5530442461672	0	80.5530442461672	DBCA	31_1	0	80.5530442461672
428.571428571429	733.333333333333	81.8241580246926	0	81.8241580246926	DBCA	31_1	210	95.0543992011198
428.571428571429	766.666666666667	75.1828614477712	0	75.1828614477712	DBCA	31_1	280	88.2730656877664
428.571428571429	800	76.409008487766	0	76.409008487766	DBCA	31_1	140	87.504227936338
428.571428571429	833.333333333333	78.2619952319498	0	78.2619952319498	DBCA	31_2	0	78.2619952319498
428.571428571429	866.666666666667	78.6596497899562	0	78.6596497899562	DBCA	31_2	140	89.7548692385282
428.571428571429	900	76.1848020260503	0	76.1848020260503	DBCA	31_2	280	89.2750062660454
428.571428571429	933.333333333333	78.1031713874905	0	78.1031713874905	DBCA	31_2	70	84.7883104439201
428.571428571429	966.666666666667	79.6707013995839	0	79.6707013995839	DBCA	31_2	210	92.9009425760111
442.857142857143	666.666666666667	80.3469214214881	0	80.3469214214881	DBCA	32_1	0	80.3469214214881
442.857142857143	700	79.8534660107774	0	79.8534660107774	DBCA	32_1	70	86.538605067207
442.857142857143	733.333333333333	80.2955122031209	0	80.2955122031209	DBCA	32_1	210	93.5257533795481
442.857142857143	766.666666666667	73.0967293257394	0	73.0967293257394	DBCA	32_1	280	86.1869335657345
442.857142857143	800	80.4783484042872	0	80.4783484042872	DBCA	32_1	140	91.5735678528592
442.857142857143	833.333333333333	77.2882012420434	0	77.2882012420434	DBCA	32_2	70	83.973340298473
442.857142857143	866.666666666667	81.4636232349456	0	81.4636232349456	DBCA	32_2	210	94.6938644113728
442.857142857143	900	79.0484081800879	0	79.0484081800879	DBCA	32_2	0	79.0484081800879
442.857142857143	933.333333333333	77.9680301560475	0	77.9680301560475	DBCA	32_2	280	91.0582343960426
442.857142857143	966.666666666667	79.4870064138051	0	79.4870064138051	DBCA	32_2	140	90.5822258623771
457.142857142857	666.666666666667	80.610056153458	0	80.610056153458	DBCA	33_1	0	80.610056153458
457.142857142857	700	77.43794107267	0	77.43794107267	DBCA	33_1	140	88.533160521242
457.142857142857	733.333333333333	76.7313604685223	0	76.7313604685223	DBCA	33_1	280	89.8215647085174
457.142857142857	766.666666666667	75.421215898781	0	75.421215898781	DBCA	33_1	210	88.6514570752081
457.142857142857	800	76.1612109576814	0	76.1612109576814	DBCA	33_1	70	82.846350014111
457.142857142857	833.333333333333	78.4727037479662	0	78.4727037479662	DBCA	33_2	210	91.7029449243934
457.142857142857	866.666666666667	79.0244596751044	0	79.0244596751044	DBCA	33_2	0	79.0244596751044
457.142857142857	900	78.2665467689955	0	78.2665467689955	DBCA	33_2	280	91.3567510089907
457.142857142857	933.333333333333	79.0521738650186	0	79.0521738650186	DBCA	33_2	70	85.7373129214482
457.142857142857	966.666666666667	78.1949049736509	0	78.1949049736509	DBCA	33_2	140	89.2901244222229
471.428571428571	666.666666666667	78.6868994427848	0	78.6868994427848	DBCA	34_1	70	85.3720384992144
471.428571428571	700	78.6090716093094	0	78.6090716093094	DBCA	34_1	140	89.7042910578814
471.428571428571	733.333333333333	76.6191642170486	0	76.6191642170486	DBCA	34_1	0	76.6191642170486
471.428571428571	766.666666666667	71.319585782428	0	71.319585782428	DBCA	34_1	280	84.4097900224232
471.428571428571	800	76.1931824452193	0	76.1931824452193	DBCA	34_1	210	89.4234236216465
471.428571428571	833.333333333333	81.3993757538754	0	81.3993757538754	DBCA	34_2	210	94.6296169303026
471.428571428571	866.666666666667	82.885480202202	0	82.885480202202	DBCA	34_2	140	93.980699650774
471.428571428571	900	76.3236550042614	0	76.3236550042614	DBCA	34_2	0	76.3236550042614
471.428571428571	933.333333333333	79.0191096068911	0	79.0191096068911	DBCA	34_2	280	92.1093138468863
471.428571428571	966.666666666667	76.9130616457912	0	76.9130616457912	DBCA	34_2	70	83.5982007022208
485.714285714286	666.666666666667	75.2794909156671	0	75.2794909156671	DBCA	35_1	140	86.374710364239
485.714285714286	700	75.7601911336256	0	75.7601911336256	DBCA	35_1	210	88.9904323100528
485.714285714286	733.333333333333	78.9704061583986	0	78.9704061583986	DBCA	35_1	280	92.0606103983938
485.714285714286	766.666666666667	71.3784730554051	0	71.3784730554051	DBCA	35_1	0	71.3784730554051
485.714285714286	800	77.4798862626706	0	77.4798862626706	DBCA	35_1	70	84.1650253191002
485.714285714286	833.333333333333	80.6873819202343	0	80.6873819202343	DBCA	35_2	0	80.6873819202343
485.714285714286	866.666666666667	84.5706364897368	0	84.5706364897368	DBCA	35_2	280	97.660840729732
485.714285714286	900	79.5674517176297	0	79.5674517176297	DBCA	35_2	210	92.7976928940569
485.714285714286	933.333333333333	77.743397861234	0	77.743397861234	DBCA	35_2	70	84.4285369176636
485.714285714286	966.666666666667	80.8826061802796	0	80.8826061802796	DBCA	35_2	140	91.9778256288515
500	666.666666666667	79.3053384426599	0	79.3053384426599	DBCA	36_1	70	85.9904774990895
500	700	72.7228379230054	0	72.7228379230054	DBCA	36_1	140	83.8180573715774
500	733.333333333333	75.9926117399291	0	75.9926117399291	DBCA	36_1	210	89.2228529163563
500	766.666666666667	76.1056046995774	0	76.1056046995774	DBCA	36_1	280	89.1958089395726
500	800	76.0217505805494	0	76.0217505805494	DBCA	36_1	0	76.0217505805494
500	833.333333333333	80.7376629642988	0	80.7376629642988	DBCA	36_2	140	91.8328824128708
500	866.666666666667	83.4357221830339	0	83.4357221830339	DBCA	36_2	210	96.6659633594611
500	900	80.8921182830506	0	80.8921182830506	DBCA	36_2	0	80.8921182830506
500	933.333333333333	80.8664438484428	0	80.8664438484428	DBCA	36_2	280	93.956648088438
500	966.666666666667	78.0327154176311	0	78.0327154176311	DBCA	36_2	70	84.7178544740607
514.285714285714	666.666666666667	74.5010406178054	24.6	99.1010406178054	DBCA	37_1	210	129.895681794233
514.285714285714	700	77.19217170068	24.6	101.79217170068	DBCA	37_1	70	114.33211075711
514.285714285714	733.333333333333	76.4733375752169	24.6	101.073337575217	DBCA	37_1	280	137.582741815212
514.285714285714	766.666666666667	76.4599820136064	24.6	101.059982013606	DBCA	37_1	0	101.059982013606
514.285714285714	800	79.6840770114811	24.6	104.284077011481	DBCA	37_1	140	127.088896460053
514.285714285714	833.333333333333	80.2497281243646	24.6	104.849728124365	DBCA	37_2	70	117.389667180794
514.285714285714	866.666666666667	82.8373710495296	24.6	107.43737104953	DBCA	37_2	210	138.232012225957
514.285714285714	900	83.6870202157952	24.6	108.287020215795	DBCA	37_2	0	108.287020215795
514.285714285714	933.333333333333	80.7574445928191	24.6	105.357444592819	DBCA	37_2	140	128.162264041391
514.285714285714	966.666666666667	79.7833241689175	24.6	104.383324168917	DBCA	37_2	280	140.892728408913
528.571428571429	666.666666666667	78.3075214081123	24.6	102.907521408112	DBCA	38_1	0	102.907521408112
528.571428571429	700	78.3000789284497	24.6	102.90007892845	DBCA	38_1	280	139.409483168445
528.571428571429	733.333333333333	76.16641410473	24.6	100.76641410473	DBCA	38_1	70	113.30635316116
528.571428571429	766.666666666667	74.5643124517721	24.6	99.1643124517721	DBCA	38_1	140	121.969131900344
528.571428571429	800	77.8125528393017	24.6	102.412552839302	DBCA	38_1	210	133.207194015729
528.571428571429	833.333333333333	81.1279523361235	24.6	105.727952336123	DBCA	38_2	140	128.532771784695
528.571428571429	866.666666666667	81.3324330470428	24.6	105.932433047043	DBCA	38_2	210	136.72707422347
528.571428571429	900	83.9256559188317	24.6	108.525655918832	DBCA	38_2	0	108.525655918832
528.571428571429	933.333333333333	79.4165904767528	24.6	104.016590476753	DBCA	38_2	280	140.525994716748
528.571428571429	966.666666666667	79.8953888269387	24.6	104.495388826939	DBCA	38_2	70	117.035327883368
542.857142857143	666.666666666667	79.6007388673021	24.6	104.200738867302	DBCA	39_1	140	127.005558315874
542.857142857143	700	79.1956509850707	24.6	103.795650985071	DBCA	39_1	210	134.590292161498
542.857142857143	733.333333333333	77.8054386731281	24.6	102.405438673128	DBCA	39_1	0	102.405438673128
542.857142857143	766.666666666667	79.3310137113572	24.6	103.931013711357	DBCA	39_1	70	116.470952767787
542.857142857143	800	79.5615161717252	24.6	104.161516171725	DBCA	39_1	280	140.67092041172
542.857142857143	833.333333333333	80.6552369393032	24.6	105.255236939303	DBCA	39_2	0	105.255236939303
542.857142857143	866.666666666667	80.561660276735	24.6	105.161660276735	DBCA	39_2	280	141.67106451673
542.857142857143	900	78.6824568327957	24.6	103.282456832796	DBCA	39_2	210	134.077098009223
542.857142857143	933.333333333333	80.1834279942962	24.6	104.783427994296	DBCA	39_2	70	117.323367050726
542.857142857143	966.666666666667	79.3472512888968	24.6	103.947251288897	DBCA	39_2	140	126.752070737469
42.8571428571429	666.666666666667	82.7902686555622	0	82.7902686555622	DBCA	4_1	210	96.0205098319894
42.8571428571429	700	85.1568373396324	0	85.1568373396324	DBCA	4_1	70	91.841976396062
42.8571428571429	733.333333333333	78.2573994610424	0	78.2573994610424	DBCA	4_1	0	78.2573994610424
42.8571428571429	766.666666666667	80.6138339585066	0	80.6138339585066	DBCA	4_1	280	93.7040381985018
42.8571428571429	800	80.3545219111076	0	80.3545219111076	DBCA	4_1	140	91.4497413596795
42.8571428571429	833.333333333333	76.6394800822426	0	76.6394800822426	DBCA	4_2	0	76.6394800822426
42.8571428571429	866.666666666667	76.5138313411051	0	76.5138313411051	DBCA	4_2	280	89.6040355811002
42.8571428571429	900	78.0745398674006	0	78.0745398674006	DBCA	4_2	70	84.7596789238302
42.8571428571429	933.333333333333	80.7252109670551	0	80.7252109670551	DBCA	4_2	210	93.9554521434822
42.8571428571429	966.666666666667	80.0806578156592	0	80.0806578156592	DBCA	4_2	140	91.1758772642311
557.142857142857	666.666666666667	81.0482573184123	24.6	105.648257318412	DBCA	40_1	70	118.188196374842
557.142857142857	700	81.0166310490945	24.6	105.616631049095	DBCA	40_1	140	128.421450497667
557.142857142857	733.333333333333	81.1745484308404	24.6	105.77454843084	DBCA	40_1	280	142.283952670836
557.142857142857	766.666666666667	79.4617954601661	24.6	104.061795460166	DBCA	40_1	210	134.856436636593
557.142857142857	800	80.2902335602802	24.6	104.89023356028	DBCA	40_1	0	104.89023356028
557.142857142857	833.333333333333	80.3087077979995	24.6	104.908707797999	DBCA	40_2	280	141.418112037995
557.142857142857	866.666666666667	79.706506307695	24.6	104.306506307695	DBCA	40_2	140	127.111325756267
557.142857142857	900	76.4391396316431	24.6	101.039139631643	DBCA	40_2	210	131.83378080807
557.142857142857	933.333333333333	79.9882034292295	24.6	104.58820342923	DBCA	40_2	70	117.128142485659
557.142857142857	966.666666666667	83.1848543450173	24.6	107.784854345017	DBCA	40_2	0	107.784854345017
571.428571428571	666.666666666667	78.039353559848	24.6	102.639353559848	DBCA	41_1	140	125.44417300842
571.428571428571	700	76.5628379653767	24.6	101.162837965377	DBCA	41_1	0	101.162837965377
571.428571428571	733.333333333333	81.8430500627426	24.6	106.443050062743	DBCA	41_1	70	118.982989119172
571.428571428571	766.666666666667	79.8740300884506	24.6	104.474030088451	DBCA	41_1	280	140.983434328446
571.428571428571	800	82.2884376207947	24.6	106.888437620795	DBCA	41_1	210	137.683078797222
571.428571428571	833.333333333333	77.9581884749998	24.6	102.558188475	DBCA	41_2	210	133.352829651427
571.428571428571	866.666666666667	78.3958943381308	24.6	102.995894338131	DBCA	41_2	280	139.505298578126
571.428571428571	900	77.7513328968719	24.6	102.351332896872	DBCA	41_2	140	125.156152345444
571.428571428571	933.333333333333	78.7205849505838	24.6	103.320584950584	DBCA	41_2	70	115.860524007013
571.428571428571	966.666666666667	79.0949163256464	24.6	103.694916325646	DBCA	41_2	0	103.694916325646
585.714285714286	666.666666666667	80.899785619572	24.6	105.499785619572	DBCA	42_1	0	105.499785619572
585.714285714286	700	76.311310999126	24.6	100.911310999126	DBCA	42_1	140	123.716130447698
585.714285714286	733.333333333333	76.7723010347946	24.6	101.372301034795	DBCA	42_1	70	113.912240091224
585.714285714286	766.666666666667	80.720377497981	24.6	105.320377497981	DBCA	42_1	210	136.115018674408
585.714285714286	800	81.5710400738816	24.6	106.171040073882	DBCA	42_1	280	142.680444313877
585.714285714286	833.333333333333	81.9146916114031	24.6	106.514691611403	DBCA	42_2	280	143.024095851398
585.714285714286	866.666666666667	80.1438314947123	24.6	104.743831494712	DBCA	42_2	140	127.548650943284
585.714285714286	900	77.2145084929109	24.6	101.814508492911	DBCA	42_2	210	132.609149669338
585.714285714286	933.333333333333	77.9068107776953	24.6	102.506810777695	DBCA	42_2	70	115.046749834125
585.714285714286	966.666666666667	74.9664509875215	24.6	99.5664509875215	DBCA	42_2	0	99.5664509875215
600	666.666666666667	79.5974485959183	24.6	104.197448595918	DBCA	43_1	280	140.706852835913
600	700	75.2443427549487	24.6	99.8443427549487	DBCA	43_1	210	130.638983931376
600	733.333333333333	76.9301437316212	24.6	101.530143731621	DBCA	43_1	70	114.070082788051
600	766.666666666667	80.1796338246394	24.6	104.779633824639	DBCA	43_1	0	104.779633824639
600	800	82.5340633007778	24.6	107.134063300778	DBCA	43_1	140	129.93888274935
600	833.333333333333	80.5101218039495	24.6	105.110121803949	DBCA	43_2	0	105.110121803949
600	866.666666666667	82.8599145470217	24.6	107.459914547022	DBCA	43_2	210	138.254555723449
600	900	75.3225858826812	24.6	99.9225858826812	DBCA	43_2	280	136.431990122676
600	933.333333333333	75.9153168621659	24.6	100.515316862166	DBCA	43_2	140	123.320136310738
600	966.666666666667	79.7158474784702	24.6	104.31584747847	DBCA	43_2	70	116.8557865349
614.285714285714	666.666666666667	77.0668325346066	24.6	101.666832534607	DBCA	44_1	140	124.471651983179
614.285714285714	700	76.3218220698774	24.6	100.921822069877	DBCA	44_1	70	113.461761126307
614.285714285714	733.333333333333	78.6417162800755	24.6	103.241716280075	DBCA	44_1	210	134.036357456503
614.285714285714	766.666666666667	77.5016997990001	24.6	102.101699799	DBCA	44_1	0	102.101699799
614.285714285714	800	78.6196597315188	24.6	103.219659731519	DBCA	44_1	280	139.729063971514
614.285714285714	833.333333333333	80.170639143483	24.6	104.770639143483	DBCA	44_2	70	117.310578199913
614.285714285714	866.666666666667	80.6630108946697	24.6	105.26301089467	DBCA	44_2	210	136.057652071097
614.285714285714	900	76.4831948761576	24.6	101.083194876158	DBCA	44_2	280	137.592599116153
614.285714285714	933.333333333333	75.4129650026726	24.6	100.012965002673	DBCA	44_2	140	122.817784451245
614.285714285714	966.666666666667	79.856533356132	24.6	104.456533356132	DBCA	44_2	0	104.456533356132
628.571428571429	666.666666666667	77.6410525418337	24.6	102.241052541834	DBCA	45_1	280	138.750456781829
628.571428571429	700	82.072951181239	24.6	106.672951181239	DBCA	45_1	140	129.477770629811
628.571428571429	733.333333333333	80.1278905319373	24.6	104.727890531937	DBCA	45_1	0	104.727890531937
628.571428571429	766.666666666667	77.2022442246056	24.6	101.802244224606	DBCA	45_1	70	114.342183281035
628.571428571429	800	76.6257013919744	24.6	101.225701391974	DBCA	45_1	210	132.020342568402
628.571428571429	833.333333333333	78.1624089699837	24.6	102.762408969984	DBCA	45_2	70	115.302348026413
628.571428571429	866.666666666667	80.4203572315635	24.6	105.020357231563	DBCA	45_2	140	127.825176680135
628.571428571429	900	82.0241078432132	24.6	106.624107843213	DBCA	45_2	210	137.41874901964
628.571428571429	933.333333333333	75.8445455112594	24.6	100.444545511259	DBCA	45_2	0	100.444545511259
628.571428571429	966.666666666667	78.77535392738	24.6	103.37535392738	DBCA	45_2	280	139.884758167375
642.857142857143	666.666666666667	78.5546708643113	24.6	103.154670864311	DBCA	46_1	280	139.664075104306
642.857142857143	700	82.7860597057956	24.6	107.386059705796	DBCA	46_1	140	130.190879154368
642.857142857143	733.333333333333	77.6635864493569	24.6	102.263586449357	DBCA	46_1	0	102.263586449357
642.857142857143	766.666666666667	77.0779007599402	24.6	101.67790075994	DBCA	46_1	210	132.472541936367
642.857142857143	800	77.7557878750887	24.6	102.355787875089	DBCA	46_1	70	114.895726931518
642.857142857143	833.333333333333	78.5701248456805	24.6	103.170124845681	DBCA	46_2	280	139.679529085676
642.857142857143	866.666666666667	80.2585244709827	24.6	104.858524470983	DBCA	46_2	210	135.65316564741
642.857142857143	900	80.0579855772346	24.6	104.657985577235	DBCA	46_2	140	127.462805025807
642.857142857143	933.333333333333	77.2752229422958	24.6	101.875222942296	DBCA	46_2	0	101.875222942296
642.857142857143	966.666666666667	76.3140376933311	24.6	100.914037693331	DBCA	46_2	70	113.453976749761
657.142857142857	666.666666666667	76.2920332005387	24.6	100.892033200539	DBCA	47_1	0	100.892033200539
657.142857142857	700	81.9495763762946	24.6	106.549576376295	DBCA	47_1	210	137.344217552722
657.142857142857	733.333333333333	78.3766040892739	24.6	102.976604089274	DBCA	47_1	280	139.486008329269
657.142857142857	766.666666666667	75.4783519219272	24.6	100.078351921927	DBCA	47_1	70	112.618290978357
657.142857142857	800	78.5520047828357	24.6	103.152004782836	DBCA	47_1	140	125.956824231408
657.142857142857	833.333333333333	75.4101984810313	24.6	100.010198481031	DBCA	47_2	140	122.815017929603
657.142857142857	866.666666666667	76.515926197158	24.6	101.115926197158	DBCA	47_2	0	101.115926197158
657.142857142857	900	77.9417797796872	24.6	102.541779779687	DBCA	47_2	280	139.051184019682
657.142857142857	933.333333333333	77.7977654353757	24.6	102.397765435376	DBCA	47_2	70	114.937704491805
657.142857142857	966.666666666667	79.3938631878102	24.6	103.99386318781	DBCA	47_2	210	134.788504364237
671.428571428571	666.666666666667	75.8599627016153	24.6	100.459962701615	DBCA	48_1	140	123.264782150187
671.428571428571	700	81.4230164604356	24.6	106.023016460436	DBCA	48_1	210	136.817657636863
671.428571428571	733.333333333333	76.0470850249646	24.6	100.647085024965	DBCA	48_1	280	137.15648926496
671.428571428571	766.666666666667	80.0723128217842	24.6	104.672312821784	DBCA	48_1	70	117.212251878214
671.428571428571	800	79.9507595886699	24.6	104.55075958867	DBCA	48_1	0	104.55075958867
671.428571428571	833.333333333333	76.7342815236658	24.6	101.334281523666	DBCA	48_2	0	101.334281523666
671.428571428571	866.666666666667	75.246081423239	24.6	99.846081423239	DBCA	48_2	70	112.386020479669
671.428571428571	900	79.1694576794965	24.6	103.769457679497	DBCA	48_2	140	126.574277128069
671.428571428571	933.333333333333	77.00691902158	24.6	101.60691902158	DBCA	48_2	210	132.401560198007
671.428571428571	966.666666666667	79.8503353593322	24.6	104.450335359332	DBCA	48_2	280	140.959739599327
685.714285714286	666.666666666667	77.2518772549817	24.6	101.851877254982	DBCA	49_1	70	114.391816311411
685.714285714286	700	79.2176690284693	24.6	103.817669028469	DBCA	49_1	280	140.327073268464
685.714285714286	733.333333333333	81.9516258786521	24.6	106.551625878652	DBCA	49_1	140	129.356445327224
685.714285714286	766.666666666667	83.6331220171355	24.6	108.233122017135	DBCA	49_1	210	139.027763193563
685.714285714286	800	80.7828925203819	24.6	105.382892520382	DBCA	49_1	0	105.382892520382
685.714285714286	833.333333333333	74.6723569143518	24.6	99.2723569143518	DBCA	49_2	0	99.2723569143518
685.714285714286	866.666666666667	75.5629185623324	24.6	100.162918562332	DBCA	49_2	70	112.702857618762
685.714285714286	900	76.822357404186	24.6	101.422357404186	DBCA	49_2	210	132.216998580613
685.714285714286	933.333333333333	80.1085515290522	24.6	104.708551529052	DBCA	49_2	280	141.217955769047
685.714285714286	966.666666666667	80.8407413847885	24.6	105.440741384789	DBCA	49_2	140	128.245560833361
57.1428571428571	666.666666666667	83.6057643408304	0	83.6057643408304	DBCA	5_1	210	96.8360055172576
57.1428571428571	700	82.3490946847821	0	82.3490946847821	DBCA	5_1	70	89.0342337412117
57.1428571428571	733.333333333333	76.7321984447118	0	76.7321984447118	DBCA	5_1	140	87.8274178932838
57.1428571428571	766.666666666667	79.5503402269177	0	79.5503402269177	DBCA	5_1	280	92.6405444669129
57.1428571428571	800	79.4358773249696	0	79.4358773249696	DBCA	5_1	0	79.4358773249696
57.1428571428571	833.333333333333	74.1543018977868	0	74.1543018977868	DBCA	5_2	140	85.2495213463588
57.1428571428571	866.666666666667	74.6048428151433	0	74.6048428151433	DBCA	5_2	70	81.2899818715728
57.1428571428571	900	80.7932344173085	0	80.7932344173085	DBCA	5_2	210	94.0234755937356
57.1428571428571	933.333333333333	81.6246927234775	0	81.6246927234775	DBCA	5_2	280	94.7148969634727
57.1428571428571	966.666666666667	79.2624566027426	0	79.2624566027426	DBCA	5_2	0	79.2624566027426
700	666.666666666667	76.790407446436	24.6	101.390407446436	DBCA	50_1	210	132.185048622863
700	700	80.8136258104808	24.6	105.413625810481	DBCA	50_1	0	105.413625810481
700	733.333333333333	83.1062564024451	24.6	107.706256402445	DBCA	50_1	140	130.511075851017
700	766.666666666667	79.5897321701762	24.6	104.189732170176	DBCA	50_1	280	140.699136410171
700	800	78.4778824002256	24.6	103.077882400226	DBCA	50_1	70	115.617821456655
700	833.333333333333	75.7747893205724	24.6	100.374789320572	DBCA	50_2	140	123.179608769144
700	866.666666666667	75.1687522257573	24.6	99.7687522257573	DBCA	50_2	280	136.278156465752
700	900	74.0985819152761	24.6	98.6985819152761	DBCA	50_2	210	129.493223091703
700	933.333333333333	80.9767550776988	24.6	105.576755077699	DBCA	50_2	70	118.116694134128
700	966.666666666667	83.1538563022592	24.6	107.753856302259	DBCA	50_2	0	107.753856302259
714.285714285714	666.666666666667	75.5281871152985	24.6	100.128187115298	DBCA	51_1	280	136.637591355294
714.285714285714	700	80.6596241760607	24.6	105.259624176061	DBCA	51_1	70	117.79956323249
714.285714285714	733.333333333333	80.9990381358095	24.6	105.599038135809	DBCA	51_1	0	105.599038135809
714.285714285714	766.666666666667	81.2944271890715	24.6	105.894427189072	DBCA	51_1	140	128.699246637643
714.285714285714	800	81.3561966111388	24.6	105.956196611139	DBCA	51_1	210	136.750837787566
714.285714285714	833.333333333333	78.2549320619513	24.6	102.854932061951	DBCA	51_2	0	102.854932061951
714.285714285714	866.666666666667	73.0000128027153	24.6	97.6000128027153	DBCA	51_2	280	134.10941704271
714.285714285714	900	77.2299032711622	24.6	101.829903271162	DBCA	51_2	140	124.634722719734
714.285714285714	933.333333333333	77.0124750714308	24.6	101.612475071431	DBCA	51_2	210	132.407116247858
714.285714285714	966.666666666667	80.1731870808103	24.6	104.77318708081	DBCA	51_2	70	117.31312613724
728.571428571429	666.666666666667	75.4906365015663	24.6	100.090636501566	DBCA	52_1	280	136.600040741561
728.571428571429	700	78.6670165497206	24.6	103.267016549721	DBCA	52_1	210	134.061657726148
728.571428571429	733.333333333333	80.8507867911685	24.6	105.450786791168	DBCA	52_1	0	105.450786791168
728.571428571429	766.666666666667	79.6155096396886	24.6	104.215509639689	DBCA	52_1	70	116.755448696118
728.571428571429	800	80.1553446503425	24.6	104.755344650343	DBCA	52_1	140	127.560164098914
728.571428571429	833.333333333333	76.8344289316741	24.6	101.434428931674	DBCA	52_2	210	132.229070108101
728.571428571429	866.666666666667	77.4524139288534	24.6	102.052413928853	DBCA	52_2	70	114.592352985283
728.571428571429	900	81.7701615376578	24.6	106.370161537658	DBCA	52_2	280	142.879565777653
728.571428571429	933.333333333333	79.8407048847902	24.6	104.44070488479	DBCA	52_2	0	104.44070488479
728.571428571429	966.666666666667	81.7092831182025	24.6	106.309283118203	DBCA	52_2	140	129.114102566775
742.857142857143	666.666666666667	79.5747944159016	24.6	104.174794415902	DBCA	53_1	70	116.714733472331
742.857142857143	700	78.4158111172652	24.6	103.015811117265	DBCA	53_1	280	139.52521535726
742.857142857143	733.333333333333	78.5266208386311	24.6	103.126620838631	DBCA	53_1	0	103.126620838631
742.857142857143	766.666666666667	81.1048143072648	24.6	105.704814307265	DBCA	53_1	140	128.509633755837
742.857142857143	800	82.7193462223627	24.6	107.319346222363	DBCA	53_1	210	138.11398739879
742.857142857143	833.333333333333	80.1577133276086	24.6	104.757713327609	DBCA	53_2	280	141.267117567604
742.857142857143	866.666666666667	78.496263668975	24.6	103.096263668975	DBCA	53_2	140	125.901083117547
742.857142857143	900	77.8857858042152	24.6	102.485785804215	DBCA	53_2	70	115.025724860645
742.857142857143	933.333333333333	77.8111119436251	24.6	102.411111943625	DBCA	53_2	0	102.411111943625
742.857142857143	966.666666666667	82.6334410872266	24.6	107.233441087227	DBCA	53_2	210	138.028082263654
757.142857142857	666.666666666667	79.7195873350098	24.6	104.31958733501	DBCA	54_1	70	116.859526391439
757.142857142857	700	77.5625164543374	24.6	102.162516454337	DBCA	54_1	0	102.162516454337
757.142857142857	733.333333333333	83.516747363039	24.6	108.116747363039	DBCA	54_1	140	130.921566811611
757.142857142857	766.666666666667	79.6108143818056	24.6	104.210814381806	DBCA	54_1	210	135.005455558233
757.142857142857	800	78.9115842778834	24.6	103.511584277883	DBCA	54_1	280	140.020988517879
757.142857142857	833.333333333333	75.2065220221141	24.6	99.8065220221141	DBCA	54_2	140	122.611341470686
757.142857142857	866.666666666667	78.8423914201937	24.6	103.442391420194	DBCA	54_2	280	139.951795660189
757.142857142857	900	77.9881344321632	24.6	102.588134432163	DBCA	54_2	0	102.588134432163
757.142857142857	933.333333333333	78.3662849786229	24.6	102.966284978623	DBCA	54_2	210	133.76092615505
757.142857142857	966.666666666667	81.9448189689522	24.6	106.544818968952	DBCA	54_2	70	119.084758025382
771.428571428571	666.666666666667	85.5267198155822	24.6	110.126719815582	DBCA	55_1	140	132.931539264154
771.428571428571	700	78.3903323663444	24.6	102.990332366344	DBCA	55_1	0	102.990332366344
771.428571428571	733.333333333333	82.2954087925807	24.6	106.895408792581	DBCA	55_1	210	137.690049969008
771.428571428571	766.666666666667	78.4230002254672	24.6	103.023000225467	DBCA	55_1	70	115.562939281897
771.428571428571	800	77.7876050415238	24.6	102.387605041524	DBCA	55_1	280	138.897009281519
771.428571428571	833.333333333333	77.5629895902417	24.6	102.162989590242	DBCA	55_2	210	132.957630766669
771.428571428571	866.666666666667	79.5765360477675	24.6	104.176536047767	DBCA	55_2	140	126.981355496339
771.428571428571	900	80.3003119262183	24.6	104.900311926218	DBCA	55_2	0	104.900311926218
771.428571428571	933.333333333333	78.7412594692046	24.6	103.341259469205	DBCA	55_2	70	115.881198525634
771.428571428571	966.666666666667	79.355967245951	24.6	103.955967245951	DBCA	55_2	280	140.465371485946
785.714285714286	666.666666666667	80.6419295479191	24.6	105.241929547919	DBCA	56_1	140	128.046748996491
785.714285714286	700	79.4404138519799	24.6	104.04041385198	DBCA	56_1	280	140.549818091975
785.714285714286	733.333333333333	81.2581527190022	24.6	105.858152719002	DBCA	56_1	0	105.858152719002
785.714285714286	766.666666666667	79.8152796569372	24.6	104.415279656937	DBCA	56_1	70	116.955218713367
785.714285714286	800	74.6157982576239	24.6	99.2157982576239	DBCA	56_1	210	130.010439434051
785.714285714286	833.333333333333	78.1197280269016	24.6	102.719728026902	DBCA	56_2	0	102.719728026902
785.714285714286	866.666666666667	78.4180184361894	24.6	103.018018436189	DBCA	56_2	280	139.527422676185
785.714285714286	900	76.9089474684717	24.6	101.508947468472	DBCA	56_2	70	114.048886524901
785.714285714286	933.333333333333	79.4184383624324	24.6	104.018438362432	DBCA	56_2	140	126.823257811004
785.714285714286	966.666666666667	79.6325867174986	24.6	104.232586717499	DBCA	56_2	210	135.027227893926
800	666.666666666667	79.0468649556162	24.6	103.646864955616	DBCA	57_1	210	134.441506132043
800	700	79.1784836797013	24.6	103.778483679701	DBCA	57_1	280	140.287887919696
800	733.333333333333	80.0035610985189	24.6	104.603561098519	DBCA	57_1	140	127.408380547091
800	766.666666666667	79.8767660988488	24.6	104.476766098849	DBCA	57_1	70	117.016705155278
800	800	76.9093922568242	24.6	101.509392256824	DBCA	57_1	0	101.509392256824
800	833.333333333333	75.92574621467	24.6	100.52574621467	DBCA	57_2	70	113.0656852711
800	866.666666666667	78.4273721832192	24.6	103.027372183219	DBCA	57_2	0	103.027372183219
800	900	81.9413750075423	24.6	106.541375007542	DBCA	57_2	210	137.336016183969
800	933.333333333333	79.2876350278338	24.6	103.887635027834	DBCA	57_2	140	126.692454476406
800	966.666666666667	78.1875177729533	24.6	102.787517772953	DBCA	57_2	280	139.296922012948
814.285714285714	666.666666666667	80.2051429358757	24.6	104.805142935876	DBCA	58_1	0	104.805142935876
814.285714285714	700	84.0533150749715	24.6	108.653315074972	DBCA	58_1	210	139.447956251399
814.285714285714	733.333333333333	78.0202790888781	24.6	102.620279088878	DBCA	58_1	280	139.129683328873
814.285714285714	766.666666666667	77.379202347143	24.6	101.979202347143	DBCA	58_1	140	124.784021795715
814.285714285714	800	75.3143006012182	24.6	99.9143006012182	DBCA	58_1	70	112.454239657648
814.285714285714	833.333333333333	81.7114869109252	24.6	106.311486910925	DBCA	58_2	210	137.106128087352
814.285714285714	866.666666666667	77.5489861901102	24.6	102.14898619011	DBCA	58_2	280	138.658390430105
814.285714285714	900	78.811510696464	24.6	103.411510696464	DBCA	58_2	0	103.411510696464
814.285714285714	933.333333333333	76.3347366782555	24.6	100.934736678255	DBCA	58_2	140	123.739556126827
814.285714285714	966.666666666667	75.959813579299	24.6	100.559813579299	DBCA	58_2	70	113.099752635729
828.571428571429	666.666666666667	83.0052468911896	24.6	107.60524689119	DBCA	59_1	280	144.114651131185
828.571428571429	700	86.3379684861972	24.6	110.937968486197	DBCA	59_1	70	123.477907542627
828.571428571429	733.333333333333	81.3387913622803	24.6	105.93879136228	DBCA	59_1	140	128.743610810852
828.571428571429	766.666666666667	77.1975149192187	24.6	101.797514919219	DBCA	59_1	0	101.797514919219
828.571428571429	800	78.2919790518192	24.6	102.891979051819	DBCA	59_1	210	133.686620228246
828.571428571429	833.333333333333	80.2564978682872	24.6	104.856497868287	DBCA	59_2	70	117.396436924717
828.571428571429	866.666666666667	80.8188952327961	24.6	105.418895232796	DBCA	59_2	140	128.223714681368
828.571428571429	900	81.5737180889615	24.6	106.173718088961	DBCA	59_2	280	142.683122328957
828.571428571429	933.333333333333	76.2060615839967	24.6	100.806061583997	DBCA	59_2	210	131.600702760424
828.571428571429	966.666666666667	78.5065348219258	24.6	103.106534821926	DBCA	59_2	0	103.106534821926
71.4285714285714	666.666666666667	84.32611843042	0	84.32611843042	DBCA	6_1	70	91.0112574868496
71.4285714285714	700	82.0143804234593	0	82.0143804234593	DBCA	6_1	210	95.2446215998865
71.4285714285714	733.333333333333	79.8875925933787	0	79.8875925933787	DBCA	6_1	0	79.8875925933787
71.4285714285714	766.666666666667	82.4222748012081	0	82.4222748012081	DBCA	6_1	140	93.5174942497801
71.4285714285714	800	74.0051192042494	0	74.0051192042494	DBCA	6_1	280	87.0953234442445
71.4285714285714	833.333333333333	77.0103870487178	0	77.0103870487178	DBCA	6_2	210	90.240628225145
71.4285714285714	866.666666666667	71.9744604486839	0	71.9744604486839	DBCA	6_2	70	78.6595995051135
71.4285714285714	900	80.470754632104	0	80.470754632104	DBCA	6_2	140	91.565974080676
71.4285714285714	933.333333333333	82.9583929853455	0	82.9583929853455	DBCA	6_2	280	96.0485972253406
71.4285714285714	966.666666666667	83.2477755037253	0	83.2477755037253	DBCA	6_2	0	83.2477755037253
842.857142857143	666.666666666667	80.5089799182401	24.6	105.10897991824	DBCA	60_1	140	127.913799366812
842.857142857143	700	80.2484470476184	24.6	104.848447047618	DBCA	60_1	0	104.848447047618
842.857142857143	733.333333333333	78.7966828614312	24.6	103.396682861431	DBCA	60_1	280	139.906087101426
842.857142857143	766.666666666667	72.000519377444	24.6	96.600519377444	DBCA	60_1	70	109.140458433874
842.857142857143	800	79.9414700612929	24.6	104.541470061293	DBCA	60_1	210	135.33611123772
842.857142857143	833.333333333333	77.6637261213117	24.6	102.263726121312	DBCA	60_2	140	125.068545569884
842.857142857143	866.666666666667	76.546596004829	24.6	101.146596004829	DBCA	60_2	70	113.686535061259
842.857142857143	900	79.7169395478542	24.6	104.316939547854	DBCA	60_2	280	140.826343787849
842.857142857143	933.333333333333	75.1309102499572	24.6	99.7309102499572	DBCA	60_2	0	99.7309102499572
842.857142857143	966.666666666667	75.000250503625	24.6	99.600250503625	DBCA	60_2	210	130.394891680052
857.142857142857	666.666666666667	79.1196347947953	24.6	103.719634794795	DBCA	61_1	210	134.514275971222
857.142857142857	700	77.6212342009323	24.6	102.221234200932	DBCA	61_1	280	138.730638440927
857.142857142857	733.333333333333	77.2144074899725	24.6	101.814407489972	DBCA	61_1	140	124.619226938544
857.142857142857	766.666666666667	73.4651519990812	24.6	98.0651519990812	DBCA	61_1	70	110.605091055511
857.142857142857	800	78.211385071687	24.6	102.811385071687	DBCA	61_1	0	102.811385071687
857.142857142857	833.333333333333	82.0161757068387	24.6	106.616175706839	DBCA	61_2	140	129.420995155411
857.142857142857	866.666666666667	78.650258634139	24.6	103.250258634139	DBCA	61_2	280	139.759662874134
857.142857142857	900	80.161535539358	24.6	104.761535539358	DBCA	61_2	70	117.301474595788
857.142857142857	933.333333333333	76.9588734040724	24.6	101.558873404072	DBCA	61_2	210	132.3535145805
857.142857142857	966.666666666667	75.7690586747191	24.6	100.369058674719	DBCA	61_2	0	100.369058674719
871.428571428571	666.666666666667	75.203066545073	24.6	99.803066545073	DBCA	62_1	280	136.312470785068
871.428571428571	700	75.7162196477662	24.6	100.316219647766	DBCA	62_1	140	123.121039096338
871.428571428571	733.333333333333	75.6267352741412	24.6	100.226735274141	DBCA	62_1	70	112.766674330571
871.428571428571	766.666666666667	78.7380137463292	24.6	103.338013746329	DBCA	62_1	0	103.338013746329
871.428571428571	800	79.6647123416317	24.6	104.264712341632	DBCA	62_1	210	135.059353518059
871.428571428571	833.333333333333	82.2400424339279	24.6	106.840042433928	DBCA	62_2	280	143.349446673923
871.428571428571	866.666666666667	75.2158864759723	24.6	99.8158864759723	DBCA	62_2	210	130.610527652399
871.428571428571	900	78.398789021188	24.6	102.998789021188	DBCA	62_2	0	102.998789021188
871.428571428571	933.333333333333	78.6731747765411	24.6	103.273174776541	DBCA	62_2	140	126.077994225113
871.428571428571	966.666666666667	74.4012710781797	24.6	99.0012710781797	DBCA	62_2	70	111.541210134609
885.714285714286	666.666666666667	74.6766089844842	24.6	99.2766089844842	DBCA	63_1	70	111.816548040914
885.714285714286	700	74.9485878869708	24.6	99.5485878869708	DBCA	63_1	0	99.5485878869708
885.714285714286	733.333333333333	75.2033987152735	24.6	99.8033987152735	DBCA	63_1	280	136.312802955269
885.714285714286	766.666666666667	75.3964349211433	24.6	99.9964349211433	DBCA	63_1	140	122.801254369715
885.714285714286	800	82.9636429640125	24.6	107.563642964013	DBCA	63_1	210	138.35828414044
885.714285714286	833.333333333333	80.5730677850766	24.6	105.173067785077	DBCA	63_2	210	135.967708961504
885.714285714286	866.666666666667	83.0880173061777	24.6	107.688017306178	DBCA	63_2	280	144.197421546173
885.714285714286	900	83.7949225136827	24.6	108.394922513683	DBCA	63_2	70	120.934861570112
885.714285714286	933.333333333333	75.8089947514634	24.6	100.408994751463	DBCA	63_2	140	123.213814200035
885.714285714286	966.666666666667	75.189244029092	24.6	99.789244029092	DBCA	63_2	0	99.789244029092
900	666.666666666667	76.0911717525994	24.6	100.691171752599	DBCA	64_1	70	113.231110809029
900	700	77.0205168248756	24.6	101.620516824876	DBCA	64_1	210	132.415158001303
900	733.333333333333	77.5605393038913	24.6	102.160539303891	DBCA	64_1	0	102.160539303891
900	766.666666666667	75.4050865045637	24.6	100.005086504564	DBCA	64_1	280	136.514490744559
900	800	84.8511059449448	24.6	109.451105944945	DBCA	64_1	140	132.255925393517
900	833.333333333333	76.6680943969806	24.6	101.268094396981	DBCA	64_2	140	124.072913845553
900	866.666666666667	81.7252901057562	24.6	106.325290105756	DBCA	64_2	0	106.325290105756
900	900	81.8182908339189	24.6	106.418290833919	DBCA	64_2	210	137.212932010346
900	933.333333333333	76.1321108592872	24.6	100.732110859287	DBCA	64_2	70	113.272049915717
900	966.666666666667	76.6440430386001	24.6	101.2440430386	DBCA	64_2	280	137.753447278595
914.285714285714	666.666666666667	77.9740645519097	24.6	102.57406455191	DBCA	65_1	280	139.083468791905
914.285714285714	700	76.386240236731	24.6	100.986240236731	DBCA	65_1	210	131.780881413158
914.285714285714	733.333333333333	82.5932888454407	24.6	107.193288845441	DBCA	65_1	70	119.73322790187
914.285714285714	766.666666666667	77.7440655252155	24.6	102.344065525216	DBCA	65_1	140	125.148884973788
914.285714285714	800	78.6192872711578	24.6	103.219287271158	DBCA	65_1	0	103.219287271158
914.285714285714	833.333333333333	75.3674360684019	24.6	99.9674360684019	DBCA	65_2	0	99.9674360684019
914.285714285714	866.666666666667	80.7795083538528	24.6	105.379508353853	DBCA	65_2	140	128.184327802425
914.285714285714	900	84.2849119117827	24.6	108.884911911783	DBCA	65_2	70	121.424850968212
914.285714285714	933.333333333333	79.89399333774	24.6	104.49399333774	DBCA	65_2	280	141.003397577735
914.285714285714	966.666666666667	77.4470212467488	24.6	102.047021246749	DBCA	65_2	210	132.841662423176
928.571428571429	666.666666666667	79.0051795208512	24.6	103.605179520851	DBCA	66_1	280	140.114583760846
928.571428571429	700	76.4956255355256	24.6	101.095625535526	DBCA	66_1	210	131.890266711953
928.571428571429	733.333333333333	76.7616396514553	24.6	101.361639651455	DBCA	66_1	0	101.361639651455
928.571428571429	766.666666666667	80.7675154179936	24.6	105.367515417994	DBCA	66_1	140	128.172334866566
928.571428571429	800	79.7187352330405	24.6	104.31873523304	DBCA	66_1	70	116.85867428947
928.571428571429	833.333333333333	75.1676696841292	24.6	99.7676696841292	DBCA	66_2	280	136.277073924124
928.571428571429	866.666666666667	79.1403120990348	24.6	103.740312099035	DBCA	66_2	70	116.280251155464
928.571428571429	900	82.24584527664	24.6	106.84584527664	DBCA	66_2	140	129.650664725212
928.571428571429	933.333333333333	78.9272440274015	24.6	103.527244027401	DBCA	66_2	210	134.321885203829
928.571428571429	966.666666666667	80.2923904547297	24.6	104.89239045473	DBCA	66_2	0	104.89239045473
942.857142857143	666.666666666667	76.5759166901032	24.6	101.175916690103	DBCA	67_1	0	101.175916690103
942.857142857143	700	73.1450942645765	24.6	97.7450942645765	DBCA	67_1	210	128.539735441004
942.857142857143	733.333333333333	78.115852932227	24.6	102.715852932227	DBCA	67_1	280	139.225257172222
942.857142857143	766.666666666667	80.3598545467366	24.6	104.959854546737	DBCA	67_1	70	117.499793603166
942.857142857143	800	79.8289571366467	24.6	104.428957136647	DBCA	67_1	140	127.233776585219
942.857142857143	833.333333333333	78.3004419225807	24.6	102.900441922581	DBCA	67_2	210	133.695083099008
942.857142857143	866.666666666667	82.5019782488346	24.6	107.101978248835	DBCA	67_2	0	107.101978248835
942.857142857143	900	80.1771756501937	24.6	104.777175650194	DBCA	67_2	70	117.317114706623
942.857142857143	933.333333333333	79.5381002545447	24.6	104.138100254545	DBCA	67_2	140	126.942919703117
942.857142857143	966.666666666667	75.7838726269398	24.6	100.38387262694	DBCA	67_2	280	136.893276866935
957.142857142857	666.666666666667	78.0253570376012	24.6	102.625357037601	DBCA	68_1	210	133.419998214028
957.142857142857	700	76.104586142862	24.6	100.704586142862	DBCA	68_1	0	100.704586142862
957.142857142857	733.333333333333	77.8558975872911	24.6	102.455897587291	DBCA	68_1	140	125.260717035863
957.142857142857	766.666666666667	80.809617300273	24.6	105.409617300273	DBCA	68_1	70	117.949556356703
957.142857142857	800	81.7537784035698	24.6	106.35377840357	DBCA	68_1	280	142.863182643565
957.142857142857	833.333333333333	81.2554800584938	24.6	105.855480058494	DBCA	68_2	0	105.855480058494
957.142857142857	866.666666666667	81.4027199745529	24.6	106.002719974553	DBCA	68_2	140	128.807539423125
957.142857142857	900	74.4164109625078	24.6	99.0164109625078	DBCA	68_2	280	135.525815202503
957.142857142857	933.333333333333	76.3161710155718	24.6	100.916171015572	DBCA	68_2	210	131.710812191999
957.142857142857	966.666666666667	75.623575818713	24.6	100.223575818713	DBCA	68_2	70	112.763514875143
971.428571428571	666.666666666667	77.6940421502028	24.6	102.294042150203	DBCA	69_1	70	114.833981206632
971.428571428571	700	77.8700902280665	24.6	102.470090228067	DBCA	69_1	140	125.274909676639
971.428571428571	733.333333333333	81.932181858764	24.6	106.532181858764	DBCA	69_1	280	143.041586098759
971.428571428571	766.666666666667	81.3624768490434	24.6	105.962476849043	DBCA	69_1	0	105.962476849043
971.428571428571	800	82.3070324209181	24.6	106.907032420918	DBCA	69_1	210	137.701673597345
971.428571428571	833.333333333333	83.7160547035051	24.6	108.316054703505	DBCA	69_2	140	131.120874152077
971.428571428571	866.666666666667	81.1609071066314	24.6	105.760907106631	DBCA	69_2	0	105.760907106631
971.428571428571	900	78.0859765072881	24.6	102.685976507288	DBCA	69_2	70	115.225915563718
971.428571428571	933.333333333333	79.8501345194552	24.6	104.450134519455	DBCA	69_2	280	140.95953875945
971.428571428571	966.666666666667	76.3704569376538	24.6	100.970456937654	DBCA	69_2	210	131.765098114081
85.7142857142857	666.666666666667	80.9687576862981	0	80.9687576862981	DBCA	7_1	70	87.6538967427277
85.7142857142857	700	80.8476974420755	0	80.8476974420755	DBCA	7_1	280	93.9379016820707
85.7142857142857	733.333333333333	83.0972417790765	0	83.0972417790765	DBCA	7_1	210	96.3274829555036
85.7142857142857	766.666666666667	82.8285540834068	0	82.8285540834068	DBCA	7_1	0	82.8285540834068
85.7142857142857	800	76.7040443580812	0	76.7040443580812	DBCA	7_1	140	87.7992638066532
85.7142857142857	833.333333333333	78.6587420485398	0	78.6587420485398	DBCA	7_2	0	78.6587420485398
85.7142857142857	866.666666666667	81.0812890183029	0	81.0812890183029	DBCA	7_2	280	94.171493258298
85.7142857142857	900	82.3932038307154	0	82.3932038307154	DBCA	7_2	140	93.4884232792874
85.7142857142857	933.333333333333	81.968924285141	0	81.968924285141	DBCA	7_2	70	88.6540633415706
85.7142857142857	966.666666666667	87.4412304875388	0	87.4412304875388	DBCA	7_2	210	100.671471663966
985.714285714286	666.666666666667	73.7087431233082	24.6	98.3087431233082	DBCA	70_1	0	98.3087431233082
985.714285714286	700	78.857482089074	24.6	103.457482089074	DBCA	70_1	280	139.966886329069
985.714285714286	733.333333333333	79.9280445130437	24.6	104.528044513044	DBCA	70_1	70	117.067983569473
985.714285714286	766.666666666667	83.7369768587998	24.6	108.3369768588	DBCA	70_1	210	139.131618035227
985.714285714286	800	84.0907617355587	24.6	108.690761735559	DBCA	70_1	140	131.495581184131
985.714285714286	833.333333333333	80.7007841836812	24.6	105.300784183681	DBCA	70_2	280	141.810188423676
985.714285714286	866.666666666667	82.8284036529186	24.6	107.428403652919	DBCA	70_2	210	138.223044829346
985.714285714286	900	81.2445789302632	24.6	105.844578930263	DBCA	70_2	70	118.384517986693
985.714285714286	933.333333333333	80.3551294224478	24.6	104.955129422448	DBCA	70_2	140	127.75994887102
985.714285714286	966.666666666667	77.0185354684349	24.6	101.618535468435	DBCA	70_2	0	101.618535468435
1000	666.666666666667	77.4648942932851	24.6	102.064894293285	DBCA	71_1	280	138.57429853328
1000	700	77.2872190621782	24.6	101.887219062178	DBCA	71_1	0	101.887219062178
1000	733.333333333333	80.477957296757	24.6	105.077957296757	DBCA	71_1	70	117.617896353187
1000	766.666666666667	83.9757372936577	24.6	108.575737293658	DBCA	71_1	210	139.370378470085
1000	800	79.458379160272	24.6	104.058379160272	DBCA	71_1	140	126.863198608844
1000	833.333333333333	77.494562014302	24.6	102.094562014302	DBCA	71_2	70	114.634501070732
1000	866.666666666667	81.5155040079294	24.6	106.115504007929	DBCA	71_2	0	106.115504007929
1000	900	82.7695684579821	24.6	107.369568457982	DBCA	71_2	280	143.878972697977
1000	933.333333333333	75.4410556640522	24.6	100.041055664052	DBCA	71_2	140	122.845875112624
1000	966.666666666667	77.4593571623783	24.6	102.059357162378	DBCA	71_2	210	132.853998338805
100	666.666666666667	80.012809517816	0	80.012809517816	DBCA	8_1	210	93.2430506942432
100	700	79.335199350068	0	79.335199350068	DBCA	8_1	140	90.43041879864
100	733.333333333333	82.9583972517892	0	82.9583972517892	DBCA	8_1	280	96.0486014917843
100	766.666666666667	80.9936216846322	0	80.9936216846322	DBCA	8_1	70	87.6787607410618
100	800	79.3477332577364	0	79.3477332577364	DBCA	8_1	0	79.3477332577364
100	833.333333333333	79.9672751049136	0	79.9672751049136	DBCA	8_2	70	86.6524141613432
100	866.666666666667	85.8673265253846	0	85.8673265253846	DBCA	8_2	280	98.9575307653798
100	900	83.2945580668973	0	83.2945580668973	DBCA	8_2	140	94.3897775154692
100	933.333333333333	82.0424634759425	0	82.0424634759425	DBCA	8_2	210	95.2727046523696
100	966.666666666667	84.5315351643156	0	84.5315351643156	DBCA	8_2	0	84.5315351643156
114.285714285714	666.666666666667	77.25026652948	0	77.25026652948	DBCA	9_1	210	90.4805077059072
114.285714285714	700	78.0602196840263	0	78.0602196840263	DBCA	9_1	280	91.1504239240215
114.285714285714	733.333333333333	79.7206618134942	0	79.7206618134942	DBCA	9_1	70	86.4058008699238
114.285714285714	766.666666666667	80.0544727759361	0	80.0544727759361	DBCA	9_1	140	91.1496922245081
114.285714285714	800	82.9445637070089	0	82.9445637070089	DBCA	9_1	0	82.9445637070089
114.285714285714	833.333333333333	80.7592159479443	0	80.7592159479443	DBCA	9_2	0	80.7592159479443
114.285714285714	866.666666666667	84.394908932783	0	84.394908932783	DBCA	9_2	140	95.4901283813549
114.285714285714	900	81.8010168458871	0	81.8010168458871	DBCA	9_2	70	88.4861559023167
114.285714285714	933.333333333333	80.7536905307498	0	80.7536905307498	DBCA	9_2	280	93.843894770745
114.285714285714	966.666666666667	85.9761648213795	0	85.9761648213795	DBCA	9_2	210	99.2064059978067
0	1000	80.1127743177025	0	80.1127743177025	DBCA	1_3	NA	NA
14.2857142857143	1000	77.6900026074953	0	77.6900026074953	DBCA	2_3	NA	NA
28.5714285714286	1000	81.7218929794216	0	81.7218929794216	DBCA	3_3	NA	NA
42.8571428571429	1000	80.0961720305157	0	80.0961720305157	DBCA	4_3	NA	NA
57.1428571428571	1000	82.1476239628796	0	82.1476239628796	DBCA	5_3	NA	NA
71.4285714285714	1000	82.5806488894996	0	82.5806488894996	DBCA	6_3	NA	NA
85.7142857142857	1000	81.4094831245064	0	81.4094831245064	DBCA	7_3	NA	NA
100	1000	81.3410264731392	0	81.3410264731392	DBCA	8_3	NA	NA
114.285714285714	1000	81.8053048955671	0	81.8053048955671	DBCA	9_3	NA	NA
128.571428571429	1000	79.5769918448799	0	79.5769918448799	DBCA	10_3	NA	NA
142.857142857143	1000	81.5703105602906	0	81.5703105602906	DBCA	11_3	NA	NA
157.142857142857	1000	79.8998203491616	0	79.8998203491616	DBCA	12_3	NA	NA
171.428571428571	1000	82.6287394616737	0	82.6287394616737	DBCA	13_3	NA	NA
185.714285714286	1000	79.2037285344182	0	79.2037285344182	DBCA	14_3	NA	NA
200	1000	77.6073114800671	0	77.6073114800671	DBCA	15_3	NA	NA
214.285714285714	1000	72.409408616177	0	72.409408616177	DBCA	16_3	NA	NA
228.571428571429	1000	73.4643052262136	0	73.4643052262136	DBCA	17_3	NA	NA
242.857142857143	1000	73.1583541519614	0	73.1583541519614	DBCA	18_3	NA	NA
257.142857142857	1000	76.757186544753	0	76.757186544753	DBCA	19_3	NA	NA
271.428571428571	1000	78.1786186759328	0	78.1786186759328	DBCA	20_3	NA	NA
285.714285714286	1000	77.9851196679646	0	77.9851196679646	DBCA	21_3	NA	NA
300	1000	79.9808869008173	0	79.9808869008173	DBCA	22_3	NA	NA
314.285714285714	1000	81.4364582860171	0	81.4364582860171	DBCA	23_3	NA	NA
328.571428571429	1000	81.2442089140631	0	81.2442089140631	DBCA	24_3	NA	NA
342.857142857143	1000	80.4141544468709	0	80.4141544468709	DBCA	25_3	NA	NA
357.142857142857	1000	78.0734000315345	0	78.0734000315345	DBCA	26_3	NA	NA
371.428571428571	1000	78.8813944495023	0	78.8813944495023	DBCA	27_3	NA	NA
385.714285714286	1000	82.1783837815941	0	82.1783837815941	DBCA	28_3	NA	NA
400	1000	83.5986286912965	0	83.5986286912965	DBCA	29_3	NA	NA
414.285714285714	1000	84.855451902701	0	84.855451902701	DBCA	30_3	NA	NA
428.571428571429	1000	82.628419477068	0	82.628419477068	DBCA	31_3	NA	NA
442.857142857143	1000	78.8765343790715	0	78.8765343790715	DBCA	32_3	NA	NA
457.142857142857	1000	79.3933252599103	0	79.3933252599103	DBCA	33_3	NA	NA
471.428571428571	1000	76.1044959047162	0	76.1044959047162	DBCA	34_3	NA	NA
485.714285714286	1000	74.7542689712333	0	74.7542689712333	DBCA	35_3	NA	NA
500	1000	77.9949502165586	0	77.9949502165586	DBCA	36_3	NA	NA
514.285714285714	1000	79.296582194616	24.6	103.896582194616	DBCA	37_3	NA	NA
528.571428571429	1000	79.3258361960788	24.6	103.925836196079	DBCA	38_3	NA	NA
542.857142857143	1000	83.154897915063	24.6	107.754897915063	DBCA	39_3	NA	NA
557.142857142857	1000	80.7644014567446	24.6	105.364401456745	DBCA	40_3	NA	NA
571.428571428571	1000	77.9301997714884	24.6	102.530199771488	DBCA	41_3	NA	NA
585.714285714286	1000	82.2846035006447	24.6	106.884603500645	DBCA	42_3	NA	NA
600	1000	74.4697565062815	24.6	99.0697565062815	DBCA	43_3	NA	NA
614.285714285714	1000	72.9690574670351	24.6	97.5690574670351	DBCA	44_3	NA	NA
628.571428571429	1000	77.2349461804878	24.6	101.834946180488	DBCA	45_3	NA	NA
642.857142857143	1000	72.1798280128437	24.6	96.7798280128437	DBCA	46_3	NA	NA
657.142857142857	1000	77.2634204949094	24.6	101.863420494909	DBCA	47_3	NA	NA
671.428571428571	1000	81.1393006641553	24.6	105.739300664155	DBCA	48_3	NA	NA
685.714285714286	1000	83.636078243721	24.6	108.236078243721	DBCA	49_3	NA	NA
700	1000	79.8492188634481	24.6	104.449218863448	DBCA	50_3	NA	NA
714.285714285714	1000	79.5192616067937	24.6	104.119261606794	DBCA	51_3	NA	NA
728.571428571429	1000	78.0931864644593	24.6	102.693186464459	DBCA	52_3	NA	NA
742.857142857143	1000	79.1922470467636	24.6	103.792247046764	DBCA	53_3	NA	NA
757.142857142857	1000	78.0436796737513	24.6	102.643679673751	DBCA	54_3	NA	NA
771.428571428571	1000	79.3322448834009	24.6	103.932244883401	DBCA	55_3	NA	NA
785.714285714286	1000	81.3711208834495	24.6	105.97112088345	DBCA	56_3	NA	NA
800	1000	78.5647465095496	24.6	103.16474650955	DBCA	57_3	NA	NA
814.285714285714	1000	77.6066791246809	24.6	102.206679124681	DBCA	58_3	NA	NA
828.571428571429	1000	76.5227373271086	24.6	101.122737327109	DBCA	59_3	NA	NA
842.857142857143	1000	76.7980778837641	24.6	101.398077883764	DBCA	60_3	NA	NA
857.142857142857	1000	77.1339730761964	24.6	101.733973076196	DBCA	61_3	NA	NA
871.428571428571	1000	75.6939068789821	24.6	100.293906878982	DBCA	62_3	NA	NA
885.714285714286	1000	76.5900707246923	24.6	101.190070724692	DBCA	63_3	NA	NA
900	1000	76.9156040959312	24.6	101.515604095931	DBCA	64_3	NA	NA
914.285714285714	1000	80.9847125866654	24.6	105.584712586665	DBCA	65_3	NA	NA
928.571428571429	1000	75.9856810735651	24.6	100.585681073565	DBCA	66_3	NA	NA
942.857142857143	1000	80.9952716577224	24.6	105.595271657722	DBCA	67_3	NA	NA
957.142857142857	1000	80.0209985369837	24.6	104.620998536984	DBCA	68_3	NA	NA
971.428571428571	1000	78.7045233049851	24.6	103.304523304985	DBCA	69_3	NA	NA
985.714285714286	1000	78.4488249062676	24.6	103.048824906268	DBCA	70_3	NA	NA
1000	1000	79.0465370072361	24.6	103.646537007236	DBCA	71_3	NA	NA
