x	y	variable1	Zona	ErrorConEfecto	Disenio	Bloque	AsigTrat	MiRto
0	666.666666666667	80.9474934785724	0	80.9474934785724	DBCA	1_1	0	80.9474934785724
0	700	81.1472316387928	0	81.1472316387928	DBCA	1_1	280	96.1831141125575
0	733.333333333333	80.6516152307199	0	80.6516152307199	DBCA	1_1	210	96.1627148229767
0	766.666666666667	81.5731973042639	0	81.5731973042639	DBCA	1_1	140	94.7367221903906
0	800	79.5021261439215	0	79.5021261439215	DBCA	1_1	70	87.4952844992959
0	833.333333333333	82.2181018950657	0	82.2181018950657	DBCA	1_2	70	90.2112602504401
0	866.666666666667	79.7089656809512	0	79.7089656809512	DBCA	1_2	280	94.7448481547158
0	900	79.5027829936735	0	79.5027829936735	DBCA	1_2	140	92.6663078798002
0	933.333333333333	81.110727101928	0	81.110727101928	DBCA	1_2	0	81.110727101928
0	966.666666666667	86.2921236402209	0	86.2921236402209	DBCA	1_2	210	101.803223232478
128.571428571429	666.666666666667	80.2161222335056	0	80.2161222335056	DBCA	10_1	0	80.2161222335056
128.571428571429	700	78.206179653874	0	78.206179653874	DBCA	10_1	210	93.7172792461308
128.571428571429	733.333333333333	77.599234229489	0	77.599234229489	DBCA	10_1	70	85.5923925848634
128.571428571429	766.666666666667	81.4882985791758	0	81.4882985791758	DBCA	10_1	140	94.6518234653025
128.571428571429	800	81.9760593249948	0	81.9760593249948	DBCA	10_1	280	97.0119417987595
128.571428571429	833.333333333333	78.8752853448094	0	78.8752853448094	DBCA	10_2	140	92.0388102309361
128.571428571429	866.666666666667	82.5636431930845	0	82.5636431930845	DBCA	10_2	70	90.5568015484589
128.571428571429	900	76.4144634946981	0	76.4144634946981	DBCA	10_2	0	76.4144634946981
128.571428571429	933.333333333333	79.7907219673724	0	79.7907219673724	DBCA	10_2	280	94.8266044411371
128.571428571429	966.666666666667	78.480559495128	0	78.480559495128	DBCA	10_2	210	93.9916590873848
142.857142857143	666.666666666667	82.7012731375606	0	82.7012731375606	DBCA	11_1	70	90.694431492935
142.857142857143	700	77.4130316418113	0	77.4130316418113	DBCA	11_1	280	92.448914115576
142.857142857143	733.333333333333	80.76045944212	0	80.76045944212	DBCA	11_1	210	96.2715590343767
142.857142857143	766.666666666667	81.8318269610036	0	81.8318269610036	DBCA	11_1	140	94.9953518471302
142.857142857143	800	82.002778731401	0	82.002778731401	DBCA	11_1	0	82.002778731401
142.857142857143	833.333333333333	80.4650270721643	0	80.4650270721643	DBCA	11_2	280	95.5009095459289
142.857142857143	866.666666666667	83.570759035669	0	83.570759035669	DBCA	11_2	210	99.0818586279257
142.857142857143	900	79.9954926764084	0	79.9954926764084	DBCA	11_2	0	79.9954926764084
142.857142857143	933.333333333333	82.2766109322896	0	82.2766109322896	DBCA	11_2	140	95.4401358184162
142.857142857143	966.666666666667	79.2573839626961	0	79.2573839626961	DBCA	11_2	70	87.2505423180705
157.142857142857	666.666666666667	83.426463669572	0	83.426463669572	DBCA	12_1	140	96.5899885556987
157.142857142857	700	80.2040137576597	0	80.2040137576597	DBCA	12_1	280	95.2398962314244
157.142857142857	733.333333333333	81.4650887898621	0	81.4650887898621	DBCA	12_1	210	96.9761883821189
157.142857142857	766.666666666667	83.277525739714	0	83.277525739714	DBCA	12_1	70	91.2706840950884
157.142857142857	800	81.1729719800775	0	81.1729719800775	DBCA	12_1	0	81.1729719800775
157.142857142857	833.333333333333	82.3822360293708	0	82.3822360293708	DBCA	12_2	210	97.8933356216276
157.142857142857	866.666666666667	81.5925318076748	0	81.5925318076748	DBCA	12_2	280	96.6284142814395
157.142857142857	900	84.0135039710065	0	84.0135039710065	DBCA	12_2	0	84.0135039710065
157.142857142857	933.333333333333	79.9782153095425	0	79.9782153095425	DBCA	12_2	140	93.1417401956692
157.142857142857	966.666666666667	82.9341508672131	0	82.9341508672131	DBCA	12_2	70	90.9273092225876
171.428571428571	666.666666666667	84.6872205302216	0	84.6872205302216	DBCA	13_1	70	92.680378885596
171.428571428571	700	83.6259125742737	0	83.6259125742737	DBCA	13_1	140	96.7894374604004
171.428571428571	733.333333333333	81.2092015752948	0	81.2092015752948	DBCA	13_1	280	96.2450840490594
171.428571428571	766.666666666667	82.8911287329194	0	82.8911287329194	DBCA	13_1	0	82.8911287329194
171.428571428571	800	83.3876782043483	0	83.3876782043483	DBCA	13_1	210	98.898777796605
171.428571428571	833.333333333333	80.6226123510005	0	80.6226123510005	DBCA	13_2	0	80.6226123510005
171.428571428571	866.666666666667	81.1842084022655	0	81.1842084022655	DBCA	13_2	140	94.3477332883922
171.428571428571	900	82.7417523255377	0	82.7417523255377	DBCA	13_2	210	98.2528519177945
171.428571428571	933.333333333333	81.58295509905	0	81.58295509905	DBCA	13_2	280	96.6188375728147
171.428571428571	966.666666666667	82.1404453336671	0	82.1404453336671	DBCA	13_2	70	90.1336036890415
185.714285714286	666.666666666667	82.8788363438307	0	82.8788363438307	DBCA	14_1	210	98.3899359360875
185.714285714286	700	82.8760465651943	0	82.8760465651943	DBCA	14_1	140	96.039571451321
185.714285714286	733.333333333333	78.8848474912208	0	78.8848474912208	DBCA	14_1	280	93.9207299649855
185.714285714286	766.666666666667	83.5906338617867	0	83.5906338617867	DBCA	14_1	70	91.5837922171611
185.714285714286	800	79.2914923131355	0	79.2914923131355	DBCA	14_1	0	79.2914923131355
185.714285714286	833.333333333333	86.3263284902693	0	86.3263284902693	DBCA	14_2	280	101.362210964034
185.714285714286	866.666666666667	81.0529502803255	0	81.0529502803255	DBCA	14_2	210	96.5640498725823
185.714285714286	900	83.4680290129267	0	83.4680290129267	DBCA	14_2	140	96.6315538990533
185.714285714286	933.333333333333	83.3163907987022	0	83.3163907987022	DBCA	14_2	70	91.3095491540766
185.714285714286	966.666666666667	83.9462269016563	0	83.9462269016563	DBCA	14_2	0	83.9462269016563
200	666.666666666667	83.4922066843344	0	83.4922066843344	DBCA	15_1	140	96.655731570461
200	700	83.1951057722077	0	83.1951057722077	DBCA	15_1	70	91.1882641275821
200	733.333333333333	80.7851357049769	0	80.7851357049769	DBCA	15_1	0	80.7851357049769
200	766.666666666667	80.1953661491506	0	80.1953661491506	DBCA	15_1	280	95.2312486229153
200	800	84.8883434155528	0	84.8883434155528	DBCA	15_1	210	100.39944300781
200	833.333333333333	81.8021872570005	0	81.8021872570005	DBCA	15_2	140	94.9657121431271
200	866.666666666667	83.1485445309476	0	83.1485445309476	DBCA	15_2	0	83.1485445309476
200	900	80.2389553399116	0	80.2389553399116	DBCA	15_2	70	88.232113695286
200	933.333333333333	82.7198437131786	0	82.7198437131786	DBCA	15_2	210	98.2309433054353
200	966.666666666667	83.4516215703293	0	83.4516215703293	DBCA	15_2	280	98.487504044094
214.285714285714	666.666666666667	85.2976726619415	0	85.2976726619415	DBCA	16_1	0	85.2976726619415
214.285714285714	700	80.6076171804816	0	80.6076171804816	DBCA	16_1	210	96.1187167727384
214.285714285714	733.333333333333	75.8027471224195	0	75.8027471224195	DBCA	16_1	70	83.7959054777939
214.285714285714	766.666666666667	77.4506588123744	0	77.4506588123744	DBCA	16_1	140	90.6141836985011
214.285714285714	800	82.1159284256074	0	82.1159284256074	DBCA	16_1	280	97.1518108993721
214.285714285714	833.333333333333	81.4638774542379	0	81.4638774542379	DBCA	16_2	210	96.9749770464947
214.285714285714	866.666666666667	83.3439763098683	0	83.3439763098683	DBCA	16_2	70	91.3371346652427
214.285714285714	900	78.228289812716	0	78.228289812716	DBCA	16_2	0	78.228289812716
214.285714285714	933.333333333333	81.9703494973093	0	81.9703494973093	DBCA	16_2	280	97.006231971074
214.285714285714	966.666666666667	85.7327659975453	0	85.7327659975453	DBCA	16_2	140	98.896290883672
228.571428571429	666.666666666667	85.6543481421324	0	85.6543481421324	DBCA	17_1	0	85.6543481421324
228.571428571429	700	78.1539038145584	0	78.1539038145584	DBCA	17_1	210	93.6650034068152
228.571428571429	733.333333333333	80.9900056372728	0	80.9900056372728	DBCA	17_1	140	94.1535305233994
228.571428571429	766.666666666667	77.1862072246319	0	77.1862072246319	DBCA	17_1	70	85.1793655800063
228.571428571429	800	78.8889435908412	0	78.8889435908412	DBCA	17_1	280	93.9248260646059
228.571428571429	833.333333333333	80.914596812971	0	80.914596812971	DBCA	17_2	140	94.0781216990977
228.571428571429	866.666666666667	82.1201870681461	0	82.1201870681461	DBCA	17_2	70	90.1133454235205
228.571428571429	900	80.2411132919415	0	80.2411132919415	DBCA	17_2	210	95.7522128841982
228.571428571429	933.333333333333	84.779820604533	0	84.779820604533	DBCA	17_2	280	99.8157030782977
228.571428571429	966.666666666667	85.9985697523514	0	85.9985697523514	DBCA	17_2	0	85.9985697523514
242.857142857143	666.666666666667	82.1392192052558	0	82.1392192052558	DBCA	18_1	210	97.6503187975125
242.857142857143	700	75.2165400838716	0	75.2165400838716	DBCA	18_1	70	83.2096984392461
242.857142857143	733.333333333333	77.5258150124476	0	77.5258150124476	DBCA	18_1	140	90.6893398985742
242.857142857143	766.666666666667	80.0284688103549	0	80.0284688103549	DBCA	18_1	280	95.0643512841196
242.857142857143	800	81.8267656955038	0	81.8267656955038	DBCA	18_1	0	81.8267656955038
242.857142857143	833.333333333333	80.197655568602	0	80.197655568602	DBCA	18_2	210	95.7087551608587
242.857142857143	866.666666666667	79.2795578194099	0	79.2795578194099	DBCA	18_2	140	92.4430827055366
242.857142857143	900	81.7190828335978	0	81.7190828335978	DBCA	18_2	0	81.7190828335978
242.857142857143	933.333333333333	80.6830409478514	0	80.6830409478514	DBCA	18_2	280	95.7189234216161
242.857142857143	966.666666666667	83.8416462850874	0	83.8416462850874	DBCA	18_2	70	91.8348046404618
257.142857142857	666.666666666667	83.6267238161536	0	83.6267238161536	DBCA	19_1	70	91.619882171528
257.142857142857	700	76.7026062753367	0	76.7026062753367	DBCA	19_1	210	92.2137058675935
257.142857142857	733.333333333333	78.0962532839648	0	78.0962532839648	DBCA	19_1	280	93.1321357577295
257.142857142857	766.666666666667	80.7349225348459	0	80.7349225348459	DBCA	19_1	140	93.8984474209726
257.142857142857	800	81.4693181813149	0	81.4693181813149	DBCA	19_1	0	81.4693181813149
257.142857142857	833.333333333333	81.728894087834	0	81.728894087834	DBCA	19_2	280	96.7647765615987
257.142857142857	866.666666666667	81.033322506574	0	81.033322506574	DBCA	19_2	70	89.0264808619484
257.142857142857	900	77.2497709109119	0	77.2497709109119	DBCA	19_2	0	77.2497709109119
257.142857142857	933.333333333333	77.0858407753254	0	77.0858407753254	DBCA	19_2	140	90.249365661452
257.142857142857	966.666666666667	79.3915696915192	0	79.3915696915192	DBCA	19_2	210	94.902669283776
14.2857142857143	666.666666666667	81.3374814027377	0	81.3374814027377	DBCA	2_1	70	89.3306397581121
14.2857142857143	700	80.9752378176601	0	80.9752378176601	DBCA	2_1	0	80.9752378176601
14.2857142857143	733.333333333333	79.6960738946306	0	79.6960738946306	DBCA	2_1	280	94.7319563683953
14.2857142857143	766.666666666667	82.483140432997	0	82.483140432997	DBCA	2_1	140	95.6466653191237
14.2857142857143	800	80.0584961513202	0	80.0584961513202	DBCA	2_1	210	95.569595743577
14.2857142857143	833.333333333333	80.7304182109942	0	80.7304182109942	DBCA	2_2	210	96.2415178032509
14.2857142857143	866.666666666667	78.7318033745916	0	78.7318033745916	DBCA	2_2	0	78.7318033745916
14.2857142857143	900	80.5456819038189	0	80.5456819038189	DBCA	2_2	280	95.5815643775835
14.2857142857143	933.333333333333	78.4677330212111	0	78.4677330212111	DBCA	2_2	70	86.4608913765856
14.2857142857143	966.666666666667	84.7514572118183	0	84.7514572118183	DBCA	2_2	140	97.914982097945
271.428571428571	666.666666666667	81.4338629439034	0	81.4338629439034	DBCA	20_1	210	96.9449625361602
271.428571428571	700	78.1191911259005	0	78.1191911259005	DBCA	20_1	70	86.1123494812749
271.428571428571	733.333333333333	79.1055939396065	0	79.1055939396065	DBCA	20_1	140	92.2691188257331
271.428571428571	766.666666666667	80.8509140975113	0	80.8509140975113	DBCA	20_1	0	80.8509140975113
271.428571428571	800	79.571735927342	0	79.571735927342	DBCA	20_1	280	94.6076184011067
271.428571428571	833.333333333333	81.0481174466242	0	81.0481174466242	DBCA	20_2	70	89.0412758019986
271.428571428571	866.666666666667	75.8107638194883	0	75.8107638194883	DBCA	20_2	0	75.8107638194883
271.428571428571	900	77.2006334102693	0	77.2006334102693	DBCA	20_2	280	92.236515884034
271.428571428571	933.333333333333	77.6577305247922	0	77.6577305247922	DBCA	20_2	140	90.8212554109188
271.428571428571	966.666666666667	81.9739505845831	0	81.9739505845831	DBCA	20_2	210	97.4850501768399
285.714285714286	666.666666666667	81.5637599582106	0	81.5637599582106	DBCA	21_1	280	96.5996424319753
285.714285714286	700	79.2600045382282	0	79.2600045382282	DBCA	21_1	0	79.2600045382282
285.714285714286	733.333333333333	77.0839774282524	0	77.0839774282524	DBCA	21_1	70	85.0771357836268
285.714285714286	766.666666666667	80.643838172716	0	80.643838172716	DBCA	21_1	140	93.8073630588427
285.714285714286	800	77.4733580217129	0	77.4733580217129	DBCA	21_1	210	92.9844576139696
285.714285714286	833.333333333333	77.7759950393089	0	77.7759950393089	DBCA	21_2	280	92.8118775130735
285.714285714286	866.666666666667	78.8722708615768	0	78.8722708615768	DBCA	21_2	0	78.8722708615768
285.714285714286	900	77.1184266375559	0	77.1184266375559	DBCA	21_2	70	85.1115849929303
285.714285714286	933.333333333333	80.1532049583739	0	80.1532049583739	DBCA	21_2	140	93.3167298445006
285.714285714286	966.666666666667	77.3730162756904	0	77.3730162756904	DBCA	21_2	210	92.8841158679472
300	666.666666666667	76.109309478817	0	76.109309478817	DBCA	22_1	280	91.1451919525816
300	700	79.9495227982498	0	79.9495227982498	DBCA	22_1	140	93.1130476843765
300	733.333333333333	78.2765326037518	0	78.2765326037518	DBCA	22_1	70	86.2696909591262
300	766.666666666667	78.075319121656	0	78.075319121656	DBCA	22_1	0	78.075319121656
300	800	77.7146969567895	0	77.7146969567895	DBCA	22_1	210	93.2257965490463
300	833.333333333333	78.2111478707993	0	78.2111478707993	DBCA	22_2	0	78.2111478707993
300	866.666666666667	79.6009622912367	0	79.6009622912367	DBCA	22_2	280	94.6368447650014
300	900	78.7004831156747	0	78.7004831156747	DBCA	22_2	140	91.8640080018014
300	933.333333333333	77.5931661916098	0	77.5931661916098	DBCA	22_2	210	93.1042657838666
300	966.666666666667	77.4895828114837	0	77.4895828114837	DBCA	22_2	70	85.4827411668581
314.285714285714	666.666666666667	74.7712621472857	0	74.7712621472857	DBCA	23_1	0	74.7712621472857
314.285714285714	700	79.0994500253539	0	79.0994500253539	DBCA	23_1	70	87.0926083807283
314.285714285714	733.333333333333	79.1336553076762	0	79.1336553076762	DBCA	23_1	280	94.1695377814409
314.285714285714	766.666666666667	79.7984864148824	0	79.7984864148824	DBCA	23_1	210	95.3095860071391
314.285714285714	800	71.9288192536899	0	71.9288192536899	DBCA	23_1	140	85.0923441398166
314.285714285714	833.333333333333	78.3198385407599	0	78.3198385407599	DBCA	23_2	210	93.8309381330167
314.285714285714	866.666666666667	76.3395332109047	0	76.3395332109047	DBCA	23_2	0	76.3395332109047
314.285714285714	900	74.9806462558247	0	74.9806462558247	DBCA	23_2	70	82.9738046111991
314.285714285714	933.333333333333	74.3392318813636	0	74.3392318813636	DBCA	23_2	140	87.5027567674903
314.285714285714	966.666666666667	77.2116445616736	0	77.2116445616736	DBCA	23_2	280	92.2475270354383
328.571428571429	666.666666666667	76.2490934595485	0	76.2490934595485	DBCA	24_1	140	89.4126183456752
328.571428571429	700	81.342244275773	0	81.342244275773	DBCA	24_1	0	81.342244275773
328.571428571429	733.333333333333	73.533636121619	0	73.533636121619	DBCA	24_1	70	81.5267944769934
328.571428571429	766.666666666667	75.0498763847362	0	75.0498763847362	DBCA	24_1	280	90.0857588585008
328.571428571429	800	78.1254521220647	0	78.1254521220647	DBCA	24_1	210	93.6365517143215
328.571428571429	833.333333333333	76.7958044250086	0	76.7958044250086	DBCA	24_2	140	89.9593293111352
328.571428571429	866.666666666667	74.643298474998	0	74.643298474998	DBCA	24_2	70	82.6364568303724
328.571428571429	900	74.7212844914554	0	74.7212844914554	DBCA	24_2	280	89.7571669652201
328.571428571429	933.333333333333	70.0549707378899	0	70.0549707378899	DBCA	24_2	210	85.5660703301466
328.571428571429	966.666666666667	76.9933873929948	0	76.9933873929948	DBCA	24_2	0	76.9933873929948
342.857142857143	666.666666666667	72.9098896192166	0	72.9098896192166	DBCA	25_1	210	88.4209892114734
342.857142857143	700	75.4817777907521	0	75.4817777907521	DBCA	25_1	140	88.6453026768788
342.857142857143	733.333333333333	73.609445719157	0	73.609445719157	DBCA	25_1	280	88.6453281929217
342.857142857143	766.666666666667	75.6136507472615	0	75.6136507472615	DBCA	25_1	0	75.6136507472615
342.857142857143	800	78.2711066765816	0	78.2711066765816	DBCA	25_1	70	86.264265031956
342.857142857143	833.333333333333	75.272588366882	0	75.272588366882	DBCA	25_2	210	90.7836879591387
342.857142857143	866.666666666667	71.4999889152774	0	71.4999889152774	DBCA	25_2	140	84.6635138014041
342.857142857143	900	70.82945697419	0	70.82945697419	DBCA	25_2	280	85.8653394479547
342.857142857143	933.333333333333	76.0988044633829	0	76.0988044633829	DBCA	25_2	70	84.0919628187573
342.857142857143	966.666666666667	77.1095522373289	0	77.1095522373289	DBCA	25_2	0	77.1095522373289
357.142857142857	666.666666666667	75.5935623880438	0	75.5935623880438	DBCA	26_1	280	90.6294448618084
357.142857142857	700	76.2525179312823	0	76.2525179312823	DBCA	26_1	0	76.2525179312823
357.142857142857	733.333333333333	73.8327105433089	0	73.8327105433089	DBCA	26_1	140	86.9962354294356
357.142857142857	766.666666666667	77.8506801142782	0	77.8506801142782	DBCA	26_1	70	85.8438384696526
357.142857142857	800	79.6004206636144	0	79.6004206636144	DBCA	26_1	210	95.1115202558711
357.142857142857	833.333333333333	78.1240448498527	0	78.1240448498527	DBCA	26_2	70	86.1172032052271
357.142857142857	866.666666666667	71.8934401588275	0	71.8934401588275	DBCA	26_2	140	85.0569650449541
357.142857142857	900	76.9449826808745	0	76.9449826808745	DBCA	26_2	210	92.4560822731312
357.142857142857	933.333333333333	73.8721715126758	0	73.8721715126758	DBCA	26_2	0	73.8721715126758
357.142857142857	966.666666666667	75.9492901728956	0	75.9492901728956	DBCA	26_2	280	90.9851726466603
371.428571428571	666.666666666667	77.1567922578954	0	77.1567922578954	DBCA	27_1	140	90.3203171440221
371.428571428571	700	75.348561138661	0	75.348561138661	DBCA	27_1	0	75.348561138661
371.428571428571	733.333333333333	77.8186559716188	0	77.8186559716188	DBCA	27_1	280	92.8545384453835
371.428571428571	766.666666666667	82.2322053208037	0	82.2322053208037	DBCA	27_1	210	97.7433049130604
371.428571428571	800	82.9741494752625	0	82.9741494752625	DBCA	27_1	70	90.9673078306369
371.428571428571	833.333333333333	75.1182068107387	0	75.1182068107387	DBCA	27_2	210	90.6293064029954
371.428571428571	866.666666666667	73.4684552989563	0	73.4684552989563	DBCA	27_2	140	86.631980185083
371.428571428571	900	77.8536031839154	0	77.8536031839154	DBCA	27_2	0	77.8536031839154
371.428571428571	933.333333333333	73.0628834706214	0	73.0628834706214	DBCA	27_2	280	88.0987659443861
371.428571428571	966.666666666667	76.3863508658426	0	76.3863508658426	DBCA	27_2	70	84.379509221217
385.714285714286	666.666666666667	78.1934870860319	0	78.1934870860319	DBCA	28_1	210	93.7045866782887
385.714285714286	700	76.4212531257787	0	76.4212531257787	DBCA	28_1	0	76.4212531257787
385.714285714286	733.333333333333	78.4169199432562	0	78.4169199432562	DBCA	28_1	70	86.4100782986306
385.714285714286	766.666666666667	80.6144350851033	0	80.6144350851033	DBCA	28_1	280	95.650317558868
385.714285714286	800	81.1207903943058	0	81.1207903943058	DBCA	28_1	140	94.2843152804325
385.714285714286	833.333333333333	81.4021070481061	0	81.4021070481061	DBCA	28_2	140	94.5656319342328
385.714285714286	866.666666666667	75.4209472946283	0	75.4209472946283	DBCA	28_2	280	90.456829768393
385.714285714286	900	77.6298220855903	0	77.6298220855903	DBCA	28_2	210	93.140921677847
385.714285714286	933.333333333333	76.7801916410921	0	76.7801916410921	DBCA	28_2	0	76.7801916410921
385.714285714286	966.666666666667	75.7652611555013	0	75.7652611555013	DBCA	28_2	70	83.7584195108758
400	666.666666666667	80.7105330363217	0	80.7105330363217	DBCA	29_1	280	95.7464155100864
400	700	76.8297731014097	0	76.8297731014097	DBCA	29_1	210	92.3408726936665
400	733.333333333333	80.8779485798993	0	80.8779485798993	DBCA	29_1	0	80.8779485798993
400	766.666666666667	81.962804833561	0	81.962804833561	DBCA	29_1	70	89.9559631889354
400	800	81.9372966127628	0	81.9372966127628	DBCA	29_1	140	95.1008214988894
400	833.333333333333	78.6852352453549	0	78.6852352453549	DBCA	29_2	70	86.6783936007293
400	866.666666666667	72.1381668550541	0	72.1381668550541	DBCA	29_2	280	87.1740493288188
400	900	74.5863170600966	0	74.5863170600966	DBCA	29_2	140	87.7498419462233
400	933.333333333333	76.7011711932699	0	76.7011711932699	DBCA	29_2	0	76.7011711932699
400	966.666666666667	73.0725421425552	0	73.0725421425552	DBCA	29_2	210	88.583641734812
28.5714285714286	666.666666666667	80.3157516760867	0	80.3157516760867	DBCA	3_1	210	95.8268512683434
28.5714285714286	700	79.453069616463	0	79.453069616463	DBCA	3_1	70	87.4462279718374
28.5714285714286	733.333333333333	81.798950009783	0	81.798950009783	DBCA	3_1	140	94.9624748959096
28.5714285714286	766.666666666667	78.4049026464009	0	78.4049026464009	DBCA	3_1	0	78.4049026464009
28.5714285714286	800	80.2423369040422	0	80.2423369040422	DBCA	3_1	280	95.2782193778068
28.5714285714286	833.333333333333	78.1098077653959	0	78.1098077653959	DBCA	3_2	140	91.2733326515225
28.5714285714286	866.666666666667	79.6432133446972	0	79.6432133446972	DBCA	3_2	210	95.1543129369539
28.5714285714286	900	82.0100280602514	0	82.0100280602514	DBCA	3_2	0	82.0100280602514
28.5714285714286	933.333333333333	81.7276161015893	0	81.7276161015893	DBCA	3_2	280	96.763498575354
28.5714285714286	966.666666666667	81.8638172654392	0	81.8638172654392	DBCA	3_2	70	89.8569756208136
414.285714285714	666.666666666667	80.6106046349821	0	80.6106046349821	DBCA	30_1	0	80.6106046349821
414.285714285714	700	80.1500918115721	0	80.1500918115721	DBCA	30_1	70	88.1432501669465
414.285714285714	733.333333333333	77.7321734762726	0	77.7321734762726	DBCA	30_1	140	90.8956983623993
414.285714285714	766.666666666667	81.9973790647725	0	81.9973790647725	DBCA	30_1	210	97.5084786570292
414.285714285714	800	78.6362052124883	0	78.6362052124883	DBCA	30_1	280	93.672087686253
414.285714285714	833.333333333333	79.7085546098439	0	79.7085546098439	DBCA	30_2	0	79.7085546098439
414.285714285714	866.666666666667	73.3979671567438	0	73.3979671567438	DBCA	30_2	70	81.3911255121182
414.285714285714	900	74.3933238582021	0	74.3933238582021	DBCA	30_2	140	87.5568487443288
414.285714285714	933.333333333333	76.9579505937135	0	76.9579505937135	DBCA	30_2	210	92.4690501859702
414.285714285714	966.666666666667	78.4235229457517	0	78.4235229457517	DBCA	30_2	280	93.4594054195164
428.571428571429	666.666666666667	80.2352215932272	0	80.2352215932272	DBCA	31_1	280	95.2711040669919
428.571428571429	700	80.0801667519865	0	80.0801667519865	DBCA	31_1	70	88.0733251073609
428.571428571429	733.333333333333	80.4369038011241	0	80.4369038011241	DBCA	31_1	0	80.4369038011241
428.571428571429	766.666666666667	81.5513984872309	0	81.5513984872309	DBCA	31_1	210	97.0624980794877
428.571428571429	800	77.6370374365618	0	77.6370374365618	DBCA	31_1	140	90.8005623226885
428.571428571429	833.333333333333	79.0978483142271	0	79.0978483142271	DBCA	31_2	0	79.0978483142271
428.571428571429	866.666666666667	72.2679522181312	0	72.2679522181312	DBCA	31_2	280	87.3038346918959
428.571428571429	900	74.2534588468046	0	74.2534588468046	DBCA	31_2	70	82.246617202179
428.571428571429	933.333333333333	76.0375864291228	0	76.0375864291228	DBCA	31_2	140	89.2011113152495
428.571428571429	966.666666666667	77.2329163533589	0	77.2329163533589	DBCA	31_2	210	92.7440159456157
442.857142857143	666.666666666667	81.1583531194042	0	81.1583531194042	DBCA	32_1	280	96.1942355931689
442.857142857143	700	81.1891929316959	0	81.1891929316959	DBCA	32_1	140	94.3527178178226
442.857142857143	733.333333333333	79.6434665578118	0	79.6434665578118	DBCA	32_1	0	79.6434665578118
442.857142857143	766.666666666667	79.3429764551887	0	79.3429764551887	DBCA	32_1	70	87.3361348105631
442.857142857143	800	77.3797923529414	0	77.3797923529414	DBCA	32_1	210	92.8908919451982
442.857142857143	833.333333333333	78.3195047845512	0	78.3195047845512	DBCA	32_2	280	93.3553872583158
442.857142857143	866.666666666667	68.3263822321296	0	68.3263822321296	DBCA	32_2	70	76.319540587504
442.857142857143	900	74.2185485033768	0	74.2185485033768	DBCA	32_2	0	74.2185485033768
442.857142857143	933.333333333333	76.8526945454396	0	76.8526945454396	DBCA	32_2	210	92.3637941376963
442.857142857143	966.666666666667	77.7920635229069	0	77.7920635229069	DBCA	32_2	140	90.9555884090336
457.142857142857	666.666666666667	81.3767815663706	0	81.3767815663706	DBCA	33_1	140	94.5403064524973
457.142857142857	700	76.8422397214268	0	76.8422397214268	DBCA	33_1	280	91.8781221951915
457.142857142857	733.333333333333	81.6260193877727	0	81.6260193877727	DBCA	33_1	0	81.6260193877727
457.142857142857	766.666666666667	76.9960253555556	0	76.9960253555556	DBCA	33_1	210	92.5071249478124
457.142857142857	800	76.3044850415209	0	76.3044850415209	DBCA	33_1	70	84.2976433968953
457.142857142857	833.333333333333	73.8925984253953	0	73.8925984253953	DBCA	33_2	0	73.8925984253953
457.142857142857	866.666666666667	69.003238890275	0	69.003238890275	DBCA	33_2	280	84.0391213640397
457.142857142857	900	76.0331468988232	0	76.0331468988232	DBCA	33_2	70	84.0263052541976
457.142857142857	933.333333333333	74.8952366494599	0	74.8952366494599	DBCA	33_2	140	88.0587615355865
457.142857142857	966.666666666667	78.5158851678981	0	78.5158851678981	DBCA	33_2	210	94.0269847601548
471.428571428571	666.666666666667	83.2310453596051	0	83.2310453596051	DBCA	34_1	280	98.2669278333698
471.428571428571	700	76.8318390187405	0	76.8318390187405	DBCA	34_1	0	76.8318390187405
471.428571428571	733.333333333333	79.727432766048	0	79.727432766048	DBCA	34_1	70	87.7205911214224
471.428571428571	766.666666666667	75.3554820497876	0	75.3554820497876	DBCA	34_1	140	88.5190069359142
471.428571428571	800	70.6656177500719	0	70.6656177500719	DBCA	34_1	210	86.1767173423286
471.428571428571	833.333333333333	72.5976892698551	0	72.5976892698551	DBCA	34_2	70	80.5908476252295
471.428571428571	866.666666666667	74.770411723009	0	74.770411723009	DBCA	34_2	280	89.8062941967737
471.428571428571	900	71.4679366709968	0	71.4679366709968	DBCA	34_2	0	71.4679366709968
471.428571428571	933.333333333333	71.2999469220102	0	71.2999469220102	DBCA	34_2	210	86.811046514267
471.428571428571	966.666666666667	80.0298197844791	0	80.0298197844791	DBCA	34_2	140	93.1933446706057
485.714285714286	666.666666666667	80.0603372944289	0	80.0603372944289	DBCA	35_1	280	95.0962197681935
485.714285714286	700	79.2345223744125	0	79.2345223744125	DBCA	35_1	210	94.7456219666693
485.714285714286	733.333333333333	81.2959665977038	0	81.2959665977038	DBCA	35_1	0	81.2959665977038
485.714285714286	766.666666666667	74.2282350733075	0	74.2282350733075	DBCA	35_1	140	87.3917599594342
485.714285714286	800	68.7724091047126	0	68.7724091047126	DBCA	35_1	70	76.765567460087
485.714285714286	833.333333333333	74.4100393573325	0	74.4100393573325	DBCA	35_2	140	87.5735642434591
485.714285714286	866.666666666667	74.5156904590063	0	74.5156904590063	DBCA	35_2	0	74.5156904590063
485.714285714286	900	70.3977085165561	0	70.3977085165561	DBCA	35_2	280	85.4335909903208
485.714285714286	933.333333333333	74.2089311883882	0	74.2089311883882	DBCA	35_2	70	82.2020895437626
485.714285714286	966.666666666667	81.1193171525481	0	81.1193171525481	DBCA	35_2	210	96.6304167448048
500	666.666666666667	83.4955557469695	0	83.4955557469695	DBCA	36_1	140	96.6590806330962
500	700	80.1394480762439	0	80.1394480762439	DBCA	36_1	280	95.1753305500086
500	733.333333333333	80.7324026458842	0	80.7324026458842	DBCA	36_1	70	88.7255610012586
500	766.666666666667	77.1271789165158	0	77.1271789165158	DBCA	36_1	210	92.6382785087726
500	800	75.6588626897396	0	75.6588626897396	DBCA	36_1	0	75.6588626897396
500	833.333333333333	71.8078978929345	0	71.8078978929345	DBCA	36_2	210	87.3189974851913
500	866.666666666667	73.2820800196215	0	73.2820800196215	DBCA	36_2	70	81.2752383749959
500	900	71.8538012276417	0	71.8538012276417	DBCA	36_2	0	71.8538012276417
500	933.333333333333	74.1486184435331	0	74.1486184435331	DBCA	36_2	140	87.3121433296597
500	966.666666666667	79.1720305794912	0	79.1720305794912	DBCA	36_2	280	94.2079130532559
514.285714285714	666.666666666667	77.6005013440711	24.6	102.200501344071	DBCA	37_1	210	135.276000936328
514.285714285714	700	75.795245538838	24.6	100.395245538838	DBCA	37_1	70	114.243203894212
514.285714285714	733.333333333333	78.6445171273237	24.6	103.244517127324	DBCA	37_1	140	128.11764201345
514.285714285714	766.666666666667	78.3030969920243	24.6	102.903096992024	DBCA	37_1	0	102.903096992024
514.285714285714	800	73.4338792615077	24.6	98.0338792615077	DBCA	37_1	280	136.488961735272
514.285714285714	833.333333333333	72.3358935794351	24.6	96.9358935794351	DBCA	37_2	140	121.809018465562
514.285714285714	866.666666666667	73.6361842205985	24.6	98.2361842205985	DBCA	37_2	210	131.311683812855
514.285714285714	900	73.9244726125584	24.6	98.5244726125584	DBCA	37_2	70	112.372430967933
514.285714285714	933.333333333333	72.3830252652509	24.6	96.9830252652509	DBCA	37_2	280	135.438107739016
514.285714285714	966.666666666667	77.0881388476331	24.6	101.688138847633	DBCA	37_2	0	101.688138847633
528.571428571429	666.666666666667	78.741671870782	24.6	103.341671870782	DBCA	38_1	140	128.214796756909
528.571428571429	700	77.5393964097625	24.6	102.139396409762	DBCA	38_1	210	135.214896002019
528.571428571429	733.333333333333	77.1217601902549	24.6	101.721760190255	DBCA	38_1	0	101.721760190255
528.571428571429	766.666666666667	76.3709456347785	24.6	100.970945634778	DBCA	38_1	70	114.818903990153
528.571428571429	800	71.5335019035465	24.6	96.1335019035465	DBCA	38_1	280	134.588584377311
528.571428571429	833.333333333333	74.2990071277663	24.6	98.8990071277663	DBCA	38_2	70	112.746965483141
528.571428571429	866.666666666667	73.462851230458	24.6	98.062851230458	DBCA	38_2	0	98.062851230458
528.571428571429	900	76.3696819860034	24.6	100.969681986003	DBCA	38_2	280	139.424764459768
528.571428571429	933.333333333333	71.7107682093667	24.6	96.3107682093667	DBCA	38_2	210	129.386267801623
528.571428571429	966.666666666667	78.681759085606	24.6	103.281759085606	DBCA	38_2	140	128.154883971733
542.857142857143	666.666666666667	84.1078258028296	24.6	108.70782580283	DBCA	39_1	210	141.783325395086
542.857142857143	700	81.0625939582965	24.6	105.662593958296	DBCA	39_1	70	119.510552313671
542.857142857143	733.333333333333	81.9648546466069	24.6	106.564854646607	DBCA	39_1	280	145.019937120372
542.857142857143	766.666666666667	74.7581317621725	24.6	99.3581317621725	DBCA	39_1	0	99.3581317621725
542.857142857143	800	74.9848849843922	24.6	99.5848849843922	DBCA	39_1	140	124.458009870519
542.857142857143	833.333333333333	73.0554710419969	24.6	97.6554710419969	DBCA	39_2	0	97.6554710419969
542.857142857143	866.666666666667	72.2786192499766	24.6	96.8786192499766	DBCA	39_2	70	110.726577605351
542.857142857143	900	77.2073093824038	24.6	101.807309382404	DBCA	39_2	210	134.882808974661
542.857142857143	933.333333333333	75.2362321078033	24.6	99.8362321078033	DBCA	39_2	140	124.70935699393
542.857142857143	966.666666666667	81.1630101477969	24.6	105.763010147797	DBCA	39_2	280	144.218092621562
42.8571428571429	666.666666666667	82.0596374435637	0	82.0596374435637	DBCA	4_1	280	97.0955199173283
42.8571428571429	700	81.47828172261	0	81.47828172261	DBCA	4_1	70	89.4714400779844
42.8571428571429	733.333333333333	78.6578813512286	0	78.6578813512286	DBCA	4_1	210	94.1689809434854
42.8571428571429	766.666666666667	81.3821776245767	0	81.3821776245767	DBCA	4_1	0	81.3821776245767
42.8571428571429	800	79.0174533631498	0	79.0174533631498	DBCA	4_1	140	92.1809782492764
42.8571428571429	833.333333333333	80.0247341608246	0	80.0247341608246	DBCA	4_2	210	95.5358337530813
42.8571428571429	866.666666666667	79.2088506059093	0	79.2088506059093	DBCA	4_2	280	94.244733079674
42.8571428571429	900	79.325918851446	0	79.325918851446	DBCA	4_2	140	92.4894437375726
42.8571428571429	933.333333333333	79.6733118791104	0	79.6733118791104	DBCA	4_2	0	79.6733118791104
42.8571428571429	966.666666666667	78.4344724435646	0	78.4344724435646	DBCA	4_2	70	86.427630798939
557.142857142857	666.666666666667	81.534918638531	24.6	106.134918638531	DBCA	40_1	0	106.134918638531
557.142857142857	700	78.9057648416781	24.6	103.505764841678	DBCA	40_1	70	117.353723197053
557.142857142857	733.333333333333	79.8622420402759	24.6	104.462242040276	DBCA	40_1	280	142.917324514041
557.142857142857	766.666666666667	77.6320713362128	24.6	102.232071336213	DBCA	40_1	210	135.30757092847
557.142857142857	800	75.173045291719	24.6	99.773045291719	DBCA	40_1	140	124.646170177846
557.142857142857	833.333333333333	79.0131415530472	24.6	103.613141553047	DBCA	40_2	70	117.461099908422
557.142857142857	866.666666666667	73.313328146307	24.6	97.913328146307	DBCA	40_2	0	97.913328146307
557.142857142857	900	74.1189218095621	24.6	98.7189218095621	DBCA	40_2	280	137.174004283327
557.142857142857	933.333333333333	75.3206258019642	24.6	99.9206258019642	DBCA	40_2	140	124.793750688091
557.142857142857	966.666666666667	80.5234997494512	24.6	105.123499749451	DBCA	40_2	210	138.198999341708
571.428571428571	666.666666666667	82.8964224169251	24.6	107.496422416925	DBCA	41_1	0	107.496422416925
571.428571428571	700	80.4772113915249	24.6	105.077211391525	DBCA	41_1	140	129.950336277652
571.428571428571	733.333333333333	78.5859311149531	24.6	103.185931114953	DBCA	41_1	210	136.26143070721
571.428571428571	766.666666666667	77.3069603122195	24.6	101.906960312219	DBCA	41_1	70	115.754918667594
571.428571428571	800	79.0388525648514	24.6	103.638852564851	DBCA	41_1	280	142.093935038616
571.428571428571	833.333333333333	79.8458465785896	24.6	104.44584657859	DBCA	41_2	210	137.521346170846
571.428571428571	866.666666666667	74.7521466561564	24.6	99.3521466561564	DBCA	41_2	70	113.200105011531
571.428571428571	900	75.5129239546031	24.6	100.112923954603	DBCA	41_2	0	100.112923954603
571.428571428571	933.333333333333	78.8004076173345	24.6	103.400407617334	DBCA	41_2	280	141.855490091099
571.428571428571	966.666666666667	77.7039349768979	24.6	102.303934976898	DBCA	41_2	140	127.177059863025
585.714285714286	666.666666666667	81.3459966360529	24.6	105.945996636053	DBCA	42_1	280	144.401079109818
585.714285714286	700	82.4136859335152	24.6	107.013685933515	DBCA	42_1	210	140.089185525772
585.714285714286	733.333333333333	80.8045804502411	24.6	105.404580450241	DBCA	42_1	140	130.277705336368
585.714285714286	766.666666666667	75.0081733163878	24.6	99.6081733163878	DBCA	42_1	0	99.6081733163878
585.714285714286	800	76.7728289437991	24.6	101.372828943799	DBCA	42_1	70	115.220787299174
585.714285714286	833.333333333333	79.2800261147447	24.6	103.880026114745	DBCA	42_2	70	117.727984470119
585.714285714286	866.666666666667	77.4506431724677	24.6	102.050643172468	DBCA	42_2	280	140.505725646232
585.714285714286	900	79.3449432856649	24.6	103.944943285665	DBCA	42_2	210	137.020442877922
585.714285714286	933.333333333333	82.1256053192741	24.6	106.725605319274	DBCA	42_2	140	131.598730205401
585.714285714286	966.666666666667	80.242157643765	24.6	104.842157643765	DBCA	42_2	0	104.842157643765
600	666.666666666667	83.5401010411285	24.6	108.140101041128	DBCA	43_1	140	133.013225927255
600	700	82.9922011346311	24.6	107.592201134631	DBCA	43_1	210	140.667700726888
600	733.333333333333	83.553814999052	24.6	108.153814999052	DBCA	43_1	280	146.608897472817
600	766.666666666667	77.5136395527856	24.6	102.113639552786	DBCA	43_1	0	102.113639552786
600	800	77.0755715414194	24.6	101.675571541419	DBCA	43_1	70	115.523529896794
600	833.333333333333	78.8071704011638	24.6	103.407170401164	DBCA	43_2	210	136.482669993421
600	866.666666666667	76.5425461851138	24.6	101.142546185114	DBCA	43_2	0	101.142546185114
600	900	79.3757877692737	24.6	103.975787769274	DBCA	43_2	140	128.8489126554
600	933.333333333333	82.7663818583487	24.6	107.366381858349	DBCA	43_2	70	121.214340213723
600	966.666666666667	78.3823199383376	24.6	102.982319938338	DBCA	43_2	280	141.437402412102
614.285714285714	666.666666666667	82.3404503939793	24.6	106.940450393979	DBCA	44_1	70	120.788408749354
614.285714285714	700	81.0105490491226	24.6	105.610549049123	DBCA	44_1	0	105.610549049123
614.285714285714	733.333333333333	76.8364761759875	24.6	101.436476175987	DBCA	44_1	210	134.511975768244
614.285714285714	766.666666666667	75.4294975739923	24.6	100.029497573992	DBCA	44_1	140	124.902622460119
614.285714285714	800	78.599405657242	24.6	103.199405657242	DBCA	44_1	280	141.654488131007
614.285714285714	833.333333333333	77.1101743569035	24.6	101.710174356903	DBCA	44_2	140	126.58329924303
614.285714285714	866.666666666667	77.0483127881088	24.6	101.648312788109	DBCA	44_2	210	134.723812380366
614.285714285714	900	80.5803521242558	24.6	105.180352124256	DBCA	44_2	0	105.180352124256
614.285714285714	933.333333333333	75.515229026527	24.6	100.115229026527	DBCA	44_2	70	113.963187381901
614.285714285714	966.666666666667	81.1664590868273	24.6	105.766459086827	DBCA	44_2	280	144.221541560592
628.571428571429	666.666666666667	81.8125103771196	24.6	106.41251037712	DBCA	45_1	140	131.285635263246
628.571428571429	700	80.8142851091655	24.6	105.414285109165	DBCA	45_1	0	105.414285109165
628.571428571429	733.333333333333	76.2256636162696	24.6	100.82566361627	DBCA	45_1	210	133.901163208526
628.571428571429	766.666666666667	75.9871961857266	24.6	100.587196185727	DBCA	45_1	280	139.042278659491
628.571428571429	800	77.9646175887518	24.6	102.564617588752	DBCA	45_1	70	116.412575944126
628.571428571429	833.333333333333	77.4556808101639	24.6	102.055680810164	DBCA	45_2	0	102.055680810164
628.571428571429	866.666666666667	77.9523153402121	24.6	102.552315340212	DBCA	45_2	280	141.007397813977
628.571428571429	900	79.9593918820779	24.6	104.559391882078	DBCA	45_2	140	129.432516768204
628.571428571429	933.333333333333	80.4618160882096	24.6	105.06181608821	DBCA	45_2	210	138.137315680466
628.571428571429	966.666666666667	82.5039205569368	24.6	107.103920556937	DBCA	45_2	70	120.951878912311
642.857142857143	666.666666666667	81.8627169166549	24.6	106.462716916655	DBCA	46_1	140	131.335841802782
642.857142857143	700	76.5853718807704	24.6	101.18537188077	DBCA	46_1	70	115.033330236145
642.857142857143	733.333333333333	77.6700810264603	24.6	102.27008102646	DBCA	46_1	280	140.725163500225
642.857142857143	766.666666666667	79.0116480437015	24.6	103.611648043701	DBCA	46_1	0	103.611648043701
642.857142857143	800	81.3142359325216	24.6	105.914235932522	DBCA	46_1	210	138.989735524778
642.857142857143	833.333333333333	79.3707498353983	24.6	103.970749835398	DBCA	46_2	0	103.970749835398
642.857142857143	866.666666666667	81.4184882913752	24.6	106.018488291375	DBCA	46_2	210	139.093987883632
642.857142857143	900	79.6718327134041	24.6	104.271832713404	DBCA	46_2	70	118.119791068778
642.857142857143	933.333333333333	79.4823211075702	24.6	104.08232110757	DBCA	46_2	140	128.955445993697
642.857142857143	966.666666666667	82.6279384706005	24.6	107.227938470601	DBCA	46_2	280	145.683020944365
657.142857142857	666.666666666667	82.773656313916	24.6	107.373656313916	DBCA	47_1	140	132.246781200043
657.142857142857	700	73.9322937470667	24.6	98.5322937470667	DBCA	47_1	280	136.987376220831
657.142857142857	733.333333333333	78.9594771247984	24.6	103.559477124798	DBCA	47_1	0	103.559477124798
657.142857142857	766.666666666667	78.8581081658469	24.6	103.458108165847	DBCA	47_1	210	136.533607758104
657.142857142857	800	81.7669918035277	24.6	106.366991803528	DBCA	47_1	70	120.214950158902
657.142857142857	833.333333333333	79.164729408087	24.6	103.764729408087	DBCA	47_2	140	128.637854294214
657.142857142857	866.666666666667	79.0621311971279	24.6	103.662131197128	DBCA	47_2	210	136.737630789385
657.142857142857	900	81.6421714098091	24.6	106.242171409809	DBCA	47_2	70	120.090129765184
657.142857142857	933.333333333333	81.9966035826095	24.6	106.596603582609	DBCA	47_2	280	145.051686056374
657.142857142857	966.666666666667	83.5007441544491	24.6	108.100744154449	DBCA	47_2	0	108.100744154449
671.428571428571	666.666666666667	85.3150179076257	24.6	109.915017907626	DBCA	48_1	280	148.37010038139
671.428571428571	700	77.5211130376503	24.6	102.12111303765	DBCA	48_1	70	115.969071393025
671.428571428571	733.333333333333	78.7238619534047	24.6	103.323861953405	DBCA	48_1	140	128.196986839531
671.428571428571	766.666666666667	82.8567118781197	24.6	107.45671187812	DBCA	48_1	0	107.45671187812
671.428571428571	800	83.2873313023656	24.6	107.887331302366	DBCA	48_1	210	140.962830894622
671.428571428571	833.333333333333	77.1459633565329	24.6	101.745963356533	DBCA	48_2	280	140.201045830298
671.428571428571	866.666666666667	77.3015724814105	24.6	101.90157248141	DBCA	48_2	70	115.749530836785
671.428571428571	900	78.8957243563842	24.6	103.495724356384	DBCA	48_2	0	103.495724356384
671.428571428571	933.333333333333	79.0950949836492	24.6	103.695094983649	DBCA	48_2	210	136.770594575906
671.428571428571	966.666666666667	82.7018522216215	24.6	107.301852221622	DBCA	48_2	140	132.174977107748
685.714285714286	666.666666666667	85.2963559341789	24.6	109.896355934179	DBCA	49_1	140	134.769480820306
685.714285714286	700	83.5518245815449	24.6	108.151824581545	DBCA	49_1	210	141.227324173802
685.714285714286	733.333333333333	82.1989854989241	24.6	106.798985498924	DBCA	49_1	70	120.646943854299
685.714285714286	766.666666666667	83.8214319374104	24.6	108.42143193741	DBCA	49_1	0	108.42143193741
685.714285714286	800	80.7668847893201	24.6	105.36688478932	DBCA	49_1	280	143.821967263085
685.714285714286	833.333333333333	79.7140655825844	24.6	104.314065582584	DBCA	49_2	70	118.162023937959
685.714285714286	866.666666666667	78.8225134633664	24.6	103.422513463366	DBCA	49_2	140	128.295638349493
685.714285714286	900	80.6196548149154	24.6	105.219654814915	DBCA	49_2	280	143.67473728868
685.714285714286	933.333333333333	80.112739579883	24.6	104.712739579883	DBCA	49_2	0	104.712739579883
685.714285714286	966.666666666667	83.117427704427	24.6	107.717427704427	DBCA	49_2	210	140.792927296684
57.1428571428571	666.666666666667	83.935132492433	0	83.935132492433	DBCA	5_1	280	98.9710149661977
57.1428571428571	700	81.0319388043686	0	81.0319388043686	DBCA	5_1	0	81.0319388043686
57.1428571428571	733.333333333333	82.433474690953	0	82.433474690953	DBCA	5_1	210	97.9445742832098
57.1428571428571	766.666666666667	85.0530417725983	0	85.0530417725983	DBCA	5_1	70	93.0462001279727
57.1428571428571	800	79.4635326281224	0	79.4635326281224	DBCA	5_1	140	92.6270575142491
57.1428571428571	833.333333333333	77.7005370182622	0	77.7005370182622	DBCA	5_2	0	77.7005370182622
57.1428571428571	866.666666666667	79.0824001590728	0	79.0824001590728	DBCA	5_2	70	87.0755585144472
57.1428571428571	900	77.35630548177	0	77.35630548177	DBCA	5_2	280	92.3921879555347
57.1428571428571	933.333333333333	82.2901246702792	0	82.2901246702792	DBCA	5_2	140	95.4536495564058
57.1428571428571	966.666666666667	77.1505113076267	0	77.1505113076267	DBCA	5_2	210	92.6616108998834
700	666.666666666667	85.4299191009883	24.6	110.029919100988	DBCA	50_1	0	110.029919100988
700	700	80.6109820627722	24.6	105.210982062772	DBCA	50_1	210	138.286481655029
700	733.333333333333	81.0204106175808	24.6	105.620410617581	DBCA	50_1	70	119.468368972955
700	766.666666666667	84.1832239320198	24.6	108.78322393202	DBCA	50_1	280	147.238306405784
700	800	79.1810859183402	24.6	103.78108591834	DBCA	50_1	140	128.654210804467
700	833.333333333333	79.4987254769641	24.6	104.098725476964	DBCA	50_2	0	104.098725476964
700	866.666666666667	79.8142528017252	24.6	104.414252801725	DBCA	50_2	70	118.2622111571
700	900	81.0335000594246	24.6	105.633500059425	DBCA	50_2	210	138.708999651681
700	933.333333333333	80.6321362594594	24.6	105.232136259459	DBCA	50_2	140	130.105261145586
700	966.666666666667	83.425265279416	24.6	108.025265279416	DBCA	50_2	280	146.480347753181
714.285714285714	666.666666666667	82.1539999951331	24.6	106.753999995133	DBCA	51_1	140	131.62712488126
714.285714285714	700	83.3069711478415	24.6	107.906971147841	DBCA	51_1	70	121.754929503216
714.285714285714	733.333333333333	80.9826103060601	24.6	105.58261030606	DBCA	51_1	210	138.658109898317
714.285714285714	766.666666666667	82.7466254984263	24.6	107.346625498426	DBCA	51_1	280	145.801707972191
714.285714285714	800	79.604385584812	24.6	104.204385584812	DBCA	51_1	0	104.204385584812
714.285714285714	833.333333333333	77.9165949547534	24.6	102.516594954753	DBCA	51_2	70	116.364553310128
714.285714285714	866.666666666667	78.803861936356	24.6	103.403861936356	DBCA	51_2	140	128.276986822483
714.285714285714	900	82.5789120842704	24.6	107.17891208427	DBCA	51_2	280	145.633994558035
714.285714285714	933.333333333333	81.6940345753951	24.6	106.294034575395	DBCA	51_2	0	106.294034575395
714.285714285714	966.666666666667	85.0368240833121	24.6	109.636824083312	DBCA	51_2	210	142.712323675569
728.571428571429	666.666666666667	83.959593506978	24.6	108.559593506978	DBCA	52_1	70	122.407551862352
728.571428571429	700	83.1254449878582	24.6	107.725444987858	DBCA	52_1	140	132.598569873985
728.571428571429	733.333333333333	80.4969342769445	24.6	105.096934276944	DBCA	52_1	0	105.096934276944
728.571428571429	766.666666666667	83.2180282979855	24.6	107.818028297986	DBCA	52_1	280	146.27311077175
728.571428571429	800	76.9515404186723	24.6	101.551540418672	DBCA	52_1	210	134.627040010929
728.571428571429	833.333333333333	78.1508377486432	24.6	102.750837748643	DBCA	52_2	70	116.598796104018
728.571428571429	866.666666666667	78.511214891496	24.6	103.111214891496	DBCA	52_2	0	103.111214891496
728.571428571429	900	82.9050490744662	24.6	107.505049074466	DBCA	52_2	210	140.580548666723
728.571428571429	933.333333333333	85.0512086405849	24.6	109.651208640585	DBCA	52_2	280	148.10629111435
728.571428571429	966.666666666667	83.5173368572419	24.6	108.117336857242	DBCA	52_2	140	132.990461743369
742.857142857143	666.666666666667	81.2921283557331	24.6	105.892128355733	DBCA	53_1	280	144.347210829498
742.857142857143	700	86.5545715390389	24.6	111.154571539039	DBCA	53_1	140	136.027696425166
742.857142857143	733.333333333333	81.4008604047442	24.6	106.000860404744	DBCA	53_1	210	139.076359997001
742.857142857143	766.666666666667	82.7597719959433	24.6	107.359771995943	DBCA	53_1	0	107.359771995943
742.857142857143	800	81.7267781863209	24.6	106.326778186321	DBCA	53_1	70	120.174736541695
742.857142857143	833.333333333333	77.5009290743822	24.6	102.100929074382	DBCA	53_2	0	102.100929074382
742.857142857143	866.666666666667	79.4731998903136	24.6	104.073199890314	DBCA	53_2	140	128.94632477644
742.857142857143	900	83.5321896168724	24.6	108.132189616872	DBCA	53_2	280	146.587272090637
742.857142857143	933.333333333333	83.2225766438835	24.6	107.822576643883	DBCA	53_2	70	121.670534999258
742.857142857143	966.666666666667	82.0289154118294	24.6	106.628915411829	DBCA	53_2	210	139.704415004086
757.142857142857	666.666666666667	80.0346093196306	24.6	104.634609319631	DBCA	54_1	0	104.634609319631
757.142857142857	700	84.3834573722289	24.6	108.983457372229	DBCA	54_1	140	133.856582258356
757.142857142857	733.333333333333	83.4911695510069	24.6	108.091169551007	DBCA	54_1	280	146.546252024772
757.142857142857	766.666666666667	80.3387125743692	24.6	104.938712574369	DBCA	54_1	210	138.014212166626
757.142857142857	800	80.298551701429	24.6	104.898551701429	DBCA	54_1	70	118.746510056803
757.142857142857	833.333333333333	79.8765625999335	24.6	104.476562599934	DBCA	54_2	0	104.476562599934
757.142857142857	866.666666666667	77.4187150709901	24.6	102.01871507099	DBCA	54_2	140	126.891839957117
757.142857142857	900	78.4232289910575	24.6	103.023228991058	DBCA	54_2	210	136.098728583314
757.142857142857	933.333333333333	82.8282062669738	24.6	107.428206266974	DBCA	54_2	280	145.883288740738
757.142857142857	966.666666666667	79.9156488861796	24.6	104.51564888618	DBCA	54_2	70	118.363607241554
771.428571428571	666.666666666667	79.3072799259154	24.6	103.907279925915	DBCA	55_1	70	117.75523828129
771.428571428571	700	84.948958800168	24.6	109.548958800168	DBCA	55_1	280	148.004041273933
771.428571428571	733.333333333333	83.783489259411	24.6	108.383489259411	DBCA	55_1	0	108.383489259411
771.428571428571	766.666666666667	78.8941211030365	24.6	103.494121103037	DBCA	55_1	140	128.367245989163
771.428571428571	800	82.5921720571226	24.6	107.192172057123	DBCA	55_1	210	140.267671649379
771.428571428571	833.333333333333	78.7287091064706	24.6	103.328709106471	DBCA	55_2	280	141.783791580235
771.428571428571	866.666666666667	79.2286561392483	24.6	103.828656139248	DBCA	55_2	140	128.701781025375
771.428571428571	900	80.1494610886963	24.6	104.749461088696	DBCA	55_2	70	118.597419444071
771.428571428571	933.333333333333	81.2779105835919	24.6	105.877910583592	DBCA	55_2	0	105.877910583592
771.428571428571	966.666666666667	80.6140839043937	24.6	105.214083904394	DBCA	55_2	210	138.28958349665
785.714285714286	666.666666666667	79.9874372789599	24.6	104.58743727896	DBCA	56_1	140	129.460562165087
785.714285714286	700	81.9771355888405	24.6	106.57713558884	DBCA	56_1	210	139.652635181097
785.714285714286	733.333333333333	83.3437902070928	24.6	107.943790207093	DBCA	56_1	70	121.791748562467
785.714285714286	766.666666666667	83.3048212215344	24.6	107.904821221534	DBCA	56_1	0	107.904821221534
785.714285714286	800	85.6876009413887	24.6	110.287600941389	DBCA	56_1	280	148.742683415153
785.714285714286	833.333333333333	81.55184683978	24.6	106.15184683978	DBCA	56_2	0	106.15184683978
785.714285714286	866.666666666667	76.4046284545165	24.6	101.004628454516	DBCA	56_2	210	134.080128046773
785.714285714286	900	78.3723463286403	24.6	102.97234632864	DBCA	56_2	70	116.820304684015
785.714285714286	933.333333333333	81.9626679637109	24.6	106.562667963711	DBCA	56_2	280	145.017750437476
785.714285714286	966.666666666667	77.9568305089825	24.6	102.556830508983	DBCA	56_2	140	127.429955395109
800	666.666666666667	79.5576883159972	24.6	104.157688315997	DBCA	57_1	210	137.233187908254
800	700	78.2977402693022	24.6	102.897740269302	DBCA	57_1	280	141.352822743067
800	733.333333333333	83.3603302393365	24.6	107.960330239336	DBCA	57_1	0	107.960330239336
800	766.666666666667	81.4658494314122	24.6	106.065849431412	DBCA	57_1	140	130.938974317539
800	800	84.183736713135	24.6	108.783736713135	DBCA	57_1	70	122.631695068509
800	833.333333333333	80.5478351382032	24.6	105.147835138203	DBCA	57_2	210	138.22333473046
800	866.666666666667	77.6541164236744	24.6	102.254116423674	DBCA	57_2	280	140.709198897439
800	900	76.6597727307517	24.6	101.259772730752	DBCA	57_2	140	126.132897616878
800	933.333333333333	76.1773095877952	24.6	100.777309587795	DBCA	57_2	70	114.62526794317
800	966.666666666667	79.2040659789131	24.6	103.804065978913	DBCA	57_2	0	103.804065978913
814.285714285714	666.666666666667	81.5923212497025	24.6	106.192321249703	DBCA	58_1	0	106.192321249703
814.285714285714	700	81.698072747987	24.6	106.298072747987	DBCA	58_1	280	144.753155221752
814.285714285714	733.333333333333	81.1249591750192	24.6	105.724959175019	DBCA	58_1	210	138.800458767276
814.285714285714	766.666666666667	82.0284573993357	24.6	106.628457399336	DBCA	58_1	70	120.47641575471
814.285714285714	800	83.1752933666296	24.6	107.77529336663	DBCA	58_1	140	132.648418252756
814.285714285714	833.333333333333	81.9025646132194	24.6	106.502564613219	DBCA	58_2	280	144.957647086984
814.285714285714	866.666666666667	78.8390618182112	24.6	103.439061818211	DBCA	58_2	70	117.287020173586
814.285714285714	900	79.8849831680231	24.6	104.484983168023	DBCA	58_2	0	104.484983168023
814.285714285714	933.333333333333	79.6257346072624	24.6	104.225734607262	DBCA	58_2	210	137.301234199519
814.285714285714	966.666666666667	78.76021250232	24.6	103.36021250232	DBCA	58_2	140	128.233337388447
828.571428571429	666.666666666667	80.4076629514726	24.6	105.007662951473	DBCA	59_1	210	138.083162543729
828.571428571429	700	81.113254784869	24.6	105.713254784869	DBCA	59_1	0	105.713254784869
828.571428571429	733.333333333333	81.6168115499834	24.6	106.216811549983	DBCA	59_1	140	131.08993643611
828.571428571429	766.666666666667	82.3052218744857	24.6	106.905221874486	DBCA	59_1	70	120.75318022986
828.571428571429	800	76.1088502874305	24.6	100.70885028743	DBCA	59_1	280	139.163932761195
828.571428571429	833.333333333333	80.7785023117953	24.6	105.378502311795	DBCA	59_2	140	130.251627197922
828.571428571429	866.666666666667	77.3252283109626	24.6	101.925228310963	DBCA	59_2	70	115.773186666337
828.571428571429	900	79.6171909584837	24.6	104.217190958484	DBCA	59_2	210	137.292690550741
828.571428571429	933.333333333333	79.7443111321737	24.6	104.344311132174	DBCA	59_2	0	104.344311132174
828.571428571429	966.666666666667	80.1668707629139	24.6	104.766870762914	DBCA	59_2	280	143.221953236679
71.4285714285714	666.666666666667	83.5537272290772	0	83.5537272290772	DBCA	6_1	210	99.0648268213339
71.4285714285714	700	83.4220628723302	0	83.4220628723302	DBCA	6_1	70	91.4152212277046
71.4285714285714	733.333333333333	83.7951378516707	0	83.7951378516707	DBCA	6_1	280	98.8310203254354
71.4285714285714	766.666666666667	82.1343845844207	0	82.1343845844207	DBCA	6_1	140	95.2979094705474
71.4285714285714	800	82.735917480121	0	82.735917480121	DBCA	6_1	0	82.735917480121
71.4285714285714	833.333333333333	79.322501128453	0	79.322501128453	DBCA	6_2	0	79.322501128453
71.4285714285714	866.666666666667	80.1649455854483	0	80.1649455854483	DBCA	6_2	280	95.2008280592129
71.4285714285714	900	79.4843339510563	0	79.4843339510563	DBCA	6_2	210	94.9954335433131
71.4285714285714	933.333333333333	80.0778398535227	0	80.0778398535227	DBCA	6_2	140	93.2413647396494
71.4285714285714	966.666666666667	79.6048651637335	0	79.6048651637335	DBCA	6_2	70	87.598023519108
842.857142857143	666.666666666667	81.2021713936022	24.6	105.802171393602	DBCA	60_1	140	130.675296279729
842.857142857143	700	82.4372823266396	24.6	107.03728232664	DBCA	60_1	0	107.03728232664
842.857142857143	733.333333333333	82.2229336615581	24.6	106.822933661558	DBCA	60_1	210	139.898433253815
842.857142857143	766.666666666667	80.8892623378794	24.6	105.489262337879	DBCA	60_1	280	143.944344811644
842.857142857143	800	79.3358015398248	24.6	103.935801539825	DBCA	60_1	70	117.783759895199
842.857142857143	833.333333333333	80.177460440234	24.6	104.777460440234	DBCA	60_2	0	104.777460440234
842.857142857143	866.666666666667	80.4539678809977	24.6	105.053967880998	DBCA	60_2	280	143.509050354762
842.857142857143	900	82.452796256486	24.6	107.052796256486	DBCA	60_2	70	120.90075461186
842.857142857143	933.333333333333	82.4409386057757	24.6	107.040938605776	DBCA	60_2	210	140.116438198032
842.857142857143	966.666666666667	81.8996194368263	24.6	106.499619436826	DBCA	60_2	140	131.372744322953
857.142857142857	666.666666666667	82.1204691666663	24.6	106.720469166666	DBCA	61_1	210	139.795968758923
857.142857142857	700	80.8791285829377	24.6	105.479128582938	DBCA	61_1	70	119.327086938312
857.142857142857	733.333333333333	82.9453237010713	24.6	107.545323701071	DBCA	61_1	140	132.418448587198
857.142857142857	766.666666666667	80.2628747521536	24.6	104.862874752154	DBCA	61_1	0	104.862874752154
857.142857142857	800	82.0481945699406	24.6	106.648194569941	DBCA	61_1	280	145.103277043705
857.142857142857	833.333333333333	80.1422339423415	24.6	104.742233942341	DBCA	61_2	210	137.817733534598
857.142857142857	866.666666666667	81.205650779288	24.6	105.805650779288	DBCA	61_2	140	130.678775665415
857.142857142857	900	82.1812708844766	24.6	106.781270884477	DBCA	61_2	0	106.781270884477
857.142857142857	933.333333333333	78.7802514292752	24.6	103.380251429275	DBCA	61_2	280	141.83533390304
857.142857142857	966.666666666667	81.7821787662782	24.6	106.382178766278	DBCA	61_2	70	120.230137121653
871.428571428571	666.666666666667	83.8738526946922	24.6	108.473852694692	DBCA	62_1	70	122.321811050067
871.428571428571	700	80.6301164073359	24.6	105.230116407336	DBCA	62_1	280	143.685198881101
871.428571428571	733.333333333333	82.6280416429601	24.6	107.22804164296	DBCA	62_1	140	132.101166529087
871.428571428571	766.666666666667	81.1668064996691	24.6	105.766806499669	DBCA	62_1	0	105.766806499669
871.428571428571	800	83.6153945121678	24.6	108.215394512168	DBCA	62_1	210	141.290894104425
871.428571428571	833.333333333333	82.8045475304503	24.6	107.40454753045	DBCA	62_2	70	121.252505885825
871.428571428571	866.666666666667	82.1406862670358	24.6	106.740686267036	DBCA	62_2	280	145.1957687408
871.428571428571	900	84.2538482094423	24.6	108.853848209442	DBCA	62_2	140	133.726973095569
871.428571428571	933.333333333333	83.8246179103714	24.6	108.424617910371	DBCA	62_2	0	108.424617910371
871.428571428571	966.666666666667	86.7774147524709	24.6	111.377414752471	DBCA	62_2	210	144.452914344728
885.714285714286	666.666666666667	81.8954477532092	24.6	106.495447753209	DBCA	63_1	140	131.368572639336
885.714285714286	700	77.9672355170229	24.6	102.567235517023	DBCA	63_1	280	141.022317990788
885.714285714286	733.333333333333	82.1642635192466	24.6	106.764263519247	DBCA	63_1	70	120.612221874621
885.714285714286	766.666666666667	85.8828846580808	24.6	110.482884658081	DBCA	63_1	0	110.482884658081
885.714285714286	800	83.9803121820942	24.6	108.580312182094	DBCA	63_1	210	141.655811774351
885.714285714286	833.333333333333	81.3668925657733	24.6	105.966892565773	DBCA	63_2	280	144.421975039538
885.714285714286	866.666666666667	82.4066573536028	24.6	107.006657353603	DBCA	63_2	140	131.879782239729
885.714285714286	900	82.7742890185654	24.6	107.374289018565	DBCA	63_2	0	107.374289018565
885.714285714286	933.333333333333	83.6948998107488	24.6	108.294899810749	DBCA	63_2	210	141.370399403006
885.714285714286	966.666666666667	84.3477713461418	24.6	108.947771346142	DBCA	63_2	70	122.795729701516
900	666.666666666667	81.9929264114339	24.6	106.592926411434	DBCA	64_1	210	139.668426003691
900	700	82.4550750384924	24.6	107.055075038492	DBCA	64_1	0	107.055075038492
900	733.333333333333	82.859146573541	24.6	107.459146573541	DBCA	64_1	140	132.332271459668
900	766.666666666667	83.5876684364993	24.6	108.187668436499	DBCA	64_1	70	122.035626791874
900	800	81.2713192380662	24.6	105.871319238066	DBCA	64_1	280	144.326401711831
900	833.333333333333	83.3765259917645	24.6	107.976525991765	DBCA	64_2	280	146.431608465529
900	866.666666666667	82.442086105326	24.6	107.042086105326	DBCA	64_2	210	140.117585697583
900	900	86.9721563500932	24.6	111.572156350093	DBCA	64_2	140	136.44528123622
900	933.333333333333	83.9736584550395	24.6	108.573658455039	DBCA	64_2	70	122.421616810414
900	966.666666666667	81.7820555324838	24.6	106.382055532484	DBCA	64_2	0	106.382055532484
914.285714285714	666.666666666667	79.85287101597	24.6	104.45287101597	DBCA	65_1	70	118.300829371344
914.285714285714	700	80.8172819010561	24.6	105.417281901056	DBCA	65_1	280	143.872364374821
914.285714285714	733.333333333333	84.5658407862185	24.6	109.165840786218	DBCA	65_1	210	142.241340378475
914.285714285714	766.666666666667	80.04209491718	24.6	104.64209491718	DBCA	65_1	0	104.64209491718
914.285714285714	800	81.8068978382932	24.6	106.406897838293	DBCA	65_1	140	131.28002272442
914.285714285714	833.333333333333	82.6788276619439	24.6	107.278827661944	DBCA	65_2	210	140.354327254201
914.285714285714	866.666666666667	79.3382032686448	24.6	103.938203268645	DBCA	65_2	0	103.938203268645
914.285714285714	900	83.5498856237544	24.6	108.149885623754	DBCA	65_2	70	121.997843979129
914.285714285714	933.333333333333	80.9818190025307	24.6	105.581819002531	DBCA	65_2	140	130.454943888657
914.285714285714	966.666666666667	79.7307254232085	24.6	104.330725423208	DBCA	65_2	280	142.785807896973
928.571428571429	666.666666666667	80.423813050265	24.6	105.023813050265	DBCA	66_1	0	105.023813050265
928.571428571429	700	81.3349043569027	24.6	105.934904356903	DBCA	66_1	140	130.808029243029
928.571428571429	733.333333333333	79.2753284501678	24.6	103.875328450168	DBCA	66_1	70	117.723286805542
928.571428571429	766.666666666667	82.2323186031311	24.6	106.832318603131	DBCA	66_1	280	145.287401076896
928.571428571429	800	79.973177774093	24.6	104.573177774093	DBCA	66_1	210	137.64867736635
928.571428571429	833.333333333333	80.0031711636514	24.6	104.603171163651	DBCA	66_2	140	129.476296049778
928.571428571429	866.666666666667	81.167268616649	24.6	105.767268616649	DBCA	66_2	210	138.842768208906
928.571428571429	900	85.6776926624553	24.6	110.277692662455	DBCA	66_2	280	148.73277513622
928.571428571429	933.333333333333	80.4523994441068	24.6	105.052399444107	DBCA	66_2	70	118.900357799481
928.571428571429	966.666666666667	79.5717889496743	24.6	104.171788949674	DBCA	66_2	0	104.171788949674
942.857142857143	666.666666666667	79.9561082809183	24.6	104.556108280918	DBCA	67_1	210	137.631607873175
942.857142857143	700	79.0782481362675	24.6	103.678248136267	DBCA	67_1	140	128.551373022394
942.857142857143	733.333333333333	80.4016010713431	24.6	105.001601071343	DBCA	67_1	0	105.001601071343
942.857142857143	766.666666666667	82.172991693172	24.6	106.772991693172	DBCA	67_1	280	145.228074166937
942.857142857143	800	77.7165210350867	24.6	102.316521035087	DBCA	67_1	70	116.164479390461
942.857142857143	833.333333333333	81.0572114093004	24.6	105.6572114093	DBCA	67_2	0	105.6572114093
942.857142857143	866.666666666667	82.4505155269707	24.6	107.050515526971	DBCA	67_2	70	120.898473882345
942.857142857143	900	81.893843046638	24.6	106.493843046638	DBCA	67_2	280	144.948925520403
942.857142857143	933.333333333333	82.0139445851487	24.6	106.613944585149	DBCA	67_2	210	139.689444177405
942.857142857143	966.666666666667	77.7317111958431	24.6	102.331711195843	DBCA	67_2	140	127.20483608197
957.142857142857	666.666666666667	80.4377893516679	24.6	105.037789351668	DBCA	68_1	0	105.037789351668
957.142857142857	700	83.63037802502	24.6	108.23037802502	DBCA	68_1	280	146.685460498785
957.142857142857	733.333333333333	79.9849125680164	24.6	104.584912568016	DBCA	68_1	140	129.458037454143
957.142857142857	766.666666666667	80.1396934667306	24.6	104.739693466731	DBCA	68_1	70	118.587651822105
957.142857142857	800	79.0221146928999	24.6	103.6221146929	DBCA	68_1	210	136.697614285157
957.142857142857	833.333333333333	75.369916235026	24.6	99.969916235026	DBCA	68_2	70	113.8178745904
957.142857142857	866.666666666667	74.9856808405069	24.6	99.5856808405069	DBCA	68_2	280	138.040763314272
957.142857142857	900	81.4979335556187	24.6	106.097933555619	DBCA	68_2	210	139.173433147875
957.142857142857	933.333333333333	81.7852051030107	24.6	106.385205103011	DBCA	68_2	0	106.385205103011
957.142857142857	966.666666666667	78.5577703082186	24.6	103.157770308219	DBCA	68_2	140	128.030895194345
971.428571428571	666.666666666667	81.0294914188307	24.6	105.629491418831	DBCA	69_1	70	119.477449774205
971.428571428571	700	79.4612032027802	24.6	104.06120320278	DBCA	69_1	140	128.934328088907
971.428571428571	733.333333333333	80.2640271105106	24.6	104.864027110511	DBCA	69_1	280	143.319109584275
971.428571428571	766.666666666667	78.4111569715884	24.6	103.011156971588	DBCA	69_1	210	136.086656563845
971.428571428571	800	82.5041753566239	24.6	107.104175356624	DBCA	69_1	0	107.104175356624
971.428571428571	833.333333333333	79.0186524817963	24.6	103.618652481796	DBCA	69_2	280	142.073734955561
971.428571428571	866.666666666667	80.606791576663	24.6	105.206791576663	DBCA	69_2	0	105.206791576663
971.428571428571	900	82.905013577341	24.6	107.505013577341	DBCA	69_2	140	132.378138463468
971.428571428571	933.333333333333	82.0526146223127	24.6	106.652614622313	DBCA	69_2	70	120.500572977687
971.428571428571	966.666666666667	77.8716240756297	24.6	102.47162407563	DBCA	69_2	210	135.547123667886
85.7142857142857	666.666666666667	81.6299579835006	0	81.6299579835006	DBCA	7_1	70	89.6231163388751
85.7142857142857	700	82.6275046950865	0	82.6275046950865	DBCA	7_1	210	98.1386042873432
85.7142857142857	733.333333333333	77.3172090404741	0	77.3172090404741	DBCA	7_1	0	77.3172090404741
85.7142857142857	766.666666666667	83.8924864275729	0	83.8924864275729	DBCA	7_1	280	98.9283689013376
85.7142857142857	800	80.57322235231	0	80.57322235231	DBCA	7_1	140	93.7367472384366
85.7142857142857	833.333333333333	80.313957035885	0	80.313957035885	DBCA	7_2	140	93.4774819220116
85.7142857142857	866.666666666667	78.1233921866123	0	78.1233921866123	DBCA	7_2	0	78.1233921866123
85.7142857142857	900	81.6206983210193	0	81.6206983210193	DBCA	7_2	70	89.6138566763937
85.7142857142857	933.333333333333	80.3436930651352	0	80.3436930651352	DBCA	7_2	210	95.854792657392
85.7142857142857	966.666666666667	80.7194349984346	0	80.7194349984346	DBCA	7_2	280	95.7553174721993
985.714285714286	666.666666666667	76.3128311007836	24.6	100.912831100784	DBCA	70_1	0	100.912831100784
985.714285714286	700	80.0715405197114	24.6	104.671540519711	DBCA	70_1	140	129.544665405838
985.714285714286	733.333333333333	82.105193538686	24.6	106.705193538686	DBCA	70_1	70	120.55315189406
985.714285714286	766.666666666667	81.5418922974119	24.6	106.141892297412	DBCA	70_1	210	139.217391889669
985.714285714286	800	83.0385838325986	24.6	107.638583832599	DBCA	70_1	280	146.093666306363
985.714285714286	833.333333333333	77.7330555553959	24.6	102.333055555396	DBCA	70_2	0	102.333055555396
985.714285714286	866.666666666667	83.0136936099994	24.6	107.613693609999	DBCA	70_2	280	146.068776083764
985.714285714286	900	82.6427661091362	24.6	107.242766109136	DBCA	70_2	210	140.318265701393
985.714285714286	933.333333333333	81.7999112711969	24.6	106.399911271197	DBCA	70_2	70	120.247869626571
985.714285714286	966.666666666667	77.7927179477926	24.6	102.392717947793	DBCA	70_2	140	127.265842833919
1000	666.666666666667	78.9596979365492	24.6	103.559697936549	DBCA	71_1	210	136.635197528806
1000	700	83.745393547367	24.6	108.345393547367	DBCA	71_1	280	146.800476021132
1000	733.333333333333	77.8552595480529	24.6	102.455259548053	DBCA	71_1	0	102.455259548053
1000	766.666666666667	79.2054548537315	24.6	103.805454853731	DBCA	71_1	70	117.653413209106
1000	800	83.0661449083253	24.6	107.666144908325	DBCA	71_1	140	132.539269794452
1000	833.333333333333	82.5842151293236	24.6	107.184215129324	DBCA	71_2	70	121.032173484698
1000	866.666666666667	79.7511055302212	24.6	104.351105530221	DBCA	71_2	210	137.426605122478
1000	900	85.8420515735664	24.6	110.442051573566	DBCA	71_2	280	148.897134047331
1000	933.333333333333	81.0675231758299	24.6	105.66752317583	DBCA	71_2	140	130.540648061957
1000	966.666666666667	78.1687927454249	24.6	102.768792745425	DBCA	71_2	0	102.768792745425
100	666.666666666667	82.1341871886306	0	82.1341871886306	DBCA	8_1	0	82.1341871886306
100	700	79.0671334421186	0	79.0671334421186	DBCA	8_1	70	87.060291797493
100	733.333333333333	82.8862568292049	0	82.8862568292049	DBCA	8_1	140	96.0497817153316
100	766.666666666667	82.5317820956079	0	82.5317820956079	DBCA	8_1	210	98.0428816878647
100	800	85.2974620661346	0	85.2974620661346	DBCA	8_1	280	100.333344539899
100	833.333333333333	82.2034392001958	0	82.2034392001958	DBCA	8_2	70	90.1965975555702
100	866.666666666667	75.2192541632695	0	75.2192541632695	DBCA	8_2	0	75.2192541632695
100	900	80.4243094174892	0	80.4243094174892	DBCA	8_2	280	95.4601918912539
100	933.333333333333	80.2501892161315	0	80.2501892161315	DBCA	8_2	140	93.4137141022582
100	966.666666666667	81.5913333772306	0	81.5913333772306	DBCA	8_2	210	97.1024329694874
114.285714285714	666.666666666667	82.4778811223628	0	82.4778811223628	DBCA	9_1	140	95.6414060084895
114.285714285714	700	81.5623937771459	0	81.5623937771459	DBCA	9_1	70	89.5555521325203
114.285714285714	733.333333333333	80.353392523253	0	80.353392523253	DBCA	9_1	0	80.353392523253
114.285714285714	766.666666666667	85.2675582344897	0	85.2675582344897	DBCA	9_1	280	100.303440708254
114.285714285714	800	80.1878958856708	0	80.1878958856708	DBCA	9_1	210	95.6989954779275
114.285714285714	833.333333333333	79.7166010904275	0	79.7166010904275	DBCA	9_2	140	92.8801259765541
114.285714285714	866.666666666667	77.9854183273696	0	77.9854183273696	DBCA	9_2	0	77.9854183273696
114.285714285714	900	79.500358009876	0	79.500358009876	DBCA	9_2	210	95.0114576021327
114.285714285714	933.333333333333	83.1149020055186	0	83.1149020055186	DBCA	9_2	280	98.1507844792833
114.285714285714	966.666666666667	79.7005452403508	0	79.7005452403508	DBCA	9_2	70	87.6937035957252
0	1000	84.7493376667199	0	84.7493376667199	DBCA	1_3	NA	NA
14.2857142857143	1000	85.0602444719447	0	85.0602444719447	DBCA	2_3	NA	NA
28.5714285714286	1000	82.7917802247714	0	82.7917802247714	DBCA	3_3	NA	NA
42.8571428571429	1000	80.3054113669454	0	80.3054113669454	DBCA	4_3	NA	NA
57.1428571428571	1000	82.1214537721244	0	82.1214537721244	DBCA	5_3	NA	NA
71.4285714285714	1000	79.280681759543	0	79.280681759543	DBCA	6_3	NA	NA
85.7142857142857	1000	77.9590634622118	0	77.9590634622118	DBCA	7_3	NA	NA
100	1000	76.7350688667902	0	76.7350688667902	DBCA	8_3	NA	NA
114.285714285714	1000	79.1962481462918	0	79.1962481462918	DBCA	9_3	NA	NA
128.571428571429	1000	77.5194976538442	0	77.5194976538442	DBCA	10_3	NA	NA
142.857142857143	1000	78.0929020723664	0	78.0929020723664	DBCA	11_3	NA	NA
157.142857142857	1000	80.0406705718217	0	80.0406705718217	DBCA	12_3	NA	NA
171.428571428571	1000	80.3578529125426	0	80.3578529125426	DBCA	13_3	NA	NA
185.714285714286	1000	81.0597774531647	0	81.0597774531647	DBCA	14_3	NA	NA
200	1000	84.5729697152483	0	84.5729697152483	DBCA	15_3	NA	NA
214.285714285714	1000	84.6573327944476	0	84.6573327944476	DBCA	16_3	NA	NA
228.571428571429	1000	85.7821008050409	0	85.7821008050409	DBCA	17_3	NA	NA
242.857142857143	1000	83.2199483427541	0	83.2199483427541	DBCA	18_3	NA	NA
257.142857142857	1000	81.7547772812589	0	81.7547772812589	DBCA	19_3	NA	NA
271.428571428571	1000	78.1546607296486	0	78.1546607296486	DBCA	20_3	NA	NA
285.714285714286	1000	77.8665424686022	0	77.8665424686022	DBCA	21_3	NA	NA
300	1000	77.6575728697645	0	77.6575728697645	DBCA	22_3	NA	NA
314.285714285714	1000	77.5062720561828	0	77.5062720561828	DBCA	23_3	NA	NA
328.571428571429	1000	77.4996083272752	0	77.4996083272752	DBCA	24_3	NA	NA
342.857142857143	1000	77.7447973688515	0	77.7447973688515	DBCA	25_3	NA	NA
357.142857142857	1000	79.728380669761	0	79.728380669761	DBCA	26_3	NA	NA
371.428571428571	1000	79.0398850514795	0	79.0398850514795	DBCA	27_3	NA	NA
385.714285714286	1000	80.9713097298593	0	80.9713097298593	DBCA	28_3	NA	NA
400	1000	78.1092804760785	0	78.1092804760785	DBCA	29_3	NA	NA
414.285714285714	1000	76.4057872679137	0	76.4057872679137	DBCA	30_3	NA	NA
428.571428571429	1000	77.9515406391744	0	77.9515406391744	DBCA	31_3	NA	NA
442.857142857143	1000	79.9690897503288	0	79.9690897503288	DBCA	32_3	NA	NA
457.142857142857	1000	82.9602818352185	0	82.9602818352185	DBCA	33_3	NA	NA
471.428571428571	1000	78.2368408989482	0	78.2368408989482	DBCA	34_3	NA	NA
485.714285714286	1000	75.7862747374084	0	75.7862747374084	DBCA	35_3	NA	NA
500	1000	73.828602895882	0	73.828602895882	DBCA	36_3	NA	NA
514.285714285714	1000	76.9042004829752	24.6	101.504200482975	DBCA	37_3	NA	NA
528.571428571429	1000	81.7443517624606	24.6	106.344351762461	DBCA	38_3	NA	NA
542.857142857143	1000	78.017108927902	24.6	102.617108927902	DBCA	39_3	NA	NA
557.142857142857	1000	77.8519391964533	24.6	102.451939196453	DBCA	40_3	NA	NA
571.428571428571	1000	76.6616924724736	24.6	101.261692472474	DBCA	41_3	NA	NA
585.714285714286	1000	76.4777794973753	24.6	101.077779497375	DBCA	42_3	NA	NA
600	1000	77.7302730419627	24.6	102.330273041963	DBCA	43_3	NA	NA
614.285714285714	1000	77.9420121805303	24.6	102.54201218053	DBCA	44_3	NA	NA
628.571428571429	1000	77.7060496746985	24.6	102.306049674698	DBCA	45_3	NA	NA
642.857142857143	1000	82.0936807545183	24.6	106.693680754518	DBCA	46_3	NA	NA
657.142857142857	1000	81.6744671077481	24.6	106.274467107748	DBCA	47_3	NA	NA
671.428571428571	1000	78.355951610939	24.6	102.955951610939	DBCA	48_3	NA	NA
685.714285714286	1000	79.0894849740333	24.6	103.689484974033	DBCA	49_3	NA	NA
700	1000	81.3208648343399	24.6	105.92086483434	DBCA	50_3	NA	NA
714.285714285714	1000	81.5333538597431	24.6	106.133353859743	DBCA	51_3	NA	NA
728.571428571429	1000	85.0855389796125	24.6	109.685538979613	DBCA	52_3	NA	NA
742.857142857143	1000	84.7772444548695	24.6	109.377244454869	DBCA	53_3	NA	NA
757.142857142857	1000	82.7324348382791	24.6	107.332434838279	DBCA	54_3	NA	NA
771.428571428571	1000	79.9205915581222	24.6	104.520591558122	DBCA	55_3	NA	NA
785.714285714286	1000	79.7171113516406	24.6	104.317111351641	DBCA	56_3	NA	NA
800	1000	81.4740890752152	24.6	106.074089075215	DBCA	57_3	NA	NA
814.285714285714	1000	80.2202759500793	24.6	104.820275950079	DBCA	58_3	NA	NA
828.571428571429	1000	82.3338666744545	24.6	106.933866674454	DBCA	59_3	NA	NA
842.857142857143	1000	85.5248661400369	24.6	110.124866140037	DBCA	60_3	NA	NA
857.142857142857	1000	82.1565458783159	24.6	106.756545878316	DBCA	61_3	NA	NA
871.428571428571	1000	82.5172348418891	24.6	107.117234841889	DBCA	62_3	NA	NA
885.714285714286	1000	82.236836760622	24.6	106.836836760622	DBCA	63_3	NA	NA
900	1000	84.3480943063448	24.6	108.948094306345	DBCA	64_3	NA	NA
914.285714285714	1000	82.9863797263601	24.6	107.58637972636	DBCA	65_3	NA	NA
928.571428571429	1000	78.2268468859248	24.6	102.826846885925	DBCA	66_3	NA	NA
942.857142857143	1000	79.6293321628979	24.6	104.229332162898	DBCA	67_3	NA	NA
957.142857142857	1000	77.127777009395	24.6	101.727777009395	DBCA	68_3	NA	NA
971.428571428571	1000	79.4591368746687	24.6	104.059136874669	DBCA	69_3	NA	NA
985.714285714286	1000	79.8019476556401	24.6	104.40194765564	DBCA	70_3	NA	NA
1000	1000	79.2387014268853	24.6	103.838701426885	DBCA	71_3	NA	NA
