x	y	variable1	Zona	ErrorConEfecto	Disenio	Bloque	AsigTrat	MiRto
0	666.666666666667	85.322065710993	0	85.322065710993	DBCA	1_1	280	91.8372949078255
0	700	78.3339776282031	0	78.3339776282031	DBCA	1_1	70	85.372743156403
0	733.333333333333	82.8562319967862	0	82.8562319967862	DBCA	1_1	0	82.8562319967862
0	766.666666666667	78.8928570159343	0	78.8928570159343	DBCA	1_1	210	89.1892371425504
0	800	86.2967067859013	0	86.2967067859013	DBCA	1_1	140	96.7675990229733
0	833.333333333333	82.1032369020319	0	82.1032369020319	DBCA	1_2	140	92.5741291391039
0	866.666666666667	81.2055850982699	0	81.2055850982699	DBCA	1_2	0	81.2055850982699
0	900	80.5419626712423	0	80.5419626712423	DBCA	1_2	210	90.8383427978585
0	933.333333333333	83.2197810213045	0	83.2197810213045	DBCA	1_2	280	89.7350102181371
0	966.666666666667	82.0115543393363	0	82.0115543393363	DBCA	1_2	70	89.0503198675362
128.571428571429	666.666666666667	79.546564495176	0	79.546564495176	DBCA	10_1	140	90.0174567322479
128.571428571429	700	80.7873912375844	0	80.7873912375844	DBCA	10_1	0	80.7873912375844
128.571428571429	733.333333333333	80.5741273744196	0	80.5741273744196	DBCA	10_1	70	87.6128929026195
128.571428571429	766.666666666667	80.2849002338542	0	80.2849002338542	DBCA	10_1	210	90.5812803604704
128.571428571429	800	78.2695951513772	0	78.2695951513772	DBCA	10_1	280	84.7848243482098
128.571428571429	833.333333333333	77.6476770032113	0	77.6476770032113	DBCA	10_2	210	87.9440571298274
128.571428571429	866.666666666667	80.5788230872112	0	80.5788230872112	DBCA	10_2	0	80.5788230872112
128.571428571429	900	77.7364471206629	0	77.7364471206629	DBCA	10_2	140	88.2073393577349
128.571428571429	933.333333333333	81.9364896495687	0	81.9364896495687	DBCA	10_2	70	88.9752551777686
128.571428571429	966.666666666667	76.7473448568696	0	76.7473448568696	DBCA	10_2	280	83.2625740537022
142.857142857143	666.666666666667	76.6814660519775	0	76.6814660519775	DBCA	11_1	210	86.9778461785937
142.857142857143	700	81.6033410162582	0	81.6033410162582	DBCA	11_1	0	81.6033410162582
142.857142857143	733.333333333333	80.5083365217704	0	80.5083365217704	DBCA	11_1	140	90.9792287588423
142.857142857143	766.666666666667	80.0492462190421	0	80.0492462190421	DBCA	11_1	70	87.0880117472419
142.857142857143	800	78.1234457350919	0	78.1234457350919	DBCA	11_1	280	84.6386749319245
142.857142857143	833.333333333333	77.7430524404639	0	77.7430524404639	DBCA	11_2	140	88.2139446775358
142.857142857143	866.666666666667	81.9778482784959	0	81.9778482784959	DBCA	11_2	280	88.4930774753285
142.857142857143	900	75.7449081495676	0	75.7449081495676	DBCA	11_2	70	82.7836736777675
142.857142857143	933.333333333333	82.253711002251	0	82.253711002251	DBCA	11_2	0	82.253711002251
142.857142857143	966.666666666667	79.1933949999779	0	79.1933949999779	DBCA	11_2	210	89.4897751265941
157.142857142857	666.666666666667	79.9043662073206	0	79.9043662073206	DBCA	12_1	0	79.9043662073206
157.142857142857	700	80.1947461180133	0	80.1947461180133	DBCA	12_1	280	86.7099753148458
157.142857142857	733.333333333333	78.9498303791817	0	78.9498303791817	DBCA	12_1	140	89.4207226162537
157.142857142857	766.666666666667	82.6396045625088	0	82.6396045625088	DBCA	12_1	70	89.6783700907087
157.142857142857	800	78.9633782980089	0	78.9633782980089	DBCA	12_1	210	89.2597584246251
157.142857142857	833.333333333333	82.2452412468788	0	82.2452412468788	DBCA	12_2	280	88.7604704437114
157.142857142857	866.666666666667	79.7916527185027	0	79.7916527185027	DBCA	12_2	0	79.7916527185027
157.142857142857	900	78.8629209472477	0	78.8629209472477	DBCA	12_2	210	89.1593010738638
157.142857142857	933.333333333333	84.1377542611732	0	84.1377542611732	DBCA	12_2	70	91.1765197893731
157.142857142857	966.666666666667	82.2314155465263	0	82.2314155465263	DBCA	12_2	140	92.7023077835983
171.428571428571	666.666666666667	81.5902767415372	0	81.5902767415372	DBCA	13_1	280	88.1055059383697
171.428571428571	700	75.1607534537976	0	75.1607534537976	DBCA	13_1	140	85.6316456908696
171.428571428571	733.333333333333	80.7344929948263	0	80.7344929948263	DBCA	13_1	70	87.7732585230262
171.428571428571	766.666666666667	80.0297596982765	0	80.0297596982765	DBCA	13_1	210	90.3261398248926
171.428571428571	800	82.2899438339158	0	82.2899438339158	DBCA	13_1	0	82.2899438339158
171.428571428571	833.333333333333	82.6506500013042	0	82.6506500013042	DBCA	13_2	210	92.9470301279204
171.428571428571	866.666666666667	80.0222440155034	0	80.0222440155034	DBCA	13_2	70	87.0610095437033
171.428571428571	900	76.747351177685	0	76.747351177685	DBCA	13_2	280	83.2625803745176
171.428571428571	933.333333333333	83.2690519749106	0	83.2690519749106	DBCA	13_2	140	93.7399442119826
171.428571428571	966.666666666667	83.5797813655875	0	83.5797813655875	DBCA	13_2	0	83.5797813655875
185.714285714286	666.666666666667	81.4159235082154	0	81.4159235082154	DBCA	14_1	0	81.4159235082154
185.714285714286	700	75.6762845212829	0	75.6762845212829	DBCA	14_1	70	82.7150500494828
185.714285714286	733.333333333333	79.0958421545467	0	79.0958421545467	DBCA	14_1	140	89.5667343916186
185.714285714286	766.666666666667	80.8804973353507	0	80.8804973353507	DBCA	14_1	280	87.3957265321833
185.714285714286	800	84.3483863533171	0	84.3483863533171	DBCA	14_1	210	94.6447664799333
185.714285714286	833.333333333333	78.7377516201676	0	78.7377516201676	DBCA	14_2	0	78.7377516201676
185.714285714286	866.666666666667	81.2829095367729	0	81.2829095367729	DBCA	14_2	210	91.5792896633891
185.714285714286	900	80.2144986048498	0	80.2144986048498	DBCA	14_2	140	90.6853908419218
185.714285714286	933.333333333333	83.6101579135115	0	83.6101579135115	DBCA	14_2	280	90.1253871103441
185.714285714286	966.666666666667	80.221890753291	0	80.221890753291	DBCA	14_2	70	87.2606562814909
200	666.666666666667	78.1519841131716	0	78.1519841131716	DBCA	15_1	280	84.6672133100042
200	700	77.1056509170353	0	77.1056509170353	DBCA	15_1	0	77.1056509170353
200	733.333333333333	76.73174459232	0	76.73174459232	DBCA	15_1	140	87.202636829392
200	766.666666666667	83.1699477805945	0	83.1699477805945	DBCA	15_1	70	90.2087133087944
200	800	83.7995179336758	0	83.7995179336758	DBCA	15_1	210	94.095898060292
200	833.333333333333	79.2279447321042	0	79.2279447321042	DBCA	15_2	0	79.2279447321042
200	866.666666666667	82.2503559125213	0	82.2503559125213	DBCA	15_2	70	89.2891214407212
200	900	81.5643436135844	0	81.5643436135844	DBCA	15_2	210	91.8607237402006
200	933.333333333333	82.2640923288278	0	82.2640923288278	DBCA	15_2	140	92.7349845658998
200	966.666666666667	79.5272142479012	0	79.5272142479012	DBCA	15_2	280	86.0424434447338
214.285714285714	666.666666666667	78.3145008863323	0	78.3145008863323	DBCA	16_1	210	88.6108810129485
214.285714285714	700	71.9656174820542	0	71.9656174820542	DBCA	16_1	140	82.4365097191261
214.285714285714	733.333333333333	78.2640149406402	0	78.2640149406402	DBCA	16_1	280	84.7792441374727
214.285714285714	766.666666666667	80.7359182635874	0	80.7359182635874	DBCA	16_1	0	80.7359182635874
214.285714285714	800	83.3099294089817	0	83.3099294089817	DBCA	16_1	70	90.3486949371816
214.285714285714	833.333333333333	80.5038073829007	0	80.5038073829007	DBCA	16_2	70	87.5425729111006
214.285714285714	866.666666666667	80.2869431380938	0	80.2869431380938	DBCA	16_2	140	90.7578353751657
214.285714285714	900	81.1321413132634	0	81.1321413132634	DBCA	16_2	210	91.4285214398796
214.285714285714	933.333333333333	80.3997327689807	0	80.3997327689807	DBCA	16_2	0	80.3997327689807
214.285714285714	966.666666666667	78.3317926733721	0	78.3317926733721	DBCA	16_2	280	84.8470218702047
228.571428571429	666.666666666667	79.6052995445074	0	79.6052995445074	DBCA	17_1	210	89.9016796711236
228.571428571429	700	75.5522752430603	0	75.5522752430603	DBCA	17_1	0	75.5522752430603
228.571428571429	733.333333333333	81.1479556111882	0	81.1479556111882	DBCA	17_1	140	91.6188478482601
228.571428571429	766.666666666667	81.7866829124579	0	81.7866829124579	DBCA	17_1	280	88.3019121092905
228.571428571429	800	84.7668889927978	0	84.7668889927978	DBCA	17_1	70	91.8056545209976
228.571428571429	833.333333333333	83.8512095750652	0	83.8512095750652	DBCA	17_2	140	94.3221018121371
228.571428571429	866.666666666667	80.9530563407288	0	80.9530563407288	DBCA	17_2	210	91.249436467345
228.571428571429	900	79.1878293929711	0	79.1878293929711	DBCA	17_2	0	79.1878293929711
228.571428571429	933.333333333333	79.9237450624885	0	79.9237450624885	DBCA	17_2	70	86.9625105906884
228.571428571429	966.666666666667	77.7545263155671	0	77.7545263155671	DBCA	17_2	280	84.2697555123997
242.857142857143	666.666666666667	78.4126866277134	0	78.4126866277134	DBCA	18_1	70	85.4514521559133
242.857142857143	700	79.2469475031957	0	79.2469475031957	DBCA	18_1	0	79.2469475031957
242.857142857143	733.333333333333	79.8524331263843	0	79.8524331263843	DBCA	18_1	280	86.3676623232169
242.857142857143	766.666666666667	81.0988242096091	0	81.0988242096091	DBCA	18_1	210	91.3952043362253
242.857142857143	800	84.8520085022746	0	84.8520085022746	DBCA	18_1	140	95.3229007393466
242.857142857143	833.333333333333	79.6822680555111	0	79.6822680555111	DBCA	18_2	140	90.1531602925831
242.857142857143	866.666666666667	81.3920679212018	0	81.3920679212018	DBCA	18_2	70	88.4308334494017
242.857142857143	900	75.8822229578268	0	75.8822229578268	DBCA	18_2	210	86.1786030844429
242.857142857143	933.333333333333	79.4370026220121	0	79.4370026220121	DBCA	18_2	280	85.9522318188447
242.857142857143	966.666666666667	80.1404237589653	0	80.1404237589653	DBCA	18_2	0	80.1404237589653
257.142857142857	666.666666666667	79.726287085623	0	79.726287085623	DBCA	19_1	210	90.0226672122392
257.142857142857	700	78.3906227476128	0	78.3906227476128	DBCA	19_1	70	85.4293882758127
257.142857142857	733.333333333333	77.029249243745	0	77.029249243745	DBCA	19_1	140	87.5001414808169
257.142857142857	766.666666666667	79.8169574520865	0	79.8169574520865	DBCA	19_1	0	79.8169574520865
257.142857142857	800	82.8851115470824	0	82.8851115470824	DBCA	19_1	280	89.400340743915
257.142857142857	833.333333333333	83.2143229381707	0	83.2143229381707	DBCA	19_2	210	93.5107030647869
257.142857142857	866.666666666667	81.0548661147419	0	81.0548661147419	DBCA	19_2	0	81.0548661147419
257.142857142857	900	77.2102819384701	0	77.2102819384701	DBCA	19_2	280	83.7255111353026
257.142857142857	933.333333333333	77.2720684269353	0	77.2720684269353	DBCA	19_2	70	84.3108339551352
257.142857142857	966.666666666667	77.7129701725676	0	77.7129701725676	DBCA	19_2	140	88.1838624096395
14.2857142857143	666.666666666667	83.515643890207	0	83.515643890207	DBCA	2_1	280	90.0308730870396
14.2857142857143	700	74.5080132058994	0	74.5080132058994	DBCA	2_1	0	74.5080132058994
14.2857142857143	733.333333333333	80.9717571150033	0	80.9717571150033	DBCA	2_1	70	88.0105226432032
14.2857142857143	766.666666666667	81.0977541656806	0	81.0977541656806	DBCA	2_1	210	91.3941342922968
14.2857142857143	800	83.7208485313956	0	83.7208485313956	DBCA	2_1	140	94.1917407684675
14.2857142857143	833.333333333333	81.3561631758594	0	81.3561631758594	DBCA	2_2	70	88.3949287040593
14.2857142857143	866.666666666667	80.8557945842648	0	80.8557945842648	DBCA	2_2	140	91.3266868213367
14.2857142857143	900	85.3650754749793	0	85.3650754749793	DBCA	2_2	210	95.6614556015955
14.2857142857143	933.333333333333	78.5638847396757	0	78.5638847396757	DBCA	2_2	0	78.5638847396757
14.2857142857143	966.666666666667	78.2923595787173	0	78.2923595787173	DBCA	2_2	280	84.8075887755499
271.428571428571	666.666666666667	78.0484554675827	0	78.0484554675827	DBCA	20_1	210	88.3448355941989
271.428571428571	700	78.1940356419571	0	78.1940356419571	DBCA	20_1	280	84.7092648387896
271.428571428571	733.333333333333	82.5571533637841	0	82.5571533637841	DBCA	20_1	0	82.5571533637841
271.428571428571	766.666666666667	79.126874430596	0	79.126874430596	DBCA	20_1	140	89.5977666676679
271.428571428571	800	80.4080734926035	0	80.4080734926035	DBCA	20_1	70	87.4468390208034
271.428571428571	833.333333333333	81.1655362227495	0	81.1655362227495	DBCA	20_2	70	88.2043017509493
271.428571428571	866.666666666667	82.8156074560323	0	82.8156074560323	DBCA	20_2	0	82.8156074560323
271.428571428571	900	80.5194483722808	0	80.5194483722808	DBCA	20_2	280	87.0346775691134
271.428571428571	933.333333333333	80.451879603059	0	80.451879603059	DBCA	20_2	140	90.922771840131
271.428571428571	966.666666666667	76.6006615973809	0	76.6006615973809	DBCA	20_2	210	86.8970417239971
285.714285714286	666.666666666667	76.8047826793318	0	76.8047826793318	DBCA	21_1	280	83.3200118761644
285.714285714286	700	79.301270342254	0	79.301270342254	DBCA	21_1	0	79.301270342254
285.714285714286	733.333333333333	81.5012536940786	0	81.5012536940786	DBCA	21_1	140	91.9721459311505
285.714285714286	766.666666666667	82.4112166985293	0	82.4112166985293	DBCA	21_1	70	89.4499822267292
285.714285714286	800	80.7206074924934	0	80.7206074924934	DBCA	21_1	210	91.0169876191096
285.714285714286	833.333333333333	84.1827918394	0	84.1827918394	DBCA	21_2	140	94.653684076472
285.714285714286	866.666666666667	83.7101045377232	0	83.7101045377232	DBCA	21_2	210	94.0064846643394
285.714285714286	900	79.4012723547442	0	79.4012723547442	DBCA	21_2	70	86.4400378829441
285.714285714286	933.333333333333	77.0953378966279	0	77.0953378966279	DBCA	21_2	280	83.6105670934605
285.714285714286	966.666666666667	78.5824830852847	0	78.5824830852847	DBCA	21_2	0	78.5824830852847
300	666.666666666667	79.7520854835641	0	79.7520854835641	DBCA	22_1	0	79.7520854835641
300	700	80.6110843496057	0	80.6110843496057	DBCA	22_1	210	90.9074644762219
300	733.333333333333	82.2339852632798	0	82.2339852632798	DBCA	22_1	70	89.2727507914797
300	766.666666666667	83.2914928178169	0	83.2914928178169	DBCA	22_1	280	89.8067220146495
300	800	84.2658777727447	0	84.2658777727447	DBCA	22_1	140	94.7367700098167
300	833.333333333333	80.0963920723181	0	80.0963920723181	DBCA	22_2	280	86.6116212691507
300	866.666666666667	79.4308245196034	0	79.4308245196034	DBCA	22_2	70	86.4695900478033
300	900	78.2025135931216	0	78.2025135931216	DBCA	22_2	0	78.2025135931216
300	933.333333333333	76.4241499526024	0	76.4241499526024	DBCA	22_2	210	86.7205300792186
300	966.666666666667	76.9710772266691	0	76.9710772266691	DBCA	22_2	140	87.4419694637411
314.285714285714	666.666666666667	78.0131386714634	0	78.0131386714634	DBCA	23_1	0	78.0131386714634
314.285714285714	700	78.2814348128261	0	78.2814348128261	DBCA	23_1	70	85.320200341026
314.285714285714	733.333333333333	82.1757019879993	0	82.1757019879993	DBCA	23_1	210	92.4720821146155
314.285714285714	766.666666666667	82.4437287480013	0	82.4437287480013	DBCA	23_1	140	92.9146209850732
314.285714285714	800	83.5051012320704	0	83.5051012320704	DBCA	23_1	280	90.020330428903
314.285714285714	833.333333333333	84.74637710117	0	84.74637710117	DBCA	23_2	210	95.0427572277862
314.285714285714	866.666666666667	80.5953425196907	0	80.5953425196907	DBCA	23_2	280	87.1105717165233
314.285714285714	900	79.8420412852968	0	79.8420412852968	DBCA	23_2	140	90.3129335223687
314.285714285714	933.333333333333	77.9760393739633	0	77.9760393739633	DBCA	23_2	0	77.9760393739633
314.285714285714	966.666666666667	76.8167319133537	0	76.8167319133537	DBCA	23_2	70	83.8554974415536
328.571428571429	666.666666666667	77.6166485898072	0	77.6166485898072	DBCA	24_1	0	77.6166485898072
328.571428571429	700	80.4622523480084	0	80.4622523480084	DBCA	24_1	280	86.977481544841
328.571428571429	733.333333333333	81.9976312468635	0	81.9976312468635	DBCA	24_1	70	89.0363967750634
328.571428571429	766.666666666667	80.1955967246257	0	80.1955967246257	DBCA	24_1	140	90.6664889616976
328.571428571429	800	82.5324461663491	0	82.5324461663491	DBCA	24_1	210	92.8288262929653
328.571428571429	833.333333333333	88.0417650657239	0	88.0417650657239	DBCA	24_2	280	94.5569942625565
328.571428571429	866.666666666667	82.6112352850518	0	82.6112352850518	DBCA	24_2	70	89.6500008132517
328.571428571429	900	79.7716501867339	0	79.7716501867339	DBCA	24_2	210	90.0680303133501
328.571428571429	933.333333333333	77.8876518345629	0	77.8876518345629	DBCA	24_2	0	77.8876518345629
328.571428571429	966.666666666667	75.0441721079036	0	75.0441721079036	DBCA	24_2	140	85.5150643449755
342.857142857143	666.666666666667	78.6516039230088	0	78.6516039230088	DBCA	25_1	140	89.1224961600807
342.857142857143	700	80.2773504773269	0	80.2773504773269	DBCA	25_1	70	87.3161160055268
342.857142857143	733.333333333333	82.5348257318068	0	82.5348257318068	DBCA	25_1	210	92.831205858423
342.857142857143	766.666666666667	82.8013209999052	0	82.8013209999052	DBCA	25_1	280	89.3165501967378
342.857142857143	800	82.7280617404719	0	82.7280617404719	DBCA	25_1	0	82.7280617404719
342.857142857143	833.333333333333	82.5557992418961	0	82.5557992418961	DBCA	25_2	0	82.5557992418961
342.857142857143	866.666666666667	79.6594300925757	0	79.6594300925757	DBCA	25_2	70	86.6981956207756
342.857142857143	900	78.5592276703271	0	78.5592276703271	DBCA	25_2	280	85.0744568671597
342.857142857143	933.333333333333	79.1970236750308	0	79.1970236750308	DBCA	25_2	140	89.6679159121027
342.857142857143	966.666666666667	75.2995019773259	0	75.2995019773259	DBCA	25_2	210	85.5958821039421
357.142857142857	666.666666666667	79.2321842217455	0	79.2321842217455	DBCA	26_1	70	86.2709497499453
357.142857142857	700	81.5211371543128	0	81.5211371543128	DBCA	26_1	210	91.817517280929
357.142857142857	733.333333333333	83.6953052029602	0	83.6953052029602	DBCA	26_1	0	83.6953052029602
357.142857142857	766.666666666667	81.8326476360222	0	81.8326476360222	DBCA	26_1	140	92.3035398730941
357.142857142857	800	83.4498575114869	0	83.4498575114869	DBCA	26_1	280	89.9650867083195
357.142857142857	833.333333333333	81.6394568707201	0	81.6394568707201	DBCA	26_2	140	92.110349107792
357.142857142857	866.666666666667	80.1423557278792	0	80.1423557278792	DBCA	26_2	70	87.1811212560791
357.142857142857	900	78.7376947052577	0	78.7376947052577	DBCA	26_2	280	85.2529239020903
357.142857142857	933.333333333333	82.1878810677969	0	82.1878810677969	DBCA	26_2	0	82.1878810677969
357.142857142857	966.666666666667	78.6460598431581	0	78.6460598431581	DBCA	26_2	210	88.9424399697743
371.428571428571	666.666666666667	77.7765324509846	0	77.7765324509846	DBCA	27_1	210	88.0729125776007
371.428571428571	700	82.453502556017	0	82.453502556017	DBCA	27_1	70	89.4922680842169
371.428571428571	733.333333333333	84.1320232644929	0	84.1320232644929	DBCA	27_1	0	84.1320232644929
371.428571428571	766.666666666667	80.2146181468481	0	80.2146181468481	DBCA	27_1	140	90.68551038392
371.428571428571	800	83.7032333434336	0	83.7032333434336	DBCA	27_1	280	90.2184625402662
371.428571428571	833.333333333333	79.9695003899597	0	79.9695003899597	DBCA	27_2	70	87.0082659181596
371.428571428571	866.666666666667	77.8550380381628	0	77.8550380381628	DBCA	27_2	280	84.3702672349954
371.428571428571	900	81.5833903661423	0	81.5833903661423	DBCA	27_2	140	92.0542826032142
371.428571428571	933.333333333333	78.6751921967131	0	78.6751921967131	DBCA	27_2	0	78.6751921967131
371.428571428571	966.666666666667	76.5877000033729	0	76.5877000033729	DBCA	27_2	210	86.8840801299891
385.714285714286	666.666666666667	78.5955295956844	0	78.5955295956844	DBCA	28_1	0	78.5955295956844
385.714285714286	700	80.0400144872348	0	80.0400144872348	DBCA	28_1	70	87.0787800154347
385.714285714286	733.333333333333	80.3204330107534	0	80.3204330107534	DBCA	28_1	280	86.835662207586
385.714285714286	766.666666666667	84.368848161782	0	84.368848161782	DBCA	28_1	140	94.839740398854
385.714285714286	800	83.9957633398099	0	83.9957633398099	DBCA	28_1	210	94.2921434664261
385.714285714286	833.333333333333	81.4361922293988	0	81.4361922293988	DBCA	28_2	280	87.9514214262313
385.714285714286	866.666666666667	80.3261109968118	0	80.3261109968118	DBCA	28_2	140	90.7970032338838
385.714285714286	900	77.9416882129614	0	77.9416882129614	DBCA	28_2	70	84.9804537411613
385.714285714286	933.333333333333	79.2176074722001	0	79.2176074722001	DBCA	28_2	210	89.5139875988162
385.714285714286	966.666666666667	77.0195026691105	0	77.0195026691105	DBCA	28_2	0	77.0195026691105
400	666.666666666667	76.0906313522231	0	76.0906313522231	DBCA	29_1	0	76.0906313522231
400	700	81.5671547422261	0	81.5671547422261	DBCA	29_1	70	88.605920270426
400	733.333333333333	80.7563221236963	0	80.7563221236963	DBCA	29_1	210	91.0527022503125
400	766.666666666667	80.2871327743972	0	80.2871327743972	DBCA	29_1	280	86.8023619712298
400	800	82.0916253027196	0	82.0916253027196	DBCA	29_1	140	92.5625175397915
400	833.333333333333	80.1280826419569	0	80.1280826419569	DBCA	29_2	0	80.1280826419569
400	866.666666666667	85.3927634085254	0	85.3927634085254	DBCA	29_2	140	95.8636556455973
400	900	81.8829706281956	0	81.8829706281956	DBCA	29_2	280	88.3981998250282
400	933.333333333333	81.0081588561604	0	81.0081588561604	DBCA	29_2	210	91.3045389827766
400	966.666666666667	78.3324230256957	0	78.3324230256957	DBCA	29_2	70	85.3711885538956
28.5714285714286	666.666666666667	81.2350497742911	0	81.2350497742911	DBCA	3_1	0	81.2350497742911
28.5714285714286	700	82.0063709445127	0	82.0063709445127	DBCA	3_1	70	89.0451364727126
28.5714285714286	733.333333333333	78.0318764802781	0	78.0318764802781	DBCA	3_1	210	88.3282566068942
28.5714285714286	766.666666666667	79.5508598909702	0	79.5508598909702	DBCA	3_1	140	90.0217521280421
28.5714285714286	800	85.3545722340722	0	85.3545722340722	DBCA	3_1	280	91.8698014309047
28.5714285714286	833.333333333333	80.2314730050078	0	80.2314730050078	DBCA	3_2	70	87.2702385332077
28.5714285714286	866.666666666667	78.9254065764538	0	78.9254065764538	DBCA	3_2	210	89.2217867030699
28.5714285714286	900	79.3281136213744	0	79.3281136213744	DBCA	3_2	0	79.3281136213744
28.5714285714286	933.333333333333	79.2263109100767	0	79.2263109100767	DBCA	3_2	280	85.7415401069092
28.5714285714286	966.666666666667	79.2356703946699	0	79.2356703946699	DBCA	3_2	140	89.7065626317419
414.285714285714	666.666666666667	76.9126195602557	0	76.9126195602557	DBCA	30_1	280	83.4278487570883
414.285714285714	700	82.4674206753918	0	82.4674206753918	DBCA	30_1	0	82.4674206753918
414.285714285714	733.333333333333	81.9128118241238	0	81.9128118241238	DBCA	30_1	140	92.3837040611958
414.285714285714	766.666666666667	81.4221922329369	0	81.4221922329369	DBCA	30_1	70	88.4609577611368
414.285714285714	800	80.6025043321006	0	80.6025043321006	DBCA	30_1	210	90.8988844587167
414.285714285714	833.333333333333	83.1479490900465	0	83.1479490900465	DBCA	30_2	140	93.6188413271184
414.285714285714	866.666666666667	81.6357909914608	0	81.6357909914608	DBCA	30_2	0	81.6357909914608
414.285714285714	900	85.2196899061811	0	85.2196899061811	DBCA	30_2	280	91.7349191030137
414.285714285714	933.333333333333	84.1567412457156	0	84.1567412457156	DBCA	30_2	210	94.4531213723318
414.285714285714	966.666666666667	77.6228798183621	0	77.6228798183621	DBCA	30_2	70	84.661645346562
428.571428571429	666.666666666667	81.4615796119207	0	81.4615796119207	DBCA	31_1	140	91.9324718489926
428.571428571429	700	81.8269023609022	0	81.8269023609022	DBCA	31_1	280	88.3421315577347
428.571428571429	733.333333333333	77.9114632831435	0	77.9114632831435	DBCA	31_1	210	88.2078434097597
428.571428571429	766.666666666667	83.7963203983156	0	83.7963203983156	DBCA	31_1	0	83.7963203983156
428.571428571429	800	79.5280193813092	0	79.5280193813092	DBCA	31_1	70	86.566784909509
428.571428571429	833.333333333333	85.3890956550626	0	85.3890956550626	DBCA	31_2	140	95.8599878921345
428.571428571429	866.666666666667	79.8361752615846	0	79.8361752615846	DBCA	31_2	0	79.8361752615846
428.571428571429	900	82.0274074724758	0	82.0274074724758	DBCA	31_2	70	89.0661730006757
428.571428571429	933.333333333333	79.5907155418369	0	79.5907155418369	DBCA	31_2	210	89.8870956684531
428.571428571429	966.666666666667	79.364916945446	0	79.364916945446	DBCA	31_2	280	85.8801461422785
442.857142857143	666.666666666667	78.1945704643592	0	78.1945704643592	DBCA	32_1	280	84.7097996611918
442.857142857143	700	82.8527446582045	0	82.8527446582045	DBCA	32_1	70	89.8915101864043
442.857142857143	733.333333333333	82.6006532728853	0	82.6006532728853	DBCA	32_1	140	93.0715455099572
442.857142857143	766.666666666667	82.5064271473141	0	82.5064271473141	DBCA	32_1	210	92.8028072739303
442.857142857143	800	82.836211976159	0	82.836211976159	DBCA	32_1	0	82.836211976159
442.857142857143	833.333333333333	86.3275448262224	0	86.3275448262224	DBCA	32_2	280	92.842774023055
442.857142857143	866.666666666667	84.9610939259125	0	84.9610939259125	DBCA	32_2	210	95.2574740525287
442.857142857143	900	85.0648596802429	0	85.0648596802429	DBCA	32_2	70	92.1036252084428
442.857142857143	933.333333333333	82.7384558262551	0	82.7384558262551	DBCA	32_2	140	93.2093480633271
442.857142857143	966.666666666667	82.9735795904338	0	82.9735795904338	DBCA	32_2	0	82.9735795904338
457.142857142857	666.666666666667	82.6542197517922	0	82.6542197517922	DBCA	33_1	210	92.9505998784084
457.142857142857	700	82.7790174891989	0	82.7790174891989	DBCA	33_1	70	89.8177830173988
457.142857142857	733.333333333333	80.87416075351	0	80.87416075351	DBCA	33_1	0	80.87416075351
457.142857142857	766.666666666667	85.127072998527	0	85.127072998527	DBCA	33_1	140	95.5979652355989
457.142857142857	800	82.9172599157706	0	82.9172599157706	DBCA	33_1	280	89.4324891126032
457.142857142857	833.333333333333	83.1691651343521	0	83.1691651343521	DBCA	33_2	70	90.2079306625519
457.142857142857	866.666666666667	85.8742876410686	0	85.8742876410686	DBCA	33_2	140	96.3451798781405
457.142857142857	900	86.6022890634346	0	86.6022890634346	DBCA	33_2	0	86.6022890634346
457.142857142857	933.333333333333	87.3334727073652	0	87.3334727073652	DBCA	33_2	210	97.6298528339814
457.142857142857	966.666666666667	82.0719314336579	0	82.0719314336579	DBCA	33_2	280	88.5871606304904
471.428571428571	666.666666666667	81.5613112912886	0	81.5613112912886	DBCA	34_1	0	81.5613112912886
471.428571428571	700	80.8782281960785	0	80.8782281960785	DBCA	34_1	140	91.3491204331504
471.428571428571	733.333333333333	81.4235588165999	0	81.4235588165999	DBCA	34_1	70	88.4623243447998
471.428571428571	766.666666666667	80.2996626552336	0	80.2996626552336	DBCA	34_1	280	86.8148918520662
471.428571428571	800	83.7160748248749	0	83.7160748248749	DBCA	34_1	210	94.0124549514911
471.428571428571	833.333333333333	82.416903553018	0	82.416903553018	DBCA	34_2	280	88.9321327498506
471.428571428571	866.666666666667	84.0307088360755	0	84.0307088360755	DBCA	34_2	0	84.0307088360755
471.428571428571	900	83.15775016166	0	83.15775016166	DBCA	34_2	140	93.6286423987319
471.428571428571	933.333333333333	83.0759520596629	0	83.0759520596629	DBCA	34_2	210	93.3723321862791
471.428571428571	966.666666666667	79.0224146785762	0	79.0224146785762	DBCA	34_2	70	86.0611802067761
485.714285714286	666.666666666667	83.9400037219825	0	83.9400037219825	DBCA	35_1	140	94.4108959590545
485.714285714286	700	81.6378453968759	0	81.6378453968759	DBCA	35_1	70	88.6766109250757
485.714285714286	733.333333333333	82.3346328670256	0	82.3346328670256	DBCA	35_1	0	82.3346328670256
485.714285714286	766.666666666667	83.429524704803	0	83.429524704803	DBCA	35_1	280	89.9447539016356
485.714285714286	800	83.8286496472667	0	83.8286496472667	DBCA	35_1	210	94.1250297738829
485.714285714286	833.333333333333	85.4784438109184	0	85.4784438109184	DBCA	35_2	210	95.7748239375346
485.714285714286	866.666666666667	87.8290227195868	0	87.8290227195868	DBCA	35_2	140	98.2999149566588
485.714285714286	900	81.5331075196846	0	81.5331075196846	DBCA	35_2	280	88.0483367165172
485.714285714286	933.333333333333	82.5941227146143	0	82.5941227146143	DBCA	35_2	70	89.6328882428141
485.714285714286	966.666666666667	78.5946508137034	0	78.5946508137034	DBCA	35_2	0	78.5946508137034
500	666.666666666667	81.8864479520193	0	81.8864479520193	DBCA	36_1	280	88.4016771488519
500	700	82.7397327236178	0	82.7397327236178	DBCA	36_1	140	93.2106249606897
500	733.333333333333	81.7576761204567	0	81.7576761204567	DBCA	36_1	210	92.0540562470729
500	766.666666666667	80.0210115107071	0	80.0210115107071	DBCA	36_1	70	87.059777038907
500	800	82.1961754924528	0	82.1961754924528	DBCA	36_1	0	82.1961754924528
500	833.333333333333	85.1480610583478	0	85.1480610583478	DBCA	36_2	0	85.1480610583478
500	866.666666666667	86.8489290819764	0	86.8489290819764	DBCA	36_2	70	93.8876946101763
500	900	83.5524701281198	0	83.5524701281198	DBCA	36_2	210	93.8488502547359
500	933.333333333333	83.0966697872178	0	83.0966697872178	DBCA	36_2	280	89.6118989840504
500	966.666666666667	78.2010133893878	0	78.2010133893878	DBCA	36_2	140	88.6719056264597
514.285714285714	666.666666666667	84.2324274661429	24.6	108.832427466143	DBCA	37_1	140	131.012919703215
514.285714285714	700	81.1560819823788	24.6	105.756081982379	DBCA	37_1	70	118.649647510579
514.285714285714	733.333333333333	82.3742222743435	24.6	106.974222274343	DBCA	37_1	0	106.974222274343
514.285714285714	766.666666666667	80.9903406256002	24.6	105.5903406256	DBCA	37_1	280	135.524769822433
514.285714285714	800	78.3924816363527	24.6	102.992481636353	DBCA	37_1	210	130.853261762969
514.285714285714	833.333333333333	85.1514573993194	24.6	109.751457399319	DBCA	37_2	70	122.645022927519
514.285714285714	866.666666666667	85.4446105188585	24.6	110.044610518858	DBCA	37_2	280	139.979039715691
514.285714285714	900	88.0050185114673	24.6	112.605018511467	DBCA	37_2	140	134.785510748539
514.285714285714	933.333333333333	84.5255339674788	24.6	109.125533967479	DBCA	37_2	0	109.125533967479
514.285714285714	966.666666666667	81.6044130929603	24.6	106.20441309296	DBCA	37_2	210	134.065193219576
528.571428571429	666.666666666667	82.5509266841733	24.6	107.150926684173	DBCA	38_1	140	129.331418921245
528.571428571429	700	83.5182674544331	24.6	108.118267454433	DBCA	38_1	280	138.052696651266
528.571428571429	733.333333333333	80.5781349373124	24.6	105.178134937312	DBCA	38_1	70	118.071700465512
528.571428571429	766.666666666667	81.1814254570952	24.6	105.781425457095	DBCA	38_1	0	105.781425457095
528.571428571429	800	82.1366929750071	24.6	106.736692975007	DBCA	38_1	210	134.597473101623
528.571428571429	833.333333333333	84.6374799094323	24.6	109.237479909432	DBCA	38_2	140	131.417972146504
528.571428571429	866.666666666667	84.3869888845816	24.6	108.986988884582	DBCA	38_2	70	121.880554412781
528.571428571429	900	86.0580664710613	24.6	110.658066471061	DBCA	38_2	210	138.518846597677
528.571428571429	933.333333333333	80.9779973745232	24.6	105.577997374523	DBCA	38_2	280	135.512426571356
528.571428571429	966.666666666667	80.695148114758	24.6	105.295148114758	DBCA	38_2	0	105.295148114758
542.857142857143	666.666666666667	82.8177421486358	24.6	107.417742148636	DBCA	39_1	140	129.598234385708
542.857142857143	700	82.3844474578229	24.6	106.984447457823	DBCA	39_1	210	134.845227584439
542.857142857143	733.333333333333	80.172587998043	24.6	104.772587998043	DBCA	39_1	280	134.707017194876
542.857142857143	766.666666666667	79.5358197711054	24.6	104.135819771105	DBCA	39_1	0	104.135819771105
542.857142857143	800	83.9193010582661	24.6	108.519301058266	DBCA	39_1	70	121.412866586466
542.857142857143	833.333333333333	83.2778204338319	24.6	107.877820433832	DBCA	39_2	70	120.771385962032
542.857142857143	866.666666666667	86.4774010207415	24.6	111.077401020741	DBCA	39_2	0	111.077401020741
542.857142857143	900	83.417716540059	24.6	108.017716540059	DBCA	39_2	140	130.198208777131
542.857142857143	933.333333333333	82.3966463729241	24.6	106.996646372924	DBCA	39_2	280	136.931075569757
542.857142857143	966.666666666667	79.925354656159	24.6	104.525354656159	DBCA	39_2	210	132.386134782775
42.8571428571429	666.666666666667	79.3045433559353	0	79.3045433559353	DBCA	4_1	280	85.8197725527678
42.8571428571429	700	82.0734837180124	0	82.0734837180124	DBCA	4_1	140	92.5443759550843
42.8571428571429	733.333333333333	78.5412713771662	0	78.5412713771662	DBCA	4_1	0	78.5412713771662
42.8571428571429	766.666666666667	80.1409540397601	0	80.1409540397601	DBCA	4_1	70	87.17971956796
42.8571428571429	800	84.1931780697166	0	84.1931780697166	DBCA	4_1	210	94.4895581963328
42.8571428571429	833.333333333333	80.5723809681656	0	80.5723809681656	DBCA	4_2	0	80.5723809681656
42.8571428571429	866.666666666667	79.4981392403724	0	79.4981392403724	DBCA	4_2	70	86.5369047685722
42.8571428571429	900	79.6673236743555	0	79.6673236743555	DBCA	4_2	280	86.1825528711881
42.8571428571429	933.333333333333	81.270367489396	0	81.270367489396	DBCA	4_2	140	91.7412597264679
42.8571428571429	966.666666666667	84.1040909125653	0	84.1040909125653	DBCA	4_2	210	94.4004710391815
557.142857142857	666.666666666667	82.8115135257029	24.6	107.411513525703	DBCA	40_1	0	107.411513525703
557.142857142857	700	83.253559347482	24.6	107.853559347482	DBCA	40_1	280	137.787988544315
557.142857142857	733.333333333333	80.6115110331805	24.6	105.211511033181	DBCA	40_1	140	127.392003270252
557.142857142857	766.666666666667	79.0209629501972	24.6	103.620962950197	DBCA	40_1	210	131.481743076813
557.142857142857	800	82.6724173152212	24.6	107.272417315221	DBCA	40_1	70	120.165982843421
557.142857142857	833.333333333333	83.008040897341	24.6	107.608040897341	DBCA	40_2	70	120.501606425541
557.142857142857	866.666666666667	88.9042373620345	24.6	113.504237362034	DBCA	40_2	140	135.684729599106
557.142857142857	900	83.7034670717652	24.6	108.303467071765	DBCA	40_2	210	136.164247198381
557.142857142857	933.333333333333	80.618666552482	24.6	105.218666552482	DBCA	40_2	280	135.153095749315
557.142857142857	966.666666666667	76.6658963965807	24.6	101.265896396581	DBCA	40_2	0	101.265896396581
571.428571428571	666.666666666667	82.99301166574	24.6	107.59301166574	DBCA	41_1	210	135.453791792356
571.428571428571	700	82.4265521520106	24.6	107.026552152011	DBCA	41_1	280	136.960981348843
571.428571428571	733.333333333333	80.7818034568677	24.6	105.381803456868	DBCA	41_1	70	118.275368985068
571.428571428571	766.666666666667	78.891668435684	24.6	103.491668435684	DBCA	41_1	0	103.491668435684
571.428571428571	800	83.372602086287	24.6	107.972602086287	DBCA	41_1	140	130.153094323359
571.428571428571	833.333333333333	82.5786684007871	24.6	107.178668400787	DBCA	41_2	280	137.11309759762
571.428571428571	866.666666666667	89.503927627701	24.6	114.103927627701	DBCA	41_2	140	136.284419864773
571.428571428571	900	84.4356573728418	24.6	109.035657372842	DBCA	41_2	70	121.929222901042
571.428571428571	933.333333333333	83.3952624195654	24.6	107.995262419565	DBCA	41_2	210	135.856042546182
571.428571428571	966.666666666667	74.9640241323912	24.6	99.5640241323912	DBCA	41_2	0	99.5640241323912
585.714285714286	666.666666666667	83.6229269676716	24.6	108.222926967672	DBCA	42_1	210	136.083707094288
585.714285714286	700	85.679290757653	24.6	110.279290757653	DBCA	42_1	0	110.279290757653
585.714285714286	733.333333333333	79.5807776612965	24.6	104.180777661297	DBCA	42_1	280	134.115206858129
585.714285714286	766.666666666667	83.4101681636575	24.6	108.010168163657	DBCA	42_1	140	130.190660400729
585.714285714286	800	81.7008463353234	24.6	106.300846335323	DBCA	42_1	70	119.194411863523
585.714285714286	833.333333333333	81.2695754198874	24.6	105.869575419887	DBCA	42_2	0	105.869575419887
585.714285714286	866.666666666667	87.1149543112034	24.6	111.714954311203	DBCA	42_2	70	124.608519839403
585.714285714286	900	83.6091850464516	24.6	108.209185046452	DBCA	42_2	280	138.143614243284
585.714285714286	933.333333333333	83.3026965712246	24.6	107.902696571225	DBCA	42_2	140	130.083188808297
585.714285714286	966.666666666667	77.3989802628451	24.6	101.998980262845	DBCA	42_2	210	129.859760389461
600	666.666666666667	81.0887843026982	24.6	105.688784302698	DBCA	43_1	140	127.86927653977
600	700	85.0665444266093	24.6	109.666544426609	DBCA	43_1	0	109.666544426609
600	733.333333333333	81.851408248084	24.6	106.451408248084	DBCA	43_1	70	119.344973776284
600	766.666666666667	81.8860530642376	24.6	106.486053064238	DBCA	43_1	280	136.42048226107
600	800	84.5331741034958	24.6	109.133174103496	DBCA	43_1	210	136.993954230112
600	833.333333333333	83.4579407651374	24.6	108.057940765137	DBCA	43_2	280	137.99236996197
600	866.666666666667	84.7768243559668	24.6	109.376824355967	DBCA	43_2	70	122.270389884167
600	900	79.5671314052876	24.6	104.167131405288	DBCA	43_2	210	132.027911531904
600	933.333333333333	81.7016186140238	24.6	106.301618614024	DBCA	43_2	0	106.301618614024
600	966.666666666667	79.8984035411288	24.6	104.498403541129	DBCA	43_2	140	126.678895778201
614.285714285714	666.666666666667	80.6958297695536	24.6	105.295829769554	DBCA	44_1	140	127.476322006626
614.285714285714	700	86.5719811661304	24.6	111.17198116613	DBCA	44_1	280	141.106410362963
614.285714285714	733.333333333333	81.1669353934004	24.6	105.7669353934	DBCA	44_1	0	105.7669353934
614.285714285714	766.666666666667	83.8500680692896	24.6	108.45006806929	DBCA	44_1	70	121.343633597489
614.285714285714	800	85.6940720394865	24.6	110.294072039487	DBCA	44_1	210	138.154852166103
614.285714285714	833.333333333333	82.1798054864771	24.6	106.779805486477	DBCA	44_2	280	136.71423468331
614.285714285714	866.666666666667	83.5794759270958	24.6	108.179475927096	DBCA	44_2	140	130.359968164168
614.285714285714	900	76.9156015555122	24.6	101.515601555512	DBCA	44_2	70	114.409167083712
614.285714285714	933.333333333333	77.078701302699	24.6	101.678701302699	DBCA	44_2	0	101.678701302699
614.285714285714	966.666666666667	83.8111002959521	24.6	108.411100295952	DBCA	44_2	210	136.271880422568
628.571428571429	666.666666666667	79.3206439004253	24.6	103.920643900425	DBCA	45_1	0	103.920643900425
628.571428571429	700	84.1153981772963	24.6	108.715398177296	DBCA	45_1	70	121.608963705496
628.571428571429	733.333333333333	81.2467980696387	24.6	105.846798069639	DBCA	45_1	210	133.707578196255
628.571428571429	766.666666666667	81.3767496148246	24.6	105.976749614825	DBCA	45_1	280	135.911178811657
628.571428571429	800	78.7484696571317	24.6	103.348469657132	DBCA	45_1	140	125.528961894204
628.571428571429	833.333333333333	84.9883059329996	24.6	109.588305933	DBCA	45_2	70	122.4818714612
628.571428571429	866.666666666667	83.3262002519774	24.6	107.926200251977	DBCA	45_2	0	107.926200251977
628.571428571429	900	78.448974596616	24.6	103.048974596616	DBCA	45_2	140	125.229466833688
628.571428571429	933.333333333333	80.8133405579446	24.6	105.413340557945	DBCA	45_2	210	133.274120684561
628.571428571429	966.666666666667	81.2385865608458	24.6	105.838586560846	DBCA	45_2	280	135.773015757678
642.857142857143	666.666666666667	78.0452191119835	24.6	102.645219111984	DBCA	46_1	210	130.5059992386
642.857142857143	700	80.8959222534137	24.6	105.495922253414	DBCA	46_1	0	105.495922253414
642.857142857143	733.333333333333	80.4779676836214	24.6	105.077967683621	DBCA	46_1	280	135.012396880454
642.857142857143	766.666666666667	81.2682830107147	24.6	105.868283010715	DBCA	46_1	140	128.048775247787
642.857142857143	800	77.7302089971825	24.6	102.330208997183	DBCA	46_1	70	115.223774525382
642.857142857143	833.333333333333	81.8846637514681	24.6	106.484663751468	DBCA	46_2	140	128.66515598854
642.857142857143	866.666666666667	83.7978281785112	24.6	108.397828178511	DBCA	46_2	70	121.291393706711
642.857142857143	900	82.4418025468397	24.6	107.04180254684	DBCA	46_2	210	134.902582673456
642.857142857143	933.333333333333	80.4050180749465	24.6	105.005018074947	DBCA	46_2	280	134.939447271779
642.857142857143	966.666666666667	80.6743310394631	24.6	105.274331039463	DBCA	46_2	0	105.274331039463
657.142857142857	666.666666666667	80.5187928113055	24.6	105.118792811306	DBCA	47_1	210	132.979572937922
657.142857142857	700	78.8666060940285	24.6	103.466606094029	DBCA	47_1	0	103.466606094029
657.142857142857	733.333333333333	79.3538297364281	24.6	103.953829736428	DBCA	47_1	280	133.888258933261
657.142857142857	766.666666666667	80.3788436709829	24.6	104.978843670983	DBCA	47_1	70	117.872409199183
657.142857142857	800	79.45718558501	24.6	104.05718558501	DBCA	47_1	140	126.237677822082
657.142857142857	833.333333333333	81.3860454846123	24.6	105.986045484612	DBCA	47_2	280	135.920474681445
657.142857142857	866.666666666667	81.5870325609814	24.6	106.187032560981	DBCA	47_2	70	119.080598089181
657.142857142857	900	79.9875114073432	24.6	104.587511407343	DBCA	47_2	0	104.587511407343
657.142857142857	933.333333333333	79.9485289187937	24.6	104.548528918794	DBCA	47_2	210	132.40930904541
657.142857142857	966.666666666667	77.0369739347126	24.6	101.636973934713	DBCA	47_2	140	123.817466171785
671.428571428571	666.666666666667	82.8251588306502	24.6	107.42515883065	DBCA	48_1	140	129.605651067722
671.428571428571	700	78.2765312887711	24.6	102.876531288771	DBCA	48_1	70	115.770096816971
671.428571428571	733.333333333333	81.3142234564219	24.6	105.914223456422	DBCA	48_1	210	133.775003583038
671.428571428571	766.666666666667	81.1477672675607	24.6	105.747767267561	DBCA	48_1	0	105.747767267561
671.428571428571	800	77.5284183794625	24.6	102.128418379463	DBCA	48_1	280	132.062847576295
671.428571428571	833.333333333333	79.0544071701295	24.6	103.65440717013	DBCA	48_2	210	131.515187296746
671.428571428571	866.666666666667	79.179638103062	24.6	103.779638103062	DBCA	48_2	70	116.673203631262
671.428571428571	900	80.7897117447471	24.6	105.389711744747	DBCA	48_2	140	127.570203981819
671.428571428571	933.333333333333	77.5088902254703	24.6	102.10889022547	DBCA	48_2	280	132.043319422303
671.428571428571	966.666666666667	74.739204987201	24.6	99.339204987201	DBCA	48_2	0	99.339204987201
685.714285714286	666.666666666667	79.3861719086561	24.6	103.986171908656	DBCA	49_1	280	133.920601105489
685.714285714286	700	76.3043456021564	24.6	100.904345602156	DBCA	49_1	70	113.797911130356
685.714285714286	733.333333333333	77.0057333348618	24.6	101.605733334862	DBCA	49_1	140	123.786225571934
685.714285714286	766.666666666667	83.7935305422639	24.6	108.393530542264	DBCA	49_1	0	108.393530542264
685.714285714286	800	78.9799611058107	24.6	103.579961105811	DBCA	49_1	210	131.440741232427
685.714285714286	833.333333333333	79.619733704378	24.6	104.219733704378	DBCA	49_2	0	104.219733704378
685.714285714286	866.666666666667	81.4629892672576	24.6	106.062989267258	DBCA	49_2	140	128.24348150433
685.714285714286	900	77.1735796483542	24.6	101.773579648354	DBCA	49_2	70	114.667145176554
685.714285714286	933.333333333333	74.2133069353466	24.6	98.8133069353466	DBCA	49_2	280	128.747736132179
685.714285714286	966.666666666667	74.7132685034012	24.6	99.3132685034012	DBCA	49_2	210	127.174048630017
57.1428571428571	666.666666666667	79.1616306374518	0	79.1616306374518	DBCA	5_1	70	86.2003961656517
57.1428571428571	700	79.4994416518133	0	79.4994416518133	DBCA	5_1	210	89.7958217784295
57.1428571428571	733.333333333333	77.1426432883825	0	77.1426432883825	DBCA	5_1	0	77.1426432883825
57.1428571428571	766.666666666667	78.7475764954429	0	78.7475764954429	DBCA	5_1	140	89.2184687325148
57.1428571428571	800	83.2939903960853	0	83.2939903960853	DBCA	5_1	280	89.8092195929179
57.1428571428571	833.333333333333	82.4370704513443	0	82.4370704513443	DBCA	5_2	70	89.4758359795442
57.1428571428571	866.666666666667	80.1313200497297	0	80.1313200497297	DBCA	5_2	0	80.1313200497297
57.1428571428571	900	79.0031764267951	0	79.0031764267951	DBCA	5_2	140	89.474068663867
57.1428571428571	933.333333333333	79.1191469655307	0	79.1191469655307	DBCA	5_2	280	85.6343761623633
57.1428571428571	966.666666666667	85.5092766222913	0	85.5092766222913	DBCA	5_2	210	95.8056567489075
700	666.666666666667	80.3414383138858	24.6	104.941438313886	DBCA	50_1	70	117.835003842086
700	700	79.2683151232334	24.6	103.868315123233	DBCA	50_1	0	103.868315123233
700	733.333333333333	79.3024534158988	24.6	103.902453415899	DBCA	50_1	210	131.763233542515
700	766.666666666667	82.0306452279383	24.6	106.630645227938	DBCA	50_1	140	128.81113746501
700	800	78.2591451044462	24.6	102.859145104446	DBCA	50_1	280	132.793574301279
700	833.333333333333	79.934870269259	24.6	104.534870269259	DBCA	50_2	140	126.715362506331
700	866.666666666667	81.9571486713488	24.6	106.557148671349	DBCA	50_2	210	134.417928797965
700	900	71.8575235763468	24.6	96.4575235763467	DBCA	50_2	0	96.4575235763467
700	933.333333333333	76.5775123989595	24.6	101.17751239896	DBCA	50_2	280	131.111941595792
700	966.666666666667	76.4828881317273	24.6	101.082888131727	DBCA	50_2	70	113.976453659927
714.285714285714	666.666666666667	77.6569477932889	24.6	102.256947793289	DBCA	51_1	140	124.437440030361
714.285714285714	700	77.8145134375422	24.6	102.414513437542	DBCA	51_1	280	132.348942634375
714.285714285714	733.333333333333	80.6346328082274	24.6	105.234632808227	DBCA	51_1	210	133.095412934844
714.285714285714	766.666666666667	81.7488659908472	24.6	106.348865990847	DBCA	51_1	70	119.242431519047
714.285714285714	800	80.0423629289168	24.6	104.642362928917	DBCA	51_1	0	104.642362928917
714.285714285714	833.333333333333	80.6630002408688	24.6	105.263000240869	DBCA	51_2	0	105.263000240869
714.285714285714	866.666666666667	80.046689537002	24.6	104.646689537002	DBCA	51_2	210	132.507469663618
714.285714285714	900	75.1555438464003	24.6	99.7555438464003	DBCA	51_2	70	112.6491093746
714.285714285714	933.333333333333	77.2449118441041	24.6	101.844911844104	DBCA	51_2	280	131.779341040937
714.285714285714	966.666666666667	76.869760085965	24.6	101.469760085965	DBCA	51_2	140	123.650252323037
728.571428571429	666.666666666667	78.7235264290355	24.6	103.323526429035	DBCA	52_1	280	133.257955625868
728.571428571429	700	76.4952248639799	24.6	101.09522486398	DBCA	52_1	140	123.275717101052
728.571428571429	733.333333333333	82.130708800686	24.6	106.730708800686	DBCA	52_1	70	119.624274328886
728.571428571429	766.666666666667	83.7536553556468	24.6	108.353655355647	DBCA	52_1	210	136.214435482263
728.571428571429	800	80.5187138059176	24.6	105.118713805918	DBCA	52_1	0	105.118713805918
728.571428571429	833.333333333333	81.0433490656917	24.6	105.643349065692	DBCA	52_2	280	135.577778262524
728.571428571429	866.666666666667	81.4827242651454	24.6	106.082724265145	DBCA	52_2	140	128.263216502217
728.571428571429	900	74.9854925717898	24.6	99.5854925717898	DBCA	52_2	70	112.47905809999
728.571428571429	933.333333333333	78.5592747164818	24.6	103.159274716482	DBCA	52_2	0	103.159274716482
728.571428571429	966.666666666667	77.5049520766604	24.6	102.10495207666	DBCA	52_2	210	129.965732203277
742.857142857143	666.666666666667	78.3756462432481	24.6	102.975646243248	DBCA	53_1	140	125.15613848032
742.857142857143	700	80.4794679146146	24.6	105.079467914615	DBCA	53_1	280	135.013897111447
742.857142857143	733.333333333333	79.0241856330189	24.6	103.624185633019	DBCA	53_1	210	131.484965759635
742.857142857143	766.666666666667	84.4433913427362	24.6	109.043391342736	DBCA	53_1	70	121.936956870936
742.857142857143	800	83.8669628150175	24.6	108.466962815018	DBCA	53_1	0	108.466962815018
742.857142857143	833.333333333333	79.8045401583737	24.6	104.404540158374	DBCA	53_2	280	134.338969355206
742.857142857143	866.666666666667	76.8927694935333	24.6	101.492769493533	DBCA	53_2	70	114.386335021733
742.857142857143	900	76.9125887802807	24.6	101.512588780281	DBCA	53_2	210	129.373368906897
742.857142857143	933.333333333333	76.2116661192473	24.6	100.811666119247	DBCA	53_2	140	122.992158356319
742.857142857143	966.666666666667	78.1738166497195	24.6	102.773816649719	DBCA	53_2	0	102.773816649719
757.142857142857	666.666666666667	81.4910815650606	24.6	106.091081565061	DBCA	54_1	280	136.025510761893
757.142857142857	700	82.8488825220161	24.6	107.448882522016	DBCA	54_1	0	107.448882522016
757.142857142857	733.333333333333	80.196557256028	24.6	104.796557256028	DBCA	54_1	140	126.9770494931
757.142857142857	766.666666666667	84.4087399192522	24.6	109.008739919252	DBCA	54_1	210	136.869520045868
757.142857142857	800	84.6161372322309	24.6	109.216137232231	DBCA	54_1	70	122.109702760431
757.142857142857	833.333333333333	80.9008572970622	24.6	105.500857297062	DBCA	54_2	0	105.500857297062
757.142857142857	866.666666666667	77.5843221531638	24.6	102.184322153164	DBCA	54_2	70	115.077887681364
757.142857142857	900	75.9201069500335	24.6	100.520106950033	DBCA	54_2	140	122.700599187105
757.142857142857	933.333333333333	76.5086597097555	24.6	101.108659709755	DBCA	54_2	280	131.043088906588
757.142857142857	966.666666666667	76.9435207233651	24.6	101.543520723365	DBCA	54_2	210	129.404300849981
771.428571428571	666.666666666667	84.6587106281436	24.6	109.258710628144	DBCA	55_1	140	131.439202865215
771.428571428571	700	87.226321699079	24.6	111.826321699079	DBCA	55_1	280	141.760750895912
771.428571428571	733.333333333333	83.5727286973418	24.6	108.172728697342	DBCA	55_1	0	108.172728697342
771.428571428571	766.666666666667	85.2529409453479	24.6	109.852940945348	DBCA	55_1	70	122.746506473548
771.428571428571	800	80.2729695161864	24.6	104.872969516186	DBCA	55_1	210	132.733749642803
771.428571428571	833.333333333333	82.7194361857802	24.6	107.31943618578	DBCA	55_2	140	129.499928422852
771.428571428571	866.666666666667	78.7526755767928	24.6	103.352675576793	DBCA	55_2	210	131.213455703409
771.428571428571	900	73.2635559138869	24.6	97.8635559138869	DBCA	55_2	280	127.797985110719
771.428571428571	933.333333333333	76.2118619196774	24.6	100.811861919677	DBCA	55_2	70	113.705427447877
771.428571428571	966.666666666667	79.7503104221369	24.6	104.350310422137	DBCA	55_2	0	104.350310422137
785.714285714286	666.666666666667	87.0053789777846	24.6	111.605378977785	DBCA	56_1	70	124.498944505984
785.714285714286	700	85.1818295131874	24.6	109.781829513187	DBCA	56_1	210	137.642609639804
785.714285714286	733.333333333333	88.0194939264055	24.6	112.619493926406	DBCA	56_1	140	134.799986163477
785.714285714286	766.666666666667	83.0059762256636	24.6	107.605976225664	DBCA	56_1	280	137.540405422496
785.714285714286	800	78.7627442069602	24.6	103.36274420696	DBCA	56_1	0	103.36274420696
785.714285714286	833.333333333333	81.7541055960642	24.6	106.354105596064	DBCA	56_2	70	119.247671124264
785.714285714286	866.666666666667	77.9215748601306	24.6	102.521574860131	DBCA	56_2	280	132.456004056963
785.714285714286	900	74.0388326120002	24.6	98.6388326120002	DBCA	56_2	140	120.819324849072
785.714285714286	933.333333333333	76.2177370442077	24.6	100.817737044208	DBCA	56_2	0	100.817737044208
785.714285714286	966.666666666667	79.8250481341655	24.6	104.425048134165	DBCA	56_2	210	132.285828260782
800	666.666666666667	83.0691717673389	24.6	107.669171767339	DBCA	57_1	280	137.603600964171
800	700	86.3631626789949	24.6	110.963162678995	DBCA	57_1	140	133.143654916067
800	733.333333333333	86.2133566774191	24.6	110.813356677419	DBCA	57_1	0	110.813356677419
800	766.666666666667	82.4998308769066	24.6	107.099830876907	DBCA	57_1	210	134.960611003523
800	800	80.3670818940644	24.6	104.967081894064	DBCA	57_1	70	117.860647422264
800	833.333333333333	79.3586667904861	24.6	103.958666790486	DBCA	57_2	140	126.139159027558
800	866.666666666667	78.0138955846521	24.6	102.613895584652	DBCA	57_2	280	132.548324781485
800	900	74.1684756542089	24.6	98.7684756542089	DBCA	57_2	70	111.662041182409
800	933.333333333333	79.8059409643086	24.6	104.405940964309	DBCA	57_2	210	132.266721090925
800	966.666666666667	81.4569394326979	24.6	106.056939432698	DBCA	57_2	0	106.056939432698
814.285714285714	666.666666666667	84.0123959465727	24.6	108.612395946573	DBCA	58_1	280	138.546825143405
814.285714285714	700	81.9092060256364	24.6	106.509206025636	DBCA	58_1	0	106.509206025636
814.285714285714	733.333333333333	84.8252217393211	24.6	109.425221739321	DBCA	58_1	70	122.318787267521
814.285714285714	766.666666666667	82.0236280819648	24.6	106.623628081965	DBCA	58_1	210	134.484408208581
814.285714285714	800	81.9830894102846	24.6	106.583089410285	DBCA	58_1	140	128.763581647357
814.285714285714	833.333333333333	78.7615916276584	24.6	103.361591627658	DBCA	58_2	140	125.54208386473
814.285714285714	866.666666666667	74.0250469754701	24.6	98.6250469754701	DBCA	58_2	70	111.51861250367
814.285714285714	900	78.8290078304376	24.6	103.429007830438	DBCA	58_2	210	131.289787957054
814.285714285714	933.333333333333	81.2951002244538	24.6	105.895100224454	DBCA	58_2	0	105.895100224454
814.285714285714	966.666666666667	78.3317555295292	24.6	102.931755529529	DBCA	58_2	280	132.866184726362
828.571428571429	666.666666666667	82.085155638044	24.6	106.685155638044	DBCA	59_1	140	128.865647875116
828.571428571429	700	84.1829052881794	24.6	108.782905288179	DBCA	59_1	210	136.643685414796
828.571428571429	733.333333333333	84.5001798490598	24.6	109.10017984906	DBCA	59_1	70	121.99374537726
828.571428571429	766.666666666667	81.2715982114328	24.6	105.871598211433	DBCA	59_1	0	105.871598211433
828.571428571429	800	81.2581438555342	24.6	105.858143855534	DBCA	59_1	280	135.792573052367
828.571428571429	833.333333333333	79.4272273999489	24.6	104.027227399949	DBCA	59_2	210	131.888007526565
828.571428571429	866.666666666667	79.3409199498344	24.6	103.940919949834	DBCA	59_2	70	116.834485478034
828.571428571429	900	80.6927798067916	24.6	105.292779806792	DBCA	59_2	0	105.292779806792
828.571428571429	933.333333333333	82.4902297327293	24.6	107.090229732729	DBCA	59_2	280	137.024658929562
828.571428571429	966.666666666667	79.3230531498531	24.6	103.923053149853	DBCA	59_2	140	126.103545386925
71.4285714285714	666.666666666667	78.0479158134466	0	78.0479158134466	DBCA	6_1	0	78.0479158134466
71.4285714285714	700	79.9094372134559	0	79.9094372134559	DBCA	6_1	280	86.4246664102885
71.4285714285714	733.333333333333	76.6412222797069	0	76.6412222797069	DBCA	6_1	140	87.1121145167789
71.4285714285714	766.666666666667	82.2064707427806	0	82.2064707427806	DBCA	6_1	70	89.2452362709804
71.4285714285714	800	83.0704829486445	0	83.0704829486445	DBCA	6_1	210	93.3668630752607
71.4285714285714	833.333333333333	83.6289094367778	0	83.6289094367778	DBCA	6_2	140	94.0998016738498
71.4285714285714	866.666666666667	79.0690907312788	0	79.0690907312788	DBCA	6_2	0	79.0690907312788
71.4285714285714	900	79.6614950172364	0	79.6614950172364	DBCA	6_2	210	89.9578751438526
71.4285714285714	933.333333333333	78.7917826593887	0	78.7917826593887	DBCA	6_2	70	85.8305481875886
71.4285714285714	966.666666666667	80.1409183219693	0	80.1409183219693	DBCA	6_2	280	86.6561475188019
842.857142857143	666.666666666667	77.0842455685249	24.6	101.684245568525	DBCA	60_1	280	131.618674765357
842.857142857143	700	79.473390969665	24.6	104.073390969665	DBCA	60_1	0	104.073390969665
842.857142857143	733.333333333333	79.3241195306458	24.6	103.924119530646	DBCA	60_1	140	126.104611767718
842.857142857143	766.666666666667	82.4616737912039	24.6	107.061673791204	DBCA	60_1	70	119.955239319404
842.857142857143	800	82.094884791033	24.6	106.694884791033	DBCA	60_1	210	134.555664917649
842.857142857143	833.333333333333	79.7941594227413	24.6	104.394159422741	DBCA	60_2	280	134.328588619574
842.857142857143	866.666666666667	83.9637940392242	24.6	108.563794039224	DBCA	60_2	210	136.42457416584
842.857142857143	900	78.7331726874179	24.6	103.333172687418	DBCA	60_2	140	125.51366492449
842.857142857143	933.333333333333	82.4763722924009	24.6	107.076372292401	DBCA	60_2	70	119.969937820601
842.857142857143	966.666666666667	77.2068391374134	24.6	101.806839137413	DBCA	60_2	0	101.806839137413
857.142857142857	666.666666666667	79.5544894198953	24.6	104.154489419895	DBCA	61_1	280	134.088918616728
857.142857142857	700	77.0075629015844	24.6	101.607562901584	DBCA	61_1	140	123.788055138656
857.142857142857	733.333333333333	79.8511038145963	24.6	104.451103814596	DBCA	61_1	210	132.311883941212
857.142857142857	766.666666666667	80.0596162723715	24.6	104.659616272371	DBCA	61_1	70	117.553181800571
857.142857142857	800	82.4233915182208	24.6	107.023391518221	DBCA	61_1	0	107.023391518221
857.142857142857	833.333333333333	81.5803111655843	24.6	106.180311165584	DBCA	61_2	70	119.073876693784
857.142857142857	866.666666666667	82.3739975224859	24.6	106.973997522486	DBCA	61_2	0	106.973997522486
857.142857142857	900	78.8238238675457	24.6	103.423823867546	DBCA	61_2	280	133.358253064378
857.142857142857	933.333333333333	82.4909432989523	24.6	107.090943298952	DBCA	61_2	140	129.271435536024
857.142857142857	966.666666666667	79.8634382342614	24.6	104.463438234261	DBCA	61_2	210	132.324218360878
871.428571428571	666.666666666667	77.3194696186218	24.6	101.919469618622	DBCA	62_1	280	131.853898815454
871.428571428571	700	79.1489019720672	24.6	103.748901972067	DBCA	62_1	0	103.748901972067
871.428571428571	733.333333333333	78.5377276107904	24.6	103.13772761079	DBCA	62_1	140	125.318219847862
871.428571428571	766.666666666667	81.7945967789654	24.6	106.394596778965	DBCA	62_1	210	134.255376905582
871.428571428571	800	79.2952044787628	24.6	103.895204478763	DBCA	62_1	70	116.788770006963
871.428571428571	833.333333333333	81.9029391416118	24.6	106.502939141612	DBCA	62_2	140	128.683431378684
871.428571428571	866.666666666667	82.4136831118505	24.6	107.01368311185	DBCA	62_2	0	107.01368311185
871.428571428571	900	82.7806663940928	24.6	107.380666394093	DBCA	62_2	280	137.315095590925
871.428571428571	933.333333333333	82.5600397205385	24.6	107.160039720539	DBCA	62_2	210	135.020819847155
871.428571428571	966.666666666667	83.3854396336603	24.6	107.98543963366	DBCA	62_2	70	120.87900516186
885.714285714286	666.666666666667	76.448267652178	24.6	101.048267652178	DBCA	63_1	0	101.048267652178
885.714285714286	700	78.4145031472256	24.6	103.014503147226	DBCA	63_1	140	125.194995384298
885.714285714286	733.333333333333	82.8993850451009	24.6	107.499385045101	DBCA	63_1	210	135.360165171717
885.714285714286	766.666666666667	81.1274273917418	24.6	105.727427391742	DBCA	63_1	70	118.620992919942
885.714285714286	800	80.9421527051017	24.6	105.542152705102	DBCA	63_1	280	135.476581901934
885.714285714286	833.333333333333	81.6762358037947	24.6	106.276235803795	DBCA	63_2	210	134.137015930411
885.714285714286	866.666666666667	80.4077482819859	24.6	105.007748281986	DBCA	63_2	140	127.188240519058
885.714285714286	900	82.7638924853546	24.6	107.363892485355	DBCA	63_2	280	137.298321682187
885.714285714286	933.333333333333	84.011992489485	24.6	108.611992489485	DBCA	63_2	70	121.505558017685
885.714285714286	966.666666666667	83.1494899033625	24.6	107.749489903362	DBCA	63_2	0	107.749489903362
900	666.666666666667	76.3576423775184	24.6	100.957642377518	DBCA	64_1	140	123.13813461459
900	700	81.6286553533252	24.6	106.228655353325	DBCA	64_1	0	106.228655353325
900	733.333333333333	82.1531367557181	24.6	106.753136755718	DBCA	64_1	280	136.687565952551
900	766.666666666667	79.6420480319844	24.6	104.242048031984	DBCA	64_1	210	132.102828158601
900	800	84.5580654232057	24.6	109.158065423206	DBCA	64_1	70	122.051630951406
900	833.333333333333	78.6361521760461	24.6	103.236152176046	DBCA	64_2	280	133.170581372879
900	866.666666666667	81.1230191124247	24.6	105.723019112425	DBCA	64_2	0	105.723019112425
900	900	82.629950695942	24.6	107.229950695942	DBCA	64_2	140	129.410442933014
900	933.333333333333	85.662657016512	24.6	110.262657016512	DBCA	64_2	210	138.123437143128
900	966.666666666667	80.3216776163096	24.6	104.92167761631	DBCA	64_2	70	117.815243144509
914.285714285714	666.666666666667	77.2571213153797	24.6	101.85712131538	DBCA	65_1	70	114.75068684358
914.285714285714	700	81.6002949165456	24.6	106.200294916546	DBCA	65_1	140	128.380787153618
914.285714285714	733.333333333333	82.5836951304482	24.6	107.183695130448	DBCA	65_1	210	135.044475257064
914.285714285714	766.666666666667	83.858603685893	24.6	108.458603685893	DBCA	65_1	0	108.458603685893
914.285714285714	800	80.8878184577409	24.6	105.487818457741	DBCA	65_1	280	135.422247654573
914.285714285714	833.333333333333	77.0896039087641	24.6	101.689603908764	DBCA	65_2	280	131.624033105597
914.285714285714	866.666666666667	79.2462237557667	24.6	103.846223755767	DBCA	65_2	70	116.739789283967
914.285714285714	900	83.9385107798696	24.6	108.53851077987	DBCA	65_2	0	108.53851077987
914.285714285714	933.333333333333	81.427416721187	24.6	106.027416721187	DBCA	65_2	140	128.207908958259
914.285714285714	966.666666666667	80.9818752346989	24.6	105.581875234699	DBCA	65_2	210	133.442655361315
928.571428571429	666.666666666667	82.1395739078343	24.6	106.739573907834	DBCA	66_1	210	134.60035403445
928.571428571429	700	80.5755362389685	24.6	105.175536238969	DBCA	66_1	280	135.109965435801
928.571428571429	733.333333333333	84.7824344712622	24.6	109.382434471262	DBCA	66_1	140	131.562926708334
928.571428571429	766.666666666667	82.0568153244247	24.6	106.656815324425	DBCA	66_1	70	119.550380852625
928.571428571429	800	79.488815663839	24.6	104.088815663839	DBCA	66_1	0	104.088815663839
928.571428571429	833.333333333333	80.9612647637326	24.6	105.561264763733	DBCA	66_2	280	135.495693960565
928.571428571429	866.666666666667	80.68393753959	24.6	105.28393753959	DBCA	66_2	70	118.17750306779
928.571428571429	900	86.4947411066129	24.6	111.094741106613	DBCA	66_2	0	111.094741106613
928.571428571429	933.333333333333	82.9894266270487	24.6	107.589426627049	DBCA	66_2	140	129.769918864121
928.571428571429	966.666666666667	79.3442968842973	24.6	103.944296884297	DBCA	66_2	210	131.805077010913
942.857142857143	666.666666666667	82.234287835275	24.6	106.834287835275	DBCA	67_1	280	136.768717032108
942.857142857143	700	78.9141182176384	24.6	103.514118217638	DBCA	67_1	140	125.69461045471
942.857142857143	733.333333333333	85.5537450251608	24.6	110.153745025161	DBCA	67_1	210	138.014525151777
942.857142857143	766.666666666667	81.9529793428037	24.6	106.552979342804	DBCA	67_1	0	106.552979342804
942.857142857143	800	77.4133106115783	24.6	102.013310611578	DBCA	67_1	70	114.906876139778
942.857142857143	833.333333333333	78.9527720707308	24.6	103.552772070731	DBCA	67_2	280	133.487201267563
942.857142857143	866.666666666667	83.8806503960126	24.6	108.480650396013	DBCA	67_2	210	136.341430522629
942.857142857143	900	84.9390571422213	24.6	109.539057142221	DBCA	67_2	140	131.719549379293
942.857142857143	933.333333333333	85.7592133457452	24.6	110.359213345745	DBCA	67_2	70	123.252778873945
942.857142857143	966.666666666667	81.3615861456549	24.6	105.961586145655	DBCA	67_2	0	105.961586145655
957.142857142857	666.666666666667	83.128393147536	24.6	107.728393147536	DBCA	68_1	140	129.908885384608
957.142857142857	700	79.707694496727	24.6	104.307694496727	DBCA	68_1	280	134.24212369356
957.142857142857	733.333333333333	85.4205126040273	24.6	110.020512604027	DBCA	68_1	210	137.881292730643
957.142857142857	766.666666666667	81.662425080273	24.6	106.262425080273	DBCA	68_1	70	119.155990608473
957.142857142857	800	73.4395206724712	24.6	98.0395206724712	DBCA	68_1	0	98.0395206724712
957.142857142857	833.333333333333	86.1727032877462	24.6	110.772703287746	DBCA	68_2	280	140.707132484579
957.142857142857	866.666666666667	85.0417563385785	24.6	109.641756338578	DBCA	68_2	70	122.535321866778
957.142857142857	900	80.9067403222623	24.6	105.506740322262	DBCA	68_2	210	133.367520448878
957.142857142857	933.333333333333	85.0337904832003	24.6	109.6337904832	DBCA	68_2	0	109.6337904832
957.142857142857	966.666666666667	80.6001568852648	24.6	105.200156885265	DBCA	68_2	140	127.380649122337
971.428571428571	666.666666666667	85.9515639333898	24.6	110.55156393339	DBCA	69_1	0	110.55156393339
971.428571428571	700	83.8992670833527	24.6	108.499267083353	DBCA	69_1	210	136.360047209969
971.428571428571	733.333333333333	87.2951668110721	24.6	111.895166811072	DBCA	69_1	140	134.075659048144
971.428571428571	766.666666666667	82.0468402503605	24.6	106.646840250361	DBCA	69_1	70	119.54040577856
971.428571428571	800	77.0856318231927	24.6	101.685631823193	DBCA	69_1	280	131.620061020025
971.428571428571	833.333333333333	83.768977473865	24.6	108.368977473865	DBCA	69_2	70	121.262543002065
971.428571428571	866.666666666667	82.6577640651737	24.6	107.257764065174	DBCA	69_2	210	135.11854419179
971.428571428571	900	79.943309754052	24.6	104.543309754052	DBCA	69_2	0	104.543309754052
971.428571428571	933.333333333333	83.4758143541285	24.6	108.075814354129	DBCA	69_2	280	138.010243550961
971.428571428571	966.666666666667	78.6186459662746	24.6	103.218645966275	DBCA	69_2	140	125.399138203346
85.7142857142857	666.666666666667	77.6495023551768	0	77.6495023551768	DBCA	7_1	210	87.945882481793
85.7142857142857	700	82.4129048379923	0	82.4129048379923	DBCA	7_1	0	82.4129048379923
85.7142857142857	733.333333333333	75.2925468182468	0	75.2925468182468	DBCA	7_1	70	82.3313123464467
85.7142857142857	766.666666666667	80.6358825197592	0	80.6358825197592	DBCA	7_1	280	87.1511117165918
85.7142857142857	800	82.5931375756791	0	82.5931375756791	DBCA	7_1	140	93.0640298127511
85.7142857142857	833.333333333333	78.8585170260643	0	78.8585170260643	DBCA	7_2	140	89.3294092631362
85.7142857142857	866.666666666667	81.0561220102015	0	81.0561220102015	DBCA	7_2	210	91.3525021368177
85.7142857142857	900	78.2749503009828	0	78.2749503009828	DBCA	7_2	280	84.7901794978154
85.7142857142857	933.333333333333	75.740100444143	0	75.740100444143	DBCA	7_2	70	82.7788659723429
85.7142857142857	966.666666666667	81.0224253651185	0	81.0224253651185	DBCA	7_2	0	81.0224253651185
985.714285714286	666.666666666667	82.9020592267653	24.6	107.502059226765	DBCA	70_1	210	135.362839353382
985.714285714286	700	84.4981888130301	24.6	109.09818881303	DBCA	70_1	280	139.032618009863
985.714285714286	733.333333333333	80.8540420236343	24.6	105.454042023634	DBCA	70_1	0	105.454042023634
985.714285714286	766.666666666667	82.4312996303608	24.6	107.031299630361	DBCA	70_1	70	119.924865158561
985.714285714286	800	75.8172359079434	24.6	100.417235907943	DBCA	70_1	140	122.597728145015
985.714285714286	833.333333333333	82.6304488558341	24.6	107.230448855834	DBCA	70_2	280	137.164878052667
985.714285714286	866.666666666667	79.1891072579364	24.6	103.789107257936	DBCA	70_2	70	116.682672786136
985.714285714286	900	80.2864690186348	24.6	104.886469018635	DBCA	70_2	210	132.747249145251
985.714285714286	933.333333333333	81.0435104010549	24.6	105.643510401055	DBCA	70_2	0	105.643510401055
985.714285714286	966.666666666667	80.8527852310818	24.6	105.452785231082	DBCA	70_2	140	127.633277468154
1000	666.666666666667	84.8234713776703	24.6	109.42347137767	DBCA	71_1	210	137.284251504286
1000	700	83.1110326042603	24.6	107.71103260426	DBCA	71_1	140	129.891524841332
1000	733.333333333333	82.5183778540734	24.6	107.118377854073	DBCA	71_1	70	120.011943382273
1000	766.666666666667	83.4973081381799	24.6	108.09730813818	DBCA	71_1	0	108.09730813818
1000	800	75.5071034275458	24.6	100.107103427546	DBCA	71_1	280	130.041532624378
1000	833.333333333333	79.9802708600846	24.6	104.580270860085	DBCA	71_2	0	104.580270860085
1000	866.666666666667	80.0333909337521	24.6	104.633390933752	DBCA	71_2	280	134.567820130585
1000	900	80.3763998365709	24.6	104.976399836571	DBCA	71_2	140	127.156892073643
1000	933.333333333333	81.325542761253	24.6	105.925542761253	DBCA	71_2	210	133.786322887869
1000	966.666666666667	81.1259279263387	24.6	105.725927926339	DBCA	71_2	70	118.619493454539
100	666.666666666667	79.6590585132	0	79.6590585132	DBCA	8_1	210	89.9554386398162
100	700	80.9536117492734	0	80.9536117492734	DBCA	8_1	0	80.9536117492734
100	733.333333333333	75.3194444221849	0	75.3194444221849	DBCA	8_1	140	85.7903366592569
100	766.666666666667	81.6490493345141	0	81.6490493345141	DBCA	8_1	280	88.1642785313466
100	800	76.3407759586759	0	76.3407759586759	DBCA	8_1	70	83.3795414868758
100	833.333333333333	79.4960370176629	0	79.4960370176629	DBCA	8_2	70	86.5348025458628
100	866.666666666667	76.5459148100292	0	76.5459148100292	DBCA	8_2	280	83.0611440068618
100	900	78.3553675612829	0	78.3553675612829	DBCA	8_2	210	88.6517476878991
100	933.333333333333	76.9103099962508	0	76.9103099962508	DBCA	8_2	0	76.9103099962508
100	966.666666666667	80.1930849791439	0	80.1930849791439	DBCA	8_2	140	90.6639772162158
114.285714285714	666.666666666667	78.0070199928571	0	78.0070199928571	DBCA	9_1	70	85.045785521057
114.285714285714	700	80.3271175289865	0	80.3271175289865	DBCA	9_1	0	80.3271175289865
114.285714285714	733.333333333333	78.5977015024046	0	78.5977015024046	DBCA	9_1	210	88.8940816290207
114.285714285714	766.666666666667	81.5458576277695	0	81.5458576277695	DBCA	9_1	280	88.061086824602
114.285714285714	800	78.6356107239137	0	78.6356107239137	DBCA	9_1	140	89.1065029609857
114.285714285714	833.333333333333	79.7314082271576	0	79.7314082271576	DBCA	9_2	210	90.0277883537738
114.285714285714	866.666666666667	80.3919152634634	0	80.3919152634634	DBCA	9_2	280	86.907144460296
114.285714285714	900	80.8492814357855	0	80.8492814357855	DBCA	9_2	70	87.8880469639854
114.285714285714	933.333333333333	78.1751307776839	0	78.1751307776839	DBCA	9_2	140	88.6460230147558
114.285714285714	966.666666666667	78.2056299079559	0	78.2056299079559	DBCA	9_2	0	78.2056299079559
0	1000	80.1633861742432	0	80.1633861742432	DBCA	1_3	NA	NA
14.2857142857143	1000	82.758767607366	0	82.758767607366	DBCA	2_3	NA	NA
28.5714285714286	1000	82.1964352534343	0	82.1964352534343	DBCA	3_3	NA	NA
42.8571428571429	1000	82.449571272993	0	82.449571272993	DBCA	4_3	NA	NA
57.1428571428571	1000	82.8407684419508	0	82.8407684419508	DBCA	5_3	NA	NA
71.4285714285714	1000	83.9051254074815	0	83.9051254074815	DBCA	6_3	NA	NA
85.7142857142857	1000	86.7831144561766	0	86.7831144561766	DBCA	7_3	NA	NA
100	1000	83.1386683431189	0	83.1386683431189	DBCA	8_3	NA	NA
114.285714285714	1000	79.830430878573	0	79.830430878573	DBCA	9_3	NA	NA
128.571428571429	1000	78.2202622078881	0	78.2202622078881	DBCA	10_3	NA	NA
142.857142857143	1000	76.9304929925852	0	76.9304929925852	DBCA	11_3	NA	NA
157.142857142857	1000	79.6349818870662	0	79.6349818870662	DBCA	12_3	NA	NA
171.428571428571	1000	79.5729943862525	0	79.5729943862525	DBCA	13_3	NA	NA
185.714285714286	1000	82.5267527188379	0	82.5267527188379	DBCA	14_3	NA	NA
200	1000	80.9105809073446	0	80.9105809073446	DBCA	15_3	NA	NA
214.285714285714	1000	80.7702192308018	0	80.7702192308018	DBCA	16_3	NA	NA
228.571428571429	1000	77.491722980075	0	77.491722980075	DBCA	17_3	NA	NA
242.857142857143	1000	76.8640879345897	0	76.8640879345897	DBCA	18_3	NA	NA
257.142857142857	1000	77.2729207587847	0	77.2729207587847	DBCA	19_3	NA	NA
271.428571428571	1000	76.2338888008098	0	76.2338888008098	DBCA	20_3	NA	NA
285.714285714286	1000	74.0109398305762	0	74.0109398305762	DBCA	21_3	NA	NA
300	1000	75.5425817901106	0	75.5425817901106	DBCA	22_3	NA	NA
314.285714285714	1000	78.7814709333241	0	78.7814709333241	DBCA	23_3	NA	NA
328.571428571429	1000	83.1686594255981	0	83.1686594255981	DBCA	24_3	NA	NA
342.857142857143	1000	79.0262895030106	0	79.0262895030106	DBCA	25_3	NA	NA
357.142857142857	1000	79.0897933834067	0	79.0897933834067	DBCA	26_3	NA	NA
371.428571428571	1000	77.3763439671469	0	77.3763439671469	DBCA	27_3	NA	NA
385.714285714286	1000	80.2674910064263	0	80.2674910064263	DBCA	28_3	NA	NA
400	1000	83.5689488756795	0	83.5689488756795	DBCA	29_3	NA	NA
414.285714285714	1000	80.5921161774137	0	80.5921161774137	DBCA	30_3	NA	NA
428.571428571429	1000	81.2744552341529	0	81.2744552341529	DBCA	31_3	NA	NA
442.857142857143	1000	79.8966877448117	0	79.8966877448117	DBCA	32_3	NA	NA
457.142857142857	1000	80.4347942932623	0	80.4347942932623	DBCA	33_3	NA	NA
471.428571428571	1000	75.4424645178866	0	75.4424645178866	DBCA	34_3	NA	NA
485.714285714286	1000	77.5804959310953	0	77.5804959310953	DBCA	35_3	NA	NA
500	1000	78.6246164393188	0	78.6246164393188	DBCA	36_3	NA	NA
514.285714285714	1000	77.7155154592876	24.6	102.315515459288	DBCA	37_3	NA	NA
528.571428571429	1000	79.4825582940504	24.6	104.08255829405	DBCA	38_3	NA	NA
542.857142857143	1000	77.625736374258	24.6	102.225736374258	DBCA	39_3	NA	NA
557.142857142857	1000	79.9226087802939	24.6	104.522608780294	DBCA	40_3	NA	NA
571.428571428571	1000	79.8039108867409	24.6	104.403910886741	DBCA	41_3	NA	NA
585.714285714286	1000	80.2695640027568	24.6	104.869564002757	DBCA	42_3	NA	NA
600	1000	78.3692007644298	24.6	102.96920076443	DBCA	43_3	NA	NA
614.285714285714	1000	81.096843071473	24.6	105.696843071473	DBCA	44_3	NA	NA
628.571428571429	1000	80.4708299012689	24.6	105.070829901269	DBCA	45_3	NA	NA
642.857142857143	1000	80.6275435117084	24.6	105.227543511708	DBCA	46_3	NA	NA
657.142857142857	1000	80.5317473556852	24.6	105.131747355685	DBCA	47_3	NA	NA
671.428571428571	1000	78.3312353295525	24.6	102.931235329552	DBCA	48_3	NA	NA
685.714285714286	1000	78.9661059326531	24.6	103.566105932653	DBCA	49_3	NA	NA
700	1000	77.0899488521654	24.6	101.689948852165	DBCA	50_3	NA	NA
714.285714285714	1000	78.6315251685723	24.6	103.231525168572	DBCA	51_3	NA	NA
728.571428571429	1000	78.5196030928477	24.6	103.119603092848	DBCA	52_3	NA	NA
742.857142857143	1000	80.2434695026762	24.6	104.843469502676	DBCA	53_3	NA	NA
757.142857142857	1000	79.7992714895073	24.6	104.399271489507	DBCA	54_3	NA	NA
771.428571428571	1000	79.7552928363168	24.6	104.355292836317	DBCA	55_3	NA	NA
785.714285714286	1000	79.1765740546089	24.6	103.776574054609	DBCA	56_3	NA	NA
800	1000	79.2751645617608	24.6	103.875164561761	DBCA	57_3	NA	NA
814.285714285714	1000	81.9731499188038	24.6	106.573149918804	DBCA	58_3	NA	NA
828.571428571429	1000	81.8186199471637	24.6	106.418619947164	DBCA	59_3	NA	NA
842.857142857143	1000	81.8148295112091	24.6	106.414829511209	DBCA	60_3	NA	NA
857.142857142857	1000	81.2389128555514	24.6	105.838912855551	DBCA	61_3	NA	NA
871.428571428571	1000	82.6441234425438	24.6	107.244123442544	DBCA	62_3	NA	NA
885.714285714286	1000	82.4402903808526	24.6	107.040290380853	DBCA	63_3	NA	NA
900	1000	79.6078029018583	24.6	104.207802901858	DBCA	64_3	NA	NA
914.285714285714	1000	82.8054379062283	24.6	107.405437906228	DBCA	65_3	NA	NA
928.571428571429	1000	82.5070510669979	24.6	107.107051066998	DBCA	66_3	NA	NA
942.857142857143	1000	82.6426779853773	24.6	107.242677985377	DBCA	67_3	NA	NA
957.142857142857	1000	79.8396623515892	24.6	104.439662351589	DBCA	68_3	NA	NA
971.428571428571	1000	79.7695679580088	24.6	104.369567958009	DBCA	69_3	NA	NA
985.714285714286	1000	79.1604887244736	24.6	103.760488724474	DBCA	70_3	NA	NA
1000	1000	78.3644458809544	24.6	102.964445880954	DBCA	71_3	NA	NA
