x	y	variable1	Zona	ErrorConEfecto	Disenio	Bloque	AsigTrat	MiRto
0	666.666666666667	83.3622634028118	0	83.3622634028118	DBCA	1_1	140	92.8916507560312
0	700	84.0484122294348	0	84.0484122294348	DBCA	1_1	210	92.7324743896007
0	733.333333333333	81.4938658607297	0	81.4938658607297	DBCA	1_1	70	88.1285658272271
0	766.666666666667	77.1410348696197	0	77.1410348696197	DBCA	1_1	280	81.2397592569566
0	800	81.604481920666	0	81.604481920666	DBCA	1_1	0	81.604481920666
0	833.333333333333	87.4006722892806	0	87.4006722892806	DBCA	1_2	0	87.4006722892806
0	866.666666666667	84.6097765203953	0	84.6097765203953	DBCA	1_2	70	91.2444764868928
0	900	78.4941556662536	0	78.4941556662536	DBCA	1_2	140	88.0235430194731
0	933.333333333333	81.4604153666148	0	81.4604153666148	DBCA	1_2	280	85.5591397539516
0	966.666666666667	84.2883098275934	0	84.2883098275934	DBCA	1_2	210	92.9723719877593
128.571428571429	666.666666666667	80.1843118419965	0	80.1843118419965	DBCA	10_1	280	84.2830362293334
128.571428571429	700	80.8020644621257	0	80.8020644621257	DBCA	10_1	70	87.4367644286232
128.571428571429	733.333333333333	82.6510478640845	0	82.6510478640845	DBCA	10_1	140	92.1804352173039
128.571428571429	766.666666666667	81.8759917452695	0	81.8759917452695	DBCA	10_1	210	90.5600539054354
128.571428571429	800	82.7927936088243	0	82.7927936088243	DBCA	10_1	0	82.7927936088243
128.571428571429	833.333333333333	87.2754951215225	0	87.2754951215225	DBCA	10_2	0	87.2754951215225
128.571428571429	866.666666666667	79.083409972323	0	79.083409972323	DBCA	10_2	140	88.6127973255424
128.571428571429	900	83.4987894092867	0	83.4987894092867	DBCA	10_2	280	87.5975137966236
128.571428571429	933.333333333333	82.949069253085	0	82.949069253085	DBCA	10_2	70	89.5837692195824
128.571428571429	966.666666666667	81.1143687043588	0	81.1143687043588	DBCA	10_2	210	89.7984308645247
142.857142857143	666.666666666667	82.2483688939748	0	82.2483688939748	DBCA	11_1	140	91.7777562471942
142.857142857143	700	78.7884363791689	0	78.7884363791689	DBCA	11_1	280	82.8871607665058
142.857142857143	733.333333333333	77.661643455113	0	77.661643455113	DBCA	11_1	210	86.3457056152789
142.857142857143	766.666666666667	80.3434599949219	0	80.3434599949219	DBCA	11_1	70	86.9781599614194
142.857142857143	800	81.737913741585	0	81.737913741585	DBCA	11_1	0	81.737913741585
142.857142857143	833.333333333333	85.3648296377723	0	85.3648296377723	DBCA	11_2	70	91.9995296042697
142.857142857143	866.666666666667	84.3932832327946	0	84.3932832327946	DBCA	11_2	140	93.922670586014
142.857142857143	900	84.9444924468196	0	84.9444924468196	DBCA	11_2	0	84.9444924468196
142.857142857143	933.333333333333	81.891575087913	0	81.891575087913	DBCA	11_2	210	90.5756372480789
142.857142857143	966.666666666667	78.8074401419304	0	78.8074401419304	DBCA	11_2	280	82.9061645292673
157.142857142857	666.666666666667	80.9410378101914	0	80.9410378101914	DBCA	12_1	140	90.4704251634108
157.142857142857	700	80.7797501026385	0	80.7797501026385	DBCA	12_1	210	89.4638122628044
157.142857142857	733.333333333333	79.9481427158968	0	79.9481427158968	DBCA	12_1	70	86.5828426823942
157.142857142857	766.666666666667	79.9947123167382	0	79.9947123167382	DBCA	12_1	0	79.9947123167382
157.142857142857	800	81.0431719968465	0	81.0431719968465	DBCA	12_1	280	85.1418963841834
157.142857142857	833.333333333333	86.1439759444068	0	86.1439759444068	DBCA	12_2	140	95.6733632976262
157.142857142857	866.666666666667	81.6400992795527	0	81.6400992795527	DBCA	12_2	280	85.7388236668896
157.142857142857	900	86.7887418908101	0	86.7887418908101	DBCA	12_2	70	93.4234418573076
157.142857142857	933.333333333333	84.4885254496281	0	84.4885254496281	DBCA	12_2	0	84.4885254496281
157.142857142857	966.666666666667	79.595822514706	0	79.595822514706	DBCA	12_2	210	88.2798846748719
171.428571428571	666.666666666667	84.2554508274612	0	84.2554508274612	DBCA	13_1	140	93.7848381806806
171.428571428571	700	81.1030075785588	0	81.1030075785588	DBCA	13_1	0	81.1030075785588
171.428571428571	733.333333333333	80.9203604643894	0	80.9203604643894	DBCA	13_1	70	87.5550604308869
171.428571428571	766.666666666667	82.5374018090803	0	82.5374018090803	DBCA	13_1	280	86.6361261964171
171.428571428571	800	81.0522031164628	0	81.0522031164628	DBCA	13_1	210	89.7362652766287
171.428571428571	833.333333333333	84.3256380039879	0	84.3256380039879	DBCA	13_2	0	84.3256380039879
171.428571428571	866.666666666667	83.8391189158191	0	83.8391189158191	DBCA	13_2	140	93.3685062690385
171.428571428571	900	86.4178531234671	0	86.4178531234671	DBCA	13_2	210	95.101915283633
171.428571428571	933.333333333333	83.4457402647723	0	83.4457402647723	DBCA	13_2	280	87.5444646521092
171.428571428571	966.666666666667	78.9195700991584	0	78.9195700991584	DBCA	13_2	70	85.5542700656559
185.714285714286	666.666666666667	84.8127601331988	0	84.8127601331988	DBCA	14_1	0	84.8127601331988
185.714285714286	700	82.9846226224371	0	82.9846226224371	DBCA	14_1	280	87.083347009774
185.714285714286	733.333333333333	81.6158655678017	0	81.6158655678017	DBCA	14_1	210	90.2999277279676
185.714285714286	766.666666666667	81.8046556813282	0	81.8046556813282	DBCA	14_1	70	88.4393556478257
185.714285714286	800	81.0917414419477	0	81.0917414419477	DBCA	14_1	140	90.6211287951671
185.714285714286	833.333333333333	83.0698043104697	0	83.0698043104697	DBCA	14_2	70	89.7045042769672
185.714285714286	866.666666666667	80.3735153999732	0	80.3735153999732	DBCA	14_2	280	84.4722397873101
185.714285714286	900	84.5134260201621	0	84.5134260201621	DBCA	14_2	140	94.0428133733815
185.714285714286	933.333333333333	80.1783929244444	0	80.1783929244444	DBCA	14_2	210	88.8624550846103
185.714285714286	966.666666666667	80.902770104077	0	80.902770104077	DBCA	14_2	0	80.902770104077
200	666.666666666667	85.7833283394253	0	85.7833283394253	DBCA	15_1	70	92.4180283059228
200	700	82.9169057295772	0	82.9169057295772	DBCA	15_1	210	91.6009678897431
200	733.333333333333	79.2677762678709	0	79.2677762678709	DBCA	15_1	0	79.2677762678709
200	766.666666666667	79.6419473242599	0	79.6419473242599	DBCA	15_1	280	83.7406717115968
200	800	80.2148472680408	0	80.2148472680408	DBCA	15_1	140	89.7442346212603
200	833.333333333333	76.9982904786926	0	76.9982904786926	DBCA	15_2	280	81.0970148660295
200	866.666666666667	81.4459473420838	0	81.4459473420838	DBCA	15_2	0	81.4459473420838
200	900	81.1414310475206	0	81.1414310475206	DBCA	15_2	140	90.67081840074
200	933.333333333333	86.750383894025	0	86.750383894025	DBCA	15_2	210	95.4344460541909
200	966.666666666667	78.1329100260781	0	78.1329100260781	DBCA	15_2	70	84.7676099925755
214.285714285714	666.666666666667	85.2464280080483	0	85.2464280080483	DBCA	16_1	210	93.9304901682142
214.285714285714	700	78.9003648256476	0	78.9003648256476	DBCA	16_1	70	85.535064792145
214.285714285714	733.333333333333	80.5371001694901	0	80.5371001694901	DBCA	16_1	140	90.0664875227095
214.285714285714	766.666666666667	82.6804735221761	0	82.6804735221761	DBCA	16_1	0	82.6804735221761
214.285714285714	800	82.4801599772355	0	82.4801599772355	DBCA	16_1	280	86.5788843645724
214.285714285714	833.333333333333	81.8418009607997	0	81.8418009607997	DBCA	16_2	70	88.4765009272972
214.285714285714	866.666666666667	80.8126067388098	0	80.8126067388098	DBCA	16_2	280	84.9113311261467
214.285714285714	900	82.8692584582665	0	82.8692584582665	DBCA	16_2	0	82.8692584582665
214.285714285714	933.333333333333	82.7260513841614	0	82.7260513841614	DBCA	16_2	140	92.2554387373808
214.285714285714	966.666666666667	78.8616488004684	0	78.8616488004684	DBCA	16_2	210	87.5457109606343
228.571428571429	666.666666666667	83.5545631882605	0	83.5545631882605	DBCA	17_1	0	83.5545631882605
228.571428571429	700	82.9369723778987	0	82.9369723778987	DBCA	17_1	210	91.6210345380646
228.571428571429	733.333333333333	81.9518300901537	0	81.9518300901537	DBCA	17_1	280	86.0505544774906
228.571428571429	766.666666666667	79.0690362761403	0	79.0690362761403	DBCA	17_1	70	85.7037362426377
228.571428571429	800	80.5338037329615	0	80.5338037329615	DBCA	17_1	140	90.0631910861809
228.571428571429	833.333333333333	81.9262974043316	0	81.9262974043316	DBCA	17_2	140	91.455684757551
228.571428571429	866.666666666667	81.6576938299937	0	81.6576938299937	DBCA	17_2	280	85.7564182173305
228.571428571429	900	85.5717826276058	0	85.5717826276058	DBCA	17_2	210	94.2558447877717
228.571428571429	933.333333333333	84.6784761315295	0	84.6784761315295	DBCA	17_2	70	91.3131760980269
228.571428571429	966.666666666667	79.0839391417957	0	79.0839391417957	DBCA	17_2	0	79.0839391417957
242.857142857143	666.666666666667	86.5191714464014	0	86.5191714464014	DBCA	18_1	210	95.2032336065673
242.857142857143	700	82.9533823648144	0	82.9533823648144	DBCA	18_1	0	82.9533823648144
242.857142857143	733.333333333333	81.7677965793716	0	81.7677965793716	DBCA	18_1	280	85.8665209667085
242.857142857143	766.666666666667	82.2105860742309	0	82.2105860742309	DBCA	18_1	140	91.7399734274503
242.857142857143	800	80.9986025430582	0	80.9986025430582	DBCA	18_1	70	87.6333025095556
242.857142857143	833.333333333333	81.3214181439801	0	81.3214181439801	DBCA	18_2	280	85.420142531317
242.857142857143	866.666666666667	86.819379678556	0	86.819379678556	DBCA	18_2	70	93.4540796450535
242.857142857143	900	84.1142838663557	0	84.1142838663557	DBCA	18_2	140	93.6436712195751
242.857142857143	933.333333333333	87.2846310197603	0	87.2846310197603	DBCA	18_2	0	87.2846310197603
242.857142857143	966.666666666667	80.053824376514	0	80.053824376514	DBCA	18_2	210	88.7378865366799
257.142857142857	666.666666666667	86.4842986159829	0	86.4842986159829	DBCA	19_1	280	90.5830230033198
257.142857142857	700	83.4080929785565	0	83.4080929785565	DBCA	19_1	0	83.4080929785565
257.142857142857	733.333333333333	79.4244884212634	0	79.4244884212634	DBCA	19_1	140	88.9538757744828
257.142857142857	766.666666666667	82.2299332223841	0	82.2299332223841	DBCA	19_1	210	90.91399538255
257.142857142857	800	81.7039494313737	0	81.7039494313737	DBCA	19_1	70	88.3386493978712
257.142857142857	833.333333333333	83.4934939687286	0	83.4934939687286	DBCA	19_2	70	90.1281939352261
257.142857142857	866.666666666667	87.2055576606177	0	87.2055576606177	DBCA	19_2	210	95.8896198207836
257.142857142857	900	84.8518604620987	0	84.8518604620987	DBCA	19_2	0	84.8518604620987
257.142857142857	933.333333333333	85.6579937006714	0	85.6579937006714	DBCA	19_2	280	89.7567180880082
257.142857142857	966.666666666667	82.3130143555662	0	82.3130143555662	DBCA	19_2	140	91.8424017087856
14.2857142857143	666.666666666667	85.4035598068503	0	85.4035598068503	DBCA	2_1	210	94.0876219670161
14.2857142857143	700	81.3484893231908	0	81.3484893231908	DBCA	2_1	280	85.4472137105277
14.2857142857143	733.333333333333	81.3875782943073	0	81.3875782943073	DBCA	2_1	70	88.0222782608048
14.2857142857143	766.666666666667	82.2479403450255	0	82.2479403450255	DBCA	2_1	0	82.2479403450255
14.2857142857143	800	81.2276845423314	0	81.2276845423314	DBCA	2_1	140	90.7570718955508
14.2857142857143	833.333333333333	83.9494964963499	0	83.9494964963499	DBCA	2_2	140	93.4788838495693
14.2857142857143	866.666666666667	85.188768635015	0	85.188768635015	DBCA	2_2	70	91.8234686015124
14.2857142857143	900	83.3949282488674	0	83.3949282488674	DBCA	2_2	280	87.4936526362043
14.2857142857143	933.333333333333	84.2621583007337	0	84.2621583007337	DBCA	2_2	0	84.2621583007337
14.2857142857143	966.666666666667	80.7413287609892	0	80.7413287609892	DBCA	2_2	210	89.4253909211551
271.428571428571	666.666666666667	85.6172970395852	0	85.6172970395852	DBCA	20_1	70	92.2519970060827
271.428571428571	700	85.1561511782519	0	85.1561511782519	DBCA	20_1	140	94.6855385314714
271.428571428571	733.333333333333	81.6386244726123	0	81.6386244726123	DBCA	20_1	210	90.3226866327782
271.428571428571	766.666666666667	80.1380559238693	0	80.1380559238693	DBCA	20_1	280	84.2367803112062
271.428571428571	800	82.0619972508176	0	82.0619972508176	DBCA	20_1	0	82.0619972508176
271.428571428571	833.333333333333	87.2234791639529	0	87.2234791639529	DBCA	20_2	140	96.7528665171723
271.428571428571	866.666666666667	82.0102498876244	0	82.0102498876244	DBCA	20_2	0	82.0102498876244
271.428571428571	900	84.8869306963798	0	84.8869306963798	DBCA	20_2	70	91.5216306628773
271.428571428571	933.333333333333	85.8066941088211	0	85.8066941088211	DBCA	20_2	210	94.490756268987
271.428571428571	966.666666666667	82.1538121768394	0	82.1538121768394	DBCA	20_2	280	86.2525365641762
285.714285714286	666.666666666667	83.5653973476541	0	83.5653973476541	DBCA	21_1	280	87.664121734991
285.714285714286	700	85.4687468193473	0	85.4687468193473	DBCA	21_1	140	94.9981341725667
285.714285714286	733.333333333333	81.9228599410477	0	81.9228599410477	DBCA	21_1	70	88.5575599075451
285.714285714286	766.666666666667	80.1878996448423	0	80.1878996448423	DBCA	21_1	210	88.8719618050082
285.714285714286	800	81.9308910541233	0	81.9308910541233	DBCA	21_1	0	81.9308910541233
285.714285714286	833.333333333333	83.51794582245	0	83.51794582245	DBCA	21_2	70	90.1526457889474
285.714285714286	866.666666666667	82.4015977113534	0	82.4015977113534	DBCA	21_2	210	91.0856598715193
285.714285714286	900	81.8297369488389	0	81.8297369488389	DBCA	21_2	140	91.3591243020584
285.714285714286	933.333333333333	85.6774171236325	0	85.6774171236325	DBCA	21_2	0	85.6774171236325
285.714285714286	966.666666666667	84.4249506978248	0	84.4249506978248	DBCA	21_2	280	88.5236750851617
300	666.666666666667	79.1331692948148	0	79.1331692948148	DBCA	22_1	0	79.1331692948148
300	700	81.8944462373866	0	81.8944462373866	DBCA	22_1	70	88.5291462038841
300	733.333333333333	82.4900738574648	0	82.4900738574648	DBCA	22_1	210	91.1741360176307
300	766.666666666667	79.4734239046732	0	79.4734239046732	DBCA	22_1	280	83.5721482920101
300	800	80.9716303643859	0	80.9716303643859	DBCA	22_1	140	90.5010177176053
300	833.333333333333	82.5135786039394	0	82.5135786039394	DBCA	22_2	280	86.6123029912763
300	866.666666666667	83.2336896276077	0	83.2336896276077	DBCA	22_2	70	89.8683895941052
300	900	84.475198901231	0	84.475198901231	DBCA	22_2	0	84.475198901231
300	933.333333333333	83.1022488702816	0	83.1022488702816	DBCA	22_2	210	91.7863110304475
300	966.666666666667	85.0031494211233	0	85.0031494211233	DBCA	22_2	140	94.5325367743427
314.285714285714	666.666666666667	81.4509313620439	0	81.4509313620439	DBCA	23_1	70	88.0856313285413
314.285714285714	700	79.0983992144527	0	79.0983992144527	DBCA	23_1	140	88.6277865676721
314.285714285714	733.333333333333	79.9783559548826	0	79.9783559548826	DBCA	23_1	0	79.9783559548826
314.285714285714	766.666666666667	83.3168954694591	0	83.3168954694591	DBCA	23_1	280	87.415619856796
314.285714285714	800	82.4349727288223	0	82.4349727288223	DBCA	23_1	210	91.1190348889882
314.285714285714	833.333333333333	80.7959696516616	0	80.7959696516616	DBCA	23_2	140	90.325357004881
314.285714285714	866.666666666667	81.7618203591816	0	81.7618203591816	DBCA	23_2	70	88.396520325679
314.285714285714	900	84.4874660496966	0	84.4874660496966	DBCA	23_2	210	93.1715282098625
314.285714285714	933.333333333333	86.4612106916061	0	86.4612106916061	DBCA	23_2	0	86.4612106916061
314.285714285714	966.666666666667	85.0864986194479	0	85.0864986194479	DBCA	23_2	280	89.1852230067848
328.571428571429	666.666666666667	80.5846415036679	0	80.5846415036679	DBCA	24_1	280	84.6833658910048
328.571428571429	700	79.5324323122522	0	79.5324323122522	DBCA	24_1	0	79.5324323122522
328.571428571429	733.333333333333	83.9901023497009	0	83.9901023497009	DBCA	24_1	70	90.6248023161984
328.571428571429	766.666666666667	81.1501350462297	0	81.1501350462297	DBCA	24_1	140	90.6795223994492
328.571428571429	800	78.5709929815327	0	78.5709929815327	DBCA	24_1	210	87.2550551416986
328.571428571429	833.333333333333	83.2860284561712	0	83.2860284561712	DBCA	24_2	70	89.9207284226687
328.571428571429	866.666666666667	82.7783052486338	0	82.7783052486338	DBCA	24_2	0	82.7783052486338
328.571428571429	900	86.130394478027	0	86.130394478027	DBCA	24_2	280	90.2291188653639
328.571428571429	933.333333333333	84.9331482557905	0	84.9331482557905	DBCA	24_2	210	93.6172104159564
328.571428571429	966.666666666667	85.1521527157491	0	85.1521527157491	DBCA	24_2	140	94.6815400689685
342.857142857143	666.666666666667	76.2562474012283	0	76.2562474012283	DBCA	25_1	210	84.9403095613942
342.857142857143	700	80.3634540029045	0	80.3634540029045	DBCA	25_1	280	84.4621783902414
342.857142857143	733.333333333333	78.9782852281095	0	78.9782852281095	DBCA	25_1	70	85.612985194607
342.857142857143	766.666666666667	80.8497045366672	0	80.8497045366672	DBCA	25_1	140	90.3790918898866
342.857142857143	800	86.036263791409	0	86.036263791409	DBCA	25_1	0	86.036263791409
342.857142857143	833.333333333333	79.6585051432107	0	79.6585051432107	DBCA	25_2	140	89.1878924964301
342.857142857143	866.666666666667	84.9021762433928	0	84.9021762433928	DBCA	25_2	280	89.0009006307297
342.857142857143	900	85.1788325053566	0	85.1788325053566	DBCA	25_2	70	91.813532471854
342.857142857143	933.333333333333	85.047157975222	0	85.047157975222	DBCA	25_2	0	85.047157975222
342.857142857143	966.666666666667	81.0646235240572	0	81.0646235240572	DBCA	25_2	210	89.7486856842231
357.142857142857	666.666666666667	76.4923731976616	0	76.4923731976616	DBCA	26_1	280	80.5910975849985
357.142857142857	700	79.8990380644341	0	79.8990380644341	DBCA	26_1	210	88.5831002246
357.142857142857	733.333333333333	77.4206066895373	0	77.4206066895373	DBCA	26_1	140	86.9499940427567
357.142857142857	766.666666666667	79.2436680358174	0	79.2436680358174	DBCA	26_1	0	79.2436680358174
357.142857142857	800	84.5521199319988	0	84.5521199319988	DBCA	26_1	70	91.1868198984963
357.142857142857	833.333333333333	79.8322148157139	0	79.8322148157139	DBCA	26_2	280	83.9309392030508
357.142857142857	866.666666666667	82.5542654209867	0	82.5542654209867	DBCA	26_2	140	92.0836527742061
357.142857142857	900	89.2312854343947	0	89.2312854343947	DBCA	26_2	210	97.9153475945606
357.142857142857	933.333333333333	84.831265965039	0	84.831265965039	DBCA	26_2	70	91.4659659315365
357.142857142857	966.666666666667	84.0069465661078	0	84.0069465661078	DBCA	26_2	0	84.0069465661078
371.428571428571	666.666666666667	77.6753544745671	0	77.6753544745671	DBCA	27_1	70	84.3100544410646
371.428571428571	700	79.5367111032723	0	79.5367111032723	DBCA	27_1	0	79.5367111032723
371.428571428571	733.333333333333	74.0470063821515	0	74.0470063821515	DBCA	27_1	280	78.1457307694884
371.428571428571	766.666666666667	81.0121027131206	0	81.0121027131206	DBCA	27_1	210	89.6961648732865
371.428571428571	800	75.5120278208273	0	75.5120278208273	DBCA	27_1	140	85.0414151740467
371.428571428571	833.333333333333	75.0838188362383	0	75.0838188362383	DBCA	27_2	0	75.0838188362383
371.428571428571	866.666666666667	78.8095817300674	0	78.8095817300674	DBCA	27_2	280	82.9083061174043
371.428571428571	900	83.9535934753937	0	83.9535934753937	DBCA	27_2	140	93.4829808286132
371.428571428571	933.333333333333	84.3562606350302	0	84.3562606350302	DBCA	27_2	70	90.9909606015277
371.428571428571	966.666666666667	79.4866371480192	0	79.4866371480192	DBCA	27_2	210	88.1706993081851
385.714285714286	666.666666666667	79.7280932950541	0	79.7280932950541	DBCA	28_1	210	88.41215545522
385.714285714286	700	78.6200636558361	0	78.6200636558361	DBCA	28_1	140	88.1494510090555
385.714285714286	733.333333333333	79.7916803657055	0	79.7916803657055	DBCA	28_1	0	79.7916803657055
385.714285714286	766.666666666667	79.5853201986762	0	79.5853201986762	DBCA	28_1	280	83.6840445860131
385.714285714286	800	74.858244589028	0	74.858244589028	DBCA	28_1	70	81.4929445555255
385.714285714286	833.333333333333	75.5912819867915	0	75.5912819867915	DBCA	28_2	140	85.1206693400109
385.714285714286	866.666666666667	78.2524295335164	0	78.2524295335164	DBCA	28_2	280	82.3511539208532
385.714285714286	900	80.0841775198972	0	80.0841775198972	DBCA	28_2	70	86.7188774863947
385.714285714286	933.333333333333	83.1877139222807	0	83.1877139222807	DBCA	28_2	210	91.8717760824466
385.714285714286	966.666666666667	80.8891176851466	0	80.8891176851466	DBCA	28_2	0	80.8891176851466
400	666.666666666667	78.2833974740339	0	78.2833974740339	DBCA	29_1	0	78.2833974740339
400	700	78.4782811981669	0	78.4782811981669	DBCA	29_1	70	85.1129811646644
400	733.333333333333	76.9747415217273	0	76.9747415217273	DBCA	29_1	140	86.5041288749467
400	766.666666666667	76.6098782877343	0	76.6098782877343	DBCA	29_1	210	85.2939404479002
400	800	80.0839044133788	0	80.0839044133788	DBCA	29_1	280	84.1826288007157
400	833.333333333333	78.1446784660978	0	78.1446784660978	DBCA	29_2	280	82.2434028534347
400	866.666666666667	77.8380323943657	0	77.8380323943657	DBCA	29_2	0	77.8380323943657
400	900	78.8992613092943	0	78.8992613092943	DBCA	29_2	70	85.5339612757918
400	933.333333333333	83.4444256390247	0	83.4444256390247	DBCA	29_2	210	92.1284877991906
400	966.666666666667	84.1684980792101	0	84.1684980792101	DBCA	29_2	140	93.6978854324295
28.5714285714286	666.666666666667	83.5658134939189	0	83.5658134939189	DBCA	3_1	210	92.2498756540848
28.5714285714286	700	83.4641990479984	0	83.4641990479984	DBCA	3_1	70	90.0988990144959
28.5714285714286	733.333333333333	83.4641630788144	0	83.4641630788144	DBCA	3_1	140	92.9935504320339
28.5714285714286	766.666666666667	82.6552956563411	0	82.6552956563411	DBCA	3_1	280	86.7540200436779
28.5714285714286	800	74.6502336343274	0	74.6502336343274	DBCA	3_1	0	74.6502336343274
28.5714285714286	833.333333333333	80.1622104120403	0	80.1622104120403	DBCA	3_2	140	89.6915977652597
28.5714285714286	866.666666666667	84.3101599366626	0	84.3101599366626	DBCA	3_2	0	84.3101599366626
28.5714285714286	900	83.2095696047381	0	83.2095696047381	DBCA	3_2	210	91.893631764904
28.5714285714286	933.333333333333	82.6508046618796	0	82.6508046618796	DBCA	3_2	70	89.2855046283771
28.5714285714286	966.666666666667	79.572308696123	0	79.572308696123	DBCA	3_2	280	83.6710330834599
414.285714285714	666.666666666667	75.0350306228734	0	75.0350306228734	DBCA	30_1	140	84.5644179760928
414.285714285714	700	78.2954515078196	0	78.2954515078196	DBCA	30_1	280	82.3941758951565
414.285714285714	733.333333333333	78.3633625216366	0	78.3633625216366	DBCA	30_1	70	84.998062488134
414.285714285714	766.666666666667	77.5705044104123	0	77.5705044104123	DBCA	30_1	0	77.5705044104123
414.285714285714	800	75.7050002985586	0	75.7050002985586	DBCA	30_1	210	84.3890624587245
414.285714285714	833.333333333333	75.756981569843	0	75.756981569843	DBCA	30_2	140	85.2863689230625
414.285714285714	866.666666666667	77.6511722983346	0	77.6511722983346	DBCA	30_2	280	81.7498966856714
414.285714285714	900	79.2344859999604	0	79.2344859999604	DBCA	30_2	210	87.9185481601263
414.285714285714	933.333333333333	80.2512023118734	0	80.2512023118734	DBCA	30_2	70	86.8859022783709
414.285714285714	966.666666666667	83.7574528862799	0	83.7574528862799	DBCA	30_2	0	83.7574528862799
428.571428571429	666.666666666667	76.3498341411371	0	76.3498341411371	DBCA	31_1	140	85.8792214943565
428.571428571429	700	73.5147902395005	0	73.5147902395005	DBCA	31_1	280	77.6135146268374
428.571428571429	733.333333333333	77.6204518174171	0	77.6204518174171	DBCA	31_1	70	84.2551517839146
428.571428571429	766.666666666667	75.0542086545089	0	75.0542086545089	DBCA	31_1	210	83.7382708146748
428.571428571429	800	78.096036122001	0	78.096036122001	DBCA	31_1	0	78.096036122001
428.571428571429	833.333333333333	76.8553405127433	0	76.8553405127433	DBCA	31_2	280	80.9540649000802
428.571428571429	866.666666666667	79.7116649041168	0	79.7116649041168	DBCA	31_2	0	79.7116649041168
428.571428571429	900	78.5004054826469	0	78.5004054826469	DBCA	31_2	70	85.1351054491443
428.571428571429	933.333333333333	81.6664245020946	0	81.6664245020946	DBCA	31_2	140	91.195811855314
428.571428571429	966.666666666667	81.9341668168548	0	81.9341668168548	DBCA	31_2	210	90.6182289770207
442.857142857143	666.666666666667	73.6149378667742	0	73.6149378667742	DBCA	32_1	0	73.6149378667742
442.857142857143	700	75.3017756782365	0	75.3017756782365	DBCA	32_1	210	83.9858378384024
442.857142857143	733.333333333333	73.6287026250221	0	73.6287026250221	DBCA	32_1	70	80.2634025915195
442.857142857143	766.666666666667	76.0385633204865	0	76.0385633204865	DBCA	32_1	140	85.5679506737059
442.857142857143	800	77.1110454176272	0	77.1110454176272	DBCA	32_1	280	81.2097698049641
442.857142857143	833.333333333333	77.1927374528272	0	77.1927374528272	DBCA	32_2	280	81.2914618401641
442.857142857143	866.666666666667	80.7679511529251	0	80.7679511529251	DBCA	32_2	140	90.2973385061445
442.857142857143	900	77.1349053025339	0	77.1349053025339	DBCA	32_2	210	85.8189674626998
442.857142857143	933.333333333333	78.3735218708655	0	78.3735218708655	DBCA	32_2	70	85.008221837363
442.857142857143	966.666666666667	81.7322076633279	0	81.7322076633279	DBCA	32_2	0	81.7322076633279
457.142857142857	666.666666666667	76.1081241630416	0	76.1081241630416	DBCA	33_1	70	82.7428241295391
457.142857142857	700	75.5104787683991	0	75.5104787683991	DBCA	33_1	0	75.5104787683991
457.142857142857	733.333333333333	78.3579231779498	0	78.3579231779498	DBCA	33_1	140	87.8873105311692
457.142857142857	766.666666666667	80.1006093582428	0	80.1006093582428	DBCA	33_1	280	84.1993337455797
457.142857142857	800	77.4478007386265	0	77.4478007386265	DBCA	33_1	210	86.1318628987924
457.142857142857	833.333333333333	77.3789688085027	0	77.3789688085027	DBCA	33_2	0	77.3789688085027
457.142857142857	866.666666666667	77.4133085348805	0	77.4133085348805	DBCA	33_2	70	84.048008501378
457.142857142857	900	80.7784686490929	0	80.7784686490929	DBCA	33_2	140	90.3078560023123
457.142857142857	933.333333333333	79.9850900265345	0	79.9850900265345	DBCA	33_2	280	84.0838144138714
457.142857142857	966.666666666667	81.1522737808991	0	81.1522737808991	DBCA	33_2	210	89.8363359410649
471.428571428571	666.666666666667	75.9637016663608	0	75.9637016663608	DBCA	34_1	70	82.5984016328583
471.428571428571	700	78.4161709067802	0	78.4161709067802	DBCA	34_1	0	78.4161709067802
471.428571428571	733.333333333333	76.2446035534222	0	76.2446035534222	DBCA	34_1	210	84.9286657135881
471.428571428571	766.666666666667	74.949258523683	0	74.949258523683	DBCA	34_1	140	84.4786458769024
471.428571428571	800	75.8674263647387	0	75.8674263647387	DBCA	34_1	280	79.9661507520756
471.428571428571	833.333333333333	80.7902889468404	0	80.7902889468404	DBCA	34_2	70	87.4249889133379
471.428571428571	866.666666666667	78.2580675754569	0	78.2580675754569	DBCA	34_2	210	86.9421297356228
471.428571428571	900	77.7867080693816	0	77.7867080693816	DBCA	34_2	280	81.8854324567185
471.428571428571	933.333333333333	78.8946145321499	0	78.8946145321499	DBCA	34_2	0	78.8946145321499
471.428571428571	966.666666666667	82.9237000554722	0	82.9237000554722	DBCA	34_2	140	92.4530874086916
485.714285714286	666.666666666667	79.058082928946	0	79.058082928946	DBCA	35_1	70	85.6927828954435
485.714285714286	700	76.5665902342685	0	76.5665902342685	DBCA	35_1	140	86.0959775874879
485.714285714286	733.333333333333	78.9310479635048	0	78.9310479635048	DBCA	35_1	280	83.0297723508417
485.714285714286	766.666666666667	77.1634768921618	0	77.1634768921618	DBCA	35_1	0	77.1634768921618
485.714285714286	800	81.9399454341744	0	81.9399454341744	DBCA	35_1	210	90.6240075943403
485.714285714286	833.333333333333	80.4131645032974	0	80.4131645032974	DBCA	35_2	210	89.0972266634633
485.714285714286	866.666666666667	80.4402778132266	0	80.4402778132266	DBCA	35_2	0	80.4402778132266
485.714285714286	900	73.7624782443378	0	73.7624782443378	DBCA	35_2	280	77.8612026316747
485.714285714286	933.333333333333	76.7062929604689	0	76.7062929604689	DBCA	35_2	70	83.3409929269663
485.714285714286	966.666666666667	83.5079995605685	0	83.5079995605685	DBCA	35_2	140	93.0373869137879
500	666.666666666667	74.9496222563464	0	74.9496222563464	DBCA	36_1	210	83.6336844165123
500	700	79.6819880092596	0	79.6819880092596	DBCA	36_1	0	79.6819880092596
500	733.333333333333	78.6332179831389	0	78.6332179831389	DBCA	36_1	280	82.7319423704758
500	766.666666666667	75.9861596430978	0	75.9861596430978	DBCA	36_1	70	82.6208596095952
500	800	77.722056642007	0	77.722056642007	DBCA	36_1	140	87.2514439952264
500	833.333333333333	79.9759779872978	0	79.9759779872978	DBCA	36_2	70	86.6106779537953
500	866.666666666667	79.1179591768718	0	79.1179591768718	DBCA	36_2	0	79.1179591768718
500	900	75.3499198525044	0	75.3499198525044	DBCA	36_2	210	84.0339820126703
500	933.333333333333	76.9533584313272	0	76.9533584313272	DBCA	36_2	280	81.0520828186641
500	966.666666666667	83.1485380731961	0	83.1485380731961	DBCA	36_2	140	92.6779254264155
514.285714285714	666.666666666667	73.6980393478172	24.6	98.2980393478172	DBCA	37_1	0	98.2980393478172
514.285714285714	700	77.7249768147692	24.6	102.324976814769	DBCA	37_1	140	123.563964167989
514.285714285714	733.333333333333	79.2683992531966	24.6	103.868399253197	DBCA	37_1	70	116.357899219694
514.285714285714	766.666666666667	77.7134383000437	24.6	102.313438300044	DBCA	37_1	210	128.56190046021
514.285714285714	800	77.5474752574789	24.6	102.147475257479	DBCA	37_1	280	129.665399644816
514.285714285714	833.333333333333	81.9080412776784	24.6	106.508041277678	DBCA	37_2	280	134.025965665015
514.285714285714	866.666666666667	77.8338856055437	24.6	102.433885605544	DBCA	37_2	210	128.68234776571
514.285714285714	900	77.185690074382	24.6	101.785690074382	DBCA	37_2	70	114.275190040879
514.285714285714	933.333333333333	79.7242646768186	24.6	104.324264676819	DBCA	37_2	0	104.324264676819
514.285714285714	966.666666666667	81.4635677875518	24.6	106.063567787552	DBCA	37_2	140	127.302555140771
528.571428571429	666.666666666667	75.9888786304925	24.6	100.588878630493	DBCA	38_1	210	126.837340790658
528.571428571429	700	77.2450720303257	24.6	101.845072030326	DBCA	38_1	0	101.845072030326
528.571428571429	733.333333333333	78.6524081307493	24.6	103.252408130749	DBCA	38_1	140	124.491395483969
528.571428571429	766.666666666667	80.2930056276011	24.6	104.893005627601	DBCA	38_1	70	117.382505594099
528.571428571429	800	80.7944400924881	24.6	105.394440092488	DBCA	38_1	280	132.912364479825
528.571428571429	833.333333333333	81.9905476010212	24.6	106.590547601021	DBCA	38_2	70	119.080047567519
528.571428571429	866.666666666667	79.449013666568	24.6	104.049013666568	DBCA	38_2	210	130.297475826734
528.571428571429	900	75.5526851720488	24.6	100.152685172049	DBCA	38_2	140	121.391672525268
528.571428571429	933.333333333333	79.9606140453695	24.6	104.56061404537	DBCA	38_2	280	132.078538432706
528.571428571429	966.666666666667	79.8843162917872	24.6	104.484316291787	DBCA	38_2	0	104.484316291787
542.857142857143	666.666666666667	78.9847960006352	24.6	103.584796000635	DBCA	39_1	280	131.102720387972
542.857142857143	700	76.2201052619221	24.6	100.820105261922	DBCA	39_1	210	127.068567422088
542.857142857143	733.333333333333	76.7994982897055	24.6	101.399498289705	DBCA	39_1	0	101.399498289705
542.857142857143	766.666666666667	77.4701936937223	24.6	102.070193693722	DBCA	39_1	140	123.309181046942
542.857142857143	800	82.3706420973153	24.6	106.970642097315	DBCA	39_1	70	119.460142063813
542.857142857143	833.333333333333	79.7010598808843	24.6	104.301059880884	DBCA	39_2	0	104.301059880884
542.857142857143	866.666666666667	79.737205569693	24.6	104.337205569693	DBCA	39_2	70	116.82670553619
542.857142857143	900	76.6336740954316	24.6	101.233674095432	DBCA	39_2	140	122.472661448651
542.857142857143	933.333333333333	77.6048073643443	24.6	102.204807364344	DBCA	39_2	210	128.45326952451
542.857142857143	966.666666666667	81.0071772800574	24.6	105.607177280057	DBCA	39_2	280	133.125101667394
42.8571428571429	666.666666666667	83.4495754530021	0	83.4495754530021	DBCA	4_1	140	92.9789628062215
42.8571428571429	700	83.5267343425665	0	83.5267343425665	DBCA	4_1	210	92.2107965027324
42.8571428571429	733.333333333333	83.8499489718984	0	83.8499489718984	DBCA	4_1	280	87.9486733592353
42.8571428571429	766.666666666667	85.3006082382883	0	85.3006082382883	DBCA	4_1	0	85.3006082382883
42.8571428571429	800	79.8935488310918	0	79.8935488310918	DBCA	4_1	70	86.5282487975892
42.8571428571429	833.333333333333	84.8037559353067	0	84.8037559353067	DBCA	4_2	280	88.9024803226435
42.8571428571429	866.666666666667	83.8106115967912	0	83.8106115967912	DBCA	4_2	0	83.8106115967912
42.8571428571429	900	82.4575175330157	0	82.4575175330157	DBCA	4_2	140	91.9869048862352
42.8571428571429	933.333333333333	77.7124043691291	0	77.7124043691291	DBCA	4_2	70	84.3471043356266
42.8571428571429	966.666666666667	77.3699454725626	0	77.3699454725626	DBCA	4_2	210	86.0540076327285
557.142857142857	666.666666666667	79.8837410352476	24.6	104.483741035248	DBCA	40_1	140	125.722728388467
557.142857142857	700	79.6493181441108	24.6	104.249318144111	DBCA	40_1	210	130.497780304277
557.142857142857	733.333333333333	76.1886483646849	24.6	100.788648364685	DBCA	40_1	280	128.306572752022
557.142857142857	766.666666666667	76.1487531644642	24.6	100.748753164464	DBCA	40_1	70	113.238253130962
557.142857142857	800	81.3391797498946	24.6	105.939179749895	DBCA	40_1	0	105.939179749895
557.142857142857	833.333333333333	77.9258871374396	24.6	102.52588713744	DBCA	40_2	280	130.043811524776
557.142857142857	866.666666666667	82.9858433177171	24.6	107.585843317717	DBCA	40_2	140	128.824830670937
557.142857142857	900	77.622100940469	24.6	102.222100940469	DBCA	40_2	0	102.222100940469
557.142857142857	933.333333333333	77.9306219006969	24.6	102.530621900697	DBCA	40_2	210	128.779084060863
557.142857142857	966.666666666667	80.9157109146896	24.6	105.51571091469	DBCA	40_2	70	118.005210881187
571.428571428571	666.666666666667	81.8945012167062	24.6	106.494501216706	DBCA	41_1	210	132.742963376872
571.428571428571	700	78.9435397446434	24.6	103.543539744643	DBCA	41_1	280	131.06146413198
571.428571428571	733.333333333333	75.7944846409219	24.6	100.394484640922	DBCA	41_1	0	100.394484640922
571.428571428571	766.666666666667	74.9416676784564	24.6	99.5416676784564	DBCA	41_1	140	120.780655031676
571.428571428571	800	75.886107175137	24.6	100.486107175137	DBCA	41_1	70	112.975607141634
571.428571428571	833.333333333333	77.7391113065805	24.6	102.33911130658	DBCA	41_2	140	123.5780986598
571.428571428571	866.666666666667	75.4655693941324	24.6	100.065569394132	DBCA	41_2	280	127.583493781469
571.428571428571	900	79.9981901549911	24.6	104.598190154991	DBCA	41_2	70	117.087690121489
571.428571428571	933.333333333333	80.1093531700655	24.6	104.709353170066	DBCA	41_2	0	104.709353170066
571.428571428571	966.666666666667	80.0719982303053	24.6	104.671998230305	DBCA	41_2	210	130.920460390471
585.714285714286	666.666666666667	80.2163058002444	24.6	104.816305800244	DBCA	42_1	0	104.816305800244
585.714285714286	700	78.7539342408411	24.6	103.353934240841	DBCA	42_1	70	115.843434207339
585.714285714286	733.333333333333	79.3717564329412	24.6	103.971756432941	DBCA	42_1	280	131.489680820278
585.714285714286	766.666666666667	74.9851578997237	24.6	99.5851578997237	DBCA	42_1	140	120.824145252943
585.714285714286	800	76.9677316633144	24.6	101.567731663314	DBCA	42_1	210	127.81619382348
585.714285714286	833.333333333333	75.4408189281435	24.6	100.040818928143	DBCA	42_2	210	126.289281088309
585.714285714286	866.666666666667	82.3007486707494	24.6	106.900748670749	DBCA	42_2	70	119.390248637247
585.714285714286	900	82.4038326239265	24.6	107.003832623927	DBCA	42_2	280	134.521757011263
585.714285714286	933.333333333333	79.8870013570612	24.6	104.487001357061	DBCA	42_2	140	125.725988710281
585.714285714286	966.666666666667	81.1748641826432	24.6	105.774864182643	DBCA	42_2	0	105.774864182643
600	666.666666666667	78.7857003026509	24.6	103.385700302651	DBCA	43_1	280	130.903624689988
600	700	77.8008447245765	24.6	102.400844724577	DBCA	43_1	70	114.890344691074
600	733.333333333333	78.9527979611161	24.6	103.552797961116	DBCA	43_1	140	124.791785314335
600	766.666666666667	76.9648578330658	24.6	101.564857833066	DBCA	43_1	0	101.564857833066
600	800	78.0980172339117	24.6	102.698017233912	DBCA	43_1	210	128.946479394078
600	833.333333333333	75.3449091806527	24.6	99.9449091806527	DBCA	43_2	140	121.183896533872
600	866.666666666667	80.1337837605789	24.6	104.733783760579	DBCA	43_2	280	132.251708147916
600	900	84.2674179524508	24.6	108.867417952451	DBCA	43_2	0	108.867417952451
600	933.333333333333	82.6863527395124	24.6	107.286352739512	DBCA	43_2	210	133.534814899678
600	966.666666666667	78.6610621330813	24.6	103.261062133081	DBCA	43_2	70	115.750562099579
614.285714285714	666.666666666667	80.4631017710411	24.6	105.063101771041	DBCA	44_1	280	132.581026158378
614.285714285714	700	77.0655828948462	24.6	101.665582894846	DBCA	44_1	210	127.914045055012
614.285714285714	733.333333333333	78.7257816762937	24.6	103.325781676294	DBCA	44_1	0	103.325781676294
614.285714285714	766.666666666667	75.7017358877421	24.6	100.301735887742	DBCA	44_1	70	112.79123585424
614.285714285714	800	77.9382853161819	24.6	102.538285316182	DBCA	44_1	140	123.777272669401
614.285714285714	833.333333333333	80.289216411437	24.6	104.889216411437	DBCA	44_2	140	126.128203764656
614.285714285714	866.666666666667	81.4443196473308	24.6	106.044319647331	DBCA	44_2	280	133.562244034668
614.285714285714	900	86.7001146291878	24.6	111.300114629188	DBCA	44_2	70	123.789614595685
614.285714285714	933.333333333333	81.5649264183	24.6	106.1649264183	DBCA	44_2	210	132.413388578466
614.285714285714	966.666666666667	81.0013092512178	24.6	105.601309251218	DBCA	44_2	0	105.601309251218
628.571428571429	666.666666666667	78.0457838096885	24.6	102.645783809689	DBCA	45_1	70	115.135283776186
628.571428571429	700	82.3149647419718	24.6	106.914964741972	DBCA	45_1	0	106.914964741972
628.571428571429	733.333333333333	78.7602384244731	24.6	103.360238424473	DBCA	45_1	280	130.87816281181
628.571428571429	766.666666666667	73.5246892119743	24.6	98.1246892119743	DBCA	45_1	210	124.37315137214
628.571428571429	800	77.8840026702073	24.6	102.484002670207	DBCA	45_1	140	123.722990023427
628.571428571429	833.333333333333	82.2434071316694	24.6	106.843407131669	DBCA	45_2	70	119.332907098167
628.571428571429	866.666666666667	81.6851727936312	24.6	106.285172793631	DBCA	45_2	140	127.524160146851
628.571428571429	900	81.2309024236908	24.6	105.830902423691	DBCA	45_2	210	132.079364583857
628.571428571429	933.333333333333	81.9719557339919	24.6	106.571955733992	DBCA	45_2	280	134.089880121329
628.571428571429	966.666666666667	81.6414193379847	24.6	106.241419337985	DBCA	45_2	0	106.241419337985
642.857142857143	666.666666666667	80.2410140513632	24.6	104.841014051363	DBCA	46_1	140	126.080001404583
642.857142857143	700	79.4849247761052	24.6	104.084924776105	DBCA	46_1	0	104.084924776105
642.857142857143	733.333333333333	82.891308669972	24.6	107.491308669972	DBCA	46_1	70	119.980808636469
642.857142857143	766.666666666667	78.9005040289492	24.6	103.500504028949	DBCA	46_1	210	129.748966189115
642.857142857143	800	80.3788702832818	24.6	104.978870283282	DBCA	46_1	280	132.496794670619
642.857142857143	833.333333333333	79.8069859994117	24.6	104.406985999412	DBCA	46_2	280	131.924910386749
642.857142857143	866.666666666667	83.6779652730829	24.6	108.277965273083	DBCA	46_2	0	108.277965273083
642.857142857143	900	81.0525065582309	24.6	105.652506558231	DBCA	46_2	210	131.900968718397
642.857142857143	933.333333333333	82.6022899555135	24.6	107.202289955513	DBCA	46_2	70	119.691789922011
642.857142857143	966.666666666667	78.9739908937991	24.6	103.573990893799	DBCA	46_2	140	124.812978247019
657.142857142857	666.666666666667	78.3860234750505	24.6	102.98602347505	DBCA	47_1	70	115.475523441548
657.142857142857	700	81.0542460812996	24.6	105.6542460813	DBCA	47_1	280	133.172170468636
657.142857142857	733.333333333333	80.9450307960613	24.6	105.545030796061	DBCA	47_1	0	105.545030796061
657.142857142857	766.666666666667	80.0756018467883	24.6	104.675601846788	DBCA	47_1	140	125.914589200008
657.142857142857	800	80.574238688074	24.6	105.174238688074	DBCA	47_1	210	131.42270084824
657.142857142857	833.333333333333	85.8211534268965	24.6	110.421153426897	DBCA	47_2	210	136.669615587062
657.142857142857	866.666666666667	80.054857543046	24.6	104.654857543046	DBCA	47_2	70	117.144357509543
657.142857142857	900	83.6021933216847	24.6	108.202193321685	DBCA	47_2	0	108.202193321685
657.142857142857	933.333333333333	81.2616440400976	24.6	105.861644040098	DBCA	47_2	280	133.379568427434
657.142857142857	966.666666666667	79.4208964313691	24.6	104.020896431369	DBCA	47_2	140	125.259883784589
671.428571428571	666.666666666667	79.2785757418106	24.6	103.878575741811	DBCA	48_1	0	103.878575741811
671.428571428571	700	80.3199490382798	24.6	104.91994903828	DBCA	48_1	210	131.168411198446
671.428571428571	733.333333333333	80.7154664415949	24.6	105.315466441595	DBCA	48_1	140	126.554453794814
671.428571428571	766.666666666667	83.1049458984637	24.6	107.704945898464	DBCA	48_1	70	120.194445864961
671.428571428571	800	80.7914836933431	24.6	105.391483693343	DBCA	48_1	280	132.90940808068
671.428571428571	833.333333333333	80.2883821285929	24.6	104.888382128593	DBCA	48_2	210	131.136844288759
671.428571428571	866.666666666667	78.9267383146944	24.6	103.526738314694	DBCA	48_2	280	131.044662702031
671.428571428571	900	80.7340402080441	24.6	105.334040208044	DBCA	48_2	0	105.334040208044
671.428571428571	933.333333333333	77.0256136461531	24.6	101.625613646153	DBCA	48_2	70	114.115113612651
671.428571428571	966.666666666667	80.7204821845724	24.6	105.320482184572	DBCA	48_2	140	126.559469537792
685.714285714286	666.666666666667	84.1765365467235	24.6	108.776536546723	DBCA	49_1	70	121.266036513221
685.714285714286	700	80.3316809233752	24.6	104.931680923375	DBCA	49_1	210	131.180143083541
685.714285714286	733.333333333333	83.1683920474249	24.6	107.768392047425	DBCA	49_1	280	135.286316434762
685.714285714286	766.666666666667	79.7527803666366	24.6	104.352780366637	DBCA	49_1	140	125.591767719856
685.714285714286	800	79.2252009685315	24.6	103.825200968531	DBCA	49_1	0	103.825200968531
685.714285714286	833.333333333333	78.4792826798723	24.6	103.079282679872	DBCA	49_2	0	103.079282679872
685.714285714286	866.666666666667	76.4969989267547	24.6	101.096998926755	DBCA	49_2	280	128.614923314092
685.714285714286	900	78.5401201895406	24.6	103.140120189541	DBCA	49_2	70	115.629620156038
685.714285714286	933.333333333333	77.8659916403024	24.6	102.465991640302	DBCA	49_2	140	123.704978993522
685.714285714286	966.666666666667	78.6209268605047	24.6	103.220926860505	DBCA	49_2	210	129.469389020671
57.1428571428571	666.666666666667	84.0320851940836	0	84.0320851940836	DBCA	5_1	210	92.7161473542495
57.1428571428571	700	78.708220093863	0	78.708220093863	DBCA	5_1	140	88.2376074470825
57.1428571428571	733.333333333333	84.3894403534332	0	84.3894403534332	DBCA	5_1	70	91.0241403199307
57.1428571428571	766.666666666667	80.8271290296324	0	80.8271290296324	DBCA	5_1	280	84.9258534169692
57.1428571428571	800	79.4060574003051	0	79.4060574003051	DBCA	5_1	0	79.4060574003051
57.1428571428571	833.333333333333	84.0270187616839	0	84.0270187616839	DBCA	5_2	70	90.6617187281814
57.1428571428571	866.666666666667	82.5609192090827	0	82.5609192090827	DBCA	5_2	140	92.0903065623021
57.1428571428571	900	84.270408915722	0	84.270408915722	DBCA	5_2	0	84.270408915722
57.1428571428571	933.333333333333	76.5149530666815	0	76.5149530666815	DBCA	5_2	280	80.6136774540184
57.1428571428571	966.666666666667	78.5505781551803	0	78.5505781551803	DBCA	5_2	210	87.2346403153462
700	666.666666666667	84.2982417283686	24.6	108.898241728369	DBCA	50_1	0	108.898241728369
700	700	80.3626198292202	24.6	104.96261982922	DBCA	50_1	210	131.211081989386
700	733.333333333333	81.1887434838625	24.6	105.788743483863	DBCA	50_1	140	127.027730837082
700	766.666666666667	80.4090671710448	24.6	105.009067171045	DBCA	50_1	280	132.526991558382
700	800	83.6860135283717	24.6	108.286013528372	DBCA	50_1	70	120.775513494869
700	833.333333333333	78.896543755394	24.6	103.496543755394	DBCA	50_2	70	115.986043721891
700	866.666666666667	76.0554220047931	24.6	100.655422004793	DBCA	50_2	210	126.903884164959
700	900	80.2451411799271	24.6	104.845141179927	DBCA	50_2	280	132.363065567264
700	933.333333333333	78.7451491709681	24.6	103.345149170968	DBCA	50_2	0	103.345149170968
700	966.666666666667	76.3212008437897	24.6	100.92120084379	DBCA	50_2	140	122.160188197009
714.285714285714	666.666666666667	80.4788562386104	24.6	105.07885623861	DBCA	51_1	70	117.568356205108
714.285714285714	700	81.7052461236736	24.6	106.305246123674	DBCA	51_1	0	106.305246123674
714.285714285714	733.333333333333	81.7320546764814	24.6	106.332054676481	DBCA	51_1	280	133.849979063818
714.285714285714	766.666666666667	80.6368665220516	24.6	105.236866522052	DBCA	51_1	140	126.475853875271
714.285714285714	800	82.3974970410476	24.6	106.997497041048	DBCA	51_1	210	133.245959201214
714.285714285714	833.333333333333	79.9534103147454	24.6	104.553410314745	DBCA	51_2	0	104.553410314745
714.285714285714	866.666666666667	78.8777926508032	24.6	103.477792650803	DBCA	51_2	210	129.726254810969
714.285714285714	900	75.5796089349426	24.6	100.179608934943	DBCA	51_2	70	112.66910890144
714.285714285714	933.333333333333	81.1792111229365	24.6	105.779211122937	DBCA	51_2	280	133.297135510273
714.285714285714	966.666666666667	78.8768615122723	24.6	103.476861512272	DBCA	51_2	140	124.715848865492
728.571428571429	666.666666666667	80.8561326499229	24.6	105.456132649923	DBCA	52_1	140	126.695120003142
728.571428571429	700	80.7726372271855	24.6	105.372637227185	DBCA	52_1	210	131.621099387351
728.571428571429	733.333333333333	79.5483675863692	24.6	104.148367586369	DBCA	52_1	70	116.637867552867
728.571428571429	766.666666666667	81.7657366114206	24.6	106.365736611421	DBCA	52_1	280	133.883660998757
728.571428571429	800	80.0840076995431	24.6	104.684007699543	DBCA	52_1	0	104.684007699543
728.571428571429	833.333333333333	83.5971762488698	24.6	108.19717624887	DBCA	52_2	70	120.686676215367
728.571428571429	866.666666666667	80.4642185716338	24.6	105.064218571634	DBCA	52_2	210	131.3126807318
728.571428571429	900	79.1905566316765	24.6	103.790556631676	DBCA	52_2	140	125.029543984896
728.571428571429	933.333333333333	78.5508425607662	24.6	103.150842560766	DBCA	52_2	280	130.668766948103
728.571428571429	966.666666666667	79.3147554853999	24.6	103.9147554854	DBCA	52_2	0	103.9147554854
742.857142857143	666.666666666667	80.9502682098918	24.6	105.550268209892	DBCA	53_1	280	133.068192597229
742.857142857143	700	79.0449392803718	24.6	103.644939280372	DBCA	53_1	70	116.134439246869
742.857142857143	733.333333333333	77.9212165439656	24.6	102.521216543966	DBCA	53_1	140	123.760203897185
742.857142857143	766.666666666667	79.8846926954126	24.6	104.484692695413	DBCA	53_1	210	130.733154855578
742.857142857143	800	83.6205769227299	24.6	108.22057692273	DBCA	53_1	0	108.22057692273
742.857142857143	833.333333333333	81.7295416533861	24.6	106.329541653386	DBCA	53_2	0	106.329541653386
742.857142857143	866.666666666667	78.5394230186169	24.6	103.139423018617	DBCA	53_2	70	115.628922985114
742.857142857143	900	77.7635400684312	24.6	102.363540068431	DBCA	53_2	140	123.602527421651
742.857142857143	933.333333333333	80.5740563308142	24.6	105.174056330814	DBCA	53_2	280	132.691980718151
742.857142857143	966.666666666667	80.7990834719116	24.6	105.399083471912	DBCA	53_2	210	131.647545632078
757.142857142857	666.666666666667	80.7642607598289	24.6	105.364260759829	DBCA	54_1	70	117.853760726326
757.142857142857	700	81.4657896368013	24.6	106.065789636801	DBCA	54_1	140	127.304776990021
757.142857142857	733.333333333333	79.7304364962105	24.6	104.33043649621	DBCA	54_1	0	104.33043649621
757.142857142857	766.666666666667	81.7305653402759	24.6	106.330565340276	DBCA	54_1	210	132.579027500442
757.142857142857	800	84.1362880277891	24.6	108.736288027789	DBCA	54_1	280	136.254212415126
757.142857142857	833.333333333333	83.7224591663092	24.6	108.322459166309	DBCA	54_2	70	120.811959132807
757.142857142857	866.666666666667	85.5000695219965	24.6	110.100069521997	DBCA	54_2	0	110.100069521997
757.142857142857	900	83.4530064384699	24.6	108.05300643847	DBCA	54_2	280	135.570930825807
757.142857142857	933.333333333333	79.4549288297538	24.6	104.054928829754	DBCA	54_2	210	130.30339098992
757.142857142857	966.666666666667	80.4515095471853	24.6	105.051509547185	DBCA	54_2	140	126.290496900405
771.428571428571	666.666666666667	83.1105212353982	24.6	107.710521235398	DBCA	55_1	70	120.200021201896
771.428571428571	700	80.4223471273871	24.6	105.022347127387	DBCA	55_1	140	126.261334480606
771.428571428571	733.333333333333	82.9531339880459	24.6	107.553133988046	DBCA	55_1	280	135.071058375383
771.428571428571	766.666666666667	84.1929113558426	24.6	108.792911355843	DBCA	55_1	210	135.041373516009
771.428571428571	800	85.8043728986343	24.6	110.404372898634	DBCA	55_1	0	110.404372898634
771.428571428571	833.333333333333	83.6258067548786	24.6	108.225806754879	DBCA	55_2	140	129.464794108098
771.428571428571	866.666666666667	88.253143658342	24.6	112.853143658342	DBCA	55_2	70	125.342643624839
771.428571428571	900	86.5736223636305	24.6	111.17362236363	DBCA	55_2	210	137.422084523796
771.428571428571	933.333333333333	83.6568945286728	24.6	108.256894528673	DBCA	55_2	280	135.77481891601
771.428571428571	966.666666666667	83.3348420497811	24.6	107.934842049781	DBCA	55_2	0	107.934842049781
785.714285714286	666.666666666667	78.1470203793014	24.6	102.747020379301	DBCA	56_1	140	123.986007732521
785.714285714286	700	82.0914399020317	24.6	106.691439902032	DBCA	56_1	210	132.939902062198
785.714285714286	733.333333333333	84.3006721079176	24.6	108.900672107918	DBCA	56_1	70	121.390172074415
785.714285714286	766.666666666667	83.7259677440431	24.6	108.325967744043	DBCA	56_1	280	135.84389213138
785.714285714286	800	81.6399672176688	24.6	106.239967217669	DBCA	56_1	0	106.239967217669
785.714285714286	833.333333333333	81.6123381399779	24.6	106.212338139978	DBCA	56_2	70	118.701838106475
785.714285714286	866.666666666667	83.2855101425398	24.6	107.88551014254	DBCA	56_2	210	134.133972302706
785.714285714286	900	89.1955743802403	24.6	113.79557438024	DBCA	56_2	0	113.79557438024
785.714285714286	933.333333333333	84.1504130056681	24.6	108.750413005668	DBCA	56_2	140	129.989400358888
785.714285714286	966.666666666667	81.3511164678463	24.6	105.951116467846	DBCA	56_2	280	133.469040855183
800	666.666666666667	81.7048521885287	24.6	106.304852188529	DBCA	57_1	70	118.794352155026
800	700	82.3709892812324	24.6	106.970989281232	DBCA	57_1	280	134.488913668569
800	733.333333333333	85.5090488567079	24.6	110.109048856708	DBCA	57_1	0	110.109048856708
800	766.666666666667	86.1539341838972	24.6	110.753934183897	DBCA	57_1	140	131.992921537117
800	800	81.6781521591508	24.6	106.278152159151	DBCA	57_1	210	132.526614319317
800	833.333333333333	84.0422906052419	24.6	108.642290605242	DBCA	57_2	280	136.160214992579
800	866.666666666667	83.7783221987791	24.6	108.378322198779	DBCA	57_2	0	108.378322198779
800	900	86.2093771470824	24.6	110.809377147082	DBCA	57_2	140	132.048364500302
800	933.333333333333	84.4752856777219	24.6	109.075285677722	DBCA	57_2	70	121.564785644219
800	966.666666666667	81.9847457184614	24.6	106.584745718461	DBCA	57_2	210	132.833207878627
814.285714285714	666.666666666667	81.677983633762	24.6	106.277983633762	DBCA	58_1	0	106.277983633762
814.285714285714	700	82.9514178969573	24.6	107.551417896957	DBCA	58_1	70	120.040917863455
814.285714285714	733.333333333333	88.0906795900711	24.6	112.690679590071	DBCA	58_1	210	138.939141750237
814.285714285714	766.666666666667	83.6001251788728	24.6	108.200125178873	DBCA	58_1	140	129.439112532092
814.285714285714	800	82.9822490326028	24.6	107.582249032603	DBCA	58_1	280	135.10017341994
814.285714285714	833.333333333333	84.7696816798808	24.6	109.369681679881	DBCA	58_2	140	130.6086690331
814.285714285714	866.666666666667	82.3759425414316	24.6	106.975942541432	DBCA	58_2	70	119.465442507929
814.285714285714	900	83.7790095535912	24.6	108.379009553591	DBCA	58_2	280	135.896933940928
814.285714285714	933.333333333333	86.1904662648004	24.6	110.7904662648	DBCA	58_2	0	110.7904662648
814.285714285714	966.666666666667	85.9431991279104	24.6	110.54319912791	DBCA	58_2	210	136.791661288076
828.571428571429	666.666666666667	79.6977521530847	24.6	104.297752153085	DBCA	59_1	280	131.815676540422
828.571428571429	700	84.092925124605	24.6	108.692925124605	DBCA	59_1	70	121.182425091103
828.571428571429	733.333333333333	85.0694028269821	24.6	109.669402826982	DBCA	59_1	0	109.669402826982
828.571428571429	766.666666666667	81.9693607145137	24.6	106.569360714514	DBCA	59_1	210	132.81782287468
828.571428571429	800	85.0970123308664	24.6	109.697012330866	DBCA	59_1	140	130.935999684086
828.571428571429	833.333333333333	86.5836011412658	24.6	111.183601141266	DBCA	59_2	0	111.183601141266
828.571428571429	866.666666666667	80.869171624021	24.6	105.469171624021	DBCA	59_2	210	131.717633784187
828.571428571429	900	83.2083374331692	24.6	107.808337433169	DBCA	59_2	280	135.326261820506
828.571428571429	933.333333333333	85.4910635610537	24.6	110.091063561054	DBCA	59_2	70	122.580563527551
828.571428571429	966.666666666667	83.6051993882063	24.6	108.205199388206	DBCA	59_2	140	129.444186741426
71.4285714285714	666.666666666667	80.7743171631111	0	80.7743171631111	DBCA	6_1	0	80.7743171631111
71.4285714285714	700	79.7140176459281	0	79.7140176459281	DBCA	6_1	210	88.3980798060939
71.4285714285714	733.333333333333	80.3119323568557	0	80.3119323568557	DBCA	6_1	70	86.9466323233532
71.4285714285714	766.666666666667	78.1368095560826	0	78.1368095560826	DBCA	6_1	280	82.2355339434195
71.4285714285714	800	77.2531579510019	0	77.2531579510019	DBCA	6_1	140	86.7825453042213
71.4285714285714	833.333333333333	83.4929347803278	0	83.4929347803278	DBCA	6_2	70	90.1276347468252
71.4285714285714	866.666666666667	81.0270667819521	0	81.0270667819521	DBCA	6_2	140	90.5564541351715
71.4285714285714	900	82.7477078209059	0	82.7477078209059	DBCA	6_2	210	91.4317699810718
71.4285714285714	933.333333333333	80.8529661260673	0	80.8529661260673	DBCA	6_2	280	84.9516905134042
71.4285714285714	966.666666666667	78.8150825156504	0	78.8150825156504	DBCA	6_2	0	78.8150825156504
842.857142857143	666.666666666667	80.4716034522217	24.6	105.071603452222	DBCA	60_1	140	126.310590805441
842.857142857143	700	78.9895627961388	24.6	103.589562796139	DBCA	60_1	70	116.079062762636
842.857142857143	733.333333333333	85.8364354571251	24.6	110.436435457125	DBCA	60_1	210	136.684897617291
842.857142857143	766.666666666667	87.4812922359842	24.6	112.081292235984	DBCA	60_1	0	112.081292235984
842.857142857143	800	85.767881145849	24.6	110.367881145849	DBCA	60_1	280	137.885805533186
842.857142857143	833.333333333333	81.8673726632805	24.6	106.46737266328	DBCA	60_2	70	118.956872629778
842.857142857143	866.666666666667	82.9243187574778	24.6	107.524318757478	DBCA	60_2	140	128.763306110697
842.857142857143	900	81.8897416620062	24.6	106.489741662006	DBCA	60_2	280	134.007666049343
842.857142857143	933.333333333333	85.0607286440017	24.6	109.660728644002	DBCA	60_2	210	135.909190804168
842.857142857143	966.666666666667	82.5955269732027	24.6	107.195526973203	DBCA	60_2	0	107.195526973203
857.142857142857	666.666666666667	79.9374577218457	24.6	104.537457721846	DBCA	61_1	280	132.055382109183
857.142857142857	700	80.6687777012929	24.6	105.268777701293	DBCA	61_1	70	117.75827766779
857.142857142857	733.333333333333	85.294912404582	24.6	109.894912404582	DBCA	61_1	140	131.133899757801
857.142857142857	766.666666666667	87.6662518155857	24.6	112.266251815586	DBCA	61_1	0	112.266251815586
857.142857142857	800	85.6994520073263	24.6	110.299452007326	DBCA	61_1	210	136.547914167492
857.142857142857	833.333333333333	83.2002536450631	24.6	107.800253645063	DBCA	61_2	280	135.3181780324
857.142857142857	866.666666666667	82.643656666716	24.6	107.243656666716	DBCA	61_2	210	133.492118826882
857.142857142857	900	85.5462209620924	24.6	110.146220962092	DBCA	61_2	140	131.385208315312
857.142857142857	933.333333333333	75.7775772917889	24.6	100.377577291789	DBCA	61_2	0	100.377577291789
857.142857142857	966.666666666667	79.3874028614291	24.6	103.987402861429	DBCA	61_2	70	116.476902827927
871.428571428571	666.666666666667	81.2088416589887	24.6	105.808841658989	DBCA	62_1	140	127.047829012208
871.428571428571	700	83.4249772993984	24.6	108.024977299398	DBCA	62_1	0	108.024977299398
871.428571428571	733.333333333333	83.4416743428869	24.6	108.041674342887	DBCA	62_1	210	134.290136503053
871.428571428571	766.666666666667	88.9515527447324	24.6	113.551552744732	DBCA	62_1	70	126.04105271123
871.428571428571	800	83.4166484064911	24.6	108.016648406491	DBCA	62_1	280	135.534572793828
871.428571428571	833.333333333333	84.4567017004896	24.6	109.05670170049	DBCA	62_2	280	136.574626087826
871.428571428571	866.666666666667	84.473542893758	24.6	109.073542893758	DBCA	62_2	70	121.563042860255
871.428571428571	900	85.2883365931617	24.6	109.888336593162	DBCA	62_2	0	109.888336593162
871.428571428571	933.333333333333	77.8311320341383	24.6	102.431132034138	DBCA	62_2	140	123.670119387358
871.428571428571	966.666666666667	75.3921059202104	24.6	99.9921059202103	DBCA	62_2	210	126.240568080376
885.714285714286	666.666666666667	78.0284584404778	24.6	102.628458440478	DBCA	63_1	70	115.117958406975
885.714285714286	700	80.3467204672499	24.6	104.94672046725	DBCA	63_1	0	104.94672046725
885.714285714286	733.333333333333	86.3120159317793	24.6	110.912015931779	DBCA	63_1	140	132.151003284999
885.714285714286	766.666666666667	86.4017559546181	24.6	111.001755954618	DBCA	63_1	210	137.250218114784
885.714285714286	800	85.1745584537331	24.6	109.774558453733	DBCA	63_1	280	137.29248284107
885.714285714286	833.333333333333	85.999575238386	24.6	110.599575238386	DBCA	63_2	140	131.838562591605
885.714285714286	866.666666666667	81.1138658539403	24.6	105.71386585394	DBCA	63_2	70	118.203365820438
885.714285714286	900	82.6829038042	24.6	107.2829038042	DBCA	63_2	0	107.2829038042
885.714285714286	933.333333333333	79.8591277890481	24.6	104.459127789048	DBCA	63_2	280	131.977052176385
885.714285714286	966.666666666667	77.4350366991433	24.6	102.035036699143	DBCA	63_2	210	128.283498859309
900	666.666666666667	80.872277376822	24.6	105.472277376822	DBCA	64_1	70	117.961777343319
900	700	83.4904961502036	24.6	108.090496150204	DBCA	64_1	210	134.33895831037
900	733.333333333333	82.3374549087187	24.6	106.937454908719	DBCA	64_1	0	106.937454908719
900	766.666666666667	89.2501561510831	24.6	113.850156151083	DBCA	64_1	280	141.36808053842
900	800	82.8290957848076	24.6	107.429095784808	DBCA	64_1	140	128.668083138027
900	833.333333333333	80.794983476864	24.6	105.394983476864	DBCA	64_2	210	131.64344563703
900	866.666666666667	82.9449912564578	24.6	107.544991256458	DBCA	64_2	280	135.062915643795
900	900	81.9236828179309	24.6	106.523682817931	DBCA	64_2	70	119.013182784428
900	933.333333333333	77.4893838977884	24.6	102.089383897788	DBCA	64_2	0	102.089383897788
900	966.666666666667	78.2105760467025	24.6	102.810576046702	DBCA	64_2	140	124.049563399922
914.285714285714	666.666666666667	79.0802392392816	24.6	103.680239239282	DBCA	65_1	210	129.928701399448
914.285714285714	700	84.5660400369908	24.6	109.166040036991	DBCA	65_1	0	109.166040036991
914.285714285714	733.333333333333	85.3884575916016	24.6	109.988457591602	DBCA	65_1	70	122.477957558099
914.285714285714	766.666666666667	84.9452340234646	24.6	109.545234023465	DBCA	65_1	140	130.784221376684
914.285714285714	800	82.575492771226	24.6	107.175492771226	DBCA	65_1	280	134.693417158563
914.285714285714	833.333333333333	83.275121619878	24.6	107.875121619878	DBCA	65_2	70	120.364621586375
914.285714285714	866.666666666667	81.9152413722507	24.6	106.515241372251	DBCA	65_2	280	134.033165759588
914.285714285714	900	79.043092502533	24.6	103.643092502533	DBCA	65_2	210	129.891554662699
914.285714285714	933.333333333333	78.0699849234456	24.6	102.669984923446	DBCA	65_2	140	123.908972276665
914.285714285714	966.666666666667	79.6780346818124	24.6	104.278034681812	DBCA	65_2	0	104.278034681812
928.571428571429	666.666666666667	80.7821656638453	24.6	105.382165663845	DBCA	66_1	210	131.630627824011
928.571428571429	700	85.1932147935987	24.6	109.793214793599	DBCA	66_1	70	122.282714760096
928.571428571429	733.333333333333	83.1691365254248	24.6	107.769136525425	DBCA	66_1	280	135.287060912762
928.571428571429	766.666666666667	85.2353479974416	24.6	109.835347997442	DBCA	66_1	0	109.835347997442
928.571428571429	800	81.8274061748366	24.6	106.427406174837	DBCA	66_1	140	127.666393528056
928.571428571429	833.333333333333	81.2155822164029	24.6	105.815582216403	DBCA	66_2	70	118.3050821829
928.571428571429	866.666666666667	81.6560953947379	24.6	106.256095394738	DBCA	66_2	210	132.504557554904
928.571428571429	900	83.0503709279595	24.6	107.65037092796	DBCA	66_2	0	107.65037092796
928.571428571429	933.333333333333	78.9702065868272	24.6	103.570206586827	DBCA	66_2	280	131.088130974164
928.571428571429	966.666666666667	79.949441055979	24.6	104.549441055979	DBCA	66_2	140	125.788428409198
942.857142857143	666.666666666667	83.6332714996701	24.6	108.23327149967	DBCA	67_1	70	120.722771466168
942.857142857143	700	82.3237051504586	24.6	106.923705150459	DBCA	67_1	210	133.172167310625
942.857142857143	733.333333333333	78.1129464919878	24.6	102.712946491988	DBCA	67_1	0	102.712946491988
942.857142857143	766.666666666667	81.8967622211188	24.6	106.496762221119	DBCA	67_1	140	127.735749574338
942.857142857143	800	82.4893496797376	24.6	107.089349679738	DBCA	67_1	280	134.607274067074
942.857142857143	833.333333333333	81.7700347624329	24.6	106.370034762433	DBCA	67_2	280	133.88795914977
942.857142857143	866.666666666667	79.087997711765	24.6	103.687997711765	DBCA	67_2	210	129.936459871931
942.857142857143	900	86.6105484345096	24.6	111.21054843451	DBCA	67_2	0	111.21054843451
942.857142857143	933.333333333333	82.2380566397628	24.6	106.838056639763	DBCA	67_2	70	119.32755660626
942.857142857143	966.666666666667	80.674204084988	24.6	105.274204084988	DBCA	67_2	140	126.513191438207
957.142857142857	666.666666666667	78.8241450730575	24.6	103.424145073058	DBCA	68_1	210	129.672607233223
957.142857142857	700	81.0723515701505	24.6	105.672351570151	DBCA	68_1	140	126.91133892337
957.142857142857	733.333333333333	81.3393505092462	24.6	105.939350509246	DBCA	68_1	280	133.457274896583
957.142857142857	766.666666666667	78.8404832145006	24.6	103.440483214501	DBCA	68_1	0	103.440483214501
957.142857142857	800	78.3414316900863	24.6	102.941431690086	DBCA	68_1	70	115.430931656584
957.142857142857	833.333333333333	82.086720963136	24.6	106.686720963136	DBCA	68_2	0	106.686720963136
957.142857142857	866.666666666667	78.4443896131454	24.6	103.044389613145	DBCA	68_2	70	115.533889579643
957.142857142857	900	80.6924375831383	24.6	105.292437583138	DBCA	68_2	140	126.531424936358
957.142857142857	933.333333333333	80.0536546730684	24.6	104.653654673068	DBCA	68_2	210	130.902116833234
957.142857142857	966.666666666667	83.2161144371415	24.6	107.816114437141	DBCA	68_2	280	135.334038824478
971.428571428571	666.666666666667	77.3856215508379	24.6	101.985621550838	DBCA	69_1	210	128.234083711004
971.428571428571	700	78.5796267715708	24.6	103.179626771571	DBCA	69_1	280	130.697551158908
971.428571428571	733.333333333333	84.6096087383547	24.6	109.209608738355	DBCA	69_1	140	130.448596091574
971.428571428571	766.666666666667	80.5441939934721	24.6	105.144193993472	DBCA	69_1	0	105.144193993472
971.428571428571	800	80.8521880358068	24.6	105.452188035807	DBCA	69_1	70	117.941688002304
971.428571428571	833.333333333333	78.5289894138069	24.6	103.128989413807	DBCA	69_2	0	103.128989413807
971.428571428571	866.666666666667	80.4648133899581	24.6	105.064813389958	DBCA	69_2	70	117.554313356456
971.428571428571	900	81.2765567348217	24.6	105.876556734822	DBCA	69_2	210	132.125018894988
971.428571428571	933.333333333333	81.8033756260278	24.6	106.403375626028	DBCA	69_2	140	127.642362979247
971.428571428571	966.666666666667	78.997120461531	24.6	103.597120461531	DBCA	69_2	280	131.115044848868
85.7142857142857	666.666666666667	82.4730878704873	0	82.4730878704873	DBCA	7_1	140	92.0024752237067
85.7142857142857	700	81.4205401834431	0	81.4205401834431	DBCA	7_1	70	88.0552401499406
85.7142857142857	733.333333333333	81.4108769826994	0	81.4108769826994	DBCA	7_1	280	85.5096013700363
85.7142857142857	766.666666666667	79.0623813049896	0	79.0623813049896	DBCA	7_1	210	87.7464434651555
85.7142857142857	800	81.8301554270716	0	81.8301554270716	DBCA	7_1	0	81.8301554270716
85.7142857142857	833.333333333333	83.0288784103791	0	83.0288784103791	DBCA	7_2	140	92.5582657635985
85.7142857142857	866.666666666667	82.9621817479139	0	82.9621817479139	DBCA	7_2	210	91.6462439080798
85.7142857142857	900	78.0965649486546	0	78.0965649486546	DBCA	7_2	0	78.0965649486546
85.7142857142857	933.333333333333	81.9022098312509	0	81.9022098312509	DBCA	7_2	280	86.0009342185878
85.7142857142857	966.666666666667	79.7530503747022	0	79.7530503747022	DBCA	7_2	70	86.3877503411996
985.714285714286	666.666666666667	77.219984070006	24.6	101.819984070006	DBCA	70_1	140	123.058971423225
985.714285714286	700	79.3038145572124	24.6	103.903814557212	DBCA	70_1	70	116.39331452371
985.714285714286	733.333333333333	79.5457061781253	24.6	104.145706178125	DBCA	70_1	210	130.394168338291
985.714285714286	766.666666666667	79.0095570109636	24.6	103.609557010964	DBCA	70_1	280	131.1274813983
985.714285714286	800	81.0785386929903	24.6	105.67853869299	DBCA	70_1	0	105.67853869299
985.714285714286	833.333333333333	85.0504503875159	24.6	109.650450387516	DBCA	70_2	280	137.168374774853
985.714285714286	866.666666666667	84.4022121252957	24.6	109.002212125296	DBCA	70_2	140	130.241199478515
985.714285714286	900	82.1258019878691	24.6	106.725801987869	DBCA	70_2	210	132.974264148035
985.714285714286	933.333333333333	82.4166733548377	24.6	107.016673354838	DBCA	70_2	0	107.016673354838
985.714285714286	966.666666666667	78.4036733338131	24.6	103.003673333813	DBCA	70_2	70	115.493173300311
1000	666.666666666667	81.1219958401374	24.6	105.721995840137	DBCA	71_1	280	133.239920227474
1000	700	75.0429132380962	24.6	99.6429132380962	DBCA	71_1	0	99.6429132380962
1000	733.333333333333	78.6013840414929	24.6	103.201384041493	DBCA	71_1	70	115.69088400799
1000	766.666666666667	79.9674754319637	24.6	104.567475431964	DBCA	71_1	210	130.81593759213
1000	800	83.9162198760811	24.6	108.516219876081	DBCA	71_1	140	129.755207229301
1000	833.333333333333	80.9475139129896	24.6	105.54751391299	DBCA	71_2	70	118.037013879487
1000	866.666666666667	85.5510510283259	24.6	110.151051028326	DBCA	71_2	280	137.668975415663
1000	900	85.9501567730037	24.6	110.550156773004	DBCA	71_2	0	110.550156773004
1000	933.333333333333	83.3758269881111	24.6	107.975826988111	DBCA	71_2	140	129.214814341331
1000	966.666666666667	81.175212177468	24.6	105.775212177468	DBCA	71_2	210	132.023674337634
100	666.666666666667	82.6047757981955	0	82.6047757981955	DBCA	8_1	140	92.1341631514149
100	700	80.6326022915487	0	80.6326022915487	DBCA	8_1	280	84.7313266788856
100	733.333333333333	77.3462112345091	0	77.3462112345091	DBCA	8_1	0	77.3462112345091
100	766.666666666667	79.4729318037112	0	79.4729318037112	DBCA	8_1	70	86.1076317702087
100	800	82.2173110457003	0	82.2173110457003	DBCA	8_1	210	90.9013732058662
100	833.333333333333	81.5017805004281	0	81.5017805004281	DBCA	8_2	210	90.185842660594
100	866.666666666667	82.965048699349	0	82.965048699349	DBCA	8_2	140	92.4944360525684
100	900	80.7782405075705	0	80.7782405075705	DBCA	8_2	0	80.7782405075705
100	933.333333333333	79.174997250142	0	79.174997250142	DBCA	8_2	280	83.2737216374789
100	966.666666666667	78.4098807627289	0	78.4098807627289	DBCA	8_2	70	85.0445807292264
114.285714285714	666.666666666667	83.2490278863282	0	83.2490278863282	DBCA	9_1	210	91.9330900464941
114.285714285714	700	78.6251830890306	0	78.6251830890306	DBCA	9_1	70	85.259883055528
114.285714285714	733.333333333333	85.3760700245967	0	85.3760700245967	DBCA	9_1	140	94.9054573778161
114.285714285714	766.666666666667	80.8816060354757	0	80.8816060354757	DBCA	9_1	0	80.8816060354757
114.285714285714	800	83.1900616630187	0	83.1900616630187	DBCA	9_1	280	87.2887860503556
114.285714285714	833.333333333333	86.5361814383889	0	86.5361814383889	DBCA	9_2	70	93.1708814048863
114.285714285714	866.666666666667	81.3987651448913	0	81.3987651448913	DBCA	9_2	140	90.9281524981107
114.285714285714	900	84.1414708430739	0	84.1414708430739	DBCA	9_2	0	84.1414708430739
114.285714285714	933.333333333333	77.1203729846074	0	77.1203729846074	DBCA	9_2	280	81.2190973719443
114.285714285714	966.666666666667	79.3897301934656	0	79.3897301934656	DBCA	9_2	210	88.0737923536315
0	1000	77.4798959474904	0	77.4798959474904	DBCA	1_3	NA	NA
14.2857142857143	1000	79.223427412151	0	79.223427412151	DBCA	2_3	NA	NA
28.5714285714286	1000	77.029810320263	0	77.029810320263	DBCA	3_3	NA	NA
42.8571428571429	1000	78.7741272346107	0	78.7741272346107	DBCA	4_3	NA	NA
57.1428571428571	1000	79.095073135032	0	79.095073135032	DBCA	5_3	NA	NA
71.4285714285714	1000	78.8305013395218	0	78.8305013395218	DBCA	6_3	NA	NA
85.7142857142857	1000	76.694990408206	0	76.694990408206	DBCA	7_3	NA	NA
100	1000	73.0817937543265	0	73.0817937543265	DBCA	8_3	NA	NA
114.285714285714	1000	74.5400712218988	0	74.5400712218988	DBCA	9_3	NA	NA
128.571428571429	1000	75.985892146522	0	75.985892146522	DBCA	10_3	NA	NA
142.857142857143	1000	78.2074342773954	0	78.2074342773954	DBCA	11_3	NA	NA
157.142857142857	1000	78.0050821754214	0	78.0050821754214	DBCA	12_3	NA	NA
171.428571428571	1000	74.8430244190689	0	74.8430244190689	DBCA	13_3	NA	NA
185.714285714286	1000	78.3133226520613	0	78.3133226520613	DBCA	14_3	NA	NA
200	1000	80.3094577337164	0	80.3094577337164	DBCA	15_3	NA	NA
214.285714285714	1000	80.6881757293755	0	80.6881757293755	DBCA	16_3	NA	NA
228.571428571429	1000	80.7741862860183	0	80.7741862860183	DBCA	17_3	NA	NA
242.857142857143	1000	78.8987137533295	0	78.8987137533295	DBCA	18_3	NA	NA
257.142857142857	1000	81.1555692932358	0	81.1555692932358	DBCA	19_3	NA	NA
271.428571428571	1000	83.442512563785	0	83.442512563785	DBCA	20_3	NA	NA
285.714285714286	1000	82.3690992198024	0	82.3690992198024	DBCA	21_3	NA	NA
300	1000	85.9632032039245	0	85.9632032039245	DBCA	22_3	NA	NA
314.285714285714	1000	83.3193327710549	0	83.3193327710549	DBCA	23_3	NA	NA
328.571428571429	1000	83.8007142786355	0	83.8007142786355	DBCA	24_3	NA	NA
342.857142857143	1000	80.417545741759	0	80.417545741759	DBCA	25_3	NA	NA
357.142857142857	1000	81.4172406852971	0	81.4172406852971	DBCA	26_3	NA	NA
371.428571428571	1000	81.2602038796593	0	81.2602038796593	DBCA	27_3	NA	NA
385.714285714286	1000	83.0584224700375	0	83.0584224700375	DBCA	28_3	NA	NA
400	1000	80.1032122028311	0	80.1032122028311	DBCA	29_3	NA	NA
414.285714285714	1000	83.8244832012581	0	83.8244832012581	DBCA	30_3	NA	NA
428.571428571429	1000	81.8083320906723	0	81.8083320906723	DBCA	31_3	NA	NA
442.857142857143	1000	80.3221858985357	0	80.3221858985357	DBCA	32_3	NA	NA
457.142857142857	1000	80.5050390192447	0	80.5050390192447	DBCA	33_3	NA	NA
471.428571428571	1000	78.6348452293505	0	78.6348452293505	DBCA	34_3	NA	NA
485.714285714286	1000	85.7683997157938	0	85.7683997157938	DBCA	35_3	NA	NA
500	1000	86.2021030042916	0	86.2021030042916	DBCA	36_3	NA	NA
514.285714285714	1000	83.5652457832665	24.6	108.165245783266	DBCA	37_3	NA	NA
528.571428571429	1000	80.6331351862953	24.6	105.233135186295	DBCA	38_3	NA	NA
542.857142857143	1000	79.8254463380816	24.6	104.425446338082	DBCA	39_3	NA	NA
557.142857142857	1000	78.220932777193	24.6	102.820932777193	DBCA	40_3	NA	NA
571.428571428571	1000	79.107268873639	24.6	103.707268873639	DBCA	41_3	NA	NA
585.714285714286	1000	81.5990310657609	24.6	106.199031065761	DBCA	42_3	NA	NA
600	1000	82.7648686175544	24.6	107.364868617554	DBCA	43_3	NA	NA
614.285714285714	1000	80.033197624216	24.6	104.633197624216	DBCA	44_3	NA	NA
628.571428571429	1000	78.4408506107689	24.6	103.040850610769	DBCA	45_3	NA	NA
642.857142857143	1000	78.4241211157629	24.6	103.024121115763	DBCA	46_3	NA	NA
657.142857142857	1000	80.4031256197797	24.6	105.00312561978	DBCA	47_3	NA	NA
671.428571428571	1000	79.2788108295304	24.6	103.87881082953	DBCA	48_3	NA	NA
685.714285714286	1000	79.1147887515392	24.6	103.714788751539	DBCA	49_3	NA	NA
700	1000	77.1494296501952	24.6	101.749429650195	DBCA	50_3	NA	NA
714.285714285714	1000	77.9557886853549	24.6	102.555788685355	DBCA	51_3	NA	NA
728.571428571429	1000	77.1571176602776	24.6	101.757117660278	DBCA	52_3	NA	NA
742.857142857143	1000	78.2083810248899	24.6	102.80838102489	DBCA	53_3	NA	NA
757.142857142857	1000	81.7857587096869	24.6	106.385758709687	DBCA	54_3	NA	NA
771.428571428571	1000	83.682638264227	24.6	108.282638264227	DBCA	55_3	NA	NA
785.714285714286	1000	81.3686113571489	24.6	105.968611357149	DBCA	56_3	NA	NA
800	1000	81.774429060639	24.6	106.374429060639	DBCA	57_3	NA	NA
814.285714285714	1000	82.7327780428223	24.6	107.332778042822	DBCA	58_3	NA	NA
828.571428571429	1000	81.9008815245229	24.6	106.500881524523	DBCA	59_3	NA	NA
842.857142857143	1000	81.4220847067986	24.6	106.022084706799	DBCA	60_3	NA	NA
857.142857142857	1000	81.2148142073011	24.6	105.814814207301	DBCA	61_3	NA	NA
871.428571428571	1000	78.8949187534462	24.6	103.494918753446	DBCA	62_3	NA	NA
885.714285714286	1000	80.1518706446765	24.6	104.751870644677	DBCA	63_3	NA	NA
900	1000	78.4623053784838	24.6	103.062305378484	DBCA	64_3	NA	NA
914.285714285714	1000	81.7702468680166	24.6	106.370246868017	DBCA	65_3	NA	NA
928.571428571429	1000	82.3662052666569	24.6	106.966205266657	DBCA	66_3	NA	NA
942.857142857143	1000	82.5896360964253	24.6	107.189636096425	DBCA	67_3	NA	NA
957.142857142857	1000	78.4762497658787	24.6	103.076249765879	DBCA	68_3	NA	NA
971.428571428571	1000	78.7406136314844	24.6	103.340613631484	DBCA	69_3	NA	NA
985.714285714286	1000	79.0389411126561	24.6	103.638941112656	DBCA	70_3	NA	NA
1000	1000	82.1477098275197	24.6	106.74770982752	DBCA	71_3	NA	NA
