x	y	variable1	Zona	ErrorConEfecto	Disenio	Bloque	AsigTrat	MiRto
0	666.666666666667	78.9789978724272	0	78.9789978724272	DBCA	1_1	140	85.4411395226459
0	700	81.6513362853275	0	81.6513362853275	DBCA	1_1	70	86.8896526915197
0	733.333333333333	75.0070954214485	0	75.0070954214485	DBCA	1_1	280	71.8734140732233
0	766.666666666667	80.959868310211	0	80.959868310211	DBCA	1_1	0	80.959868310211
0	800	79.6868369801357	0	79.6868369801357	DBCA	1_1	210	83.3583127122153
0	833.333333333333	80.1089600883369	0	80.1089600883369	DBCA	1_2	210	83.7804358204165
0	866.666666666667	77.5968466332399	0	77.5968466332399	DBCA	1_2	0	77.5968466332399
0	900	79.146751893421	0	79.146751893421	DBCA	1_2	280	76.0130705451958
0	933.333333333333	78.2447594210676	0	78.2447594210676	DBCA	1_2	140	84.7069010712863
0	966.666666666667	78.364292574578	0	78.364292574578	DBCA	1_2	70	83.6026089807702
128.571428571429	666.666666666667	75.7863082900306	0	75.7863082900306	DBCA	10_1	280	72.6526269418054
128.571428571429	700	79.8917038535195	0	79.8917038535195	DBCA	10_1	210	83.5631795855991
128.571428571429	733.333333333333	82.6918037555265	0	82.6918037555265	DBCA	10_1	0	82.6918037555265
128.571428571429	766.666666666667	82.295308536944	0	82.295308536944	DBCA	10_1	70	87.5336249431362
128.571428571429	800	81.0981846718294	0	81.0981846718294	DBCA	10_1	140	87.5603263220481
128.571428571429	833.333333333333	77.5213461625463	0	77.5213461625463	DBCA	10_2	210	81.1928218946259
128.571428571429	866.666666666667	77.6024789365408	0	77.6024789365408	DBCA	10_2	0	77.6024789365408
128.571428571429	900	76.6317900049819	0	76.6317900049819	DBCA	10_2	140	83.0939316552007
128.571428571429	933.333333333333	79.9936392375759	0	79.9936392375759	DBCA	10_2	280	76.8599578893507
128.571428571429	966.666666666667	78.7573245455323	0	78.7573245455323	DBCA	10_2	70	83.9956409517245
142.857142857143	666.666666666667	73.7950731678206	0	73.7950731678206	DBCA	11_1	210	77.4665488999002
142.857142857143	700	79.6843517843447	0	79.6843517843447	DBCA	11_1	140	86.1464934345635
142.857142857143	733.333333333333	78.3047228480269	0	78.3047228480269	DBCA	11_1	0	78.3047228480269
142.857142857143	766.666666666667	81.1918401524927	0	81.1918401524927	DBCA	11_1	70	86.4301565586849
142.857142857143	800	80.3481879155902	0	80.3481879155902	DBCA	11_1	280	77.214506567365
142.857142857143	833.333333333333	82.7946294866815	0	82.7946294866815	DBCA	11_2	210	86.4661052187611
142.857142857143	866.666666666667	78.6400874501092	0	78.6400874501092	DBCA	11_2	280	75.506406101884
142.857142857143	900	82.1986149775904	0	82.1986149775904	DBCA	11_2	140	88.6607566278091
142.857142857143	933.333333333333	77.0036256901412	0	77.0036256901412	DBCA	11_2	70	82.2419420963334
142.857142857143	966.666666666667	79.6968836093137	0	79.6968836093137	DBCA	11_2	0	79.6968836093137
157.142857142857	666.666666666667	79.8278421315852	0	79.8278421315852	DBCA	12_1	0	79.8278421315852
157.142857142857	700	81.0174612276513	0	81.0174612276513	DBCA	12_1	280	77.8837798794261
157.142857142857	733.333333333333	82.0180777814784	0	82.0180777814784	DBCA	12_1	140	88.4802194316971
157.142857142857	766.666666666667	81.1750085399841	0	81.1750085399841	DBCA	12_1	70	86.4133249461763
157.142857142857	800	79.9096480898752	0	79.9096480898752	DBCA	12_1	210	83.5811238219548
157.142857142857	833.333333333333	82.296089227147	0	82.296089227147	DBCA	12_2	140	88.7582308773657
157.142857142857	866.666666666667	80.7184941972291	0	80.7184941972291	DBCA	12_2	280	77.5848128490039
157.142857142857	900	76.8713978327862	0	76.8713978327862	DBCA	12_2	210	80.5428735648658
157.142857142857	933.333333333333	76.152414916511	0	76.152414916511	DBCA	12_2	70	81.3907313227032
157.142857142857	966.666666666667	79.3985571975708	0	79.3985571975708	DBCA	12_2	0	79.3985571975708
171.428571428571	666.666666666667	79.2803606231202	0	79.2803606231202	DBCA	13_1	0	79.2803606231202
171.428571428571	700	82.9222198053053	0	82.9222198053053	DBCA	13_1	280	79.7885384570801
171.428571428571	733.333333333333	82.9106136220301	0	82.9106136220301	DBCA	13_1	140	89.3727552722488
171.428571428571	766.666666666667	82.6578514726969	0	82.6578514726969	DBCA	13_1	210	86.3293272047765
171.428571428571	800	82.4361668459985	0	82.4361668459985	DBCA	13_1	70	87.6744832521907
171.428571428571	833.333333333333	83.2877021252473	0	83.2877021252473	DBCA	13_2	140	89.749843775466
171.428571428571	866.666666666667	81.7188289661582	0	81.7188289661582	DBCA	13_2	70	86.9571453723504
171.428571428571	900	73.5475262448901	0	73.5475262448901	DBCA	13_2	0	73.5475262448901
171.428571428571	933.333333333333	76.4461680425496	0	76.4461680425496	DBCA	13_2	280	73.3124866943244
171.428571428571	966.666666666667	76.3201891350552	0	76.3201891350552	DBCA	13_2	210	79.9916648671348
185.714285714286	666.666666666667	86.5181394675085	0	86.5181394675085	DBCA	14_1	140	92.9802811177272
185.714285714286	700	83.372869270975	0	83.372869270975	DBCA	14_1	0	83.372869270975
185.714285714286	733.333333333333	80.6093552307861	0	80.6093552307861	DBCA	14_1	280	77.4756738825609
185.714285714286	766.666666666667	83.57148114389	0	83.57148114389	DBCA	14_1	210	87.2429568759696
185.714285714286	800	84.3888134135239	0	84.3888134135239	DBCA	14_1	70	89.6271298197161
185.714285714286	833.333333333333	86.7022010463331	0	86.7022010463331	DBCA	14_2	0	86.7022010463331
185.714285714286	866.666666666667	83.552558792938	0	83.552558792938	DBCA	14_2	210	87.2240345250176
185.714285714286	900	79.0923418010931	0	79.0923418010931	DBCA	14_2	140	85.5544834513118
185.714285714286	933.333333333333	75.4349309061674	0	75.4349309061674	DBCA	14_2	280	72.3012495579422
185.714285714286	966.666666666667	77.6431199895386	0	77.6431199895386	DBCA	14_2	70	82.8814363957308
200	666.666666666667	82.3332764130996	0	82.3332764130996	DBCA	15_1	140	88.7954180633184
200	700	83.8261425081362	0	83.8261425081362	DBCA	15_1	210	87.4976182402158
200	733.333333333333	81.6462044917495	0	81.6462044917495	DBCA	15_1	70	86.8845208979417
200	766.666666666667	77.7499714582675	0	77.7499714582675	DBCA	15_1	280	74.6162901100423
200	800	83.9301546630511	0	83.9301546630511	DBCA	15_1	0	83.9301546630511
200	833.333333333333	82.6523595290797	0	82.6523595290797	DBCA	15_2	0	82.6523595290797
200	866.666666666667	83.0222800935786	0	83.0222800935786	DBCA	15_2	280	79.8885987453534
200	900	79.0131808381037	0	79.0131808381037	DBCA	15_2	70	84.2514972442959
200	933.333333333333	80.0997790247823	0	80.0997790247823	DBCA	15_2	140	86.561920675001
200	966.666666666667	77.767779985238	0	77.767779985238	DBCA	15_2	210	81.4392557173176
214.285714285714	666.666666666667	83.669342195434	0	83.669342195434	DBCA	16_1	210	87.3408179275136
214.285714285714	700	83.9875050451205	0	83.9875050451205	DBCA	16_1	70	89.2258214513127
214.285714285714	733.333333333333	82.4356705723367	0	82.4356705723367	DBCA	16_1	140	88.8978122225554
214.285714285714	766.666666666667	79.0562083193359	0	79.0562083193359	DBCA	16_1	0	79.0562083193359
214.285714285714	800	85.2600206065133	0	85.2600206065133	DBCA	16_1	280	82.1263392582881
214.285714285714	833.333333333333	89.3685694963854	0	89.3685694963854	DBCA	16_2	210	93.040045228465
214.285714285714	866.666666666667	82.3338833752247	0	82.3338833752247	DBCA	16_2	280	79.2002020269995
214.285714285714	900	80.9700532941154	0	80.9700532941154	DBCA	16_2	70	86.2083697003076
214.285714285714	933.333333333333	82.1010556438097	0	82.1010556438097	DBCA	16_2	0	82.1010556438097
214.285714285714	966.666666666667	76.5190929450583	0	76.5190929450583	DBCA	16_2	140	82.981234595277
228.571428571429	666.666666666667	83.7171195024601	0	83.7171195024601	DBCA	17_1	280	80.5834381542349
228.571428571429	700	81.969631668869	0	81.969631668869	DBCA	17_1	210	85.6411074009486
228.571428571429	733.333333333333	86.5017481559236	0	86.5017481559236	DBCA	17_1	0	86.5017481559236
228.571428571429	766.666666666667	84.3506517631012	0	84.3506517631012	DBCA	17_1	70	89.5889681692934
228.571428571429	800	84.4620452785442	0	84.4620452785442	DBCA	17_1	140	90.9241869287629
228.571428571429	833.333333333333	85.8821444671106	0	85.8821444671106	DBCA	17_2	210	89.5536201991902
228.571428571429	866.666666666667	84.5906663216241	0	84.5906663216241	DBCA	17_2	0	84.5906663216241
228.571428571429	900	80.6101998049647	0	80.6101998049647	DBCA	17_2	70	85.8485162111568
228.571428571429	933.333333333333	81.7136698635993	0	81.7136698635993	DBCA	17_2	140	88.1758115138181
228.571428571429	966.666666666667	81.7551223932787	0	81.7551223932787	DBCA	17_2	280	78.6214410450535
242.857142857143	666.666666666667	79.7016066555807	0	79.7016066555807	DBCA	18_1	0	79.7016066555807
242.857142857143	700	80.3002493225413	0	80.3002493225413	DBCA	18_1	70	85.5385657287335
242.857142857143	733.333333333333	82.4846069431931	0	82.4846069431931	DBCA	18_1	140	88.9467485934119
242.857142857143	766.666666666667	82.999569974618	0	82.999569974618	DBCA	18_1	280	79.8658886263928
242.857142857143	800	82.7967990034018	0	82.7967990034018	DBCA	18_1	210	86.4682747354814
242.857142857143	833.333333333333	80.4575162175922	0	80.4575162175922	DBCA	18_2	0	80.4575162175922
242.857142857143	866.666666666667	83.0711991759473	0	83.0711991759473	DBCA	18_2	210	86.7426749080269
242.857142857143	900	82.2799434465954	0	82.2799434465954	DBCA	18_2	140	88.7420850968142
242.857142857143	933.333333333333	79.8535568739056	0	79.8535568739056	DBCA	18_2	70	85.0918732800978
242.857142857143	966.666666666667	81.5223119801112	0	81.5223119801112	DBCA	18_2	280	78.388630631886
257.142857142857	666.666666666667	75.9987321747056	0	75.9987321747056	DBCA	19_1	140	82.4608738249244
257.142857142857	700	80.5868085120323	0	80.5868085120323	DBCA	19_1	280	77.4531271638071
257.142857142857	733.333333333333	83.2458889129056	0	83.2458889129056	DBCA	19_1	210	86.9173646449852
257.142857142857	766.666666666667	83.8561634236917	0	83.8561634236917	DBCA	19_1	0	83.8561634236917
257.142857142857	800	82.4756580089893	0	82.4756580089893	DBCA	19_1	70	87.7139744151815
257.142857142857	833.333333333333	82.7173933196788	0	82.7173933196788	DBCA	19_2	210	86.3888690517584
257.142857142857	866.666666666667	77.6294797220777	0	77.6294797220777	DBCA	19_2	0	77.6294797220777
257.142857142857	900	82.9343536535971	0	82.9343536535971	DBCA	19_2	280	79.8006723053719
257.142857142857	933.333333333333	76.0254861144279	0	76.0254861144279	DBCA	19_2	140	82.4876277646466
257.142857142857	966.666666666667	79.584102294923	0	79.584102294923	DBCA	19_2	70	84.8224187011152
14.2857142857143	666.666666666667	81.3687461021174	0	81.3687461021174	DBCA	2_1	140	87.8308877523362
14.2857142857143	700	84.6961163825565	0	84.6961163825565	DBCA	2_1	0	84.6961163825565
14.2857142857143	733.333333333333	76.983200267565	0	76.983200267565	DBCA	2_1	70	82.2215166737572
14.2857142857143	766.666666666667	83.5382410771489	0	83.5382410771489	DBCA	2_1	280	80.4045597289237
14.2857142857143	800	82.4068474266744	0	82.4068474266744	DBCA	2_1	210	86.078323158754
14.2857142857143	833.333333333333	82.0251338154075	0	82.0251338154075	DBCA	2_2	0	82.0251338154075
14.2857142857143	866.666666666667	77.8890569977096	0	77.8890569977096	DBCA	2_2	140	84.3511986479284
14.2857142857143	900	76.4548804213992	0	76.4548804213992	DBCA	2_2	210	80.1263561534788
14.2857142857143	933.333333333333	73.9491397155658	0	73.9491397155658	DBCA	2_2	280	70.8154583673406
14.2857142857143	966.666666666667	74.0657248538571	0	74.0657248538571	DBCA	2_2	70	79.3040412600493
271.428571428571	666.666666666667	76.2720891978456	0	76.2720891978456	DBCA	20_1	70	81.5104056040378
271.428571428571	700	80.0137893690026	0	80.0137893690026	DBCA	20_1	140	86.4759310192213
271.428571428571	733.333333333333	84.2940920257935	0	84.2940920257935	DBCA	20_1	0	84.2940920257935
271.428571428571	766.666666666667	80.7319660423075	0	80.7319660423075	DBCA	20_1	280	77.5982846940823
271.428571428571	800	78.5505336643236	0	78.5505336643236	DBCA	20_1	210	82.2220093964032
271.428571428571	833.333333333333	81.6590374821683	0	81.6590374821683	DBCA	20_2	140	88.121179132387
271.428571428571	866.666666666667	78.9165677075096	0	78.9165677075096	DBCA	20_2	210	82.5880434395892
271.428571428571	900	83.1295343631752	0	83.1295343631752	DBCA	20_2	280	79.99585301495
271.428571428571	933.333333333333	80.044732145855	0	80.044732145855	DBCA	20_2	70	85.2830485520472
271.428571428571	966.666666666667	81.057698851659	0	81.057698851659	DBCA	20_2	0	81.057698851659
285.714285714286	666.666666666667	78.3042750475057	0	78.3042750475057	DBCA	21_1	210	81.9757507795853
285.714285714286	700	81.0276901853216	0	81.0276901853216	DBCA	21_1	280	77.8940088370964
285.714285714286	733.333333333333	85.0926954601452	0	85.0926954601452	DBCA	21_1	0	85.0926954601452
285.714285714286	766.666666666667	84.0452159749069	0	84.0452159749069	DBCA	21_1	70	89.2835323810991
285.714285714286	800	79.1387062896235	0	79.1387062896235	DBCA	21_1	140	85.6008479398422
285.714285714286	833.333333333333	81.7019697250176	0	81.7019697250176	DBCA	21_2	280	78.5682883767924
285.714285714286	866.666666666667	79.7274887498132	0	79.7274887498132	DBCA	21_2	0	79.7274887498132
285.714285714286	900	84.9282469772513	0	84.9282469772513	DBCA	21_2	140	91.39038862747
285.714285714286	933.333333333333	81.5180271286306	0	81.5180271286306	DBCA	21_2	210	85.1895028607102
285.714285714286	966.666666666667	77.2464893177891	0	77.2464893177891	DBCA	21_2	70	82.4848057239813
300	666.666666666667	79.3390377288526	0	79.3390377288526	DBCA	22_1	70	84.5773541350448
300	700	82.5224734334826	0	82.5224734334826	DBCA	22_1	210	86.1939491655622
300	733.333333333333	84.8551127207266	0	84.8551127207266	DBCA	22_1	0	84.8551127207266
300	766.666666666667	81.6820463306756	0	81.6820463306756	DBCA	22_1	280	78.5483649824504
300	800	80.19331845778	0	80.19331845778	DBCA	22_1	140	86.6554601079987
300	833.333333333333	82.0691960576483	0	82.0691960576483	DBCA	22_2	280	78.9355147094231
300	866.666666666667	80.1342415696326	0	80.1342415696326	DBCA	22_2	210	83.8057173017122
300	900	82.6459273318889	0	82.6459273318889	DBCA	22_2	140	89.1080689821076
300	933.333333333333	83.2304179474438	0	83.2304179474438	DBCA	22_2	0	83.2304179474438
300	966.666666666667	77.4424742554727	0	77.4424742554727	DBCA	22_2	70	82.6807906616649
314.285714285714	666.666666666667	86.7294315530373	0	86.7294315530373	DBCA	23_1	0	86.7294315530373
314.285714285714	700	80.9452155380615	0	80.9452155380615	DBCA	23_1	70	86.1835319442537
314.285714285714	733.333333333333	83.6599655032419	0	83.6599655032419	DBCA	23_1	140	90.1221071534606
314.285714285714	766.666666666667	83.537780528883	0	83.537780528883	DBCA	23_1	210	87.2092562609626
314.285714285714	800	81.5949206833717	0	81.5949206833717	DBCA	23_1	280	78.4612393351465
314.285714285714	833.333333333333	83.290220722024	0	83.290220722024	DBCA	23_2	280	80.1565393737988
314.285714285714	866.666666666667	77.8832763513219	0	77.8832763513219	DBCA	23_2	210	81.5547520834015
314.285714285714	900	79.1750058165677	0	79.1750058165677	DBCA	23_2	70	84.4133222227599
314.285714285714	933.333333333333	84.030113600228	0	84.030113600228	DBCA	23_2	140	90.4922552504467
314.285714285714	966.666666666667	79.7866851025533	0	79.7866851025533	DBCA	23_2	0	79.7866851025533
328.571428571429	666.666666666667	86.3280988088186	0	86.3280988088186	DBCA	24_1	70	91.5664152150108
328.571428571429	700	83.8504267661027	0	83.8504267661027	DBCA	24_1	210	87.5219024981823
328.571428571429	733.333333333333	82.6949299319348	0	82.6949299319348	DBCA	24_1	0	82.6949299319348
328.571428571429	766.666666666667	82.1551837925929	0	82.1551837925929	DBCA	24_1	140	88.6173254428116
328.571428571429	800	82.2589932276863	0	82.2589932276863	DBCA	24_1	280	79.1253118794611
328.571428571429	833.333333333333	84.3620338037998	0	84.3620338037998	DBCA	24_2	210	88.0335095358794
328.571428571429	866.666666666667	74.1058691207374	0	74.1058691207374	DBCA	24_2	70	79.3441855269296
328.571428571429	900	79.9449891453633	0	79.9449891453633	DBCA	24_2	0	79.9449891453633
328.571428571429	933.333333333333	80.2278449573695	0	80.2278449573695	DBCA	24_2	280	77.0941636091443
328.571428571429	966.666666666667	78.7318058488557	0	78.7318058488557	DBCA	24_2	140	85.1939474990744
342.857142857143	666.666666666667	85.4048556092665	0	85.4048556092665	DBCA	25_1	280	82.2711742610414
342.857142857143	700	83.7159182157928	0	83.7159182157928	DBCA	25_1	70	88.954234621985
342.857142857143	733.333333333333	77.3385084885923	0	77.3385084885923	DBCA	25_1	210	81.0099842206719
342.857142857143	766.666666666667	82.9753125847262	0	82.9753125847262	DBCA	25_1	0	82.9753125847262
342.857142857143	800	81.0104419388218	0	81.0104419388218	DBCA	25_1	140	87.4725835890406
342.857142857143	833.333333333333	75.3206787380608	0	75.3206787380608	DBCA	25_2	140	81.7828203882795
342.857142857143	866.666666666667	79.7430531419405	0	79.7430531419405	DBCA	25_2	210	83.4145288740201
342.857142857143	900	80.9031223233178	0	80.9031223233178	DBCA	25_2	280	77.7694409750926
342.857142857143	933.333333333333	78.2204380147614	0	78.2204380147614	DBCA	25_2	70	83.4587544209536
342.857142857143	966.666666666667	78.0223028744387	0	78.0223028744387	DBCA	25_2	0	78.0223028744387
357.142857142857	666.666666666667	85.1294381412365	0	85.1294381412365	DBCA	26_1	70	90.3677545474287
357.142857142857	700	78.119746416041	0	78.119746416041	DBCA	26_1	0	78.119746416041
357.142857142857	733.333333333333	81.3159181349665	0	81.3159181349665	DBCA	26_1	280	78.1822367867413
357.142857142857	766.666666666667	81.269832670335	0	81.269832670335	DBCA	26_1	210	84.9413084024146
357.142857142857	800	80.8197771417764	0	80.8197771417764	DBCA	26_1	140	87.2819187919951
357.142857142857	833.333333333333	77.6880766812551	0	77.6880766812551	DBCA	26_2	280	74.5543953330299
357.142857142857	866.666666666667	78.1942478811906	0	78.1942478811906	DBCA	26_2	0	78.1942478811906
357.142857142857	900	81.6341419623725	0	81.6341419623725	DBCA	26_2	140	88.0962836125912
357.142857142857	933.333333333333	79.9983924512105	0	79.9983924512105	DBCA	26_2	210	83.6698681832901
357.142857142857	966.666666666667	77.265139167992	0	77.265139167992	DBCA	26_2	70	82.5034555741842
371.428571428571	666.666666666667	82.9799282515343	0	82.9799282515343	DBCA	27_1	210	86.6514039836139
371.428571428571	700	80.0431792650724	0	80.0431792650724	DBCA	27_1	140	86.5053209152911
371.428571428571	733.333333333333	80.3525846792623	0	80.3525846792623	DBCA	27_1	280	77.2189033310372
371.428571428571	766.666666666667	81.6875188168698	0	81.6875188168698	DBCA	27_1	0	81.6875188168698
371.428571428571	800	79.8551612176313	0	79.8551612176313	DBCA	27_1	70	85.0934776238235
371.428571428571	833.333333333333	80.2344865418578	0	80.2344865418578	DBCA	27_2	280	77.1008051936326
371.428571428571	866.666666666667	81.1944718118071	0	81.1944718118071	DBCA	27_2	140	87.6566134620259
371.428571428571	900	84.737621377836	0	84.737621377836	DBCA	27_2	210	88.4090971099156
371.428571428571	933.333333333333	75.5329774012865	0	75.5329774012865	DBCA	27_2	70	80.7712938074787
371.428571428571	966.666666666667	74.9080920545578	0	74.9080920545578	DBCA	27_2	0	74.9080920545578
385.714285714286	666.666666666667	79.7671672619167	0	79.7671672619167	DBCA	28_1	0	79.7671672619167
385.714285714286	700	81.610886563276	0	81.610886563276	DBCA	28_1	140	88.0730282134947
385.714285714286	733.333333333333	80.359639855832	0	80.359639855832	DBCA	28_1	70	85.5979562620242
385.714285714286	766.666666666667	80.8900701083885	0	80.8900701083885	DBCA	28_1	280	77.7563887601633
385.714285714286	800	77.3856746403024	0	77.3856746403024	DBCA	28_1	210	81.057150372382
385.714285714286	833.333333333333	80.6196883973858	0	80.6196883973858	DBCA	28_2	210	84.2911641294654
385.714285714286	866.666666666667	80.8133586992021	0	80.8133586992021	DBCA	28_2	140	87.2755003494208
385.714285714286	900	78.8302819407021	0	78.8302819407021	DBCA	28_2	0	78.8302819407021
385.714285714286	933.333333333333	79.5159225782943	0	79.5159225782943	DBCA	28_2	70	84.7542389844865
385.714285714286	966.666666666667	79.4083482505386	0	79.4083482505386	DBCA	28_2	280	76.2746669023134
400	666.666666666667	82.975165082217	0	82.975165082217	DBCA	29_1	70	88.2134814884092
400	700	79.2497386252948	0	79.2497386252948	DBCA	29_1	280	76.1160572770696
400	733.333333333333	83.3215862419285	0	83.3215862419285	DBCA	29_1	210	86.9930619740081
400	766.666666666667	78.7774855938847	0	78.7774855938847	DBCA	29_1	140	85.2396272441034
400	800	77.0554904087711	0	77.0554904087711	DBCA	29_1	0	77.0554904087711
400	833.333333333333	75.5359531843825	0	75.5359531843825	DBCA	29_2	0	75.5359531843825
400	866.666666666667	79.2975988191983	0	79.2975988191983	DBCA	29_2	280	76.1639174709731
400	900	82.284995288648	0	82.284995288648	DBCA	29_2	70	87.5233116948402
400	933.333333333333	81.2764293287191	0	81.2764293287191	DBCA	29_2	140	87.7385709789378
400	966.666666666667	74.1774504840216	0	74.1774504840216	DBCA	29_2	210	77.8489262161012
28.5714285714286	666.666666666667	82.6963211019667	0	82.6963211019667	DBCA	3_1	210	86.3677968340463
28.5714285714286	700	82.2345379525425	0	82.2345379525425	DBCA	3_1	0	82.2345379525425
28.5714285714286	733.333333333333	78.5498642524144	0	78.5498642524144	DBCA	3_1	70	83.7881806586066
28.5714285714286	766.666666666667	81.0776528114341	0	81.0776528114341	DBCA	3_1	140	87.5397944616528
28.5714285714286	800	79.0387700158566	0	79.0387700158566	DBCA	3_1	280	75.9050886676314
28.5714285714286	833.333333333333	78.8333635905809	0	78.8333635905809	DBCA	3_2	280	75.6996822423557
28.5714285714286	866.666666666667	77.2489794068004	0	77.2489794068004	DBCA	3_2	140	83.7111210570192
28.5714285714286	900	78.2729289976579	0	78.2729289976579	DBCA	3_2	210	81.9444047297375
28.5714285714286	933.333333333333	75.374281816004	0	75.374281816004	DBCA	3_2	70	80.6125982221962
28.5714285714286	966.666666666667	75.0194171190218	0	75.0194171190218	DBCA	3_2	0	75.0194171190218
414.285714285714	666.666666666667	80.2036235221597	0	80.2036235221597	DBCA	30_1	280	77.0699421739345
414.285714285714	700	79.3342980434531	0	79.3342980434531	DBCA	30_1	0	79.3342980434531
414.285714285714	733.333333333333	81.5442077308751	0	81.5442077308751	DBCA	30_1	70	86.7825241370673
414.285714285714	766.666666666667	77.5059353697892	0	77.5059353697892	DBCA	30_1	210	81.1774111018688
414.285714285714	800	77.6828160615528	0	77.6828160615528	DBCA	30_1	140	84.1449577117715
414.285714285714	833.333333333333	75.0491661983355	0	75.0491661983355	DBCA	30_2	140	81.5113078485542
414.285714285714	866.666666666667	76.7119845453311	0	76.7119845453311	DBCA	30_2	210	80.3834602774107
414.285714285714	900	81.463196527008	0	81.463196527008	DBCA	30_2	280	78.3295151787828
414.285714285714	933.333333333333	80.6132750253154	0	80.6132750253154	DBCA	30_2	70	85.8515914315076
414.285714285714	966.666666666667	81.858511265754	0	81.858511265754	DBCA	30_2	0	81.858511265754
428.571428571429	666.666666666667	80.0335264306505	0	80.0335264306505	DBCA	31_1	210	83.7050021627301
428.571428571429	700	78.8255289956469	0	78.8255289956469	DBCA	31_1	0	78.8255289956469
428.571428571429	733.333333333333	77.9865674406679	0	77.9865674406679	DBCA	31_1	70	83.2248838468601
428.571428571429	766.666666666667	77.1510516819194	0	77.1510516819194	DBCA	31_1	140	83.6131933321381
428.571428571429	800	77.5227562202837	0	77.5227562202837	DBCA	31_1	280	74.3890748720585
428.571428571429	833.333333333333	76.3875688355192	0	76.3875688355192	DBCA	31_2	0	76.3875688355192
428.571428571429	866.666666666667	77.3657048071939	0	77.3657048071939	DBCA	31_2	210	81.0371805392735
428.571428571429	900	78.746646254044	0	78.746646254044	DBCA	31_2	70	83.9849626602362
428.571428571429	933.333333333333	82.7529804043434	0	82.7529804043434	DBCA	31_2	280	79.6192990561182
428.571428571429	966.666666666667	80.276904920275	0	80.276904920275	DBCA	31_2	140	86.7390465704937
442.857142857143	666.666666666667	81.1357177236758	0	81.1357177236758	DBCA	32_1	280	78.0020363754506
442.857142857143	700	79.3703756328097	0	79.3703756328097	DBCA	32_1	210	83.0418513648893
442.857142857143	733.333333333333	78.5925979334582	0	78.5925979334582	DBCA	32_1	0	78.5925979334582
442.857142857143	766.666666666667	81.6437885360436	0	81.6437885360436	DBCA	32_1	140	88.1059301862623
442.857142857143	800	77.0382716230532	0	77.0382716230532	DBCA	32_1	70	82.2765880292454
442.857142857143	833.333333333333	78.9126352284325	0	78.9126352284325	DBCA	32_2	210	82.5841109605121
442.857142857143	866.666666666667	79.2762709589664	0	79.2762709589664	DBCA	32_2	280	76.1425896107413
442.857142857143	900	80.5337228542497	0	80.5337228542497	DBCA	32_2	70	85.7720392604419
442.857142857143	933.333333333333	79.6276742136753	0	79.6276742136753	DBCA	32_2	140	86.0898158638941
442.857142857143	966.666666666667	81.7905729466393	0	81.7905729466393	DBCA	32_2	0	81.7905729466393
457.142857142857	666.666666666667	81.8747349210165	0	81.8747349210165	DBCA	33_1	280	78.7410535727913
457.142857142857	700	81.5434248704128	0	81.5434248704128	DBCA	33_1	140	88.0055665206315
457.142857142857	733.333333333333	79.9228250179476	0	79.9228250179476	DBCA	33_1	0	79.9228250179476
457.142857142857	766.666666666667	79.7840746400285	0	79.7840746400285	DBCA	33_1	210	83.4555503721081
457.142857142857	800	83.9231337864292	0	83.9231337864292	DBCA	33_1	70	89.1614501926214
457.142857142857	833.333333333333	76.4239885892305	0	76.4239885892305	DBCA	33_2	210	80.0954643213101
457.142857142857	866.666666666667	80.9374820573433	0	80.9374820573433	DBCA	33_2	70	86.1757984635355
457.142857142857	900	78.8396018477424	0	78.8396018477424	DBCA	33_2	0	78.8396018477424
457.142857142857	933.333333333333	81.8225200303074	0	81.8225200303074	DBCA	33_2	140	88.2846616805262
457.142857142857	966.666666666667	80.6312977864442	0	80.6312977864442	DBCA	33_2	280	77.497616438219
471.428571428571	666.666666666667	85.034209248919	0	85.034209248919	DBCA	34_1	0	85.034209248919
471.428571428571	700	81.6867256724501	0	81.6867256724501	DBCA	34_1	70	86.9250420786422
471.428571428571	733.333333333333	82.5652369119363	0	82.5652369119363	DBCA	34_1	280	79.4315555637111
471.428571428571	766.666666666667	79.5657297712704	0	79.5657297712704	DBCA	34_1	140	86.0278714214891
471.428571428571	800	81.4255432166846	0	81.4255432166846	DBCA	34_1	210	85.0970189487642
471.428571428571	833.333333333333	82.4581185346161	0	82.4581185346161	DBCA	34_2	140	88.9202601848348
471.428571428571	866.666666666667	83.6422898495954	0	83.6422898495954	DBCA	34_2	210	87.313765581675
471.428571428571	900	77.8543193044773	0	77.8543193044773	DBCA	34_2	70	83.0926357106695
471.428571428571	933.333333333333	79.3747677133878	0	79.3747677133878	DBCA	34_2	0	79.3747677133878
471.428571428571	966.666666666667	80.7476155865653	0	80.7476155865653	DBCA	34_2	280	77.6139342383401
485.714285714286	666.666666666667	85.2122827641648	0	85.2122827641648	DBCA	35_1	210	88.8837584962444
485.714285714286	700	84.3667058206409	0	84.3667058206409	DBCA	35_1	140	90.8288474708596
485.714285714286	733.333333333333	84.5646604698006	0	84.5646604698006	DBCA	35_1	280	81.4309791215754
485.714285714286	766.666666666667	80.1604717624624	0	80.1604717624624	DBCA	35_1	0	80.1604717624624
485.714285714286	800	80.9321763869353	0	80.9321763869353	DBCA	35_1	70	86.1704927931275
485.714285714286	833.333333333333	84.3426145070146	0	84.3426145070146	DBCA	35_2	210	88.0140902390942
485.714285714286	866.666666666667	82.2132343051834	0	82.2132343051834	DBCA	35_2	140	88.6753759554022
485.714285714286	900	81.5524840859843	0	81.5524840859843	DBCA	35_2	280	78.4188027377591
485.714285714286	933.333333333333	80.31650791872	0	80.31650791872	DBCA	35_2	0	80.31650791872
485.714285714286	966.666666666667	84.0413666362547	0	84.0413666362547	DBCA	35_2	70	89.2796830424469
500	666.666666666667	80.5203242076009	0	80.5203242076009	DBCA	36_1	70	85.7586406137931
500	700	79.2080799585853	0	79.2080799585853	DBCA	36_1	0	79.2080799585853
500	733.333333333333	80.6485433853814	0	80.6485433853814	DBCA	36_1	210	84.320019117461
500	766.666666666667	79.0347960678081	0	79.0347960678081	DBCA	36_1	140	85.4969377180269
500	800	79.5402656379593	0	79.5402656379593	DBCA	36_1	280	76.4065842897341
500	833.333333333333	81.6513308080196	0	81.6513308080196	DBCA	36_2	70	86.8896472142118
500	866.666666666667	75.7243541819945	0	75.7243541819945	DBCA	36_2	210	79.3958299140741
500	900	79.9083786025049	0	79.9083786025049	DBCA	36_2	280	76.7746972542797
500	933.333333333333	84.3684320335189	0	84.3684320335189	DBCA	36_2	140	90.8305736837376
500	966.666666666667	80.9061759494669	0	80.9061759494669	DBCA	36_2	0	80.9061759494669
514.285714285714	666.666666666667	79.2275650822725	24.6	103.827565082272	DBCA	37_1	280	124.113083734047
514.285714285714	700	80.5444873595176	24.6	105.144487359518	DBCA	37_1	210	126.380363091597
514.285714285714	733.333333333333	82.9027013836558	24.6	107.502701383656	DBCA	37_1	0	107.502701383656
514.285714285714	766.666666666667	78.8482984898867	24.6	103.448298489887	DBCA	37_1	140	121.620040140105
514.285714285714	800	80.043347895155	24.6	104.643347895155	DBCA	37_1	70	115.736464301347
514.285714285714	833.333333333333	79.7732475054748	24.6	104.373247505475	DBCA	37_2	140	122.544989155694
514.285714285714	866.666666666667	80.1342922736906	24.6	104.734292273691	DBCA	37_2	70	115.827408679883
514.285714285714	900	77.9013719900006	24.6	102.501371990001	DBCA	37_2	210	123.73724772208
514.285714285714	933.333333333333	78.5676380619253	24.6	103.167638061925	DBCA	37_2	280	123.4531567137
514.285714285714	966.666666666667	80.732798887009	24.6	105.332798887009	DBCA	37_2	0	105.332798887009
528.571428571429	666.666666666667	80.9135005098425	24.6	105.513500509842	DBCA	38_1	280	125.799019161617
528.571428571429	700	77.7871355729284	24.6	102.387135572928	DBCA	38_1	210	123.623011305008
528.571428571429	733.333333333333	82.1323460335256	24.6	106.732346033526	DBCA	38_1	70	117.825462439718
528.571428571429	766.666666666667	79.3658249104725	24.6	103.965824910472	DBCA	38_1	0	103.965824910472
528.571428571429	800	76.8478562767539	24.6	101.447856276754	DBCA	38_1	140	119.619597926973
528.571428571429	833.333333333333	81.0053264507008	24.6	105.605326450701	DBCA	38_2	140	123.777068100919
528.571428571429	866.666666666667	77.2323854791789	24.6	101.832385479179	DBCA	38_2	280	122.117904130954
528.571428571429	900	80.31596337495	24.6	104.91596337495	DBCA	38_2	0	104.91596337495
528.571428571429	933.333333333333	75.4590592646697	24.6	100.05905926467	DBCA	38_2	210	121.294934996749
528.571428571429	966.666666666667	82.0150605834197	24.6	106.61506058342	DBCA	38_2	70	117.708176989612
542.857142857143	666.666666666667	78.423212560981	24.6	103.023212560981	DBCA	39_1	70	114.116328967173
542.857142857143	700	77.7625549871734	24.6	102.362554987173	DBCA	39_1	0	102.362554987173
542.857142857143	733.333333333333	83.0932612857452	24.6	107.693261285745	DBCA	39_1	280	127.97877993752
542.857142857143	766.666666666667	78.6564617737677	24.6	103.256461773768	DBCA	39_1	210	124.492337505847
542.857142857143	800	78.3572855340046	24.6	102.957285534005	DBCA	39_1	140	121.129027184223
542.857142857143	833.333333333333	78.2940573436713	24.6	102.894057343671	DBCA	39_2	70	113.987173749864
542.857142857143	866.666666666667	83.5752529991323	24.6	108.175252999132	DBCA	39_2	210	129.411128731212
542.857142857143	900	83.4658039956559	24.6	108.065803995656	DBCA	39_2	140	126.237545645875
542.857142857143	933.333333333333	81.4545003583337	24.6	106.054500358334	DBCA	39_2	280	126.340019010109
542.857142857143	966.666666666667	81.0541502191644	24.6	105.654150219164	DBCA	39_2	0	105.654150219164
42.8571428571429	666.666666666667	82.1122327943183	0	82.1122327943183	DBCA	4_1	140	88.5743744445371
42.8571428571429	700	80.2088272663957	0	80.2088272663957	DBCA	4_1	0	80.2088272663957
42.8571428571429	733.333333333333	76.4661791467856	0	76.4661791467856	DBCA	4_1	280	73.3324977985604
42.8571428571429	766.666666666667	83.065085793747	0	83.065085793747	DBCA	4_1	210	86.7365615258266
42.8571428571429	800	79.4883065930181	0	79.4883065930181	DBCA	4_1	70	84.7266229992103
42.8571428571429	833.333333333333	82.3313863359708	0	82.3313863359708	DBCA	4_2	210	86.0028620680504
42.8571428571429	866.666666666667	80.5057184126842	0	80.5057184126842	DBCA	4_2	70	85.7440348188764
42.8571428571429	900	77.0530416450735	0	77.0530416450735	DBCA	4_2	140	83.5151832952922
42.8571428571429	933.333333333333	74.405228633744	0	74.405228633744	DBCA	4_2	0	74.405228633744
42.8571428571429	966.666666666667	78.6723394771609	0	78.6723394771609	DBCA	4_2	280	75.5386581289357
557.142857142857	666.666666666667	76.3570229475842	24.6	100.957022947584	DBCA	40_1	140	119.128764597803
557.142857142857	700	80.3570561796591	24.6	104.957056179659	DBCA	40_1	280	125.242574831434
557.142857142857	733.333333333333	79.0179350488002	24.6	103.6179350488	DBCA	40_1	70	114.711051454992
557.142857142857	766.666666666667	77.8205854948128	24.6	102.420585494813	DBCA	40_1	210	123.656461226892
557.142857142857	800	76.4551426553271	24.6	101.055142655327	DBCA	40_1	0	101.055142655327
557.142857142857	833.333333333333	80.3997907433744	24.6	104.999790743374	DBCA	40_2	280	125.285309395149
557.142857142857	866.666666666667	79.1545372567699	24.6	103.75453725677	DBCA	40_2	140	121.926278906989
557.142857142857	900	83.0773216558517	24.6	107.677321655852	DBCA	40_2	210	128.913197387931
557.142857142857	933.333333333333	79.060552777932	24.6	103.660552777932	DBCA	40_2	70	114.753669184124
557.142857142857	966.666666666667	78.3484680478774	24.6	102.948468047877	DBCA	40_2	0	102.948468047877
571.428571428571	666.666666666667	77.742297749193	24.6	102.342297749193	DBCA	41_1	0	102.342297749193
571.428571428571	700	78.8998122436188	24.6	103.499812243619	DBCA	41_1	140	121.671553893837
571.428571428571	733.333333333333	80.0981981924866	24.6	104.698198192487	DBCA	41_1	70	115.791314598679
571.428571428571	766.666666666667	77.8225308445055	24.6	102.422530844505	DBCA	41_1	280	122.70804949628
571.428571428571	800	78.0063754416052	24.6	102.606375441605	DBCA	41_1	210	123.842251173685
571.428571428571	833.333333333333	80.6537877346981	24.6	105.253787734698	DBCA	41_2	280	125.539306386473
571.428571428571	866.666666666667	81.3235674946282	24.6	105.923567494628	DBCA	41_2	140	124.095309144847
571.428571428571	900	82.7972309145151	24.6	107.397230914515	DBCA	41_2	210	128.633106646595
571.428571428571	933.333333333333	83.1788164681884	24.6	107.778816468188	DBCA	41_2	0	107.778816468188
571.428571428571	966.666666666667	79.7725333263911	24.6	104.372533326391	DBCA	41_2	70	115.465649732583
585.714285714286	666.666666666667	76.9060821540039	24.6	101.506082154004	DBCA	42_1	0	101.506082154004
585.714285714286	700	80.1173424478469	24.6	104.717342447847	DBCA	42_1	70	115.810458854039
585.714285714286	733.333333333333	77.8818403222597	24.6	102.48184032226	DBCA	42_1	140	120.653581972478
585.714285714286	766.666666666667	79.6221721543453	24.6	104.222172154345	DBCA	42_1	280	124.50769080612
585.714285714286	800	78.6748664732001	24.6	103.2748664732	DBCA	42_1	210	124.51074220528
585.714285714286	833.333333333333	79.1133816234005	24.6	103.7133816234	DBCA	42_2	140	121.885123273619
585.714285714286	866.666666666667	84.8583089308798	24.6	109.45830893088	DBCA	42_2	70	120.551425337072
585.714285714286	900	82.624458511207	24.6	107.224458511207	DBCA	42_2	280	127.509977162982
585.714285714286	933.333333333333	83.8688080367471	24.6	108.468808036747	DBCA	42_2	210	129.704683768827
585.714285714286	966.666666666667	81.5242884983637	24.6	106.124288498364	DBCA	42_2	0	106.124288498364
600	666.666666666667	75.8718933277708	24.6	100.471893327771	DBCA	43_1	280	120.757411979546
600	700	76.9430975247335	24.6	101.543097524733	DBCA	43_1	0	101.543097524733
600	733.333333333333	74.6469549752619	24.6	99.2469549752619	DBCA	43_1	70	110.340071381454
600	766.666666666667	79.1105833298099	24.6	103.71058332981	DBCA	43_1	210	124.94645906189
600	800	78.0079105258128	24.6	102.607910525813	DBCA	43_1	140	120.779652176032
600	833.333333333333	80.1038927312714	24.6	104.703892731271	DBCA	43_2	140	122.87563438149
600	866.666666666667	82.5420907692106	24.6	107.142090769211	DBCA	43_2	210	128.37796650129
600	900	81.0610799428113	24.6	105.661079942811	DBCA	43_2	0	105.661079942811
600	933.333333333333	82.0336287230527	24.6	106.633628723053	DBCA	43_2	280	126.919147374828
600	966.666666666667	79.8030238222786	24.6	104.403023822279	DBCA	43_2	70	115.496140228471
614.285714285714	666.666666666667	77.7414503712461	24.6	102.341450371246	DBCA	44_1	0	102.341450371246
614.285714285714	700	76.5676291322698	24.6	101.16762913227	DBCA	44_1	210	122.403504864349
614.285714285714	733.333333333333	77.4085695763413	24.6	102.008569576341	DBCA	44_1	280	122.294088228116
614.285714285714	766.666666666667	75.435429707419	24.6	100.035429707419	DBCA	44_1	140	118.207171357638
614.285714285714	800	76.387603085823	24.6	100.987603085823	DBCA	44_1	70	112.080719492015
614.285714285714	833.333333333333	80.9542477049613	24.6	105.554247704961	DBCA	44_2	210	126.790123437041
614.285714285714	866.666666666667	78.2030008741336	24.6	102.803000874134	DBCA	44_2	70	113.896117280326
614.285714285714	900	83.3290758199426	24.6	107.929075819943	DBCA	44_2	140	126.100817470161
614.285714285714	933.333333333333	81.8525185940596	24.6	106.45251859406	DBCA	44_2	0	106.45251859406
614.285714285714	966.666666666667	79.232494541941	24.6	103.832494541941	DBCA	44_2	280	124.118013193716
628.571428571429	666.666666666667	76.7168164951999	24.6	101.3168164952	DBCA	45_1	210	122.552692227279
628.571428571429	700	81.4402820790669	24.6	106.040282079067	DBCA	45_1	70	117.133398485259
628.571428571429	733.333333333333	75.5521755291566	24.6	100.152175529157	DBCA	45_1	140	118.323917179375
628.571428571429	766.666666666667	77.5796504734749	24.6	102.179650473475	DBCA	45_1	0	102.179650473475
628.571428571429	800	79.6229170302375	24.6	104.222917030237	DBCA	45_1	280	124.508435682012
628.571428571429	833.333333333333	81.5761621734189	24.6	106.176162173419	DBCA	45_2	140	124.347903823638
628.571428571429	866.666666666667	80.8282235328532	24.6	105.428223532853	DBCA	45_2	210	126.664099264933
628.571428571429	900	81.7019125444689	24.6	106.301912544469	DBCA	45_2	0	106.301912544469
628.571428571429	933.333333333333	83.5006033917407	24.6	108.100603391741	DBCA	45_2	70	119.193719797933
628.571428571429	966.666666666667	81.1932235314422	24.6	105.793223531442	DBCA	45_2	280	126.078742183217
642.857142857143	666.666666666667	73.2212170654639	24.6	97.8212170654639	DBCA	46_1	210	119.057092797544
642.857142857143	700	81.0284386814125	24.6	105.628438681412	DBCA	46_1	70	116.721555087605
642.857142857143	733.333333333333	78.5203004431249	24.6	103.120300443125	DBCA	46_1	140	121.292042093344
642.857142857143	766.666666666667	76.590116934565	24.6	101.190116934565	DBCA	46_1	280	121.47563558634
642.857142857143	800	81.3718104382248	24.6	105.971810438225	DBCA	46_1	0	105.971810438225
642.857142857143	833.333333333333	79.3915928153308	24.6	103.991592815331	DBCA	46_2	140	122.16333446555
642.857142857143	866.666666666667	83.6022472703183	24.6	108.202247270318	DBCA	46_2	280	128.487765922093
642.857142857143	900	81.8500074231519	24.6	106.450007423152	DBCA	46_2	210	127.685883155231
642.857142857143	933.333333333333	82.5505979020545	24.6	107.150597902055	DBCA	46_2	0	107.150597902055
642.857142857143	966.666666666667	81.4660758531334	24.6	106.066075853133	DBCA	46_2	70	117.159192259326
657.142857142857	666.666666666667	72.2377059617557	24.6	96.8377059617557	DBCA	47_1	140	115.009447611974
657.142857142857	700	77.9252860144818	24.6	102.525286014482	DBCA	47_1	280	122.810804666257
657.142857142857	733.333333333333	79.0390380758598	24.6	103.63903807586	DBCA	47_1	210	124.874913807939
657.142857142857	766.666666666667	76.4616251385555	24.6	101.061625138556	DBCA	47_1	0	101.061625138556
657.142857142857	800	82.9440599107616	24.6	107.544059910762	DBCA	47_1	70	118.637176316954
657.142857142857	833.333333333333	79.8962903002554	24.6	104.496290300255	DBCA	47_2	280	124.78180895203
657.142857142857	866.666666666667	83.4756522790207	24.6	108.075652279021	DBCA	47_2	70	119.168768685213
657.142857142857	900	83.3762713240623	24.6	107.976271324062	DBCA	47_2	210	129.212147056142
657.142857142857	933.333333333333	83.9927322970787	24.6	108.592732297079	DBCA	47_2	140	126.764473947297
657.142857142857	966.666666666667	81.6823112186154	24.6	106.282311218615	DBCA	47_2	0	106.282311218615
671.428571428571	666.666666666667	73.6869967187742	24.6	98.2869967187742	DBCA	48_1	140	116.458738368993
671.428571428571	700	73.790349872981	24.6	98.3903498729809	DBCA	48_1	0	98.3903498729809
671.428571428571	733.333333333333	78.9128540584223	24.6	103.512854058422	DBCA	48_1	70	114.605970464614
671.428571428571	766.666666666667	77.9160725915014	24.6	102.516072591501	DBCA	48_1	210	123.751948323581
671.428571428571	800	82.5443801220373	24.6	107.144380122037	DBCA	48_1	280	127.429898773812
671.428571428571	833.333333333333	84.0594794792378	24.6	108.659479479238	DBCA	48_2	280	128.944998131013
671.428571428571	866.666666666667	86.9153334037355	24.6	111.515333403735	DBCA	48_2	70	122.608449809928
671.428571428571	900	85.5771779782842	24.6	110.177177978284	DBCA	48_2	210	131.413053710364
671.428571428571	933.333333333333	86.8220704422784	24.6	111.422070442278	DBCA	48_2	140	129.593812092497
671.428571428571	966.666666666667	83.9802763664163	24.6	108.580276366416	DBCA	48_2	0	108.580276366416
685.714285714286	666.666666666667	73.7692694569985	24.6	98.3692694569985	DBCA	49_1	70	109.462385863191
685.714285714286	700	75.2295168077009	24.6	99.8295168077009	DBCA	49_1	0	99.8295168077009
685.714285714286	733.333333333333	73.9751754967822	24.6	98.5751754967822	DBCA	49_1	280	118.860694148557
685.714285714286	766.666666666667	79.1547513731939	24.6	103.754751373194	DBCA	49_1	210	124.990627105274
685.714285714286	800	85.2021669430447	24.6	109.802166943045	DBCA	49_1	140	127.973908593263
685.714285714286	833.333333333333	83.6829108722712	24.6	108.282910872271	DBCA	49_2	140	126.45465252249
685.714285714286	866.666666666667	86.3276041560358	24.6	110.927604156036	DBCA	49_2	0	110.927604156036
685.714285714286	900	83.8283854719529	24.6	108.428385471953	DBCA	49_2	280	128.713904123728
685.714285714286	933.333333333333	83.9762394616595	24.6	108.576239461659	DBCA	49_2	70	119.669355867852
685.714285714286	966.666666666667	84.7679849033335	24.6	109.367984903333	DBCA	49_2	210	130.603860635413
57.1428571428571	666.666666666667	79.2728318565299	0	79.2728318565299	DBCA	5_1	210	82.9443075886095
57.1428571428571	700	80.6810348864884	0	80.6810348864884	DBCA	5_1	0	80.6810348864884
57.1428571428571	733.333333333333	79.7220873565703	0	79.7220873565703	DBCA	5_1	280	76.5884060083451
57.1428571428571	766.666666666667	81.2889004787128	0	81.2889004787128	DBCA	5_1	70	86.527216884905
57.1428571428571	800	80.766304224534	0	80.766304224534	DBCA	5_1	140	87.2284458747527
57.1428571428571	833.333333333333	80.1859905776784	0	80.1859905776784	DBCA	5_2	210	83.857466309758
57.1428571428571	866.666666666667	85.5199068637494	0	85.5199068637494	DBCA	5_2	0	85.5199068637494
57.1428571428571	900	77.3134958909822	0	77.3134958909822	DBCA	5_2	280	74.179814542757
57.1428571428571	933.333333333333	77.6198642398946	0	77.6198642398946	DBCA	5_2	140	84.0820058901134
57.1428571428571	966.666666666667	79.3448183150721	0	79.3448183150721	DBCA	5_2	70	84.5831347212643
700	666.666666666667	73.281307730565	24.6	97.881307730565	DBCA	50_1	210	119.117183462645
700	700	73.9033791128753	24.6	98.5033791128753	DBCA	50_1	140	116.675120763094
700	733.333333333333	74.9440479785754	24.6	99.5440479785754	DBCA	50_1	70	110.637164384768
700	766.666666666667	82.3724260975356	24.6	106.972426097536	DBCA	50_1	280	127.25794474931
700	800	83.9981955018425	24.6	108.598195501842	DBCA	50_1	0	108.598195501842
700	833.333333333333	82.2636147121392	24.6	106.863614712139	DBCA	50_2	140	125.035356362358
700	866.666666666667	84.0884878537131	24.6	108.688487853713	DBCA	50_2	0	108.688487853713
700	900	79.9091989356001	24.6	104.5091989356	DBCA	50_2	280	124.794717587375
700	933.333333333333	84.0146735676291	24.6	108.614673567629	DBCA	50_2	70	119.707789973821
700	966.666666666667	87.3439273598229	24.6	111.943927359823	DBCA	50_2	210	133.179803091902
714.285714285714	666.666666666667	77.6137883624348	24.6	102.213788362435	DBCA	51_1	210	123.449664094514
714.285714285714	700	72.8275323794372	24.6	97.4275323794372	DBCA	51_1	0	97.4275323794372
714.285714285714	733.333333333333	73.4880560376494	24.6	98.0880560376494	DBCA	51_1	140	116.259797687868
714.285714285714	766.666666666667	76.6232373076809	24.6	101.223237307681	DBCA	51_1	280	121.508755959456
714.285714285714	800	82.5972211783132	24.6	107.197221178313	DBCA	51_1	70	118.290337584505
714.285714285714	833.333333333333	84.4740108391589	24.6	109.074010839159	DBCA	51_2	70	120.167127245351
714.285714285714	866.666666666667	85.61176852534	24.6	110.21176852534	DBCA	51_2	280	130.497287177115
714.285714285714	900	81.9259713321129	24.6	106.525971332113	DBCA	51_2	0	106.525971332113
714.285714285714	933.333333333333	82.3088228989019	24.6	106.908822898902	DBCA	51_2	140	125.080564549121
714.285714285714	966.666666666667	84.8849954311417	24.6	109.484995431142	DBCA	51_2	210	130.720871163221
728.571428571429	666.666666666667	78.1274701634049	24.6	102.727470163405	DBCA	52_1	280	123.01298881518
728.571428571429	700	78.4599361210581	24.6	103.059936121058	DBCA	52_1	70	114.15305252725
728.571428571429	733.333333333333	75.8422981201605	24.6	100.44229812016	DBCA	52_1	140	118.614039770379
728.571428571429	766.666666666667	77.9911193331828	24.6	102.591119333183	DBCA	52_1	210	123.826995065262
728.571428571429	800	78.3955291065154	24.6	102.995529106515	DBCA	52_1	0	102.995529106515
728.571428571429	833.333333333333	82.8662910600887	24.6	107.466291060089	DBCA	52_2	70	118.559407466281
728.571428571429	866.666666666667	83.1151576993706	24.6	107.715157699371	DBCA	52_2	210	128.95103343145
728.571428571429	900	85.2628890382914	24.6	109.862889038291	DBCA	52_2	140	128.03463068851
728.571428571429	933.333333333333	85.3079312198333	24.6	109.907931219833	DBCA	52_2	280	130.193449871608
728.571428571429	966.666666666667	85.27970368584	24.6	109.87970368584	DBCA	52_2	0	109.87970368584
742.857142857143	666.666666666667	83.9170824648769	24.6	108.517082464877	DBCA	53_1	210	129.752958196957
742.857142857143	700	77.6347283040908	24.6	102.234728304091	DBCA	53_1	70	113.327844710283
742.857142857143	733.333333333333	71.5894414535713	24.6	96.1894414535713	DBCA	53_1	280	116.474960105346
742.857142857143	766.666666666667	78.5527762139207	24.6	103.152776213921	DBCA	53_1	140	121.324517864139
742.857142857143	800	78.3994036118414	24.6	102.999403611841	DBCA	53_1	0	102.999403611841
742.857142857143	833.333333333333	82.4528065521038	24.6	107.052806552104	DBCA	53_2	140	125.224548202323
742.857142857143	866.666666666667	84.2897473089002	24.6	108.8897473089	DBCA	53_2	210	130.12562304098
742.857142857143	900	81.9575307429935	24.6	106.557530742994	DBCA	53_2	0	106.557530742994
742.857142857143	933.333333333333	84.6845310710568	24.6	109.284531071057	DBCA	53_2	280	129.570049722832
742.857142857143	966.666666666667	85.0937932912544	24.6	109.693793291254	DBCA	53_2	70	120.786909697447
757.142857142857	666.666666666667	79.2321111747212	24.6	103.832111174721	DBCA	54_1	70	114.925227580913
757.142857142857	700	76.3517768979163	24.6	100.951776897916	DBCA	54_1	140	119.123518548135
757.142857142857	733.333333333333	75.4940095415214	24.6	100.094009541521	DBCA	54_1	210	121.329885273601
757.142857142857	766.666666666667	71.8880987894725	24.6	96.4880987894724	DBCA	54_1	0	96.4880987894724
757.142857142857	800	78.1141295232601	24.6	102.71412952326	DBCA	54_1	280	122.999648175035
757.142857142857	833.333333333333	84.4562516757073	24.6	109.056251675707	DBCA	54_2	140	127.227993325926
757.142857142857	866.666666666667	83.6495505358095	24.6	108.24955053581	DBCA	54_2	210	129.485426267889
757.142857142857	900	85.4751484232891	24.6	110.075148423289	DBCA	54_2	280	130.360667075064
757.142857142857	933.333333333333	84.8956207376832	24.6	109.495620737683	DBCA	54_2	70	120.588737143875
757.142857142857	966.666666666667	84.9918892983725	24.6	109.591889298373	DBCA	54_2	0	109.591889298373
771.428571428571	666.666666666667	83.1804980885118	24.6	107.780498088512	DBCA	55_1	0	107.780498088512
771.428571428571	700	74.4391602954242	24.6	99.0391602954242	DBCA	55_1	140	117.210901945643
771.428571428571	733.333333333333	72.3489555439469	24.6	96.9489555439469	DBCA	55_1	280	117.234474195722
771.428571428571	766.666666666667	77.0620268874599	24.6	101.66202688746	DBCA	55_1	210	122.897902619539
771.428571428571	800	80.5100520563979	24.6	105.110052056398	DBCA	55_1	70	116.20316846259
771.428571428571	833.333333333333	82.711717278569	24.6	107.311717278569	DBCA	55_2	280	127.597235930344
771.428571428571	866.666666666667	84.4004690188255	24.6	109.000469018826	DBCA	55_2	140	127.172210669044
771.428571428571	900	85.6358610053021	24.6	110.235861005302	DBCA	55_2	70	121.328977411494
771.428571428571	933.333333333333	80.7116746751712	24.6	105.311674675171	DBCA	55_2	0	105.311674675171
771.428571428571	966.666666666667	86.6407553917645	24.6	111.240755391764	DBCA	55_2	210	132.476631123844
785.714285714286	666.666666666667	80.5893785928308	24.6	105.189378592831	DBCA	56_1	140	123.36112024305
785.714285714286	700	78.5088692336985	24.6	103.108869233698	DBCA	56_1	70	114.201985639891
785.714285714286	733.333333333333	77.5311243551705	24.6	102.13112435517	DBCA	56_1	0	102.13112435517
785.714285714286	766.666666666667	76.2034482139438	24.6	100.803448213944	DBCA	56_1	210	122.039323946023
785.714285714286	800	81.1124961316445	24.6	105.712496131645	DBCA	56_1	280	125.998014783419
785.714285714286	833.333333333333	84.2190067984887	24.6	108.819006798489	DBCA	56_2	140	126.990748448707
785.714285714286	866.666666666667	83.2538951341366	24.6	107.853895134137	DBCA	56_2	280	128.139413785911
785.714285714286	900	84.0039666916551	24.6	108.603966691655	DBCA	56_2	210	129.839842423735
785.714285714286	933.333333333333	76.9716763144184	24.6	101.571676314418	DBCA	56_2	70	112.664792720611
785.714285714286	966.666666666667	84.534219125246	24.6	109.134219125246	DBCA	56_2	0	109.134219125246
800	666.666666666667	80.0938312706596	24.6	104.69383127066	DBCA	57_1	280	124.979349922434
800	700	80.6446774605564	24.6	105.244677460556	DBCA	57_1	140	123.416419110775
800	733.333333333333	77.5033728942002	24.6	102.1033728942	DBCA	57_1	210	123.33924862628
800	766.666666666667	79.1335019980718	24.6	103.733501998072	DBCA	57_1	0	103.733501998072
800	800	80.537083066589	24.6	105.137083066589	DBCA	57_1	70	116.230199472781
800	833.333333333333	83.0269996869185	24.6	107.626999686919	DBCA	57_2	210	128.862875418998
800	866.666666666667	83.2791967190697	24.6	107.87919671907	DBCA	57_2	70	118.972313125262
800	900	82.6759989042821	24.6	107.275998904282	DBCA	57_2	0	107.275998904282
800	933.333333333333	80.1697089294763	24.6	104.769708929476	DBCA	57_2	280	125.055227581251
800	966.666666666667	82.3750506143956	24.6	106.975050614396	DBCA	57_2	140	125.146792264614
814.285714285714	666.666666666667	83.6442210191197	24.6	108.24422101912	DBCA	58_1	0	108.24422101912
814.285714285714	700	80.2537716992416	24.6	104.853771699242	DBCA	58_1	140	123.02551334946
814.285714285714	733.333333333333	78.5369798732764	24.6	103.136979873276	DBCA	58_1	280	123.422498525051
814.285714285714	766.666666666667	74.8397607672362	24.6	99.4397607672362	DBCA	58_1	210	120.675636499316
814.285714285714	800	81.3619033210563	24.6	105.961903321056	DBCA	58_1	70	117.055019727249
814.285714285714	833.333333333333	83.6808888106052	24.6	108.280888810605	DBCA	58_2	140	126.452630460824
814.285714285714	866.666666666667	82.5137487379477	24.6	107.113748737948	DBCA	58_2	0	107.113748737948
814.285714285714	900	82.9758432291643	24.6	107.575843229164	DBCA	58_2	210	128.811718961244
814.285714285714	933.333333333333	83.3455987376139	24.6	107.945598737614	DBCA	58_2	280	128.231117389389
814.285714285714	966.666666666667	82.4350982394709	24.6	107.035098239471	DBCA	58_2	70	118.128214645663
828.571428571429	666.666666666667	86.3285013457525	24.6	110.928501345753	DBCA	59_1	70	122.021617751945
828.571428571429	700	84.1183593285128	24.6	108.718359328513	DBCA	59_1	0	108.718359328513
828.571428571429	733.333333333333	74.6496743153854	24.6	99.2496743153854	DBCA	59_1	280	119.53519296716
828.571428571429	766.666666666667	77.5137604587702	24.6	102.11376045877	DBCA	59_1	140	120.285502108989
828.571428571429	800	79.1389482004805	24.6	103.73894820048	DBCA	59_1	210	124.97482393256
828.571428571429	833.333333333333	84.1178600949816	24.6	108.717860094982	DBCA	59_2	140	126.8896017452
828.571428571429	866.666666666667	83.3621603086242	24.6	107.962160308624	DBCA	59_2	0	107.962160308624
828.571428571429	900	80.7793247833588	24.6	105.379324783359	DBCA	59_2	70	116.472441189551
828.571428571429	933.333333333333	85.2749529586098	24.6	109.87495295861	DBCA	59_2	210	131.110828690689
828.571428571429	966.666666666667	81.8462945671736	24.6	106.446294567174	DBCA	59_2	280	126.731813218948
71.4285714285714	666.666666666667	79.3536148916066	0	79.3536148916066	DBCA	6_1	140	85.8157565418253
71.4285714285714	700	72.7749155041399	0	72.7749155041399	DBCA	6_1	0	72.7749155041399
71.4285714285714	733.333333333333	75.4231716538547	0	75.4231716538547	DBCA	6_1	70	80.6614880600469
71.4285714285714	766.666666666667	82.0135724927544	0	82.0135724927544	DBCA	6_1	280	78.8798911445292
71.4285714285714	800	80.8117828892965	0	80.8117828892965	DBCA	6_1	210	84.4832586213761
71.4285714285714	833.333333333333	80.4206806539991	0	80.4206806539991	DBCA	6_2	70	85.6589970601913
71.4285714285714	866.666666666667	82.8539224706419	0	82.8539224706419	DBCA	6_2	0	82.8539224706419
71.4285714285714	900	80.1730118397369	0	80.1730118397369	DBCA	6_2	140	86.6351534899557
71.4285714285714	933.333333333333	75.0058505511544	0	75.0058505511544	DBCA	6_2	210	78.677326283234
71.4285714285714	966.666666666667	76.5020292133207	0	76.5020292133207	DBCA	6_2	280	73.3683478650956
842.857142857143	666.666666666667	85.4772014459613	24.6	110.077201445961	DBCA	60_1	140	128.24894309618
842.857142857143	700	85.1362905455139	24.6	109.736290545514	DBCA	60_1	70	120.829406951706
842.857142857143	733.333333333333	78.9507597997589	24.6	103.550759799759	DBCA	60_1	210	124.786635531839
842.857142857143	766.666666666667	74.2792886730329	24.6	98.8792886730328	DBCA	60_1	280	119.164807324808
842.857142857143	800	75.226398644902	24.6	99.826398644902	DBCA	60_1	0	99.826398644902
842.857142857143	833.333333333333	80.3795058379021	24.6	104.979505837902	DBCA	60_2	140	123.151247488121
842.857142857143	866.666666666667	84.9619563607738	24.6	109.561956360774	DBCA	60_2	280	129.847475012549
842.857142857143	900	84.8274135044911	24.6	109.427413504491	DBCA	60_2	210	130.663289236571
842.857142857143	933.333333333333	83.6204032520718	24.6	108.220403252072	DBCA	60_2	70	119.313519658264
842.857142857143	966.666666666667	83.5874733849085	24.6	108.187473384908	DBCA	60_2	0	108.187473384908
857.142857142857	666.666666666667	83.0991928920225	24.6	107.699192892023	DBCA	61_1	140	125.870934542241
857.142857142857	700	83.1643043653444	24.6	107.764304365344	DBCA	61_1	210	129.000180097424
857.142857142857	733.333333333333	80.1090732071989	24.6	104.709073207199	DBCA	61_1	0	104.709073207199
857.142857142857	766.666666666667	73.8450030135821	24.6	98.4450030135821	DBCA	61_1	280	118.730521665357
857.142857142857	800	74.4432024905008	24.6	99.0432024905007	DBCA	61_1	70	110.136318896693
857.142857142857	833.333333333333	78.2668282549111	24.6	102.866828254911	DBCA	61_2	280	123.152346906686
857.142857142857	866.666666666667	81.2833271693262	24.6	105.883327169326	DBCA	61_2	210	127.119202901406
857.142857142857	900	85.6313919131451	24.6	110.231391913145	DBCA	61_2	0	110.231391913145
857.142857142857	933.333333333333	84.6597692622564	24.6	109.259769262256	DBCA	61_2	140	127.431510912475
857.142857142857	966.666666666667	86.5174825995159	24.6	111.117482599516	DBCA	61_2	70	122.210599005708
871.428571428571	666.666666666667	81.2594053868546	24.6	105.859405386855	DBCA	62_1	210	127.095281118934
871.428571428571	700	80.3052683112233	24.6	104.905268311223	DBCA	62_1	0	104.905268311223
871.428571428571	733.333333333333	79.9727397432328	24.6	104.572739743233	DBCA	62_1	70	115.665856149425
871.428571428571	766.666666666667	79.3223036193278	24.6	103.922303619328	DBCA	62_1	280	124.207822271103
871.428571428571	800	74.9682184021055	24.6	99.5682184021055	DBCA	62_1	140	117.739960052324
871.428571428571	833.333333333333	74.5372956071908	24.6	99.1372956071908	DBCA	62_2	70	110.230412013383
871.428571428571	866.666666666667	80.0272117471841	24.6	104.627211747184	DBCA	62_2	280	124.912730398959
871.428571428571	900	84.695967243935	24.6	109.295967243935	DBCA	62_2	210	130.531842976015
871.428571428571	933.333333333333	79.6210276276809	24.6	104.221027627681	DBCA	62_2	0	104.221027627681
871.428571428571	966.666666666667	82.4974113880356	24.6	107.097411388036	DBCA	62_2	140	125.269153038254
885.714285714286	666.666666666667	80.4196698511363	24.6	105.019669851136	DBCA	63_1	140	123.191411501355
885.714285714286	700	82.2101319312016	24.6	106.810131931202	DBCA	63_1	280	127.095650582976
885.714285714286	733.333333333333	77.5295456487784	24.6	102.129545648778	DBCA	63_1	0	102.129545648778
885.714285714286	766.666666666667	77.0997518933519	24.6	101.699751893352	DBCA	63_1	210	122.935627625432
885.714285714286	800	74.499972005607	24.6	99.099972005607	DBCA	63_1	70	110.193088411799
885.714285714286	833.333333333333	79.0502988142168	24.6	103.650298814217	DBCA	63_2	70	114.743415220409
885.714285714286	866.666666666667	79.9230753832965	24.6	104.523075383296	DBCA	63_2	0	104.523075383296
885.714285714286	900	84.1254433477194	24.6	108.725443347719	DBCA	63_2	210	129.961319079799
885.714285714286	933.333333333333	80.1132629365896	24.6	104.71326293659	DBCA	63_2	140	122.885004586808
885.714285714286	966.666666666667	76.8618085971193	24.6	101.461808597119	DBCA	63_2	280	121.747327248894
900	666.666666666667	80.8532418254331	24.6	105.453241825433	DBCA	64_1	210	126.689117557513
900	700	78.7617907169743	24.6	103.361790716974	DBCA	64_1	0	103.361790716974
900	733.333333333333	78.9118163159086	24.6	103.511816315909	DBCA	64_1	140	121.683557966127
900	766.666666666667	79.6724282688855	24.6	104.272428268885	DBCA	64_1	70	115.365544675078
900	800	77.786933857381	24.6	102.386933857381	DBCA	64_1	280	122.672452509156
900	833.333333333333	80.0787905146807	24.6	104.678790514681	DBCA	64_2	210	125.91466624676
900	866.666666666667	81.4849266334852	24.6	106.084926633485	DBCA	64_2	70	117.178043039677
900	900	81.6727160414412	24.6	106.272716041441	DBCA	64_2	140	124.44445769166
900	933.333333333333	79.7122349686397	24.6	104.31223496864	DBCA	64_2	0	104.31223496864
900	966.666666666667	77.3127663437691	24.6	101.912766343769	DBCA	64_2	280	122.198284995544
914.285714285714	666.666666666667	76.3184560086998	24.6	100.9184560087	DBCA	65_1	280	121.203974660475
914.285714285714	700	79.795670097188	24.6	104.395670097188	DBCA	65_1	140	122.567411747407
914.285714285714	733.333333333333	74.6462995437643	24.6	99.2462995437643	DBCA	65_1	0	99.2462995437643
914.285714285714	766.666666666667	77.8673783272869	24.6	102.467378327287	DBCA	65_1	210	123.703254059367
914.285714285714	800	76.8018269700444	24.6	101.401826970044	DBCA	65_1	70	112.494943376237
914.285714285714	833.333333333333	81.8420865174873	24.6	106.442086517487	DBCA	65_2	280	126.727605169262
914.285714285714	866.666666666667	83.2797725245329	24.6	107.879772524533	DBCA	65_2	210	129.115648256612
914.285714285714	900	79.720051126643	24.6	104.320051126643	DBCA	65_2	70	115.413167532835
914.285714285714	933.333333333333	76.4018026592913	24.6	101.001802659291	DBCA	65_2	140	119.17354430951
914.285714285714	966.666666666667	79.2571800672542	24.6	103.857180067254	DBCA	65_2	0	103.857180067254
928.571428571429	666.666666666667	76.1616114790697	24.6	100.76161147907	DBCA	66_1	70	111.854727885262
928.571428571429	700	75.7599407314447	24.6	100.359940731445	DBCA	66_1	140	118.531682381663
928.571428571429	733.333333333333	71.6745713693848	24.6	96.2745713693848	DBCA	66_1	0	96.2745713693848
928.571428571429	766.666666666667	78.9912085519069	24.6	103.591208551907	DBCA	66_1	280	123.876727203682
928.571428571429	800	78.0286560515706	24.6	102.628656051571	DBCA	66_1	210	123.86453178365
928.571428571429	833.333333333333	81.6210548143467	24.6	106.221054814347	DBCA	66_2	70	117.314171220539
928.571428571429	866.666666666667	79.3114738533749	24.6	103.911473853375	DBCA	66_2	210	125.147349585455
928.571428571429	900	79.5637175432948	24.6	104.163717543295	DBCA	66_2	0	104.163717543295
928.571428571429	933.333333333333	78.3606886096528	24.6	102.960688609653	DBCA	66_2	280	123.246207261428
928.571428571429	966.666666666667	75.3052203145644	24.6	99.9052203145644	DBCA	66_2	140	118.076961964783
942.857142857143	666.666666666667	74.8671886792478	24.6	99.4671886792478	DBCA	67_1	210	120.703064411327
942.857142857143	700	75.9485962055255	24.6	100.548596205526	DBCA	67_1	280	120.8341148573
942.857142857143	733.333333333333	73.5135882999101	24.6	98.1135882999101	DBCA	67_1	0	98.1135882999101
942.857142857143	766.666666666667	76.3353949681261	24.6	100.935394968126	DBCA	67_1	140	119.107136618345
942.857142857143	800	77.7856443915804	24.6	102.38564439158	DBCA	67_1	70	113.478760797773
942.857142857143	833.333333333333	78.1212780230152	24.6	102.721278023015	DBCA	67_2	210	123.957153755095
942.857142857143	866.666666666667	78.2418048163625	24.6	102.841804816362	DBCA	67_2	280	123.127323468137
942.857142857143	900	80.0473047664758	24.6	104.647304766476	DBCA	67_2	140	122.819046416694
942.857142857143	933.333333333333	76.5740929302325	24.6	101.174092930232	DBCA	67_2	70	112.267209336425
942.857142857143	966.666666666667	76.9296155078833	24.6	101.529615507883	DBCA	67_2	0	101.529615507883
957.142857142857	666.666666666667	72.7797237146634	24.6	97.3797237146634	DBCA	68_1	0	97.3797237146634
957.142857142857	700	76.4587987792573	24.6	101.058798779257	DBCA	68_1	210	122.294674511337
957.142857142857	733.333333333333	75.9022840902772	24.6	100.502284090277	DBCA	68_1	70	111.595400496469
957.142857142857	766.666666666667	74.1684077676719	24.6	98.7684077676719	DBCA	68_1	140	116.940149417891
957.142857142857	800	73.7719913872786	24.6	98.3719913872786	DBCA	68_1	280	118.657510039053
957.142857142857	833.333333333333	78.9986142594002	24.6	103.5986142594	DBCA	68_2	70	114.691730665592
957.142857142857	866.666666666667	80.6843536987746	24.6	105.284353698775	DBCA	68_2	0	105.284353698775
957.142857142857	900	81.3726035522516	24.6	105.972603552252	DBCA	68_2	280	126.258122204026
957.142857142857	933.333333333333	78.6466448319569	24.6	103.246644831957	DBCA	68_2	140	121.418386482176
957.142857142857	966.666666666667	77.0154732194659	24.6	101.615473219466	DBCA	68_2	210	122.851348951546
971.428571428571	666.666666666667	68.4581423695181	24.6	93.0581423695181	DBCA	69_1	140	111.229884019737
971.428571428571	700	78.5043946726968	24.6	103.104394672697	DBCA	69_1	0	103.104394672697
971.428571428571	733.333333333333	74.6990913371902	24.6	99.2990913371902	DBCA	69_1	70	110.392207743382
971.428571428571	766.666666666667	75.7902710485096	24.6	100.39027104851	DBCA	69_1	210	121.626146780589
971.428571428571	800	75.0207067191407	24.6	99.6207067191407	DBCA	69_1	280	119.906225370915
971.428571428571	833.333333333333	76.3789519403341	24.6	100.978951940334	DBCA	69_2	0	100.978951940334
971.428571428571	866.666666666667	80.9416895862789	24.6	105.541689586279	DBCA	69_2	140	123.713431236498
971.428571428571	900	80.0064022815245	24.6	104.606402281524	DBCA	69_2	280	124.891920933299
971.428571428571	933.333333333333	80.692717124209	24.6	105.292717124209	DBCA	69_2	70	116.385833530401
971.428571428571	966.666666666667	81.2602848195503	24.6	105.86028481955	DBCA	69_2	210	127.09616055163
85.7142857142857	666.666666666667	77.7634374081126	0	77.7634374081126	DBCA	7_1	70	83.0017538143048
85.7142857142857	700	72.4056115380039	0	72.4056115380039	DBCA	7_1	210	76.0770872700835
85.7142857142857	733.333333333333	78.269464065777	0	78.269464065777	DBCA	7_1	280	75.1357827175518
85.7142857142857	766.666666666667	78.5456953254382	0	78.5456953254382	DBCA	7_1	140	85.0078369756569
85.7142857142857	800	79.2780698145623	0	79.2780698145623	DBCA	7_1	0	79.2780698145623
85.7142857142857	833.333333333333	77.7755781837587	0	77.7755781837587	DBCA	7_2	140	84.2377198339774
85.7142857142857	866.666666666667	80.830639470201	0	80.830639470201	DBCA	7_2	210	84.5021152022806
85.7142857142857	900	80.2747064519756	0	80.2747064519756	DBCA	7_2	0	80.2747064519756
85.7142857142857	933.333333333333	74.8080336427622	0	74.8080336427622	DBCA	7_2	70	80.0463500489544
85.7142857142857	966.666666666667	74.8586241113465	0	74.8586241113465	DBCA	7_2	280	71.7249427631213
985.714285714286	666.666666666667	73.9180203200113	24.6	98.5180203200113	DBCA	70_1	280	118.803538971786
985.714285714286	700	76.8270062383355	24.6	101.427006238336	DBCA	70_1	70	112.520122644528
985.714285714286	733.333333333333	77.0357908447841	24.6	101.635790844784	DBCA	70_1	210	122.871666576864
985.714285714286	766.666666666667	76.766610793878	24.6	101.366610793878	DBCA	70_1	140	119.538352444097
985.714285714286	800	74.0393268263073	24.6	98.6393268263073	DBCA	70_1	0	98.6393268263073
985.714285714286	833.333333333333	82.0390829630411	24.6	106.639082963041	DBCA	70_2	140	124.81082461326
985.714285714286	866.666666666667	80.5038196934612	24.6	105.103819693461	DBCA	70_2	0	105.103819693461
985.714285714286	900	80.2069885180509	24.6	104.806988518051	DBCA	70_2	70	115.900104924243
985.714285714286	933.333333333333	79.7572034752818	24.6	104.357203475282	DBCA	70_2	210	125.593079207361
985.714285714286	966.666666666667	80.7302687578024	24.6	105.330268757802	DBCA	70_2	280	125.615787409577
1000	666.666666666667	74.2151318030079	24.6	98.8151318030079	DBCA	71_1	0	98.8151318030079
1000	700	74.9480975487142	24.6	99.5480975487142	DBCA	71_1	140	117.719839198933
1000	733.333333333333	75.8509838102665	24.6	100.450983810266	DBCA	71_1	210	121.686859542346
1000	766.666666666667	76.2702040513205	24.6	100.870204051321	DBCA	71_1	70	111.963320457513
1000	800	75.7538164608838	24.6	100.353816460884	DBCA	71_1	280	120.639335112659
1000	833.333333333333	80.1647055165813	24.6	104.764705516581	DBCA	71_2	280	125.050224168356
1000	866.666666666667	78.6505806875014	24.6	103.250580687501	DBCA	71_2	0	103.250580687501
1000	900	76.8873444177261	24.6	101.487344417726	DBCA	71_2	140	119.659086067945
1000	933.333333333333	77.9665032591471	24.6	102.566503259147	DBCA	71_2	210	123.802378991227
1000	966.666666666667	83.6552011332958	24.6	108.255201133296	DBCA	71_2	70	119.348317539488
100	666.666666666667	77.4022553586509	0	77.4022553586509	DBCA	8_1	0	77.4022553586509
100	700	76.6937521863584	0	76.6937521863584	DBCA	8_1	70	81.9320685925506
100	733.333333333333	78.8664184275133	0	78.8664184275133	DBCA	8_1	140	85.3285600777321
100	766.666666666667	77.9476787763603	0	77.9476787763603	DBCA	8_1	210	81.6191545084399
100	800	78.8126193909455	0	78.8126193909455	DBCA	8_1	280	75.6789380427203
100	833.333333333333	80.090941336084	0	80.090941336084	DBCA	8_2	210	83.7624170681636
100	866.666666666667	80.8045546495716	0	80.8045546495716	DBCA	8_2	70	86.0428710557638
100	900	79.4859096298962	0	79.4859096298962	DBCA	8_2	280	76.352228281671
100	933.333333333333	82.459671248993	0	82.459671248993	DBCA	8_2	140	88.9218128992117
100	966.666666666667	76.3274958591654	0	76.3274958591654	DBCA	8_2	0	76.3274958591654
114.285714285714	666.666666666667	74.0441242342666	0	74.0441242342666	DBCA	9_1	0	74.0441242342666
114.285714285714	700	79.304890209821	0	79.304890209821	DBCA	9_1	70	84.5432066160132
114.285714285714	733.333333333333	81.3659583731139	0	81.3659583731139	DBCA	9_1	210	85.0374341051935
114.285714285714	766.666666666667	79.5613216483891	0	79.5613216483891	DBCA	9_1	140	86.0234632986078
114.285714285714	800	78.1568577395759	0	78.1568577395759	DBCA	9_1	280	75.0231763913507
114.285714285714	833.333333333333	77.9854283655729	0	77.9854283655729	DBCA	9_2	0	77.9854283655729
114.285714285714	866.666666666667	78.6350074062395	0	78.6350074062395	DBCA	9_2	210	82.3064831383191
114.285714285714	900	75.3725448559837	0	75.3725448559837	DBCA	9_2	140	81.8346865062024
114.285714285714	933.333333333333	81.39060036877	0	81.39060036877	DBCA	9_2	70	86.6289167749621
114.285714285714	966.666666666667	78.2718321849413	0	78.2718321849413	DBCA	9_2	280	75.1381508367162
0	1000	75.3875850906048	0	75.3875850906048	DBCA	1_3	NA	NA
14.2857142857143	1000	74.7208085226713	0	74.7208085226713	DBCA	2_3	NA	NA
28.5714285714286	1000	78.9155040294993	0	78.9155040294993	DBCA	3_3	NA	NA
42.8571428571429	1000	79.779125551682	0	79.779125551682	DBCA	4_3	NA	NA
57.1428571428571	1000	77.3077097007726	0	77.3077097007726	DBCA	5_3	NA	NA
71.4285714285714	1000	75.546306421808	0	75.546306421808	DBCA	6_3	NA	NA
85.7142857142857	1000	79.3330098762699	0	79.3330098762699	DBCA	7_3	NA	NA
100	1000	77.7441140393966	0	77.7441140393966	DBCA	8_3	NA	NA
114.285714285714	1000	77.7175709425315	0	77.7175709425315	DBCA	9_3	NA	NA
128.571428571429	1000	80.3942584264337	0	80.3942584264337	DBCA	10_3	NA	NA
142.857142857143	1000	77.2442305907167	0	77.2442305907167	DBCA	11_3	NA	NA
157.142857142857	1000	76.1312417872735	0	76.1312417872735	DBCA	12_3	NA	NA
171.428571428571	1000	70.1759719732935	0	70.1759719732935	DBCA	13_3	NA	NA
185.714285714286	1000	77.5216870776093	0	77.5216870776093	DBCA	14_3	NA	NA
200	1000	79.0625561861702	0	79.0625561861702	DBCA	15_3	NA	NA
214.285714285714	1000	79.6663272828243	0	79.6663272828243	DBCA	16_3	NA	NA
228.571428571429	1000	82.4876310852972	0	82.4876310852972	DBCA	17_3	NA	NA
242.857142857143	1000	79.2844759942306	0	79.2844759942306	DBCA	18_3	NA	NA
257.142857142857	1000	77.1010686370812	0	77.1010686370812	DBCA	19_3	NA	NA
271.428571428571	1000	75.049308684741	0	75.049308684741	DBCA	20_3	NA	NA
285.714285714286	1000	76.4627024746137	0	76.4627024746137	DBCA	21_3	NA	NA
300	1000	76.6678475493663	0	76.6678475493663	DBCA	22_3	NA	NA
314.285714285714	1000	78.3933043054411	0	78.3933043054411	DBCA	23_3	NA	NA
328.571428571429	1000	76.1806683644659	0	76.1806683644659	DBCA	24_3	NA	NA
342.857142857143	1000	77.0031786804124	0	77.0031786804124	DBCA	25_3	NA	NA
357.142857142857	1000	75.3034570557342	0	75.3034570557342	DBCA	26_3	NA	NA
371.428571428571	1000	76.492567976614	0	76.492567976614	DBCA	27_3	NA	NA
385.714285714286	1000	77.8471970115703	0	77.8471970115703	DBCA	28_3	NA	NA
400	1000	78.1197496262103	0	78.1197496262103	DBCA	29_3	NA	NA
414.285714285714	1000	76.2658082892006	0	76.2658082892006	DBCA	30_3	NA	NA
428.571428571429	1000	78.4047135858005	0	78.4047135858005	DBCA	31_3	NA	NA
442.857142857143	1000	76.8527603876965	0	76.8527603876965	DBCA	32_3	NA	NA
457.142857142857	1000	79.5290287818703	0	79.5290287818703	DBCA	33_3	NA	NA
471.428571428571	1000	79.7316340422206	0	79.7316340422206	DBCA	34_3	NA	NA
485.714285714286	1000	80.6666312463865	0	80.6666312463865	DBCA	35_3	NA	NA
500	1000	83.4044882917678	0	83.4044882917678	DBCA	36_3	NA	NA
514.285714285714	1000	80.5590481616288	24.6	105.159048161629	DBCA	37_3	NA	NA
528.571428571429	1000	80.1631479402442	24.6	104.763147940244	DBCA	38_3	NA	NA
542.857142857143	1000	82.2105802615255	24.6	106.810580261526	DBCA	39_3	NA	NA
557.142857142857	1000	85.2157834536885	24.6	109.815783453688	DBCA	40_3	NA	NA
571.428571428571	1000	82.5446708348474	24.6	107.144670834847	DBCA	41_3	NA	NA
585.714285714286	1000	79.8557460348275	24.6	104.455746034828	DBCA	42_3	NA	NA
600	1000	82.4658669180939	24.6	107.065866918094	DBCA	43_3	NA	NA
614.285714285714	1000	85.3581560688234	24.6	109.958156068823	DBCA	44_3	NA	NA
628.571428571429	1000	86.7287561283763	24.6	111.328756128376	DBCA	45_3	NA	NA
642.857142857143	1000	80.3824565018766	24.6	104.982456501877	DBCA	46_3	NA	NA
657.142857142857	1000	83.2463444715218	24.6	107.846344471522	DBCA	47_3	NA	NA
671.428571428571	1000	84.5797913535698	24.6	109.17979135357	DBCA	48_3	NA	NA
685.714285714286	1000	83.2508220242933	24.6	107.850822024293	DBCA	49_3	NA	NA
700	1000	84.672258330477	24.6	109.272258330477	DBCA	50_3	NA	NA
714.285714285714	1000	84.2042376829567	24.6	108.804237682957	DBCA	51_3	NA	NA
728.571428571429	1000	81.6415681139987	24.6	106.241568113999	DBCA	52_3	NA	NA
742.857142857143	1000	85.4650954347712	24.6	110.065095434771	DBCA	53_3	NA	NA
757.142857142857	1000	84.1074139811538	24.6	108.707413981154	DBCA	54_3	NA	NA
771.428571428571	1000	84.4204264503554	24.6	109.020426450355	DBCA	55_3	NA	NA
785.714285714286	1000	86.0626868505356	24.6	110.662686850536	DBCA	56_3	NA	NA
800	1000	86.2187761898503	24.6	110.81877618985	DBCA	57_3	NA	NA
814.285714285714	1000	85.4758559376166	24.6	110.075855937617	DBCA	58_3	NA	NA
828.571428571429	1000	84.6513589154542	24.6	109.251358915454	DBCA	59_3	NA	NA
842.857142857143	1000	81.2033986438025	24.6	105.803398643803	DBCA	60_3	NA	NA
857.142857142857	1000	85.6119336066936	24.6	110.211933606694	DBCA	61_3	NA	NA
871.428571428571	1000	86.38950444963	24.6	110.98950444963	DBCA	62_3	NA	NA
885.714285714286	1000	81.041685573132	24.6	105.641685573132	DBCA	63_3	NA	NA
900	1000	78.0979676471414	24.6	102.697967647141	DBCA	64_3	NA	NA
914.285714285714	1000	78.608993976206	24.6	103.208993976206	DBCA	65_3	NA	NA
928.571428571429	1000	79.997288317977	24.6	104.597288317977	DBCA	66_3	NA	NA
942.857142857143	1000	81.2815210073233	24.6	105.881521007323	DBCA	67_3	NA	NA
957.142857142857	1000	77.8473068957566	24.6	102.447306895757	DBCA	68_3	NA	NA
971.428571428571	1000	75.4183490120054	24.6	100.018349012005	DBCA	69_3	NA	NA
985.714285714286	1000	76.9611584144768	24.6	101.561158414477	DBCA	70_3	NA	NA
1000	1000	78.9675287725656	24.6	103.567528772566	DBCA	71_3	NA	NA
