x	y	variable1	Zona	ErrorConEfecto	Disenio	Bloque	AsigTrat	MiRto
0	666.666666666667	76.1602906162227	0	76.1602906162227	DBCA	1_1	70	81.4041518473492
0	700	76.7345623609957	0	76.7345623609957	DBCA	1_1	210	77.4266664592477
0	733.333333333333	80.9508356260735	0	80.9508356260735	DBCA	1_1	140	86.425398223284
0	766.666666666667	75.146938554788	0	75.146938554788	DBCA	1_1	280	66.0434242890391
0	800	78.7052342386229	0	78.7052342386229	DBCA	1_1	0	78.7052342386229
0	833.333333333333	78.0454676967659	0	78.0454676967659	DBCA	1_2	140	83.5200302939764
0	866.666666666667	70.9185695873875	0	70.9185695873875	DBCA	1_2	280	61.8150553216386
0	900	75.6190372438995	0	75.6190372438995	DBCA	1_2	0	75.6190372438995
0	933.333333333333	78.0428432305944	0	78.0428432305944	DBCA	1_2	70	83.2867044617209
0	966.666666666667	75.9944767897472	0	75.9944767897472	DBCA	1_2	210	76.6865808879992
128.571428571429	666.666666666667	83.6917534296224	0	83.6917534296224	DBCA	10_1	140	89.1663160268329
128.571428571429	700	81.5971078321201	0	81.5971078321201	DBCA	10_1	210	82.2892119303721
128.571428571429	733.333333333333	78.8115302463058	0	78.8115302463058	DBCA	10_1	280	69.708015980557
128.571428571429	766.666666666667	82.2802722841354	0	82.2802722841354	DBCA	10_1	0	82.2802722841354
128.571428571429	800	81.6144566626412	0	81.6144566626412	DBCA	10_1	70	86.8583178937677
128.571428571429	833.333333333333	79.5770332202877	0	79.5770332202877	DBCA	10_2	0	79.5770332202877
128.571428571429	866.666666666667	81.304022407431	0	81.304022407431	DBCA	10_2	70	86.5478836385575
128.571428571429	900	84.3118663033986	0	84.3118663033986	DBCA	10_2	210	85.0039704016507
128.571428571429	933.333333333333	83.0541924274357	0	83.0541924274357	DBCA	10_2	140	88.5287550246461
128.571428571429	966.666666666667	81.754808474071	0	81.754808474071	DBCA	10_2	280	72.6512942083221
142.857142857143	666.666666666667	84.9221449533623	0	84.9221449533623	DBCA	11_1	140	90.3967075505728
142.857142857143	700	82.460124401216	0	82.460124401216	DBCA	11_1	70	87.7039856323424
142.857142857143	733.333333333333	81.492822892181	0	81.492822892181	DBCA	11_1	280	72.3893086264322
142.857142857143	766.666666666667	79.2878536256235	0	79.2878536256235	DBCA	11_1	0	79.2878536256235
142.857142857143	800	80.6757534574014	0	80.6757534574014	DBCA	11_1	210	81.3678575556535
142.857142857143	833.333333333333	78.7027527448293	0	78.7027527448293	DBCA	11_2	70	83.9466139759558
142.857142857143	866.666666666667	80.1180376091644	0	80.1180376091644	DBCA	11_2	140	85.5926002063749
142.857142857143	900	84.5177337219812	0	84.5177337219812	DBCA	11_2	210	85.2098378202332
142.857142857143	933.333333333333	80.39965094811	0	80.39965094811	DBCA	11_2	0	80.39965094811
142.857142857143	966.666666666667	79.9172646626523	0	79.9172646626523	DBCA	11_2	280	70.8137503969034
157.142857142857	666.666666666667	81.6198839249811	0	81.6198839249811	DBCA	12_1	210	82.3119880232331
157.142857142857	700	83.2107580190567	0	83.2107580190567	DBCA	12_1	0	83.2107580190567
157.142857142857	733.333333333333	82.4826012577727	0	82.4826012577727	DBCA	12_1	280	73.3790869920238
157.142857142857	766.666666666667	82.8165068851155	0	82.8165068851155	DBCA	12_1	70	88.060368116242
157.142857142857	800	81.338632313652	0	81.338632313652	DBCA	12_1	140	86.8131949108625
157.142857142857	833.333333333333	77.45756568291	0	77.45756568291	DBCA	12_2	140	82.9321282801205
157.142857142857	866.666666666667	82.1388624112598	0	82.1388624112598	DBCA	12_2	280	73.0353481455109
157.142857142857	900	80.4283363393838	0	80.4283363393838	DBCA	12_2	210	81.1204404376359
157.142857142857	933.333333333333	80.3848207309244	0	80.3848207309244	DBCA	12_2	0	80.3848207309244
157.142857142857	966.666666666667	79.9042176282212	0	79.9042176282212	DBCA	12_2	70	85.1480788593477
171.428571428571	666.666666666667	82.2101358414122	0	82.2101358414122	DBCA	13_1	280	73.1066215756634
171.428571428571	700	85.7765650824689	0	85.7765650824689	DBCA	13_1	210	86.468669180721
171.428571428571	733.333333333333	81.9464965027975	0	81.9464965027975	DBCA	13_1	70	87.190357733924
171.428571428571	766.666666666667	79.0917165864447	0	79.0917165864447	DBCA	13_1	0	79.0917165864447
171.428571428571	800	78.0279513937372	0	78.0279513937372	DBCA	13_1	140	83.5025139909477
171.428571428571	833.333333333333	79.6451511024922	0	79.6451511024922	DBCA	13_2	280	70.5416368367433
171.428571428571	866.666666666667	80.6534612222708	0	80.6534612222708	DBCA	13_2	70	85.8973224533972
171.428571428571	900	83.5885473271263	0	83.5885473271263	DBCA	13_2	140	89.0631099243368
171.428571428571	933.333333333333	79.7288847024581	0	79.7288847024581	DBCA	13_2	0	79.7288847024581
171.428571428571	966.666666666667	82.0762265659925	0	82.0762265659925	DBCA	13_2	210	82.7683306642446
185.714285714286	666.666666666667	82.764658298506	0	82.764658298506	DBCA	14_1	70	88.0085195296324
185.714285714286	700	83.6290690417474	0	83.6290690417474	DBCA	14_1	280	74.5255547759985
185.714285714286	733.333333333333	84.2860590286818	0	84.2860590286818	DBCA	14_1	0	84.2860590286818
185.714285714286	766.666666666667	77.8371212841624	0	77.8371212841624	DBCA	14_1	140	83.3116838813729
185.714285714286	800	77.270320734983	0	77.270320734983	DBCA	14_1	210	77.962424833235
185.714285714286	833.333333333333	82.1331400488017	0	82.1331400488017	DBCA	14_2	280	73.0296257830528
185.714285714286	866.666666666667	81.3780000313447	0	81.3780000313447	DBCA	14_2	210	82.0701041295967
185.714285714286	900	86.4057475355558	0	86.4057475355558	DBCA	14_2	0	86.4057475355558
185.714285714286	933.333333333333	84.706533082167	0	84.706533082167	DBCA	14_2	70	89.9503943132935
185.714285714286	966.666666666667	78.6312296819237	0	78.6312296819237	DBCA	14_2	140	84.1057922791342
200	666.666666666667	81.3679389736087	0	81.3679389736087	DBCA	15_1	0	81.3679389736087
200	700	83.2441066834292	0	83.2441066834292	DBCA	15_1	210	83.9362107816812
200	733.333333333333	83.3391639298372	0	83.3391639298372	DBCA	15_1	140	88.8137265270477
200	766.666666666667	78.6313061710368	0	78.6313061710368	DBCA	15_1	280	69.5277919052879
200	800	72.3021240380159	0	72.3021240380159	DBCA	15_1	70	77.5459852691424
200	833.333333333333	82.0845070081308	0	82.0845070081308	DBCA	15_2	70	87.3283682392572
200	866.666666666667	80.637305464794	0	80.637305464794	DBCA	15_2	210	81.3294095630461
200	900	85.3948489492325	0	85.3948489492325	DBCA	15_2	140	90.8694115464429
200	933.333333333333	87.2062204662061	0	87.2062204662061	DBCA	15_2	280	78.1027062004572
200	966.666666666667	84.1909009590353	0	84.1909009590353	DBCA	15_2	0	84.1909009590353
214.285714285714	666.666666666667	79.6552140859178	0	79.6552140859178	DBCA	16_1	70	84.8990753170443
214.285714285714	700	81.2930934417696	0	81.2930934417696	DBCA	16_1	140	86.7676560389801
214.285714285714	733.333333333333	81.0781213857773	0	81.0781213857773	DBCA	16_1	0	81.0781213857773
214.285714285714	766.666666666667	78.9139557931099	0	78.9139557931099	DBCA	16_1	280	69.810441527361
214.285714285714	800	75.6320277842615	0	75.6320277842615	DBCA	16_1	210	76.3241318825136
214.285714285714	833.333333333333	81.9522896754108	0	81.9522896754108	DBCA	16_2	140	87.4268522726213
214.285714285714	866.666666666667	78.5860717204972	0	78.5860717204972	DBCA	16_2	70	83.8299329516236
214.285714285714	900	84.832382092748	0	84.832382092748	DBCA	16_2	210	85.5244861910001
214.285714285714	933.333333333333	84.3092546412181	0	84.3092546412181	DBCA	16_2	280	75.2057403754693
214.285714285714	966.666666666667	84.8391339570215	0	84.8391339570215	DBCA	16_2	0	84.8391339570215
228.571428571429	666.666666666667	78.9629757921718	0	78.9629757921718	DBCA	17_1	140	84.4375383893823
228.571428571429	700	84.0610550189109	0	84.0610550189109	DBCA	17_1	70	89.3049162500374
228.571428571429	733.333333333333	82.4098764882723	0	82.4098764882723	DBCA	17_1	210	83.1019805865244
228.571428571429	766.666666666667	80.6861459285318	0	80.6861459285318	DBCA	17_1	280	71.5826316627829
228.571428571429	800	78.5463166931144	0	78.5463166931144	DBCA	17_1	0	78.5463166931144
228.571428571429	833.333333333333	80.595457246899	0	80.595457246899	DBCA	17_2	280	71.4919429811501
228.571428571429	866.666666666667	81.1156940270399	0	81.1156940270399	DBCA	17_2	140	86.5902566242504
228.571428571429	900	82.3049794971127	0	82.3049794971127	DBCA	17_2	210	82.9970835953647
228.571428571429	933.333333333333	83.1037500371213	0	83.1037500371213	DBCA	17_2	70	88.3476112682478
228.571428571429	966.666666666667	85.2628006519158	0	85.2628006519158	DBCA	17_2	0	85.2628006519158
242.857142857143	666.666666666667	81.6006344204679	0	81.6006344204679	DBCA	18_1	70	86.8444956515944
242.857142857143	700	77.2495531064996	0	77.2495531064996	DBCA	18_1	280	68.1460388407508
242.857142857143	733.333333333333	77.1980634267831	0	77.1980634267831	DBCA	18_1	0	77.1980634267831
242.857142857143	766.666666666667	81.5613373568169	0	81.5613373568169	DBCA	18_1	210	82.253441455069
242.857142857143	800	83.2801592177589	0	83.2801592177589	DBCA	18_1	140	88.7547218149694
242.857142857143	833.333333333333	83.1650758592893	0	83.1650758592893	DBCA	18_2	280	74.0615615935405
242.857142857143	866.666666666667	80.1989054026959	0	80.1989054026959	DBCA	18_2	210	80.8910095009479
242.857142857143	900	76.7555139699158	0	76.7555139699158	DBCA	18_2	70	81.9993752010423
242.857142857143	933.333333333333	84.0839098518272	0	84.0839098518272	DBCA	18_2	140	89.5584724490377
242.857142857143	966.666666666667	81.5353803324258	0	81.5353803324258	DBCA	18_2	0	81.5353803324258
257.142857142857	666.666666666667	80.4237088641357	0	80.4237088641357	DBCA	19_1	0	80.4237088641357
257.142857142857	700	78.0313509817918	0	78.0313509817918	DBCA	19_1	70	83.2752122129182
257.142857142857	733.333333333333	79.220160377516	0	79.220160377516	DBCA	19_1	210	79.9122644757681
257.142857142857	766.666666666667	79.8459572065139	0	79.8459572065139	DBCA	19_1	280	70.7424429407651
257.142857142857	800	80.8426932359948	0	80.8426932359948	DBCA	19_1	140	86.3172558332053
257.142857142857	833.333333333333	79.7212219586804	0	79.7212219586804	DBCA	19_2	70	84.9650831898068
257.142857142857	866.666666666667	83.689099549574	0	83.689099549574	DBCA	19_2	140	89.1636621467845
257.142857142857	900	78.7196362522372	0	78.7196362522372	DBCA	19_2	0	78.7196362522372
257.142857142857	933.333333333333	84.461855894561	0	84.461855894561	DBCA	19_2	280	75.3583416288122
257.142857142857	966.666666666667	77.7619670089821	0	77.7619670089821	DBCA	19_2	210	78.4540711072341
14.2857142857143	666.666666666667	78.6260642731783	0	78.6260642731783	DBCA	2_1	210	79.3181683714303
14.2857142857143	700	78.3492824719095	0	78.3492824719095	DBCA	2_1	0	78.3492824719095
14.2857142857143	733.333333333333	81.3323277286286	0	81.3323277286286	DBCA	2_1	140	86.8068903258391
14.2857142857143	766.666666666667	79.3307537174577	0	79.3307537174577	DBCA	2_1	70	84.5746149485842
14.2857142857143	800	79.6955231278545	0	79.6955231278545	DBCA	2_1	280	70.5920088621057
14.2857142857143	833.333333333333	77.9407054088159	0	77.9407054088159	DBCA	2_2	140	83.4152680060264
14.2857142857143	866.666666666667	74.2322893915285	0	74.2322893915285	DBCA	2_2	0	74.2322893915285
14.2857142857143	900	75.2217764134976	0	75.2217764134976	DBCA	2_2	210	75.9138805117496
14.2857142857143	933.333333333333	80.7295739086566	0	80.7295739086566	DBCA	2_2	70	85.9734351397831
14.2857142857143	966.666666666667	79.5102538626865	0	79.5102538626865	DBCA	2_2	280	70.4067395969377
271.428571428571	666.666666666667	79.1357927265101	0	79.1357927265101	DBCA	20_1	280	70.0322784607613
271.428571428571	700	80.8844125900794	0	80.8844125900794	DBCA	20_1	0	80.8844125900794
271.428571428571	733.333333333333	82.7045413452898	0	82.7045413452898	DBCA	20_1	210	83.3966454435418
271.428571428571	766.666666666667	81.2452247531698	0	81.2452247531698	DBCA	20_1	140	86.7197873503803
271.428571428571	800	80.6958637433559	0	80.6958637433559	DBCA	20_1	70	85.9397249744823
271.428571428571	833.333333333333	77.7790264474494	0	77.7790264474494	DBCA	20_2	280	68.6755121817006
271.428571428571	866.666666666667	80.0243040277156	0	80.0243040277156	DBCA	20_2	70	85.268165258842
271.428571428571	900	80.3877613112428	0	80.3877613112428	DBCA	20_2	0	80.3877613112428
271.428571428571	933.333333333333	82.5220075546494	0	82.5220075546494	DBCA	20_2	210	83.2141116529014
271.428571428571	966.666666666667	79.0086098357163	0	79.0086098357163	DBCA	20_2	140	84.4831724329268
285.714285714286	666.666666666667	80.2641710269449	0	80.2641710269449	DBCA	21_1	280	71.1606567611961
285.714285714286	700	80.1438439331795	0	80.1438439331795	DBCA	21_1	70	85.3877051643059
285.714285714286	733.333333333333	80.3856747711607	0	80.3856747711607	DBCA	21_1	210	81.0777788694127
285.714285714286	766.666666666667	80.6165725165532	0	80.6165725165532	DBCA	21_1	0	80.6165725165532
285.714285714286	800	78.4961255146598	0	78.4961255146598	DBCA	21_1	140	83.9706881118703
285.714285714286	833.333333333333	76.6798532815024	0	76.6798532815024	DBCA	21_2	210	77.3719573797544
285.714285714286	866.666666666667	80.47456321077	0	80.47456321077	DBCA	21_2	140	85.9491258079805
285.714285714286	900	79.0453376311198	0	79.0453376311198	DBCA	21_2	70	84.2891988622462
285.714285714286	933.333333333333	81.2534232877161	0	81.2534232877161	DBCA	21_2	0	81.2534232877161
285.714285714286	966.666666666667	79.1891769140256	0	79.1891769140256	DBCA	21_2	280	70.0856626482767
300	666.666666666667	81.8953665643861	0	81.8953665643861	DBCA	22_1	0	81.8953665643861
300	700	79.2902458502886	0	79.2902458502886	DBCA	22_1	280	70.1867315845397
300	733.333333333333	79.1075647026914	0	79.1075647026914	DBCA	22_1	140	84.5821272999019
300	766.666666666667	79.1429678817065	0	79.1429678817065	DBCA	22_1	210	79.8350719799585
300	800	78.9553352554645	0	78.9553352554645	DBCA	22_1	70	84.199196486591
300	833.333333333333	80.6324181266929	0	80.6324181266929	DBCA	22_2	0	80.6324181266929
300	866.666666666667	78.8736650433863	0	78.8736650433863	DBCA	22_2	70	84.1175262745128
300	900	79.604774186504	0	79.604774186504	DBCA	22_2	280	70.5012599207551
300	933.333333333333	77.9979360509599	0	77.9979360509599	DBCA	22_2	210	78.6900401492119
300	966.666666666667	82.1424643208106	0	82.1424643208106	DBCA	22_2	140	87.6170269180211
314.285714285714	666.666666666667	81.0077557841088	0	81.0077557841088	DBCA	23_1	280	71.90424151836
314.285714285714	700	77.3689355191153	0	77.3689355191153	DBCA	23_1	0	77.3689355191153
314.285714285714	733.333333333333	80.551069194035	0	80.551069194035	DBCA	23_1	70	85.7949304251615
314.285714285714	766.666666666667	75.0594314453367	0	75.0594314453367	DBCA	23_1	210	75.7515355435887
314.285714285714	800	75.9699650171259	0	75.9699650171259	DBCA	23_1	140	81.4445276143364
314.285714285714	833.333333333333	78.7726269529149	0	78.7726269529149	DBCA	23_2	140	84.2471895501254
314.285714285714	866.666666666667	79.2471809126188	0	79.2471809126188	DBCA	23_2	210	79.9392850108709
314.285714285714	900	80.5409418916224	0	80.5409418916224	DBCA	23_2	70	85.7848031227489
314.285714285714	933.333333333333	79.6711601901462	0	79.6711601901462	DBCA	23_2	0	79.6711601901462
314.285714285714	966.666666666667	79.4435594120019	0	79.4435594120019	DBCA	23_2	280	70.340045146253
328.571428571429	666.666666666667	81.4836473896084	0	81.4836473896084	DBCA	24_1	140	86.9582099868189
328.571428571429	700	80.0156446825195	0	80.0156446825195	DBCA	24_1	210	80.7077487807715
328.571428571429	733.333333333333	79.4412589936305	0	79.4412589936305	DBCA	24_1	280	70.3377447278816
328.571428571429	766.666666666667	72.1720808136202	0	72.1720808136202	DBCA	24_1	0	72.1720808136202
328.571428571429	800	75.5362462373777	0	75.5362462373777	DBCA	24_1	70	80.7801074685041
328.571428571429	833.333333333333	79.7270565502861	0	79.7270565502861	DBCA	24_2	70	84.9709177814126
328.571428571429	866.666666666667	76.3490728757192	0	76.3490728757192	DBCA	24_2	140	81.8236354729297
328.571428571429	900	79.0170304181448	0	79.0170304181448	DBCA	24_2	280	69.913516152396
328.571428571429	933.333333333333	77.4250038321425	0	77.4250038321425	DBCA	24_2	0	77.4250038321425
328.571428571429	966.666666666667	81.5072707549105	0	81.5072707549105	DBCA	24_2	210	82.1993748531626
342.857142857143	666.666666666667	83.1911263464457	0	83.1911263464457	DBCA	25_1	0	83.1911263464457
342.857142857143	700	78.6717483243176	0	78.6717483243176	DBCA	25_1	210	79.3638524225696
342.857142857143	733.333333333333	77.2817949341804	0	77.2817949341804	DBCA	25_1	140	82.7563575313908
342.857142857143	766.666666666667	79.6414537003902	0	79.6414537003902	DBCA	25_1	280	70.5379394346414
342.857142857143	800	76.2964400334725	0	76.2964400334725	DBCA	25_1	70	81.540301264599
342.857142857143	833.333333333333	76.1135237374944	0	76.1135237374944	DBCA	25_2	210	76.8056278357464
342.857142857143	866.666666666667	78.2682060101452	0	78.2682060101452	DBCA	25_2	70	83.5120672412717
342.857142857143	900	78.0242734070572	0	78.0242734070572	DBCA	25_2	0	78.0242734070572
342.857142857143	933.333333333333	80.1326624786386	0	80.1326624786386	DBCA	25_2	280	71.0291482128897
342.857142857143	966.666666666667	80.9672627960205	0	80.9672627960205	DBCA	25_2	140	86.441825393231
357.142857142857	666.666666666667	79.74484717821	0	79.74484717821	DBCA	26_1	210	80.436951276462
357.142857142857	700	80.588804615603	0	80.588804615603	DBCA	26_1	280	71.4852903498541
357.142857142857	733.333333333333	78.3471700306243	0	78.3471700306243	DBCA	26_1	0	78.3471700306243
357.142857142857	766.666666666667	80.7717949200227	0	80.7717949200227	DBCA	26_1	70	86.0156561511492
357.142857142857	800	74.6468888158343	0	74.6468888158343	DBCA	26_1	140	80.1214514130448
357.142857142857	833.333333333333	74.5742085920322	0	74.5742085920322	DBCA	26_2	0	74.5742085920322
357.142857142857	866.666666666667	76.1151575271144	0	76.1151575271144	DBCA	26_2	210	76.8072616253665
357.142857142857	900	82.904487148752	0	82.904487148752	DBCA	26_2	70	88.1483483798785
357.142857142857	933.333333333333	79.892140990568	0	79.892140990568	DBCA	26_2	140	85.3667035877785
357.142857142857	966.666666666667	79.9251288679256	0	79.9251288679256	DBCA	26_2	280	70.8216146021767
371.428571428571	666.666666666667	80.3868158725378	0	80.3868158725378	DBCA	27_1	70	85.6306771036643
371.428571428571	700	78.5167253268173	0	78.5167253268173	DBCA	27_1	280	69.4132110610684
371.428571428571	733.333333333333	80.7047373988208	0	80.7047373988208	DBCA	27_1	140	86.1792999960313
371.428571428571	766.666666666667	79.1668413881966	0	79.1668413881966	DBCA	27_1	210	79.8589454864486
371.428571428571	800	75.0536787081323	0	75.0536787081323	DBCA	27_1	0	75.0536787081323
371.428571428571	833.333333333333	77.1565366243034	0	77.1565366243034	DBCA	27_2	280	68.0530223585545
371.428571428571	866.666666666667	76.7226497588833	0	76.7226497588833	DBCA	27_2	140	82.1972123560938
371.428571428571	900	82.8496183015477	0	82.8496183015477	DBCA	27_2	70	88.0934795326741
371.428571428571	933.333333333333	79.8463128461766	0	79.8463128461766	DBCA	27_2	210	80.5384169444287
371.428571428571	966.666666666667	78.1109274200173	0	78.1109274200173	DBCA	27_2	0	78.1109274200173
385.714285714286	666.666666666667	80.6487868183277	0	80.6487868183277	DBCA	28_1	280	71.5452725525788
385.714285714286	700	77.3536603694091	0	77.3536603694091	DBCA	28_1	210	78.0457644676611
385.714285714286	733.333333333333	77.1752145379911	0	77.1752145379911	DBCA	28_1	70	82.4190757691176
385.714285714286	766.666666666667	76.8604971559576	0	76.8604971559576	DBCA	28_1	0	76.8604971559576
385.714285714286	800	77.0416982008295	0	77.0416982008295	DBCA	28_1	140	82.51626079804
385.714285714286	833.333333333333	85.7466832376473	0	85.7466832376473	DBCA	28_2	0	85.7466832376473
385.714285714286	866.666666666667	81.4696845963983	0	81.4696845963983	DBCA	28_2	140	86.9442471936088
385.714285714286	900	83.1397597745342	0	83.1397597745342	DBCA	28_2	70	88.3836210056606
385.714285714286	933.333333333333	78.9512597420864	0	78.9512597420864	DBCA	28_2	280	69.8477454763376
385.714285714286	966.666666666667	78.433783381514	0	78.433783381514	DBCA	28_2	210	79.125887479766
400	666.666666666667	81.5036779567251	0	81.5036779567251	DBCA	29_1	210	82.1957820549771
400	700	79.5631019416034	0	79.5631019416034	DBCA	29_1	280	70.4595876758545
400	733.333333333333	78.0070724227886	0	78.0070724227886	DBCA	29_1	70	83.2509336539151
400	766.666666666667	78.7765000238239	0	78.7765000238239	DBCA	29_1	140	84.2510626210344
400	800	77.6306962753773	0	77.6306962753773	DBCA	29_1	0	77.6306962753773
400	833.333333333333	80.6690444784866	0	80.6690444784866	DBCA	29_2	0	80.6690444784866
400	866.666666666667	78.7022215885688	0	78.7022215885688	DBCA	29_2	280	69.59870732282
400	900	82.0518092513918	0	82.0518092513918	DBCA	29_2	70	87.2956704825183
400	933.333333333333	79.421814494098	0	79.421814494098	DBCA	29_2	140	84.8963770913085
400	966.666666666667	80.6820931016031	0	80.6820931016031	DBCA	29_2	210	81.3741971998551
28.5714285714286	666.666666666667	78.2328089930108	0	78.2328089930108	DBCA	3_1	70	83.4766702241373
28.5714285714286	700	77.4605843252854	0	77.4605843252854	DBCA	3_1	140	82.9351469224959
28.5714285714286	733.333333333333	75.8183148127907	0	75.8183148127907	DBCA	3_1	0	75.8183148127907
28.5714285714286	766.666666666667	78.6069447550155	0	78.6069447550155	DBCA	3_1	210	79.2990488532676
28.5714285714286	800	78.0011548621009	0	78.0011548621009	DBCA	3_1	280	68.897640596352
28.5714285714286	833.333333333333	74.1627399375573	0	74.1627399375573	DBCA	3_2	140	79.6373025347678
28.5714285714286	866.666666666667	74.6428787548428	0	74.6428787548428	DBCA	3_2	210	75.3349828530948
28.5714285714286	900	75.8446562939437	0	75.8446562939437	DBCA	3_2	280	66.7411420281948
28.5714285714286	933.333333333333	76.1138599548249	0	76.1138599548249	DBCA	3_2	70	81.3577211859514
28.5714285714286	966.666666666667	77.3132040345722	0	77.3132040345722	DBCA	3_2	0	77.3132040345722
414.285714285714	666.666666666667	83.443985258967	0	83.443985258967	DBCA	30_1	70	88.6878464900935
414.285714285714	700	77.2365839777576	0	77.2365839777576	DBCA	30_1	280	68.1330697120088
414.285714285714	733.333333333333	77.1828202876994	0	77.1828202876994	DBCA	30_1	0	77.1828202876994
414.285714285714	766.666666666667	76.0671932805203	0	76.0671932805203	DBCA	30_1	140	81.5417558777308
414.285714285714	800	77.5483501011746	0	77.5483501011746	DBCA	30_1	210	78.2404541994266
414.285714285714	833.333333333333	81.4707038638035	0	81.4707038638035	DBCA	30_2	0	81.4707038638035
414.285714285714	866.666666666667	80.5184639281312	0	80.5184639281312	DBCA	30_2	70	85.7623251592576
414.285714285714	900	83.5218086579476	0	83.5218086579476	DBCA	30_2	210	84.2139127561996
414.285714285714	933.333333333333	82.2629693406969	0	82.2629693406969	DBCA	30_2	280	73.1594550749481
414.285714285714	966.666666666667	83.3797995359342	0	83.3797995359342	DBCA	30_2	140	88.8543621331447
428.571428571429	666.666666666667	79.6065982893703	0	79.6065982893703	DBCA	31_1	210	80.2987023876224
428.571428571429	700	73.9234455825948	0	73.9234455825948	DBCA	31_1	70	79.1673068137212
428.571428571429	733.333333333333	78.2782045852932	0	78.2782045852932	DBCA	31_1	280	69.1746903195444
428.571428571429	766.666666666667	76.298907991222	0	76.298907991222	DBCA	31_1	0	76.298907991222
428.571428571429	800	79.2689518976396	0	79.2689518976396	DBCA	31_1	140	84.7435144948501
428.571428571429	833.333333333333	79.8355795094862	0	79.8355795094862	DBCA	31_2	0	79.8355795094862
428.571428571429	866.666666666667	81.1943142066315	0	81.1943142066315	DBCA	31_2	280	72.0907999408826
428.571428571429	900	82.4724654027755	0	82.4724654027755	DBCA	31_2	140	87.9470279999859
428.571428571429	933.333333333333	86.7009334269186	0	86.7009334269186	DBCA	31_2	70	91.9447946580451
428.571428571429	966.666666666667	84.0474972008832	0	84.0474972008832	DBCA	31_2	210	84.7396012991352
442.857142857143	666.666666666667	79.1881014687572	0	79.1881014687572	DBCA	32_1	210	79.8802055670093
442.857142857143	700	78.9263951168625	0	78.9263951168625	DBCA	32_1	280	69.8228808511137
442.857142857143	733.333333333333	79.2000645593632	0	79.2000645593632	DBCA	32_1	70	84.4439257904897
442.857142857143	766.666666666667	78.3091486366059	0	78.3091486366059	DBCA	32_1	0	78.3091486366059
442.857142857143	800	80.5532803282432	0	80.5532803282432	DBCA	32_1	140	86.0278429254537
442.857142857143	833.333333333333	80.2377789505556	0	80.2377789505556	DBCA	32_2	70	85.481640181682
442.857142857143	866.666666666667	80.7209619806652	0	80.7209619806652	DBCA	32_2	140	86.1955245778756
442.857142857143	900	87.8675677836496	0	87.8675677836496	DBCA	32_2	210	88.5596718819016
442.857142857143	933.333333333333	88.7084662311051	0	88.7084662311051	DBCA	32_2	0	88.7084662311051
442.857142857143	966.666666666667	81.8028566217175	0	81.8028566217175	DBCA	32_2	280	72.6993423559686
457.142857142857	666.666666666667	78.9631147282774	0	78.9631147282774	DBCA	33_1	0	78.9631147282774
457.142857142857	700	82.0855321588802	0	82.0855321588802	DBCA	33_1	140	87.5600947560907
457.142857142857	733.333333333333	83.2675084714664	0	83.2675084714664	DBCA	33_1	280	74.1639942057175
457.142857142857	766.666666666667	80.3526464983772	0	80.3526464983772	DBCA	33_1	70	85.5965077295037
457.142857142857	800	81.0284298003723	0	81.0284298003723	DBCA	33_1	210	81.7205338986243
457.142857142857	833.333333333333	79.6120837010986	0	79.6120837010986	DBCA	33_2	0	79.6120837010986
457.142857142857	866.666666666667	81.2836001775395	0	81.2836001775395	DBCA	33_2	280	72.1800859117907
457.142857142857	900	81.1669048247926	0	81.1669048247926	DBCA	33_2	210	81.8590089230446
457.142857142857	933.333333333333	88.6211528668824	0	88.6211528668824	DBCA	33_2	140	94.0957154640929
457.142857142857	966.666666666667	81.8761878261581	0	81.8761878261581	DBCA	33_2	70	87.1200490572845
471.428571428571	666.666666666667	82.2437977049937	0	82.2437977049937	DBCA	34_1	140	87.7183603022042
471.428571428571	700	80.865594005343	0	80.865594005343	DBCA	34_1	280	71.7620797395942
471.428571428571	733.333333333333	88.1296329467822	0	88.1296329467822	DBCA	34_1	0	88.1296329467822
471.428571428571	766.666666666667	80.9542050677186	0	80.9542050677186	DBCA	34_1	70	86.1980662988451
471.428571428571	800	77.8627291407961	0	77.8627291407961	DBCA	34_1	210	78.5548332390481
471.428571428571	833.333333333333	81.0783907585422	0	81.0783907585422	DBCA	34_2	70	86.3222519896687
471.428571428571	866.666666666667	78.3558421076967	0	78.3558421076967	DBCA	34_2	0	78.3558421076967
471.428571428571	900	80.1484014972638	0	80.1484014972638	DBCA	34_2	280	71.044887231515
471.428571428571	933.333333333333	83.9519836282503	0	83.9519836282503	DBCA	34_2	140	89.4265462254608
471.428571428571	966.666666666667	84.4493168123772	0	84.4493168123772	DBCA	34_2	210	85.1414209106292
485.714285714286	666.666666666667	83.2061928735802	0	83.2061928735802	DBCA	35_1	280	74.1026786078314
485.714285714286	700	81.6295393356801	0	81.6295393356801	DBCA	35_1	0	81.6295393356801
485.714285714286	733.333333333333	81.4879332595777	0	81.4879332595777	DBCA	35_1	210	82.1800373578297
485.714285714286	766.666666666667	82.7994662409348	0	82.7994662409348	DBCA	35_1	140	88.2740288381453
485.714285714286	800	79.6945476082477	0	79.6945476082477	DBCA	35_1	70	84.9384088393742
485.714285714286	833.333333333333	77.1286275691163	0	77.1286275691163	DBCA	35_2	70	82.3724888002428
485.714285714286	866.666666666667	78.8872132085291	0	78.8872132085291	DBCA	35_2	140	84.3617758057396
485.714285714286	900	79.3483111694651	0	79.3483111694651	DBCA	35_2	210	80.0404152677171
485.714285714286	933.333333333333	84.7257210597577	0	84.7257210597577	DBCA	35_2	0	84.7257210597577
485.714285714286	966.666666666667	84.2107633387044	0	84.2107633387044	DBCA	35_2	280	75.1072490729555
500	666.666666666667	83.070896460625	0	83.070896460625	DBCA	36_1	210	83.7630005588771
500	700	83.5863610994329	0	83.5863610994329	DBCA	36_1	70	88.8302223305594
500	733.333333333333	81.7903849243519	0	81.7903849243519	DBCA	36_1	280	72.6868706586031
500	766.666666666667	78.7540673580983	0	78.7540673580983	DBCA	36_1	140	84.2286299553087
500	800	78.0296476348581	0	78.0296476348581	DBCA	36_1	0	78.0296476348581
500	833.333333333333	77.0804407849298	0	77.0804407849298	DBCA	36_2	70	82.3243020160563
500	866.666666666667	78.0054763471894	0	78.0054763471894	DBCA	36_2	280	68.9019620814406
500	900	78.5791931810076	0	78.5791931810076	DBCA	36_2	140	84.0537557782181
500	933.333333333333	82.1230288109799	0	82.1230288109799	DBCA	36_2	0	82.1230288109799
500	966.666666666667	84.6530067832992	0	84.6530067832992	DBCA	36_2	210	85.3451108815512
514.285714285714	666.666666666667	79.9378012620298	24.6	104.53780126203	DBCA	37_1	70	115.636462493156
514.285714285714	700	84.1458127926838	24.6	108.745812792684	DBCA	37_1	210	127.002316890936
514.285714285714	733.333333333333	82.0693973853219	24.6	106.669397385322	DBCA	37_1	280	120.985083119573
514.285714285714	766.666666666667	80.1169669020583	24.6	104.716966902058	DBCA	37_1	0	104.716966902058
514.285714285714	800	75.5410175691445	24.6	100.141017569145	DBCA	37_1	140	117.325180166355
514.285714285714	833.333333333333	81.0707980822926	24.6	105.670798082293	DBCA	37_2	70	116.769459313419
514.285714285714	866.666666666667	76.1034144754221	24.6	100.703414475422	DBCA	37_2	140	117.887577072633
514.285714285714	900	77.4029328746829	24.6	102.002932874683	DBCA	37_2	0	102.002932874683
514.285714285714	933.333333333333	83.098077826572	24.6	107.698077826572	DBCA	37_2	280	122.013763560823
514.285714285714	966.666666666667	83.6678237743891	24.6	108.267823774389	DBCA	37_2	210	126.524327872641
528.571428571429	666.666666666667	79.4844248079095	24.6	104.084424807909	DBCA	38_1	140	121.26858740512
528.571428571429	700	81.2264843620812	24.6	105.826484362081	DBCA	38_1	280	120.142170096332
528.571428571429	733.333333333333	81.523796819544	24.6	106.123796819544	DBCA	38_1	0	106.123796819544
528.571428571429	766.666666666667	80.7869351970483	24.6	105.386935197048	DBCA	38_1	70	116.485596428175
528.571428571429	800	73.8308446279527	24.6	98.4308446279527	DBCA	38_1	210	116.687348726205
528.571428571429	833.333333333333	81.3195484885969	24.6	105.919548488597	DBCA	38_2	0	105.919548488597
528.571428571429	866.666666666667	77.2150440279655	24.6	101.815044027966	DBCA	38_2	280	116.130729762217
528.571428571429	900	77.2851563561596	24.6	101.88515635616	DBCA	38_2	70	112.983817587286
528.571428571429	933.333333333333	85.512104593425	24.6	110.112104593425	DBCA	38_2	140	127.296267190635
528.571428571429	966.666666666667	84.2639195910848	24.6	108.863919591085	DBCA	38_2	210	127.120423689337
542.857142857143	666.666666666667	77.4652406814452	24.6	102.065240681445	DBCA	39_1	140	119.249403278656
542.857142857143	700	80.1643315095592	24.6	104.764331509559	DBCA	39_1	70	115.862992740686
542.857142857143	733.333333333333	84.0641491943146	24.6	108.664149194315	DBCA	39_1	210	126.920653292567
542.857142857143	766.666666666667	78.1112016533772	24.6	102.711201653377	DBCA	39_1	0	102.711201653377
542.857142857143	800	76.923176441638	24.6	101.523176441638	DBCA	39_1	280	115.838862175889
542.857142857143	833.333333333333	82.2164018494961	24.6	106.816401849496	DBCA	39_2	70	117.915063080623
542.857142857143	866.666666666667	79.8183402648978	24.6	104.418340264898	DBCA	39_2	210	122.67484436315
542.857142857143	900	77.6365826673187	24.6	102.236582667319	DBCA	39_2	0	102.236582667319
542.857142857143	933.333333333333	85.2422374386929	24.6	109.842237438693	DBCA	39_2	280	124.157923172944
542.857142857143	966.666666666667	84.9878198596317	24.6	109.587819859632	DBCA	39_2	140	126.771982456842
42.8571428571429	666.666666666667	81.4158415816703	0	81.4158415816703	DBCA	4_1	0	81.4158415816703
42.8571428571429	700	82.2586914684736	0	82.2586914684736	DBCA	4_1	210	82.9507955667256
42.8571428571429	733.333333333333	80.0848578885379	0	80.0848578885379	DBCA	4_1	140	85.5594204857484
42.8571428571429	766.666666666667	80.3355992842676	0	80.3355992842676	DBCA	4_1	280	71.2320850185187
42.8571428571429	800	78.3631005493747	0	78.3631005493747	DBCA	4_1	70	83.6069617805011
42.8571428571429	833.333333333333	71.7111565216737	0	71.7111565216737	DBCA	4_2	210	72.4032606199258
42.8571428571429	866.666666666667	74.9372339739618	0	74.9372339739618	DBCA	4_2	70	80.1810952050882
42.8571428571429	900	77.0065088411158	0	77.0065088411158	DBCA	4_2	0	77.0065088411158
42.8571428571429	933.333333333333	84.1592915512527	0	84.1592915512527	DBCA	4_2	280	75.0557772855039
42.8571428571429	966.666666666667	78.5054068977643	0	78.5054068977643	DBCA	4_2	140	83.9799694949748
557.142857142857	666.666666666667	78.9776844127665	24.6	103.577684412766	DBCA	40_1	70	114.676345643893
557.142857142857	700	81.1180787748465	24.6	105.718078774847	DBCA	40_1	140	122.902241372057
557.142857142857	733.333333333333	79.2347316463189	24.6	103.834731646319	DBCA	40_1	210	122.091235744571
557.142857142857	766.666666666667	81.7079707914099	24.6	106.30797079141	DBCA	40_1	0	106.30797079141
557.142857142857	800	79.267077248073	24.6	103.867077248073	DBCA	40_1	280	118.182762982324
557.142857142857	833.333333333333	82.0190562568208	24.6	106.619056256821	DBCA	40_2	140	123.803218854031
557.142857142857	866.666666666667	80.1281305745394	24.6	104.728130574539	DBCA	40_2	70	115.826791805666
557.142857142857	900	79.4620861748963	24.6	104.062086174896	DBCA	40_2	0	104.062086174896
557.142857142857	933.333333333333	81.4762558035573	24.6	106.076255803557	DBCA	40_2	280	120.391941537808
557.142857142857	966.666666666667	83.3020527063875	24.6	107.902052706388	DBCA	40_2	210	126.15855680464
571.428571428571	666.666666666667	76.1539245283607	24.6	100.753924528361	DBCA	41_1	70	111.852585759487
571.428571428571	700	78.0437648880117	24.6	102.643764888012	DBCA	41_1	140	119.827927485222
571.428571428571	733.333333333333	79.0819938972716	24.6	103.681993897272	DBCA	41_1	210	121.938497995524
571.428571428571	766.666666666667	81.4751174896315	24.6	106.075117489632	DBCA	41_1	0	106.075117489632
571.428571428571	800	81.679153235085	24.6	106.279153235085	DBCA	41_1	280	120.594838969336
571.428571428571	833.333333333333	81.948167397242	24.6	106.548167397242	DBCA	41_2	140	123.732329994452
571.428571428571	866.666666666667	77.3793306278994	24.6	101.979330627899	DBCA	41_2	70	113.077991859026
571.428571428571	900	81.2734151856598	24.6	105.87341518566	DBCA	41_2	210	124.129919283912
571.428571428571	933.333333333333	78.8895895207218	24.6	103.489589520722	DBCA	41_2	0	103.489589520722
571.428571428571	966.666666666667	77.4087965841166	24.6	102.008796584117	DBCA	41_2	280	116.324482318368
585.714285714286	666.666666666667	74.4364144067066	24.6	99.0364144067066	DBCA	42_1	280	113.352100140958
585.714285714286	700	80.4697277210757	24.6	105.069727721076	DBCA	42_1	0	105.069727721076
585.714285714286	733.333333333333	81.8547245670641	24.6	106.454724567064	DBCA	42_1	210	124.711228665316
585.714285714286	766.666666666667	80.4911666032691	24.6	105.091166603269	DBCA	42_1	70	116.189827834396
585.714285714286	800	82.4631647074044	24.6	107.063164707404	DBCA	42_1	140	124.247327304615
585.714285714286	833.333333333333	80.6533683367436	24.6	105.253368336744	DBCA	42_2	280	119.569054070995
585.714285714286	866.666666666667	78.6515689464524	24.6	103.251568946452	DBCA	42_2	0	103.251568946452
585.714285714286	900	81.8243789522681	24.6	106.424378952268	DBCA	42_2	210	124.68088305052
585.714285714286	933.333333333333	80.9323133896256	24.6	105.532313389626	DBCA	42_2	70	116.630974620752
585.714285714286	966.666666666667	79.6156562775051	24.6	104.215656277505	DBCA	42_2	140	121.399818874716
600	666.666666666667	74.6992554417326	24.6	99.2992554417326	DBCA	43_1	70	110.397916672859
600	700	79.3699454890405	24.6	103.969945489041	DBCA	43_1	210	122.226449587293
600	733.333333333333	84.9862333033377	24.6	109.586233303338	DBCA	43_1	140	126.770395900548
600	766.666666666667	84.0653402088767	24.6	108.665340208877	DBCA	43_1	0	108.665340208877
600	800	85.7643158036975	24.6	110.364315803698	DBCA	43_1	280	124.680001537949
600	833.333333333333	82.5269871018614	24.6	107.126987101861	DBCA	43_2	0	107.126987101861
600	866.666666666667	80.0880042968457	24.6	104.688004296846	DBCA	43_2	210	122.944508395098
600	900	82.1774906528109	24.6	106.777490652811	DBCA	43_2	140	123.961653250021
600	933.333333333333	79.1671060543451	24.6	103.767106054345	DBCA	43_2	70	114.865767285472
600	966.666666666667	78.6334359242262	24.6	103.233435924226	DBCA	43_2	280	117.549121658477
614.285714285714	666.666666666667	79.8790666100977	24.6	104.479066610098	DBCA	44_1	0	104.479066610098
614.285714285714	700	79.0768158130607	24.6	103.676815813061	DBCA	44_1	210	121.933319911313
614.285714285714	733.333333333333	88.4063298711744	24.6	113.006329871174	DBCA	44_1	70	124.104991102301
614.285714285714	766.666666666667	87.6755077716006	24.6	112.275507771601	DBCA	44_1	140	129.459670368811
614.285714285714	800	84.4372322240821	24.6	109.037232224082	DBCA	44_1	280	123.352917958333
614.285714285714	833.333333333333	83.2940155268384	24.6	107.894015526838	DBCA	44_2	140	125.078178124049
614.285714285714	866.666666666667	81.4790621237652	24.6	106.079062123765	DBCA	44_2	0	106.079062123765
614.285714285714	900	80.3936242573143	24.6	104.993624257314	DBCA	44_2	280	119.309309991565
614.285714285714	933.333333333333	81.3805786021858	24.6	105.980578602186	DBCA	44_2	210	124.237082700438
614.285714285714	966.666666666667	79.1523714920214	24.6	103.752371492021	DBCA	44_2	70	114.851032723148
628.571428571429	666.666666666667	82.6789743337175	24.6	107.278974333717	DBCA	45_1	210	125.53547843197
628.571428571429	700	83.8363986329237	24.6	108.436398632924	DBCA	45_1	140	125.620561230134
628.571428571429	733.333333333333	81.7997588946448	24.6	106.399758894645	DBCA	45_1	0	106.399758894645
628.571428571429	766.666666666667	83.3375145761837	24.6	107.937514576184	DBCA	45_1	70	119.03617580731
628.571428571429	800	82.9456178656757	24.6	107.545617865676	DBCA	45_1	280	121.861303599927
628.571428571429	833.333333333333	80.1699081894094	24.6	104.769908189409	DBCA	45_2	280	119.08559392366
628.571428571429	866.666666666667	77.7513923397779	24.6	102.351392339778	DBCA	45_2	210	120.60789643803
628.571428571429	900	79.7641416423799	24.6	104.36414164238	DBCA	45_2	70	115.462802873506
628.571428571429	933.333333333333	81.8177598474278	24.6	106.417759847428	DBCA	45_2	0	106.417759847428
628.571428571429	966.666666666667	83.3313402876138	24.6	107.931340287614	DBCA	45_2	140	125.115502884824
642.857142857143	666.666666666667	85.8642282228189	24.6	110.464228222819	DBCA	46_1	280	124.77991395707
642.857142857143	700	86.5465777710751	24.6	111.146577771075	DBCA	46_1	140	128.330740368286
642.857142857143	733.333333333333	82.3536864059376	24.6	106.953686405938	DBCA	46_1	210	125.21019050419
642.857142857143	766.666666666667	83.2706490174719	24.6	107.870649017472	DBCA	46_1	70	118.969310248598
642.857142857143	800	83.5371324801029	24.6	108.137132480103	DBCA	46_1	0	108.137132480103
642.857142857143	833.333333333333	78.3019449039791	24.6	102.901944903979	DBCA	46_2	140	120.08610750119
642.857142857143	866.666666666667	81.0814198566774	24.6	105.681419856677	DBCA	46_2	70	116.780081087804
642.857142857143	900	81.1417292837447	24.6	105.741729283745	DBCA	46_2	280	120.057415017996
642.857142857143	933.333333333333	78.8462159219491	24.6	103.446215921949	DBCA	46_2	0	103.446215921949
642.857142857143	966.666666666667	82.8170774573954	24.6	107.417077457395	DBCA	46_2	210	125.673581555647
657.142857142857	666.666666666667	80.5700461250504	24.6	105.17004612505	DBCA	47_1	140	122.354208722261
657.142857142857	700	85.8901325913545	24.6	110.490132591355	DBCA	47_1	210	128.746636689607
657.142857142857	733.333333333333	84.4637652187395	24.6	109.06376521874	DBCA	47_1	0	109.06376521874
657.142857142857	766.666666666667	84.5810615988793	24.6	109.181061598879	DBCA	47_1	280	123.49674733313
657.142857142857	800	79.7108642734886	24.6	104.310864273489	DBCA	47_1	70	115.409525504615
657.142857142857	833.333333333333	77.41634056918	24.6	102.01634056918	DBCA	47_2	0	102.01634056918
657.142857142857	866.666666666667	77.269390457653	24.6	101.869390457653	DBCA	47_2	140	119.053553054863
657.142857142857	900	79.1594419411513	24.6	103.759441941151	DBCA	47_2	70	114.858103172278
657.142857142857	933.333333333333	77.5977507270524	24.6	102.197750727052	DBCA	47_2	210	120.454254825304
657.142857142857	966.666666666667	86.6734111256092	24.6	111.273411125609	DBCA	47_2	280	125.58909685986
671.428571428571	666.666666666667	82.0809360544504	24.6	106.68093605445	DBCA	48_1	0	106.68093605445
671.428571428571	700	82.4346600054021	24.6	107.034660005402	DBCA	48_1	140	124.218822602613
671.428571428571	733.333333333333	80.7903200644322	24.6	105.390320064432	DBCA	48_1	210	123.646824162684
671.428571428571	766.666666666667	82.0272302334554	24.6	106.627230233455	DBCA	48_1	70	117.725891464582
671.428571428571	800	77.8855137212635	24.6	102.485513721264	DBCA	48_1	280	116.801199455515
671.428571428571	833.333333333333	76.8817577129954	24.6	101.481757712995	DBCA	48_2	140	118.665920310206
671.428571428571	866.666666666667	76.9820945963435	24.6	101.582094596343	DBCA	48_2	70	112.68075582747
671.428571428571	900	81.7123957684437	24.6	106.312395768444	DBCA	48_2	0	106.312395768444
671.428571428571	933.333333333333	76.8076501408381	24.6	101.407650140838	DBCA	48_2	210	119.66415423909
671.428571428571	966.666666666667	82.9093630376998	24.6	107.5093630377	DBCA	48_2	280	121.825048771951
685.714285714286	666.666666666667	83.4134283799249	24.6	108.013428379925	DBCA	49_1	0	108.013428379925
685.714285714286	700	81.1095223910129	24.6	105.709522391013	DBCA	49_1	280	120.025208125264
685.714285714286	733.333333333333	75.9607147590095	24.6	100.56071475901	DBCA	49_1	210	118.817218857262
685.714285714286	766.666666666667	81.4262484412159	24.6	106.026248441216	DBCA	49_1	70	117.124909672342
685.714285714286	800	80.3999628232244	24.6	104.999962823224	DBCA	49_1	140	122.184125420435
685.714285714286	833.333333333333	77.0007302833998	24.6	101.6007302834	DBCA	49_2	140	118.78489288061
685.714285714286	866.666666666667	77.5086444555797	24.6	102.10864445558	DBCA	49_2	210	120.365148553832
685.714285714286	900	80.5398467885896	24.6	105.13984678859	DBCA	49_2	0	105.13984678859
685.714285714286	933.333333333333	79.7786198596128	24.6	104.378619859613	DBCA	49_2	280	118.694305593864
685.714285714286	966.666666666667	81.4346977331105	24.6	106.03469773311	DBCA	49_2	70	117.133358964237
57.1428571428571	666.666666666667	79.3789828680356	0	79.3789828680356	DBCA	5_1	70	84.622844099162
57.1428571428571	700	79.3474320010031	0	79.3474320010031	DBCA	5_1	140	84.8219945982136
57.1428571428571	733.333333333333	76.3795994527802	0	76.3795994527802	DBCA	5_1	210	77.0717035510322
57.1428571428571	766.666666666667	76.0421017592365	0	76.0421017592365	DBCA	5_1	0	76.0421017592365
57.1428571428571	800	74.8845372940135	0	74.8845372940135	DBCA	5_1	280	65.7810230282646
57.1428571428571	833.333333333333	73.6048145661307	0	73.6048145661307	DBCA	5_2	210	74.2969186643827
57.1428571428571	866.666666666667	79.5713325069942	0	79.5713325069942	DBCA	5_2	140	85.0458951042047
57.1428571428571	900	77.2281473087595	0	77.2281473087595	DBCA	5_2	0	77.2281473087595
57.1428571428571	933.333333333333	79.5392733191151	0	79.5392733191151	DBCA	5_2	280	70.4357590533663
57.1428571428571	966.666666666667	73.713061121526	0	73.713061121526	DBCA	5_2	70	78.9569223526524
700	666.666666666667	83.409157227141	24.6	108.009157227141	DBCA	50_1	0	108.009157227141
700	700	78.0309101094822	24.6	102.630910109482	DBCA	50_1	70	113.729571340609
700	733.333333333333	79.2747198584694	24.6	103.874719858469	DBCA	50_1	280	118.19040559272
700	766.666666666667	81.5241851828956	24.6	106.124185182896	DBCA	50_1	210	124.380689281148
700	800	78.8661478379857	24.6	103.466147837986	DBCA	50_1	140	120.650310435196
700	833.333333333333	80.907906139475	24.6	105.507906139475	DBCA	50_2	70	116.606567370601
700	866.666666666667	76.1099947966119	24.6	100.709994796612	DBCA	50_2	0	100.709994796612
700	900	81.5816668368667	24.6	106.181666836867	DBCA	50_2	140	123.365829434077
700	933.333333333333	78.6536160990362	24.6	103.253616099036	DBCA	50_2	210	121.510120197288
700	966.666666666667	81.5834379857758	24.6	106.183437985776	DBCA	50_2	280	120.499123720027
714.285714285714	666.666666666667	79.2878654419308	24.6	103.887865441931	DBCA	51_1	280	118.203551176182
714.285714285714	700	79.348079765153	24.6	103.948079765153	DBCA	51_1	0	103.948079765153
714.285714285714	733.333333333333	77.5502953001174	24.6	102.150295300117	DBCA	51_1	140	119.334457897328
714.285714285714	766.666666666667	76.4082631369348	24.6	101.008263136935	DBCA	51_1	70	112.106924368061
714.285714285714	800	77.2389128863857	24.6	101.838912886386	DBCA	51_1	210	120.095416984638
714.285714285714	833.333333333333	77.9039264817361	24.6	102.503926481736	DBCA	51_2	70	113.602587712863
714.285714285714	866.666666666667	75.7741851373758	24.6	100.374185137376	DBCA	51_2	0	100.374185137376
714.285714285714	900	78.8280117761265	24.6	103.428011776126	DBCA	51_2	210	121.684515874379
714.285714285714	933.333333333333	79.715026348013	24.6	104.315026348013	DBCA	51_2	140	121.499188945224
714.285714285714	966.666666666667	81.80158591163	24.6	106.40158591163	DBCA	51_2	280	120.717271645881
728.571428571429	666.666666666667	79.6242291239402	24.6	104.22422912394	DBCA	52_1	70	115.322890355067
728.571428571429	700	81.8986214937449	24.6	106.498621493745	DBCA	52_1	140	123.682784090955
728.571428571429	733.333333333333	76.8611952396738	24.6	101.461195239674	DBCA	52_1	210	119.717699337926
728.571428571429	766.666666666667	76.3428487507076	24.6	100.942848750708	DBCA	52_1	0	100.942848750708
728.571428571429	800	81.7580805515891	24.6	106.358080551589	DBCA	52_1	280	120.67376628584
728.571428571429	833.333333333333	76.5505154453869	24.6	101.150515445387	DBCA	52_2	280	115.466201179638
728.571428571429	866.666666666667	78.0685299110575	24.6	102.668529911057	DBCA	52_2	140	119.852692508268
728.571428571429	900	78.5871687175393	24.6	103.187168717539	DBCA	52_2	0	103.187168717539
728.571428571429	933.333333333333	79.8861491875502	24.6	104.48614918755	DBCA	52_2	210	122.742653285802
728.571428571429	966.666666666667	82.7151448967429	24.6	107.315144896743	DBCA	52_2	70	118.413806127869
742.857142857143	666.666666666667	84.837367655525	24.6	109.437367655525	DBCA	53_1	140	126.621530252735
742.857142857143	700	81.4264806624277	24.6	106.026480662428	DBCA	53_1	70	117.125141893554
742.857142857143	733.333333333333	82.2758565273084	24.6	106.875856527308	DBCA	53_1	210	125.13236062556
742.857142857143	766.666666666667	79.5223885891521	24.6	104.122388589152	DBCA	53_1	0	104.122388589152
742.857142857143	800	81.3722588447717	24.6	105.972258844772	DBCA	53_1	280	120.287944579023
742.857142857143	833.333333333333	77.0659121238239	24.6	101.665912123824	DBCA	53_2	70	112.76457335495
742.857142857143	866.666666666667	76.6390192683271	24.6	101.239019268327	DBCA	53_2	210	119.495523366579
742.857142857143	900	81.2229359297807	24.6	105.822935929781	DBCA	53_2	0	105.822935929781
742.857142857143	933.333333333333	81.2207671705063	24.6	105.820767170506	DBCA	53_2	140	123.004929767717
742.857142857143	966.666666666667	84.2539291868308	24.6	108.853929186831	DBCA	53_2	280	123.169614921082
757.142857142857	666.666666666667	80.2594132497616	24.6	104.859413249762	DBCA	54_1	280	119.175098984013
757.142857142857	700	79.6082885402235	24.6	104.208288540223	DBCA	54_1	70	115.30694977135
757.142857142857	733.333333333333	80.0785195834383	24.6	104.678519583438	DBCA	54_1	140	121.862682180649
757.142857142857	766.666666666667	80.2390673903111	24.6	104.839067390311	DBCA	54_1	210	123.095571488563
757.142857142857	800	80.9660708075519	24.6	105.566070807552	DBCA	54_1	0	105.566070807552
757.142857142857	833.333333333333	76.5441428436854	24.6	101.144142843685	DBCA	54_2	70	112.242804074812
757.142857142857	866.666666666667	79.2624562585256	24.6	103.862456258526	DBCA	54_2	210	122.118960356778
757.142857142857	900	82.7141672551951	24.6	107.314167255195	DBCA	54_2	0	107.314167255195
757.142857142857	933.333333333333	80.7158620267163	24.6	105.315862026716	DBCA	54_2	280	119.631547760967
757.142857142857	966.666666666667	83.7854953102932	24.6	108.385495310293	DBCA	54_2	140	125.569657907504
771.428571428571	666.666666666667	80.0499076310905	24.6	104.64990763109	DBCA	55_1	210	122.906411729342
771.428571428571	700	78.7157034798628	24.6	103.315703479863	DBCA	55_1	70	114.414364710989
771.428571428571	733.333333333333	80.5197435212009	24.6	105.119743521201	DBCA	55_1	140	122.303906118411
771.428571428571	766.666666666667	79.1823673905562	24.6	103.782367390556	DBCA	55_1	0	103.782367390556
771.428571428571	800	82.172106755652	24.6	106.772106755652	DBCA	55_1	280	121.087792489903
771.428571428571	833.333333333333	79.5295537362732	24.6	104.129553736273	DBCA	55_2	210	122.386057834525
771.428571428571	866.666666666667	83.2552863036439	24.6	107.855286303644	DBCA	55_2	140	125.039448900854
771.428571428571	900	79.7589649908561	24.6	104.358964990856	DBCA	55_2	70	115.457626221983
771.428571428571	933.333333333333	80.3933232524284	24.6	104.993323252428	DBCA	55_2	0	104.993323252428
771.428571428571	966.666666666667	79.3260075490007	24.6	103.926007549001	DBCA	55_2	280	118.241693283252
785.714285714286	666.666666666667	80.3186328781571	24.6	104.918632878157	DBCA	56_1	70	116.017294109284
785.714285714286	700	78.4000201576443	24.6	103.000020157644	DBCA	56_1	140	120.184182754855
785.714285714286	733.333333333333	77.8722249235789	24.6	102.472224923579	DBCA	56_1	280	116.78791065783
785.714285714286	766.666666666667	79.3822099286005	24.6	103.9822099286	DBCA	56_1	0	103.9822099286
785.714285714286	800	82.4383794900273	24.6	107.038379490027	DBCA	56_1	210	125.294883588279
785.714285714286	833.333333333333	80.666764872056	24.6	105.266764872056	DBCA	56_2	70	116.365426103183
785.714285714286	866.666666666667	83.3361275077503	24.6	107.93612750775	DBCA	56_2	210	126.192631606002
785.714285714286	900	81.4823389743248	24.6	106.082338974325	DBCA	56_2	280	120.398024708576
785.714285714286	933.333333333333	78.0069990228807	24.6	102.606999022881	DBCA	56_2	140	119.791161620091
785.714285714286	966.666666666667	82.9579570776789	24.6	107.557957077679	DBCA	56_2	0	107.557957077679
800	666.666666666667	81.0269466654181	24.6	105.626946665418	DBCA	57_1	280	119.942632399669
800	700	77.9685208910907	24.6	102.568520891091	DBCA	57_1	0	102.568520891091
800	733.333333333333	75.8718512699548	24.6	100.471851269955	DBCA	57_1	70	111.570512501081
800	766.666666666667	78.7592415437222	24.6	103.359241543722	DBCA	57_1	210	121.615745641974
800	800	80.5929361495142	24.6	105.192936149514	DBCA	57_1	140	122.377098746725
800	833.333333333333	78.9760505500451	24.6	103.576050550045	DBCA	57_2	210	121.832554648297
800	866.666666666667	83.2614856292971	24.6	107.861485629297	DBCA	57_2	0	107.861485629297
800	900	81.3373895332144	24.6	105.937389533214	DBCA	57_2	280	120.253075267466
800	933.333333333333	79.1080184114847	24.6	103.708018411485	DBCA	57_2	70	114.806679642611
800	966.666666666667	78.962029956395	24.6	103.562029956395	DBCA	57_2	140	120.746192553605
814.285714285714	666.666666666667	81.1998312786642	24.6	105.799831278664	DBCA	58_1	70	116.898492509791
814.285714285714	700	80.0210991279152	24.6	104.621099127915	DBCA	58_1	0	104.621099127915
814.285714285714	733.333333333333	74.9262155764878	24.6	99.5262155764878	DBCA	58_1	280	113.841901310739
814.285714285714	766.666666666667	75.8620563610412	24.6	100.462056361041	DBCA	58_1	210	118.718560459293
814.285714285714	800	79.9905246963843	24.6	104.590524696384	DBCA	58_1	140	121.774687293595
814.285714285714	833.333333333333	82.8750085495521	24.6	107.475008549552	DBCA	58_2	70	118.573669780679
814.285714285714	866.666666666667	82.0667866270949	24.6	106.666786627095	DBCA	58_2	280	120.982472361346
814.285714285714	900	81.3998495474293	24.6	105.999849547429	DBCA	58_2	210	124.256353645681
814.285714285714	933.333333333333	77.9455589661947	24.6	102.545558966195	DBCA	58_2	0	102.545558966195
814.285714285714	966.666666666667	81.3862865009417	24.6	105.986286500942	DBCA	58_2	140	123.170449098152
828.571428571429	666.666666666667	78.0053832043855	24.6	102.605383204386	DBCA	59_1	210	120.861887302638
828.571428571429	700	76.9414047632566	24.6	101.541404763257	DBCA	59_1	280	115.857090497508
828.571428571429	733.333333333333	75.9701805489528	24.6	100.570180548953	DBCA	59_1	0	100.570180548953
828.571428571429	766.666666666667	78.0221515573627	24.6	102.622151557363	DBCA	59_1	70	113.720812788489
828.571428571429	800	81.8235019572311	24.6	106.423501957231	DBCA	59_1	140	123.607664554442
828.571428571429	833.333333333333	83.2374098337693	24.6	107.837409833769	DBCA	59_2	210	126.093913932021
828.571428571429	866.666666666667	83.2822138398314	24.6	107.882213839831	DBCA	59_2	70	118.980875070958
828.571428571429	900	81.86439160999	24.6	106.46439160999	DBCA	59_2	0	106.46439160999
828.571428571429	933.333333333333	80.890908728705	24.6	105.490908728705	DBCA	59_2	140	122.675071325916
828.571428571429	966.666666666667	78.2170017859667	24.6	102.817001785967	DBCA	59_2	280	117.132687520218
71.4285714285714	666.666666666667	79.0130514865831	0	79.0130514865831	DBCA	6_1	140	84.4876140837936
71.4285714285714	700	81.2180852616266	0	81.2180852616266	DBCA	6_1	0	81.2180852616266
71.4285714285714	733.333333333333	78.5060093866134	0	78.5060093866134	DBCA	6_1	210	79.1981134848654
71.4285714285714	766.666666666667	73.5861792711665	0	73.5861792711665	DBCA	6_1	70	78.830040502293
71.4285714285714	800	75.7850500668125	0	75.7850500668125	DBCA	6_1	280	66.6815358010636
71.4285714285714	833.333333333333	75.9195973545963	0	75.9195973545963	DBCA	6_2	0	75.9195973545963
71.4285714285714	866.666666666667	79.912581239966	0	79.912581239966	DBCA	6_2	70	85.1564424710924
71.4285714285714	900	74.9968185867517	0	74.9968185867517	DBCA	6_2	140	80.4713811839622
71.4285714285714	933.333333333333	83.4682018230599	0	83.4682018230599	DBCA	6_2	280	74.364687557311
71.4285714285714	966.666666666667	77.2260669608279	0	77.2260669608279	DBCA	6_2	210	77.91817105908
842.857142857143	666.666666666667	78.5109968368307	24.6	103.110996836831	DBCA	60_1	140	120.295159434041
842.857142857143	700	74.9497239509186	24.6	99.5497239509186	DBCA	60_1	210	117.806228049171
842.857142857143	733.333333333333	76.2951869721136	24.6	100.895186972114	DBCA	60_1	0	100.895186972114
842.857142857143	766.666666666667	79.4225374331365	24.6	104.022537433137	DBCA	60_1	280	118.338223167388
842.857142857143	800	80.9714833298814	24.6	105.571483329881	DBCA	60_1	70	116.670144561008
842.857142857143	833.333333333333	80.7967932870864	24.6	105.396793287086	DBCA	60_2	140	122.580955884297
842.857142857143	866.666666666667	84.2455968534257	24.6	108.845596853426	DBCA	60_2	210	127.102100951678
842.857142857143	900	81.4495928980528	24.6	106.049592898053	DBCA	60_2	0	106.049592898053
842.857142857143	933.333333333333	78.5946106202373	24.6	103.194610620237	DBCA	60_2	280	117.510296354488
842.857142857143	966.666666666667	80.5671444531302	24.6	105.16714445313	DBCA	60_2	70	116.265805684257
857.142857142857	666.666666666667	78.8915030894268	24.6	103.491503089427	DBCA	61_1	0	103.491503089427
857.142857142857	700	77.9609011780292	24.6	102.560901178029	DBCA	61_1	280	116.87658691228
857.142857142857	733.333333333333	74.7152843443607	24.6	99.3152843443607	DBCA	61_1	70	110.413945575487
857.142857142857	766.666666666667	82.2821692856673	24.6	106.882169285667	DBCA	61_1	210	125.138673383919
857.142857142857	800	78.6016079149674	24.6	103.201607914967	DBCA	61_1	140	120.385770512178
857.142857142857	833.333333333333	83.0762470210006	24.6	107.676247021001	DBCA	61_2	140	124.860409618211
857.142857142857	866.666666666667	80.9448679716677	24.6	105.544867971668	DBCA	61_2	210	123.80137206992
857.142857142857	900	79.0518908647716	24.6	103.651890864772	DBCA	61_2	70	114.750552095898
857.142857142857	933.333333333333	83.0590388659503	24.6	107.65903886595	DBCA	61_2	0	107.65903886595
857.142857142857	966.666666666667	79.1634733441572	24.6	103.763473344157	DBCA	61_2	280	118.079159078408
871.428571428571	666.666666666667	81.525180269247	24.6	106.125180269247	DBCA	62_1	0	106.125180269247
871.428571428571	700	79.3257031580394	24.6	103.925703158039	DBCA	62_1	280	118.241388892291
871.428571428571	733.333333333333	77.5029787128659	24.6	102.102978712866	DBCA	62_1	210	120.359482811118
871.428571428571	766.666666666667	81.2386326663161	24.6	105.838632666316	DBCA	62_1	140	123.022795263527
871.428571428571	800	82.2583820801223	24.6	106.858382080122	DBCA	62_1	70	117.957043311249
871.428571428571	833.333333333333	79.1283680793132	24.6	103.728368079313	DBCA	62_2	140	120.912530676524
871.428571428571	866.666666666667	80.9368937426557	24.6	105.536893742656	DBCA	62_2	210	123.793397840908
871.428571428571	900	79.7818405743506	24.6	104.381840574351	DBCA	62_2	280	118.697526308602
871.428571428571	933.333333333333	81.68265292324	24.6	106.28265292324	DBCA	62_2	0	106.28265292324
871.428571428571	966.666666666667	80.5032482472319	24.6	105.103248247232	DBCA	62_2	70	116.201909478358
885.714285714286	666.666666666667	84.7099132708317	24.6	109.309913270832	DBCA	63_1	0	109.309913270832
885.714285714286	700	84.0789460854748	24.6	108.678946085475	DBCA	63_1	70	119.777607316601
885.714285714286	733.333333333333	77.380397395187	24.6	101.980397395187	DBCA	63_1	140	119.164559992397
885.714285714286	766.666666666667	78.5057787423843	24.6	103.105778742384	DBCA	63_1	210	121.362282840636
885.714285714286	800	78.513844811369	24.6	103.113844811369	DBCA	63_1	280	117.42953054562
885.714285714286	833.333333333333	79.078440730454	24.6	103.678440730454	DBCA	63_2	140	120.862603327664
885.714285714286	866.666666666667	76.2974617402161	24.6	100.897461740216	DBCA	63_2	70	111.996122971343
885.714285714286	900	77.922657730742	24.6	102.522657730742	DBCA	63_2	0	102.522657730742
885.714285714286	933.333333333333	78.0202558635978	24.6	102.620255863598	DBCA	63_2	280	116.935941597849
885.714285714286	966.666666666667	82.3144136774823	24.6	106.914413677482	DBCA	63_2	210	125.170917775734
900	666.666666666667	83.8625203230794	24.6	108.462520323079	DBCA	64_1	210	126.719024421331
900	700	80.7804710714541	24.6	105.380471071454	DBCA	64_1	280	119.696156805705
900	733.333333333333	80.7367751965149	24.6	105.336775196515	DBCA	64_1	70	116.435436427641
900	766.666666666667	74.8356172618728	24.6	99.4356172618728	DBCA	64_1	0	99.4356172618728
900	800	73.2776080312552	24.6	97.8776080312552	DBCA	64_1	140	115.061770628466
900	833.333333333333	75.663377880334	24.6	100.263377880334	DBCA	64_2	280	114.579063614585
900	866.666666666667	78.933065110091	24.6	103.533065110091	DBCA	64_2	70	114.631726341217
900	900	78.5083598594251	24.6	103.108359859425	DBCA	64_2	0	103.108359859425
900	933.333333333333	77.7695976421257	24.6	102.369597642126	DBCA	64_2	210	120.626101740378
900	966.666666666667	78.946742568336	24.6	103.546742568336	DBCA	64_2	140	120.730905165547
914.285714285714	666.666666666667	83.3813858850626	24.6	107.981385885063	DBCA	65_1	280	122.297071619314
914.285714285714	700	84.8683403470343	24.6	109.468340347034	DBCA	65_1	0	109.468340347034
914.285714285714	733.333333333333	80.1899482439008	24.6	104.789948243901	DBCA	65_1	210	123.046452342153
914.285714285714	766.666666666667	76.7520038800154	24.6	101.352003880015	DBCA	65_1	70	112.450665111142
914.285714285714	800	77.4629566818473	24.6	102.062956681847	DBCA	65_1	140	119.247119279058
914.285714285714	833.333333333333	77.8357389385359	24.6	102.435738938536	DBCA	65_2	140	119.619901535746
914.285714285714	866.666666666667	79.1932946714221	24.6	103.793294671422	DBCA	65_2	210	122.049798769674
914.285714285714	900	77.5417640964179	24.6	102.141764096418	DBCA	65_2	0	102.141764096418
914.285714285714	933.333333333333	79.7575060770219	24.6	104.357506077022	DBCA	65_2	280	118.673191811273
914.285714285714	966.666666666667	80.2676829913617	24.6	104.867682991362	DBCA	65_2	70	115.966344222488
928.571428571429	666.666666666667	84.5636418724884	24.6	109.163641872488	DBCA	66_1	280	123.479327606739
928.571428571429	700	80.8690252124494	24.6	105.469025212449	DBCA	66_1	0	105.469025212449
928.571428571429	733.333333333333	80.5574875832266	24.6	105.157487583227	DBCA	66_1	70	116.256148814353
928.571428571429	766.666666666667	75.3233163607859	24.6	99.9233163607859	DBCA	66_1	210	118.179820459038
928.571428571429	800	78.4651619399922	24.6	103.065161939992	DBCA	66_1	140	120.249324537203
928.571428571429	833.333333333333	79.2472134782651	24.6	103.847213478265	DBCA	66_2	280	118.162899212516
928.571428571429	866.666666666667	78.3702748416183	24.6	102.970274841618	DBCA	66_2	140	120.154437438829
928.571428571429	900	77.4609887912827	24.6	102.060988791283	DBCA	66_2	0	102.060988791283
928.571428571429	933.333333333333	81.9759557907553	24.6	106.575955790755	DBCA	66_2	70	117.674617021882
928.571428571429	966.666666666667	79.4499610750574	24.6	104.049961075057	DBCA	66_2	210	122.306465173309
942.857142857143	666.666666666667	83.6835273985217	24.6	108.283527398522	DBCA	67_1	140	125.467689995732
942.857142857143	700	81.8187336935064	24.6	106.418733693506	DBCA	67_1	210	124.675237791758
942.857142857143	733.333333333333	77.9087616995657	24.6	102.508761699566	DBCA	67_1	70	113.607422930692
942.857142857143	766.666666666667	75.7471647259095	24.6	100.34716472591	DBCA	67_1	0	100.34716472591
942.857142857143	800	76.4141393362732	24.6	101.014139336273	DBCA	67_1	280	115.329825070524
942.857142857143	833.333333333333	78.4516559022239	24.6	103.051655902224	DBCA	67_2	140	120.235818499434
942.857142857143	866.666666666667	78.8890751058969	24.6	103.489075105897	DBCA	67_2	210	121.745579204149
942.857142857143	900	76.319097387639	24.6	100.919097387639	DBCA	67_2	0	100.919097387639
942.857142857143	933.333333333333	83.519610750362	24.6	108.119610750362	DBCA	67_2	280	122.435296484613
942.857142857143	966.666666666667	82.1438418202403	24.6	106.74384182024	DBCA	67_2	70	117.842503051367
957.142857142857	666.666666666667	78.3758287531783	24.6	102.975828753178	DBCA	68_1	140	120.159991350389
957.142857142857	700	79.052533270977	24.6	103.652533270977	DBCA	68_1	210	121.909037369229
957.142857142857	733.333333333333	77.0465643352287	24.6	101.646564335229	DBCA	68_1	70	112.745225566355
957.142857142857	766.666666666667	78.3184347763265	24.6	102.918434776326	DBCA	68_1	0	102.918434776326
957.142857142857	800	78.9507683817252	24.6	103.550768381725	DBCA	68_1	280	117.866454115976
957.142857142857	833.333333333333	83.7487388882796	24.6	108.34873888828	DBCA	68_2	0	108.34873888828
957.142857142857	866.666666666667	79.2283327986916	24.6	103.828332798692	DBCA	68_2	140	121.012495395902
957.142857142857	900	77.4842293406798	24.6	102.08422934068	DBCA	68_2	70	113.182890571806
957.142857142857	933.333333333333	79.0543870975964	24.6	103.654387097596	DBCA	68_2	210	121.910891195848
957.142857142857	966.666666666667	83.8324461307592	24.6	108.432446130759	DBCA	68_2	280	122.74813186501
971.428571428571	666.666666666667	79.5664142745411	24.6	104.166414274541	DBCA	69_1	280	118.482100008792
971.428571428571	700	80.9832332460794	24.6	105.583233246079	DBCA	69_1	140	122.76739584329
971.428571428571	733.333333333333	78.0349303703302	24.6	102.63493037033	DBCA	69_1	70	113.733591601457
971.428571428571	766.666666666667	78.198801393125	24.6	102.798801393125	DBCA	69_1	0	102.798801393125
971.428571428571	800	80.7855993250969	24.6	105.385599325097	DBCA	69_1	210	123.642103423349
971.428571428571	833.333333333333	83.5828326767434	24.6	108.182832676743	DBCA	69_2	210	126.439336774995
971.428571428571	866.666666666667	76.4757065197971	24.6	101.075706519797	DBCA	69_2	70	112.174367750924
971.428571428571	900	79.2920913160174	24.6	103.892091316017	DBCA	69_2	0	103.892091316017
971.428571428571	933.333333333333	81.0493910951485	24.6	105.649391095149	DBCA	69_2	280	119.9650768294
971.428571428571	966.666666666667	80.9911680280461	24.6	105.591168028046	DBCA	69_2	140	122.775330625257
85.7142857142857	666.666666666667	79.5066639877862	0	79.5066639877862	DBCA	7_1	140	84.9812265849967
85.7142857142857	700	83.8151886077936	0	83.8151886077936	DBCA	7_1	70	89.0590498389201
85.7142857142857	733.333333333333	78.3116886260301	0	78.3116886260301	DBCA	7_1	280	69.2081743602812
85.7142857142857	766.666666666667	78.5166788068767	0	78.5166788068767	DBCA	7_1	0	78.5166788068767
85.7142857142857	800	79.5196104208652	0	79.5196104208652	DBCA	7_1	210	80.2117145191173
85.7142857142857	833.333333333333	78.5383790786761	0	78.5383790786761	DBCA	7_2	280	69.4348648129272
85.7142857142857	866.666666666667	79.8842713366378	0	79.8842713366378	DBCA	7_2	210	80.5763754348898
85.7142857142857	900	75.6357731461956	0	75.6357731461956	DBCA	7_2	70	80.8796343773221
85.7142857142857	933.333333333333	80.60638552703	0	80.60638552703	DBCA	7_2	0	80.60638552703
85.7142857142857	966.666666666667	77.2537721070005	0	77.2537721070005	DBCA	7_2	140	82.728334704211
985.714285714286	666.666666666667	80.886518563937	24.6	105.486518563937	DBCA	70_1	0	105.486518563937
985.714285714286	700	83.9971771608282	24.6	108.597177160828	DBCA	70_1	140	125.781339758039
985.714285714286	733.333333333333	78.3608736522357	24.6	102.960873652236	DBCA	70_1	70	114.059534883362
985.714285714286	766.666666666667	78.5830927296778	24.6	103.183092729678	DBCA	70_1	280	117.498778463929
985.714285714286	800	79.347573368487	24.6	103.947573368487	DBCA	70_1	210	122.204077466739
985.714285714286	833.333333333333	80.8356807865051	24.6	105.435680786505	DBCA	70_2	210	123.692184884757
985.714285714286	866.666666666667	79.3629794599819	24.6	103.962979459982	DBCA	70_2	140	121.147142057192
985.714285714286	900	76.3013583480755	24.6	100.901358348076	DBCA	70_2	280	115.217044082327
985.714285714286	933.333333333333	75.9792216108576	24.6	100.579221610858	DBCA	70_2	70	111.677882841984
985.714285714286	966.666666666667	84.1322829201061	24.6	108.732282920106	DBCA	70_2	0	108.732282920106
1000	666.666666666667	77.6773399178429	24.6	102.277339917843	DBCA	71_1	140	119.461502515053
1000	700	82.0035055877465	24.6	106.603505587746	DBCA	71_1	210	124.860009685999
1000	733.333333333333	76.8918901980313	24.6	101.491890198031	DBCA	71_1	280	115.807575932282
1000	766.666666666667	76.5824220158488	24.6	101.182422015849	DBCA	71_1	0	101.182422015849
1000	800	78.4434162219463	24.6	103.043416221946	DBCA	71_1	70	114.142077453073
1000	833.333333333333	74.1231366403429	24.6	98.7231366403429	DBCA	71_2	140	115.907299237553
1000	866.666666666667	72.1279458266489	24.6	96.7279458266489	DBCA	71_2	280	111.0436315609
1000	900	77.9439344187689	24.6	102.543934418769	DBCA	71_2	70	113.642595649895
1000	933.333333333333	75.1564415041673	24.6	99.7564415041673	DBCA	71_2	0	99.7564415041673
1000	966.666666666667	84.5716763509135	24.6	109.171676350914	DBCA	71_2	210	127.428180449166
100	666.666666666667	85.6268173057902	0	85.6268173057902	DBCA	8_1	280	76.5233030400414
100	700	83.2867067467861	0	83.2867067467861	DBCA	8_1	210	83.9788108450382
100	733.333333333333	76.957729010832	0	76.957729010832	DBCA	8_1	140	82.4322916080424
100	766.666666666667	82.0150608384512	0	82.0150608384512	DBCA	8_1	70	87.2589220695777
100	800	81.0424537189337	0	81.0424537189337	DBCA	8_1	0	81.0424537189337
100	833.333333333333	79.6880885081235	0	79.6880885081235	DBCA	8_2	70	84.93194973925
100	866.666666666667	80.0987905282897	0	80.0987905282897	DBCA	8_2	280	70.9952762625408
100	900	80.6990732522251	0	80.6990732522251	DBCA	8_2	210	81.3911773504771
100	933.333333333333	78.0982277304157	0	78.0982277304157	DBCA	8_2	0	78.0982277304157
100	966.666666666667	78.9257851540045	0	78.9257851540045	DBCA	8_2	140	84.400347751215
114.285714285714	666.666666666667	82.3827459264515	0	82.3827459264515	DBCA	9_1	210	83.0748500247036
114.285714285714	700	82.5227050846208	0	82.5227050846208	DBCA	9_1	140	87.9972676818313
114.285714285714	733.333333333333	79.4223037365544	0	79.4223037365544	DBCA	9_1	0	79.4223037365544
114.285714285714	766.666666666667	84.3671935593543	0	84.3671935593543	DBCA	9_1	280	75.2636792936054
114.285714285714	800	79.417396812696	0	79.417396812696	DBCA	9_1	70	84.6612580438225
114.285714285714	833.333333333333	83.8917889524012	0	83.8917889524012	DBCA	9_2	0	83.8917889524012
114.285714285714	866.666666666667	83.9979885245196	0	83.9979885245196	DBCA	9_2	210	84.6900926227716
114.285714285714	900	84.4115778774741	0	84.4115778774741	DBCA	9_2	140	89.8861404746846
114.285714285714	933.333333333333	79.493471497179	0	79.493471497179	DBCA	9_2	70	84.7373327283055
114.285714285714	966.666666666667	76.5790127272618	0	76.5790127272618	DBCA	9_2	280	67.475498461513
0	1000	77.063010883716	0	77.063010883716	DBCA	1_3	NA	NA
14.2857142857143	1000	80.4364661548375	0	80.4364661548375	DBCA	2_3	NA	NA
28.5714285714286	1000	80.4271121407421	0	80.4271121407421	DBCA	3_3	NA	NA
42.8571428571429	1000	79.4117187631344	0	79.4117187631344	DBCA	4_3	NA	NA
57.1428571428571	1000	80.0375682699212	0	80.0375682699212	DBCA	5_3	NA	NA
71.4285714285714	1000	75.9621965017905	0	75.9621965017905	DBCA	6_3	NA	NA
85.7142857142857	1000	78.342855838099	0	78.342855838099	DBCA	7_3	NA	NA
100	1000	79.0831028207101	0	79.0831028207101	DBCA	8_3	NA	NA
114.285714285714	1000	77.4298880138152	0	77.4298880138152	DBCA	9_3	NA	NA
128.571428571429	1000	79.5328362225259	0	79.5328362225259	DBCA	10_3	NA	NA
142.857142857143	1000	81.7453369703833	0	81.7453369703833	DBCA	11_3	NA	NA
157.142857142857	1000	82.9476665756017	0	82.9476665756017	DBCA	12_3	NA	NA
171.428571428571	1000	82.418610336578	0	82.418610336578	DBCA	13_3	NA	NA
185.714285714286	1000	82.3926219630665	0	82.3926219630665	DBCA	14_3	NA	NA
200	1000	80.6251987236412	0	80.6251987236412	DBCA	15_3	NA	NA
214.285714285714	1000	80.0342851259002	0	80.0342851259002	DBCA	16_3	NA	NA
228.571428571429	1000	79.0002622845921	0	79.0002622845921	DBCA	17_3	NA	NA
242.857142857143	1000	77.3362031553497	0	77.3362031553497	DBCA	18_3	NA	NA
257.142857142857	1000	76.4771820837422	0	76.4771820837422	DBCA	19_3	NA	NA
271.428571428571	1000	76.3408401741314	0	76.3408401741314	DBCA	20_3	NA	NA
285.714285714286	1000	78.1755075068751	0	78.1755075068751	DBCA	21_3	NA	NA
300	1000	80.5760098868155	0	80.5760098868155	DBCA	22_3	NA	NA
314.285714285714	1000	78.7672311567269	0	78.7672311567269	DBCA	23_3	NA	NA
328.571428571429	1000	80.622041995023	0	80.622041995023	DBCA	24_3	NA	NA
342.857142857143	1000	81.8274431121991	0	81.8274431121991	DBCA	25_3	NA	NA
357.142857142857	1000	82.7378697921545	0	82.7378697921545	DBCA	26_3	NA	NA
371.428571428571	1000	82.9435420446419	0	82.9435420446419	DBCA	27_3	NA	NA
385.714285714286	1000	84.0317694826608	0	84.0317694826608	DBCA	28_3	NA	NA
400	1000	82.6226975788757	0	82.6226975788757	DBCA	29_3	NA	NA
414.285714285714	1000	83.1028957493709	0	83.1028957493709	DBCA	30_3	NA	NA
428.571428571429	1000	82.4582001260744	0	82.4582001260744	DBCA	31_3	NA	NA
442.857142857143	1000	81.8696991096141	0	81.8696991096141	DBCA	32_3	NA	NA
457.142857142857	1000	79.2548462283644	0	79.2548462283644	DBCA	33_3	NA	NA
471.428571428571	1000	82.0717160331639	0	82.0717160331639	DBCA	34_3	NA	NA
485.714285714286	1000	85.948739171927	0	85.948739171927	DBCA	35_3	NA	NA
500	1000	83.6723195571351	0	83.6723195571351	DBCA	36_3	NA	NA
514.285714285714	1000	80.8410938825917	24.6	105.441093882592	DBCA	37_3	NA	NA
528.571428571429	1000	81.0021732298817	24.6	105.602173229882	DBCA	38_3	NA	NA
542.857142857143	1000	82.548811419675	24.6	107.148811419675	DBCA	39_3	NA	NA
557.142857142857	1000	80.1412613982781	24.6	104.741261398278	DBCA	40_3	NA	NA
571.428571428571	1000	78.2073612186841	24.6	102.807361218684	DBCA	41_3	NA	NA
585.714285714286	1000	78.553543947736	24.6	103.153543947736	DBCA	42_3	NA	NA
600	1000	80.4919335247208	24.6	105.091933524721	DBCA	43_3	NA	NA
614.285714285714	1000	79.9989667795993	24.6	104.598966779599	DBCA	44_3	NA	NA
628.571428571429	1000	83.2617190006613	24.6	107.861719000661	DBCA	45_3	NA	NA
642.857142857143	1000	81.5795830864428	24.6	106.179583086443	DBCA	46_3	NA	NA
657.142857142857	1000	83.18778477113	24.6	107.78778477113	DBCA	47_3	NA	NA
671.428571428571	1000	81.3637039540176	24.6	105.963703954018	DBCA	48_3	NA	NA
685.714285714286	1000	81.1086234535072	24.6	105.708623453507	DBCA	49_3	NA	NA
700	1000	82.2404996943594	24.6	106.840499694359	DBCA	50_3	NA	NA
714.285714285714	1000	80.5840011323973	24.6	105.184001132397	DBCA	51_3	NA	NA
728.571428571429	1000	81.6339470415678	24.6	106.233947041568	DBCA	52_3	NA	NA
742.857142857143	1000	81.9115992763858	24.6	106.511599276386	DBCA	53_3	NA	NA
757.142857142857	1000	77.0391208641761	24.6	101.639120864176	DBCA	54_3	NA	NA
771.428571428571	1000	77.4815996770498	24.6	102.08159967705	DBCA	55_3	NA	NA
785.714285714286	1000	78.3535336250906	24.6	102.953533625091	DBCA	56_3	NA	NA
800	1000	76.8761264945009	24.6	101.476126494501	DBCA	57_3	NA	NA
814.285714285714	1000	75.3428381372791	24.6	99.9428381372791	DBCA	58_3	NA	NA
828.571428571429	1000	77.7920392453504	24.6	102.39203924535	DBCA	59_3	NA	NA
842.857142857143	1000	79.45035121457	24.6	104.05035121457	DBCA	60_3	NA	NA
857.142857142857	1000	79.5039382535932	24.6	104.103938253593	DBCA	61_3	NA	NA
871.428571428571	1000	80.3758870953864	24.6	104.975887095386	DBCA	62_3	NA	NA
885.714285714286	1000	81.5476955746063	24.6	106.147695574606	DBCA	63_3	NA	NA
900	1000	75.7100475016261	24.6	100.310047501626	DBCA	64_3	NA	NA
914.285714285714	1000	76.0950829506034	24.6	100.695082950603	DBCA	65_3	NA	NA
928.571428571429	1000	81.5492410912552	24.6	106.149241091255	DBCA	66_3	NA	NA
942.857142857143	1000	78.7301440899076	24.6	103.330144089908	DBCA	67_3	NA	NA
957.142857142857	1000	78.412909452526	24.6	103.012909452526	DBCA	68_3	NA	NA
971.428571428571	1000	79.6321998196912	24.6	104.232199819691	DBCA	69_3	NA	NA
985.714285714286	1000	82.1656982641862	24.6	106.765698264186	DBCA	70_3	NA	NA
1000	1000	80.2923932404343	24.6	104.892393240434	DBCA	71_3	NA	NA
