x	y	variable1	Zona	ErrorConEfecto	Disenio	Bloque	AsigTrat	MiRto
0	666.666666666667	84.6881672538451	0	84.6881672538451	DBCA	1_1	280	87.1314594328197
0	700	81.6012294256534	0	81.6012294256534	DBCA	1_1	140	90.7979943690037
0	733.333333333333	83.4120203393319	0	83.4120203393319	DBCA	1_1	0	83.4120203393319
0	766.666666666667	78.7860740782968	0	78.7860740782968	DBCA	1_1	210	86.599882352925
0	800	76.5900140431645	0	76.5900140431645	DBCA	1_1	70	83.1821762283054
0	833.333333333333	79.4449395500412	0	79.4449395500412	DBCA	1_2	140	88.6417044933915
0	866.666666666667	80.7841975351066	0	80.7841975351066	DBCA	1_2	210	88.5980058097348
0	900	78.5554822280085	0	78.5554822280085	DBCA	1_2	70	85.1476444131494
0	933.333333333333	72.734586317784	0	72.734586317784	DBCA	1_2	0	72.734586317784
0	966.666666666667	82.2678636245047	0	82.2678636245047	DBCA	1_2	280	84.7111558034793
128.571428571429	666.666666666667	81.3769304244432	0	81.3769304244432	DBCA	10_1	210	89.1907386990714
128.571428571429	700	80.1136988972756	0	80.1136988972756	DBCA	10_1	140	89.3104638406259
128.571428571429	733.333333333333	78.606442285631	0	78.606442285631	DBCA	10_1	70	85.1986044707719
128.571428571429	766.666666666667	83.6771020387455	0	83.6771020387455	DBCA	10_1	280	86.1203942177202
128.571428571429	800	79.7140978132703	0	79.7140978132703	DBCA	10_1	0	79.7140978132703
128.571428571429	833.333333333333	82.2220067381234	0	82.2220067381234	DBCA	10_2	140	91.4187716814736
128.571428571429	866.666666666667	80.1173430656998	0	80.1173430656998	DBCA	10_2	70	86.7095052508407
128.571428571429	900	84.6108631253836	0	84.6108631253836	DBCA	10_2	280	87.0541553043583
128.571428571429	933.333333333333	85.9478842269793	0	85.9478842269793	DBCA	10_2	0	85.9478842269793
128.571428571429	966.666666666667	80.9585617966938	0	80.9585617966938	DBCA	10_2	210	88.772370071322
142.857142857143	666.666666666667	80.7263869498948	0	80.7263869498948	DBCA	11_1	70	87.3185491350356
142.857142857143	700	84.4733765480715	0	84.4733765480715	DBCA	11_1	0	84.4733765480715
142.857142857143	733.333333333333	81.3751847355682	0	81.3751847355682	DBCA	11_1	210	89.1889930101964
142.857142857143	766.666666666667	83.1253621488668	0	83.1253621488668	DBCA	11_1	280	85.5686543278415
142.857142857143	800	82.3444711048932	0	82.3444711048932	DBCA	11_1	140	91.5412360482435
142.857142857143	833.333333333333	82.9413817548752	0	82.9413817548752	DBCA	11_2	70	89.533543940016
142.857142857143	866.666666666667	82.6144638876297	0	82.6144638876297	DBCA	11_2	210	90.4282721622579
142.857142857143	900	84.2668782895013	0	84.2668782895013	DBCA	11_2	0	84.2668782895013
142.857142857143	933.333333333333	81.1847131827345	0	81.1847131827345	DBCA	11_2	140	90.3814781260848
142.857142857143	966.666666666667	83.451626904268	0	83.451626904268	DBCA	11_2	280	85.8949190832426
157.142857142857	666.666666666667	78.1646617210714	0	78.1646617210714	DBCA	12_1	280	80.607953900046
157.142857142857	700	83.1720223788334	0	83.1720223788334	DBCA	12_1	0	83.1720223788334
157.142857142857	733.333333333333	83.4248266811674	0	83.4248266811674	DBCA	12_1	210	91.2386349557956
157.142857142857	766.666666666667	83.883143979515	0	83.883143979515	DBCA	12_1	140	93.0799089228653
157.142857142857	800	78.6589584423081	0	78.6589584423081	DBCA	12_1	70	85.251120627449
157.142857142857	833.333333333333	84.6783331903922	0	84.6783331903922	DBCA	12_2	280	87.1216253693668
157.142857142857	866.666666666667	79.8378473815805	0	79.8378473815805	DBCA	12_2	210	87.6516556562087
157.142857142857	900	82.3394026429159	0	82.3394026429159	DBCA	12_2	70	88.9315648280568
157.142857142857	933.333333333333	81.1314865916353	0	81.1314865916353	DBCA	12_2	0	81.1314865916353
157.142857142857	966.666666666667	82.5820530749199	0	82.5820530749199	DBCA	12_2	140	91.7788180182701
171.428571428571	666.666666666667	81.2396801783376	0	81.2396801783376	DBCA	13_1	280	83.6829723573122
171.428571428571	700	78.0310708138814	0	78.0310708138814	DBCA	13_1	70	84.6232329990223
171.428571428571	733.333333333333	80.8934401284408	0	80.8934401284408	DBCA	13_1	210	88.707248403069
171.428571428571	766.666666666667	81.5038037011958	0	81.5038037011958	DBCA	13_1	0	81.5038037011958
171.428571428571	800	78.2841224697246	0	78.2841224697246	DBCA	13_1	140	87.4808874130749
171.428571428571	833.333333333333	80.6154420175552	0	80.6154420175552	DBCA	13_2	210	88.4292502921834
171.428571428571	866.666666666667	78.8619571289225	0	78.8619571289225	DBCA	13_2	0	78.8619571289225
171.428571428571	900	82.4093000282229	0	82.4093000282229	DBCA	13_2	140	91.6060649715731
171.428571428571	933.333333333333	81.1802941551804	0	81.1802941551804	DBCA	13_2	280	83.6235863341551
171.428571428571	966.666666666667	83.2223953234575	0	83.2223953234575	DBCA	13_2	70	89.8145575085984
185.714285714286	666.666666666667	80.3316535838116	0	80.3316535838116	DBCA	14_1	140	89.5284185271618
185.714285714286	700	78.813293566223	0	78.813293566223	DBCA	14_1	0	78.813293566223
185.714285714286	733.333333333333	76.8901482749693	0	76.8901482749693	DBCA	14_1	70	83.4823104601102
185.714285714286	766.666666666667	80.2856378427143	0	80.2856378427143	DBCA	14_1	280	82.7289300216889
185.714285714286	800	76.6470544179304	0	76.6470544179304	DBCA	14_1	210	84.4608626925586
185.714285714286	833.333333333333	79.8738546941248	0	79.8738546941248	DBCA	14_2	210	87.687662968753
185.714285714286	866.666666666667	83.3959877709964	0	83.3959877709964	DBCA	14_2	0	83.3959877709964
185.714285714286	900	79.4458717263171	0	79.4458717263171	DBCA	14_2	280	81.8891639052918
185.714285714286	933.333333333333	81.3602605094232	0	81.3602605094232	DBCA	14_2	70	87.9524226945641
185.714285714286	966.666666666667	83.1298134465788	0	83.1298134465788	DBCA	14_2	140	92.326578389929
200	666.666666666667	77.7203489608275	0	77.7203489608275	DBCA	15_1	70	84.3125111459684
200	700	74.6496233345887	0	74.6496233345887	DBCA	15_1	140	83.846388277939
200	733.333333333333	74.7763753583945	0	74.7763753583945	DBCA	15_1	280	77.2196675373691
200	766.666666666667	78.0145860615489	0	78.0145860615489	DBCA	15_1	0	78.0145860615489
200	800	79.0139270952122	0	79.0139270952122	DBCA	15_1	210	86.8277353698404
200	833.333333333333	82.6092516069469	0	82.6092516069469	DBCA	15_2	280	85.0525437859216
200	866.666666666667	80.669216049476	0	80.669216049476	DBCA	15_2	0	80.669216049476
200	900	82.2865588324633	0	82.2865588324633	DBCA	15_2	210	90.1003671070915
200	933.333333333333	83.6709577858044	0	83.6709577858044	DBCA	15_2	70	90.2631199709453
200	966.666666666667	81.3157756983798	0	81.3157756983798	DBCA	15_2	140	90.51254064173
214.285714285714	666.666666666667	77.5310272826595	0	77.5310272826595	DBCA	16_1	210	85.3448355572877
214.285714285714	700	74.9765832400795	0	74.9765832400795	DBCA	16_1	70	81.5687454252204
214.285714285714	733.333333333333	75.4069715057847	0	75.4069715057847	DBCA	16_1	140	84.6037364491349
214.285714285714	766.666666666667	81.2943830073734	0	81.2943830073734	DBCA	16_1	0	81.2943830073734
214.285714285714	800	80.5133823248964	0	80.5133823248964	DBCA	16_1	280	82.956674503871
214.285714285714	833.333333333333	84.0150381700654	0	84.0150381700654	DBCA	16_2	210	91.8288464446936
214.285714285714	866.666666666667	81.9336763487196	0	81.9336763487196	DBCA	16_2	280	84.3769685276942
214.285714285714	900	86.759779027621	0	86.759779027621	DBCA	16_2	0	86.759779027621
214.285714285714	933.333333333333	84.6831555249864	0	84.6831555249864	DBCA	16_2	140	93.8799204683367
214.285714285714	966.666666666667	75.7489184875802	0	75.7489184875802	DBCA	16_2	70	82.341080672721
228.571428571429	666.666666666667	74.4815273208867	0	74.4815273208867	DBCA	17_1	70	81.0736895060275
228.571428571429	700	73.7066529006896	0	73.7066529006896	DBCA	17_1	210	81.5204611753178
228.571428571429	733.333333333333	73.2596086856604	0	73.2596086856604	DBCA	17_1	280	75.702900864635
228.571428571429	766.666666666667	78.7342994469642	0	78.7342994469642	DBCA	17_1	0	78.7342994469642
228.571428571429	800	82.8584515740078	0	82.8584515740078	DBCA	17_1	140	92.055216517358
228.571428571429	833.333333333333	80.9412703874815	0	80.9412703874815	DBCA	17_2	70	87.5334325726224
228.571428571429	866.666666666667	81.3480619406478	0	81.3480619406478	DBCA	17_2	0	81.3480619406478
228.571428571429	900	86.3435288531009	0	86.3435288531009	DBCA	17_2	140	95.5402937964512
228.571428571429	933.333333333333	81.7880416186059	0	81.7880416186059	DBCA	17_2	210	89.6018498932341
228.571428571429	966.666666666667	75.2955313364465	0	75.2955313364465	DBCA	17_2	280	77.7388235154212
242.857142857143	666.666666666667	72.5957651682348	0	72.5957651682348	DBCA	18_1	0	72.5957651682348
242.857142857143	700	75.0690485014084	0	75.0690485014084	DBCA	18_1	70	81.6612106865493
242.857142857143	733.333333333333	75.9185447760108	0	75.9185447760108	DBCA	18_1	280	78.3618369549854
242.857142857143	766.666666666667	81.6976765664626	0	81.6976765664626	DBCA	18_1	140	90.8944415098129
242.857142857143	800	82.763674419424	0	82.763674419424	DBCA	18_1	210	90.5774826940522
242.857142857143	833.333333333333	81.7816781615763	0	81.7816781615763	DBCA	18_2	0	81.7816781615763
242.857142857143	866.666666666667	81.6711633795281	0	81.6711633795281	DBCA	18_2	70	88.263325564669
242.857142857143	900	82.4719855859626	0	82.4719855859626	DBCA	18_2	280	84.9152777649372
242.857142857143	933.333333333333	81.5575834222571	0	81.5575834222571	DBCA	18_2	140	90.7543483656073
242.857142857143	966.666666666667	77.7506262313254	0	77.7506262313254	DBCA	18_2	210	85.5644345059536
257.142857142857	666.666666666667	75.419743441886	0	75.419743441886	DBCA	19_1	210	83.2335517165142
257.142857142857	700	77.4163108876914	0	77.4163108876914	DBCA	19_1	0	77.4163108876914
257.142857142857	733.333333333333	79.3824327740665	0	79.3824327740665	DBCA	19_1	280	81.8257249530412
257.142857142857	766.666666666667	81.369872276407	0	81.369872276407	DBCA	19_1	70	87.9620344615479
257.142857142857	800	81.4505376073258	0	81.4505376073258	DBCA	19_1	140	90.6473025506761
257.142857142857	833.333333333333	80.0378754878578	0	80.0378754878578	DBCA	19_2	140	89.234640431208
257.142857142857	866.666666666667	82.0968758376756	0	82.0968758376756	DBCA	19_2	280	84.5401680166503
257.142857142857	900	83.1340061839341	0	83.1340061839341	DBCA	19_2	0	83.1340061839341
257.142857142857	933.333333333333	77.7491237602845	0	77.7491237602845	DBCA	19_2	70	84.3412859454254
257.142857142857	966.666666666667	78.2950726020291	0	78.2950726020291	DBCA	19_2	210	86.1088808766573
14.2857142857143	666.666666666667	82.2238477256558	0	82.2238477256558	DBCA	2_1	70	88.8160099107967
14.2857142857143	700	78.7041658435141	0	78.7041658435141	DBCA	2_1	280	81.1474580224887
14.2857142857143	733.333333333333	81.8434762407885	0	81.8434762407885	DBCA	2_1	0	81.8434762407885
14.2857142857143	766.666666666667	82.2148785848057	0	82.2148785848057	DBCA	2_1	210	90.0286868594339
14.2857142857143	800	76.1474517492612	0	76.1474517492612	DBCA	2_1	140	85.3442166926115
14.2857142857143	833.333333333333	79.4913858594606	0	79.4913858594606	DBCA	2_2	70	86.0835480446014
14.2857142857143	866.666666666667	80.2212088802307	0	80.2212088802307	DBCA	2_2	280	82.6645010592053
14.2857142857143	900	81.6443860040574	0	81.6443860040574	DBCA	2_2	210	89.4581942786856
14.2857142857143	933.333333333333	78.1271499730197	0	78.1271499730197	DBCA	2_2	140	87.32391491637
14.2857142857143	966.666666666667	79.248170673609	0	79.248170673609	DBCA	2_2	0	79.248170673609
271.428571428571	666.666666666667	77.4980928418769	0	77.4980928418769	DBCA	20_1	70	84.0902550270178
271.428571428571	700	75.9864007551721	0	75.9864007551721	DBCA	20_1	0	75.9864007551721
271.428571428571	733.333333333333	78.7741677688408	0	78.7741677688408	DBCA	20_1	140	87.9709327121911
271.428571428571	766.666666666667	78.2455586872352	0	78.2455586872352	DBCA	20_1	280	80.6888508662098
271.428571428571	800	76.5393833624868	0	76.5393833624868	DBCA	20_1	210	84.353191637115
271.428571428571	833.333333333333	77.6064481952246	0	77.6064481952246	DBCA	20_2	210	85.4202564698528
271.428571428571	866.666666666667	82.1244160366906	0	82.1244160366906	DBCA	20_2	140	91.3211809800408
271.428571428571	900	78.2337379564132	0	78.2337379564132	DBCA	20_2	280	80.6770301353879
271.428571428571	933.333333333333	79.6301156456984	0	79.6301156456984	DBCA	20_2	0	79.6301156456984
271.428571428571	966.666666666667	81.6479585308808	0	81.6479585308808	DBCA	20_2	70	88.2401207160217
285.714285714286	666.666666666667	79.6684215373975	0	79.6684215373975	DBCA	21_1	280	82.1117137163721
285.714285714286	700	79.7511306116205	0	79.7511306116205	DBCA	21_1	210	87.5649388862487
285.714285714286	733.333333333333	82.2295529487688	0	82.2295529487688	DBCA	21_1	70	88.8217151339097
285.714285714286	766.666666666667	80.6542638624752	0	80.6542638624752	DBCA	21_1	140	89.8510288058255
285.714285714286	800	81.1975585736433	0	81.1975585736433	DBCA	21_1	0	81.1975585736433
285.714285714286	833.333333333333	79.7115645996672	0	79.7115645996672	DBCA	21_2	210	87.5253728742954
285.714285714286	866.666666666667	78.2604079617868	0	78.2604079617868	DBCA	21_2	0	78.2604079617868
285.714285714286	900	76.5562414801048	0	76.5562414801048	DBCA	21_2	140	85.753006423455
285.714285714286	933.333333333333	78.6174065167647	0	78.6174065167647	DBCA	21_2	280	81.0606986957394
285.714285714286	966.666666666667	82.2210189937307	0	82.2210189937307	DBCA	21_2	70	88.8131811788715
300	666.666666666667	75.3943141575473	0	75.3943141575473	DBCA	22_1	70	81.9864763426882
300	700	80.8927712417748	0	80.8927712417748	DBCA	22_1	280	83.3360634207495
300	733.333333333333	84.9449719330018	0	84.9449719330018	DBCA	22_1	140	94.1417368763521
300	766.666666666667	83.5784573536129	0	83.5784573536129	DBCA	22_1	0	83.5784573536129
300	800	77.7841795173187	0	77.7841795173187	DBCA	22_1	210	85.5979877919469
300	833.333333333333	81.370101067041	0	81.370101067041	DBCA	22_2	210	89.1839093416692
300	866.666666666667	79.5350450616425	0	79.5350450616425	DBCA	22_2	70	86.1272072467834
300	900	81.5672209266925	0	81.5672209266925	DBCA	22_2	140	90.7639858700427
300	933.333333333333	79.4530908009358	0	79.4530908009358	DBCA	22_2	0	79.4530908009358
300	966.666666666667	82.4451005183576	0	82.4451005183576	DBCA	22_2	280	84.8883926973323
314.285714285714	666.666666666667	80.684284522416	0	80.684284522416	DBCA	23_1	140	89.8810494657663
314.285714285714	700	84.3585227667711	0	84.3585227667711	DBCA	23_1	70	90.950684951912
314.285714285714	733.333333333333	83.7986123106036	0	83.7986123106036	DBCA	23_1	210	91.6124205852318
314.285714285714	766.666666666667	85.195744155477	0	85.195744155477	DBCA	23_1	0	85.195744155477
314.285714285714	800	77.73369386211	0	77.73369386211	DBCA	23_1	280	80.1769860410847
314.285714285714	833.333333333333	78.8361702560696	0	78.8361702560696	DBCA	23_2	0	78.8361702560696
314.285714285714	866.666666666667	78.7266763830187	0	78.7266763830187	DBCA	23_2	70	85.3188385681596
314.285714285714	900	86.2675759328178	0	86.2675759328178	DBCA	23_2	280	88.7108681117925
314.285714285714	933.333333333333	80.6673895994374	0	80.6673895994374	DBCA	23_2	140	89.8641545427876
314.285714285714	966.666666666667	81.8779403057955	0	81.8779403057955	DBCA	23_2	210	89.6917485804237
328.571428571429	666.666666666667	80.2806806414492	0	80.2806806414492	DBCA	24_1	210	88.0944889160774
328.571428571429	700	80.4523656401174	0	80.4523656401174	DBCA	24_1	280	82.8956578190921
328.571428571429	733.333333333333	81.2044546488735	0	81.2044546488735	DBCA	24_1	140	90.4012195922238
328.571428571429	766.666666666667	85.2203443350894	0	85.2203443350894	DBCA	24_1	70	91.8125065202303
328.571428571429	800	79.9982506381482	0	79.9982506381482	DBCA	24_1	0	79.9982506381482
328.571428571429	833.333333333333	79.8033299988819	0	79.8033299988819	DBCA	24_2	210	87.6171382735101
328.571428571429	866.666666666667	79.7607594743714	0	79.7607594743714	DBCA	24_2	280	82.204051653346
328.571428571429	900	80.9485694424674	0	80.9485694424674	DBCA	24_2	70	87.5407316276083
328.571428571429	933.333333333333	83.8518655097838	0	83.8518655097838	DBCA	24_2	140	93.048630453134
328.571428571429	966.666666666667	82.2704752109371	0	82.2704752109371	DBCA	24_2	0	82.2704752109371
342.857142857143	666.666666666667	84.4099090942665	0	84.4099090942665	DBCA	25_1	280	86.8532012732411
342.857142857143	700	81.7901666806386	0	81.7901666806386	DBCA	25_1	70	88.3823288657795
342.857142857143	733.333333333333	81.538901982824	0	81.538901982824	DBCA	25_1	140	90.7356669261743
342.857142857143	766.666666666667	84.4667979213554	0	84.4667979213554	DBCA	25_1	0	84.4667979213554
342.857142857143	800	79.0977949318751	0	79.0977949318751	DBCA	25_1	210	86.9116032065033
342.857142857143	833.333333333333	80.007969449652	0	80.007969449652	DBCA	25_2	280	82.4512616286267
342.857142857143	866.666666666667	83.0866438325333	0	83.0866438325333	DBCA	25_2	0	83.0866438325333
342.857142857143	900	84.2376140264362	0	84.2376140264362	DBCA	25_2	140	93.4343789697865
342.857142857143	933.333333333333	81.9509419874979	0	81.9509419874979	DBCA	25_2	70	88.5431041726388
342.857142857143	966.666666666667	79.8277409504091	0	79.8277409504091	DBCA	25_2	210	87.6415492250373
357.142857142857	666.666666666667	85.0887715221065	0	85.0887715221065	DBCA	26_1	210	92.9025797967347
357.142857142857	700	83.996720109478	0	83.996720109478	DBCA	26_1	140	93.1934850528283
357.142857142857	733.333333333333	81.7088869195192	0	81.7088869195192	DBCA	26_1	70	88.3010491046601
357.142857142857	766.666666666667	78.4910221395661	0	78.4910221395661	DBCA	26_1	0	78.4910221395661
357.142857142857	800	83.6569732415346	0	83.6569732415346	DBCA	26_1	280	86.1002654205093
357.142857142857	833.333333333333	80.3624214426836	0	80.3624214426836	DBCA	26_2	70	86.9545836278244
357.142857142857	866.666666666667	79.4151178751891	0	79.4151178751891	DBCA	26_2	210	87.2289261498173
357.142857142857	900	82.408385495278	0	82.408385495278	DBCA	26_2	0	82.408385495278
357.142857142857	933.333333333333	82.187799290368	0	82.187799290368	DBCA	26_2	140	91.3845642337182
357.142857142857	966.666666666667	80.6983020409313	0	80.6983020409313	DBCA	26_2	280	83.1415942199059
371.428571428571	666.666666666667	86.0295153431326	0	86.0295153431326	DBCA	27_1	70	92.6216775282735
371.428571428571	700	83.3727001957257	0	83.3727001957257	DBCA	27_1	0	83.3727001957257
371.428571428571	733.333333333333	79.3121337367901	0	79.3121337367901	DBCA	27_1	210	87.1259420114183
371.428571428571	766.666666666667	82.4253933087158	0	82.4253933087158	DBCA	27_1	280	84.8686854876905
371.428571428571	800	83.7898484406921	0	83.7898484406921	DBCA	27_1	140	92.9866133840424
371.428571428571	833.333333333333	80.4460583215831	0	80.4460583215831	DBCA	27_2	70	87.0382205067239
371.428571428571	866.666666666667	79.6857606133559	0	79.6857606133559	DBCA	27_2	210	87.4995688879841
371.428571428571	900	80.830359436215	0	80.830359436215	DBCA	27_2	0	80.830359436215
371.428571428571	933.333333333333	79.8270598153078	0	79.8270598153078	DBCA	27_2	140	89.0238247586581
371.428571428571	966.666666666667	81.6011338319769	0	81.6011338319769	DBCA	27_2	280	84.0444260109515
385.714285714286	666.666666666667	87.781909972856	0	87.781909972856	DBCA	28_1	280	90.2252021518306
385.714285714286	700	82.8326911329372	0	82.8326911329372	DBCA	28_1	70	89.4248533180781
385.714285714286	733.333333333333	83.669506649087	0	83.669506649087	DBCA	28_1	210	91.4833149237152
385.714285714286	766.666666666667	82.8511454881551	0	82.8511454881551	DBCA	28_1	140	92.0479104315054
385.714285714286	800	82.1875646698282	0	82.1875646698282	DBCA	28_1	0	82.1875646698282
385.714285714286	833.333333333333	83.2931667232786	0	83.2931667232786	DBCA	28_2	210	91.1069749979068
385.714285714286	866.666666666667	80.8147599959939	0	80.8147599959939	DBCA	28_2	0	80.8147599959939
385.714285714286	900	81.0662173733709	0	81.0662173733709	DBCA	28_2	280	83.5095095523455
385.714285714286	933.333333333333	83.5005487336533	0	83.5005487336533	DBCA	28_2	70	90.0927109187942
385.714285714286	966.666666666667	80.6960385654108	0	80.6960385654108	DBCA	28_2	140	89.8928035087611
400	666.666666666667	88.9905649911144	0	88.9905649911144	DBCA	29_1	210	96.8043732657426
400	700	84.252496252342	0	84.252496252342	DBCA	29_1	140	93.4492611956923
400	733.333333333333	81.3243472645618	0	81.3243472645618	DBCA	29_1	0	81.3243472645618
400	766.666666666667	82.1223442306583	0	82.1223442306583	DBCA	29_1	280	84.5656364096329
400	800	82.9745928486447	0	82.9745928486447	DBCA	29_1	70	89.5667550337856
400	833.333333333333	84.9251473251487	0	84.9251473251487	DBCA	29_2	280	87.3684395041233
400	866.666666666667	78.8720154214019	0	78.8720154214019	DBCA	29_2	0	78.8720154214019
400	900	87.1346223083544	0	87.1346223083544	DBCA	29_2	140	96.3313872517047
400	933.333333333333	83.4158078233405	0	83.4158078233405	DBCA	29_2	70	90.0079700084814
400	966.666666666667	80.4498004674493	0	80.4498004674493	DBCA	29_2	210	88.2636087420775
28.5714285714286	666.666666666667	80.5625110136125	0	80.5625110136125	DBCA	3_1	280	83.0058031925872
28.5714285714286	700	83.208260764375	0	83.208260764375	DBCA	3_1	140	92.4050257077253
28.5714285714286	733.333333333333	82.4979944861627	0	82.4979944861627	DBCA	3_1	70	89.0901566713036
28.5714285714286	766.666666666667	80.4027547916526	0	80.4027547916526	DBCA	3_1	210	88.2165630662808
28.5714285714286	800	74.453961065595	0	74.453961065595	DBCA	3_1	0	74.453961065595
28.5714285714286	833.333333333333	77.0068669470737	0	77.0068669470737	DBCA	3_2	70	83.5990291322146
28.5714285714286	866.666666666667	77.6596590600848	0	77.6596590600848	DBCA	3_2	280	80.1029512390595
28.5714285714286	900	83.0630788531157	0	83.0630788531157	DBCA	3_2	0	83.0630788531157
28.5714285714286	933.333333333333	79.2940911468452	0	79.2940911468452	DBCA	3_2	210	87.1078994214734
28.5714285714286	966.666666666667	84.0645335770923	0	84.0645335770923	DBCA	3_2	140	93.2612985204425
414.285714285714	666.666666666667	84.619142228308	0	84.619142228308	DBCA	30_1	140	93.8159071716582
414.285714285714	700	84.3697724616339	0	84.3697724616339	DBCA	30_1	210	92.1835807362621
414.285714285714	733.333333333333	78.6684480029468	0	78.6684480029468	DBCA	30_1	70	85.2606101880877
414.285714285714	766.666666666667	85.7361489714358	0	85.7361489714358	DBCA	30_1	0	85.7361489714358
414.285714285714	800	82.4026247844836	0	82.4026247844836	DBCA	30_1	280	84.8459169634582
414.285714285714	833.333333333333	80.6937698887056	0	80.6937698887056	DBCA	30_2	280	83.1370620676802
414.285714285714	866.666666666667	82.3118356676241	0	82.3118356676241	DBCA	30_2	140	91.5086006109743
414.285714285714	900	85.9161301019226	0	85.9161301019226	DBCA	30_2	0	85.9161301019226
414.285714285714	933.333333333333	85.6539705789333	0	85.6539705789333	DBCA	30_2	210	93.4677788535615
414.285714285714	966.666666666667	78.3897223697228	0	78.3897223697228	DBCA	30_2	70	84.9818845548637
428.571428571429	666.666666666667	84.6570267787306	0	84.6570267787306	DBCA	31_1	140	93.8537917220808
428.571428571429	700	82.6775573569867	0	82.6775573569867	DBCA	31_1	280	85.1208495359614
428.571428571429	733.333333333333	83.6923070941944	0	83.6923070941944	DBCA	31_1	210	91.5061153688226
428.571428571429	766.666666666667	83.2816068235574	0	83.2816068235574	DBCA	31_1	0	83.2816068235574
428.571428571429	800	82.9757050748774	0	82.9757050748774	DBCA	31_1	70	89.5678672600183
428.571428571429	833.333333333333	77.4841522995247	0	77.4841522995247	DBCA	31_2	140	86.680917242875
428.571428571429	866.666666666667	79.9735642131528	0	79.9735642131528	DBCA	31_2	280	82.4168563921274
428.571428571429	900	83.2942128006527	0	83.2942128006527	DBCA	31_2	70	89.8863749857936
428.571428571429	933.333333333333	80.1859086745515	0	80.1859086745515	DBCA	31_2	0	80.1859086745515
428.571428571429	966.666666666667	75.7798780701816	0	75.7798780701816	DBCA	31_2	210	83.5936863448098
442.857142857143	666.666666666667	81.3643690468325	0	81.3643690468325	DBCA	32_1	70	87.9565312319734
442.857142857143	700	81.9928357525966	0	81.9928357525966	DBCA	32_1	0	81.9928357525966
442.857142857143	733.333333333333	87.4525085276476	0	87.4525085276476	DBCA	32_1	140	96.6492734709979
442.857142857143	766.666666666667	80.4548931033141	0	80.4548931033141	DBCA	32_1	210	88.2687013779423
442.857142857143	800	78.7924091137457	0	78.7924091137457	DBCA	32_1	280	81.2357012927203
442.857142857143	833.333333333333	80.4776070562283	0	80.4776070562283	DBCA	32_2	140	89.6743719995786
442.857142857143	866.666666666667	80.4981139253533	0	80.4981139253533	DBCA	32_2	0	80.4981139253533
442.857142857143	900	77.4781314403481	0	77.4781314403481	DBCA	32_2	280	79.9214236193228
442.857142857143	933.333333333333	77.5568193546526	0	77.5568193546526	DBCA	32_2	210	85.3706276292808
442.857142857143	966.666666666667	79.2057423344413	0	79.2057423344413	DBCA	32_2	70	85.7979045195821
457.142857142857	666.666666666667	81.8554362110033	0	81.8554362110033	DBCA	33_1	140	91.0522011543535
457.142857142857	700	81.9691704244856	0	81.9691704244856	DBCA	33_1	70	88.5613326096265
457.142857142857	733.333333333333	82.5497913995439	0	82.5497913995439	DBCA	33_1	0	82.5497913995439
457.142857142857	766.666666666667	80.7209415634731	0	80.7209415634731	DBCA	33_1	210	88.5347498381013
457.142857142857	800	82.0101681411075	0	82.0101681411075	DBCA	33_1	280	84.4534603200822
457.142857142857	833.333333333333	80.3887027781154	0	80.3887027781154	DBCA	33_2	0	80.3887027781154
457.142857142857	866.666666666667	82.9356429618782	0	82.9356429618782	DBCA	33_2	280	85.3789351408528
457.142857142857	900	77.0872042746826	0	77.0872042746826	DBCA	33_2	140	86.2839692180329
457.142857142857	933.333333333333	74.8255928288425	0	74.8255928288425	DBCA	33_2	210	82.6394011034707
457.142857142857	966.666666666667	78.5311137589591	0	78.5311137589591	DBCA	33_2	70	85.1232759441
471.428571428571	666.666666666667	82.7004396273297	0	82.7004396273297	DBCA	34_1	210	90.5142479019579
471.428571428571	700	79.4467762347279	0	79.4467762347279	DBCA	34_1	280	81.8900684137025
471.428571428571	733.333333333333	83.8000575496207	0	83.8000575496207	DBCA	34_1	70	90.3922197347616
471.428571428571	766.666666666667	81.7062895047463	0	81.7062895047463	DBCA	34_1	0	81.7062895047463
471.428571428571	800	78.3590188210346	0	78.3590188210346	DBCA	34_1	140	87.5557837643848
471.428571428571	833.333333333333	80.1299178714256	0	80.1299178714256	DBCA	34_2	280	82.5732100504003
471.428571428571	866.666666666667	81.494802242517	0	81.494802242517	DBCA	34_2	0	81.494802242517
471.428571428571	900	74.3046390560966	0	74.3046390560966	DBCA	34_2	140	83.5014039994469
471.428571428571	933.333333333333	77.3141698392031	0	77.3141698392031	DBCA	34_2	70	83.906332024344
471.428571428571	966.666666666667	75.1205399374293	0	75.1205399374293	DBCA	34_2	210	82.9343482120575
485.714285714286	666.666666666667	82.3915462668934	0	82.3915462668934	DBCA	35_1	280	84.834838445868
485.714285714286	700	82.0366411648211	0	82.0366411648211	DBCA	35_1	0	82.0366411648211
485.714285714286	733.333333333333	82.3844167212089	0	82.3844167212089	DBCA	35_1	70	88.9765789063498
485.714285714286	766.666666666667	81.5026154451623	0	81.5026154451623	DBCA	35_1	210	89.3164237197905
485.714285714286	800	76.269692956892	0	76.269692956892	DBCA	35_1	140	85.4664579002422
485.714285714286	833.333333333333	79.0357485021296	0	79.0357485021296	DBCA	35_2	210	86.8495567767578
485.714285714286	866.666666666667	79.5153218007167	0	79.5153218007167	DBCA	35_2	70	86.1074839858575
485.714285714286	900	77.4271032804933	0	77.4271032804933	DBCA	35_2	0	77.4271032804933
485.714285714286	933.333333333333	76.206859627127	0	76.206859627127	DBCA	35_2	280	78.6501518061016
485.714285714286	966.666666666667	73.9427199460901	0	73.9427199460901	DBCA	35_2	140	83.1394848894404
500	666.666666666667	82.8841395277377	0	82.8841395277377	DBCA	36_1	280	85.3274317067124
500	700	85.1190293146725	0	85.1190293146725	DBCA	36_1	140	94.3157942580228
500	733.333333333333	83.3713174514822	0	83.3713174514822	DBCA	36_1	70	89.963479636623
500	766.666666666667	81.0346827041523	0	81.0346827041523	DBCA	36_1	210	88.8484909787805
500	800	78.0082764445042	0	78.0082764445042	DBCA	36_1	0	78.0082764445042
500	833.333333333333	77.2331201733437	0	77.2331201733437	DBCA	36_2	280	79.6764123523183
500	866.666666666667	80.5038024154506	0	80.5038024154506	DBCA	36_2	210	88.3176106900788
500	900	74.586804766397	0	74.586804766397	DBCA	36_2	70	81.1789669515378
500	933.333333333333	78.1125696529442	0	78.1125696529442	DBCA	36_2	0	78.1125696529442
500	966.666666666667	79.4262836208635	0	79.4262836208635	DBCA	36_2	140	88.6230485642138
514.285714285714	666.666666666667	79.7959077280164	24.6	104.395907728016	DBCA	37_1	280	130.258399906991
514.285714285714	700	82.4453590647673	24.6	107.045359064767	DBCA	37_1	70	119.492321249908
514.285714285714	733.333333333333	84.0694261799263	24.6	108.669426179926	DBCA	37_1	140	129.575791123277
514.285714285714	766.666666666667	79.3789920150232	24.6	103.978992015023	DBCA	37_1	0	103.978992015023
514.285714285714	800	76.8805371025286	24.6	101.480537102529	DBCA	37_1	210	126.858745377157
514.285714285714	833.333333333333	79.6956141507572	24.6	104.295614150757	DBCA	37_2	140	125.201979094107
514.285714285714	866.666666666667	80.3619882132346	24.6	104.961988213235	DBCA	37_2	210	130.340196487863
514.285714285714	900	72.6486107303799	24.6	97.2486107303799	DBCA	37_2	70	109.695572915521
514.285714285714	933.333333333333	77.0122363421872	24.6	101.612236342187	DBCA	37_2	280	127.474728521162
514.285714285714	966.666666666667	81.404830908735	24.6	106.004830908735	DBCA	37_2	0	106.004830908735
528.571428571429	666.666666666667	82.443460284509	24.6	107.043460284509	DBCA	38_1	210	132.421668559137
528.571428571429	700	81.8363492499435	24.6	106.436349249944	DBCA	38_1	140	127.342714193294
528.571428571429	733.333333333333	84.9835134735256	24.6	109.583513473526	DBCA	38_1	280	135.4460056525
528.571428571429	766.666666666667	81.4136820737309	24.6	106.013682073731	DBCA	38_1	70	118.460644258872
528.571428571429	800	77.2573591299323	24.6	101.857359129932	DBCA	38_1	0	101.857359129932
528.571428571429	833.333333333333	80.2107520495308	24.6	104.810752049531	DBCA	38_2	0	104.810752049531
528.571428571429	866.666666666667	81.8368569914244	24.6	106.436856991424	DBCA	38_2	280	132.299349170399
528.571428571429	900	76.537399915356	24.6	101.137399915356	DBCA	38_2	70	113.584362100497
528.571428571429	933.333333333333	76.3699387220271	24.6	100.969938722027	DBCA	38_2	210	126.348146996655
528.571428571429	966.666666666667	78.1512870229873	24.6	102.751287022987	DBCA	38_2	140	123.657651966338
542.857142857143	666.666666666667	77.1036352525642	24.6	101.703635252564	DBCA	39_1	140	122.610000195914
542.857142857143	700	82.6747269625462	24.6	107.274726962546	DBCA	39_1	70	119.721689147687
542.857142857143	733.333333333333	83.8674188309336	24.6	108.467418830934	DBCA	39_1	210	133.845627105562
542.857142857143	766.666666666667	80.3214801546905	24.6	104.921480154691	DBCA	39_1	280	130.783972333665
542.857142857143	800	78.9377300845516	24.6	103.537730084552	DBCA	39_1	0	103.537730084552
542.857142857143	833.333333333333	79.841121579183	24.6	104.441121579183	DBCA	39_2	210	129.819329853811
542.857142857143	866.666666666667	80.3363921975695	24.6	104.93639219757	DBCA	39_2	280	130.798884376544
542.857142857143	900	73.5237266685334	24.6	98.1237266685334	DBCA	39_2	0	98.1237266685334
542.857142857143	933.333333333333	76.0701660407099	24.6	100.67016604071	DBCA	39_2	70	113.117128225851
542.857142857143	966.666666666667	77.0921790426084	24.6	101.692179042608	DBCA	39_2	140	122.598543985959
42.8571428571429	666.666666666667	78.5219234555945	0	78.5219234555945	DBCA	4_1	0	78.5219234555945
42.8571428571429	700	83.9836495937899	0	83.9836495937899	DBCA	4_1	210	91.7974578684181
42.8571428571429	733.333333333333	82.7007133542746	0	82.7007133542746	DBCA	4_1	280	85.1440055332493
42.8571428571429	766.666666666667	80.8356895267811	0	80.8356895267811	DBCA	4_1	70	87.4278517119219
42.8571428571429	800	80.2543365061489	0	80.2543365061489	DBCA	4_1	140	89.4511014494991
42.8571428571429	833.333333333333	82.6737069979237	0	82.6737069979237	DBCA	4_2	0	82.6737069979237
42.8571428571429	866.666666666667	80.6057358278842	0	80.6057358278842	DBCA	4_2	70	87.1978980130251
42.8571428571429	900	81.5217458048143	0	81.5217458048143	DBCA	4_2	280	83.9650379837889
42.8571428571429	933.333333333333	82.8290325072137	0	82.8290325072137	DBCA	4_2	210	90.6428407818419
42.8571428571429	966.666666666667	86.3465721564858	0	86.3465721564858	DBCA	4_2	140	95.543337099836
557.142857142857	666.666666666667	79.3616674368357	24.6	103.961667436836	DBCA	40_1	0	103.961667436836
557.142857142857	700	80.3294165880243	24.6	104.929416588024	DBCA	40_1	210	130.307624862653
557.142857142857	733.333333333333	80.0972241965533	24.6	104.697224196553	DBCA	40_1	140	125.603589139904
557.142857142857	766.666666666667	80.4680426569557	24.6	105.068042656956	DBCA	40_1	70	117.515004842097
557.142857142857	800	75.4411145337571	24.6	100.041114533757	DBCA	40_1	280	125.903606712732
557.142857142857	833.333333333333	79.4568164723903	24.6	104.05681647239	DBCA	40_2	280	129.919308651365
557.142857142857	866.666666666667	79.905725461902	24.6	104.505725461902	DBCA	40_2	70	116.952687647043
557.142857142857	900	77.7532905479441	24.6	102.353290547944	DBCA	40_2	210	127.731498822572
557.142857142857	933.333333333333	73.3146430404843	24.6	97.9146430404843	DBCA	40_2	140	118.821007983835
557.142857142857	966.666666666667	75.748277477454	24.6	100.348277477454	DBCA	40_2	0	100.348277477454
571.428571428571	666.666666666667	81.104927131246	24.6	105.704927131246	DBCA	41_1	210	131.083135405874
571.428571428571	700	79.2356035929279	24.6	103.835603592928	DBCA	41_1	70	116.282565778069
571.428571428571	733.333333333333	79.699610806647	24.6	104.299610806647	DBCA	41_1	140	125.205975749997
571.428571428571	766.666666666667	77.3929985765486	24.6	101.992998576549	DBCA	41_1	0	101.992998576549
571.428571428571	800	77.7916332620873	24.6	102.391633262087	DBCA	41_1	280	128.254125441062
571.428571428571	833.333333333333	80.8804079858276	24.6	105.480407985828	DBCA	41_2	0	105.480407985828
571.428571428571	866.666666666667	81.1975642771933	24.6	105.797564277193	DBCA	41_2	210	131.175772551821
571.428571428571	900	78.0862759940814	24.6	102.686275994081	DBCA	41_2	280	128.548768173056
571.428571428571	933.333333333333	74.7097934254341	24.6	99.3097934254341	DBCA	41_2	140	120.216158368784
571.428571428571	966.666666666667	73.4909126175177	24.6	98.0909126175177	DBCA	41_2	70	110.537874802659
585.714285714286	666.666666666667	79.5667264412332	24.6	104.166726441233	DBCA	42_1	210	129.544934715861
585.714285714286	700	79.6280714537196	24.6	104.22807145372	DBCA	42_1	280	130.090563632694
585.714285714286	733.333333333333	73.5280222467771	24.6	98.1280222467771	DBCA	42_1	70	110.574984431918
585.714285714286	766.666666666667	76.3044689917702	24.6	100.90446899177	DBCA	42_1	140	121.81083393512
585.714285714286	800	75.1416551860967	24.6	99.7416551860967	DBCA	42_1	0	99.7416551860967
585.714285714286	833.333333333333	79.8183957027603	24.6	104.41839570276	DBCA	42_2	280	130.280887881735
585.714285714286	866.666666666667	79.3607281093751	24.6	103.960728109375	DBCA	42_2	0	103.960728109375
585.714285714286	900	78.5533487001442	24.6	103.153348700144	DBCA	42_2	140	124.059713643494
585.714285714286	933.333333333333	74.0543329916643	24.6	98.6543329916642	DBCA	42_2	70	111.101295176805
585.714285714286	966.666666666667	79.5338063277016	24.6	104.133806327702	DBCA	42_2	210	129.51201460233
600	666.666666666667	82.923810511079	24.6	107.523810511079	DBCA	43_1	140	128.430175454429
600	700	80.9853570879407	24.6	105.585357087941	DBCA	43_1	210	130.963565362569
600	733.333333333333	75.8746351031131	24.6	100.474635103113	DBCA	43_1	70	112.921597288254
600	766.666666666667	74.8509892595434	24.6	99.4509892595434	DBCA	43_1	280	125.313481438518
600	800	78.6155684577698	24.6	103.21556845777	DBCA	43_1	0	103.21556845777
600	833.333333333333	77.8769943345092	24.6	102.476994334509	DBCA	43_2	210	127.855202609137
600	866.666666666667	79.9183597878721	24.6	104.518359787872	DBCA	43_2	0	104.518359787872
600	900	75.8895858043424	24.6	100.489585804342	DBCA	43_2	70	112.936547989483
600	933.333333333333	74.2968276225332	24.6	98.8968276225332	DBCA	43_2	280	124.759319801508
600	966.666666666667	75.7566959883089	24.6	100.356695988309	DBCA	43_2	140	121.263060931659
614.285714285714	666.666666666667	79.9537911889503	24.6	104.55379118895	DBCA	44_1	70	117.000753374091
614.285714285714	700	83.0141163810682	24.6	107.614116381068	DBCA	44_1	210	132.992324655696
614.285714285714	733.333333333333	80.1388060819612	24.6	104.738806081961	DBCA	44_1	280	130.601298260936
614.285714285714	766.666666666667	74.2231192551116	24.6	98.8231192551116	DBCA	44_1	140	119.729484198462
614.285714285714	800	80.7869078043804	24.6	105.38690780438	DBCA	44_1	0	105.38690780438
614.285714285714	833.333333333333	79.64217296466	24.6	104.24217296466	DBCA	44_2	0	104.24217296466
614.285714285714	866.666666666667	79.6513835389527	24.6	104.251383538953	DBCA	44_2	280	130.113875717927
614.285714285714	900	79.2081213794777	24.6	103.808121379478	DBCA	44_2	210	129.186329654106
614.285714285714	933.333333333333	76.0251071038666	24.6	100.625107103867	DBCA	44_2	70	113.072069289007
614.285714285714	966.666666666667	75.4674439841265	24.6	100.067443984127	DBCA	44_2	140	120.973808927477
628.571428571429	666.666666666667	83.5078694782091	24.6	108.107869478209	DBCA	45_1	70	120.55483166335
628.571428571429	700	84.4132228014664	24.6	109.013222801466	DBCA	45_1	280	134.875714980441
628.571428571429	733.333333333333	80.8079013670945	24.6	105.407901367095	DBCA	45_1	0	105.407901367095
628.571428571429	766.666666666667	76.8229510232988	24.6	101.422951023299	DBCA	45_1	210	126.801159297927
628.571428571429	800	78.2760234086621	24.6	102.876023408662	DBCA	45_1	140	123.782388352012
628.571428571429	833.333333333333	79.7262487952434	24.6	104.326248795243	DBCA	45_2	140	125.232613738594
628.571428571429	866.666666666667	77.8463708547982	24.6	102.446370854798	DBCA	45_2	280	128.308863033773
628.571428571429	900	74.988330157659	24.6	99.588330157659	DBCA	45_2	0	99.588330157659
628.571428571429	933.333333333333	76.7866471900478	24.6	101.386647190048	DBCA	45_2	210	126.764855464676
628.571428571429	966.666666666667	76.2074230767435	24.6	100.807423076744	DBCA	45_2	70	113.254385261884
642.857142857143	666.666666666667	81.5933176529328	24.6	106.193317652933	DBCA	46_1	280	132.055809831907
642.857142857143	700	82.8971655258	24.6	107.4971655258	DBCA	46_1	140	128.40353046915
642.857142857143	733.333333333333	84.1080938766439	24.6	108.708093876644	DBCA	46_1	0	108.708093876644
642.857142857143	766.666666666667	80.9552393992272	24.6	105.555239399227	DBCA	46_1	210	130.933447673855
642.857142857143	800	78.9507617729365	24.6	103.550761772936	DBCA	46_1	70	115.997723958077
642.857142857143	833.333333333333	75.63848839723	24.6	100.23848839723	DBCA	46_2	280	126.100980576205
642.857142857143	866.666666666667	75.5715410426523	24.6	100.171541042652	DBCA	46_2	140	121.077905986003
642.857142857143	900	72.7863673055727	24.6	97.3863673055727	DBCA	46_2	0	97.3863673055727
642.857142857143	933.333333333333	73.6037436036654	24.6	98.2037436036654	DBCA	46_2	70	110.650705788806
642.857142857143	966.666666666667	79.061489192741	24.6	103.661489192741	DBCA	46_2	210	129.039697467369
657.142857142857	666.666666666667	78.6918099514897	24.6	103.29180995149	DBCA	47_1	140	124.19817489484
657.142857142857	700	84.4368951117695	24.6	109.03689511177	DBCA	47_1	210	134.415103386398
657.142857142857	733.333333333333	81.9827599447476	24.6	106.582759944748	DBCA	47_1	70	119.029722129889
657.142857142857	766.666666666667	80.7067318827096	24.6	105.30673188271	DBCA	47_1	0	105.30673188271
657.142857142857	800	79.1453271959487	24.6	103.745327195949	DBCA	47_1	280	129.607819374923
657.142857142857	833.333333333333	73.4432485901477	24.6	98.0432485901477	DBCA	47_2	70	110.490210775289
657.142857142857	866.666666666667	73.8788633176575	24.6	98.4788633176575	DBCA	47_2	210	123.857071592286
657.142857142857	900	76.5629426567068	24.6	101.162942656707	DBCA	47_2	140	122.069307600057
657.142857142857	933.333333333333	78.8401621382339	24.6	103.440162138234	DBCA	47_2	0	103.440162138234
657.142857142857	966.666666666667	77.2575128311823	24.6	101.857512831182	DBCA	47_2	280	127.720005010157
671.428571428571	666.666666666667	80.02016990435	24.6	104.62016990435	DBCA	48_1	280	130.482662083325
671.428571428571	700	78.7822120477432	24.6	103.382212047743	DBCA	48_1	140	124.288576991093
671.428571428571	733.333333333333	80.9240332379485	24.6	105.524033237949	DBCA	48_1	210	130.902241512577
671.428571428571	766.666666666667	78.3570365211091	24.6	102.957036521109	DBCA	48_1	70	115.40399870625
671.428571428571	800	76.8019853939498	24.6	101.40198539395	DBCA	48_1	0	101.40198539395
671.428571428571	833.333333333333	76.2540752870894	24.6	100.854075287089	DBCA	48_2	70	113.30103747223
671.428571428571	866.666666666667	73.8798327456033	24.6	98.4798327456033	DBCA	48_2	210	123.858041020231
671.428571428571	900	79.7871648932551	24.6	104.387164893255	DBCA	48_2	140	125.293529836605
671.428571428571	933.333333333333	77.1539299337929	24.6	101.753929933793	DBCA	48_2	280	127.616422112768
671.428571428571	966.666666666667	78.0514654974162	24.6	102.651465497416	DBCA	48_2	0	102.651465497416
685.714285714286	666.666666666667	77.4852270789421	24.6	102.085227078942	DBCA	49_1	140	122.991592022292
685.714285714286	700	82.2916933414107	24.6	106.891693341411	DBCA	49_1	70	119.338655526552
685.714285714286	733.333333333333	80.7111241258289	24.6	105.311124125829	DBCA	49_1	280	131.173616304804
685.714285714286	766.666666666667	81.8732748550625	24.6	106.473274855063	DBCA	49_1	210	131.851483129691
685.714285714286	800	78.0365940952884	24.6	102.636594095288	DBCA	49_1	0	102.636594095288
685.714285714286	833.333333333333	77.3924580054797	24.6	101.99245800548	DBCA	49_2	0	101.99245800548
685.714285714286	866.666666666667	76.7398090660916	24.6	101.339809066092	DBCA	49_2	280	127.202301245066
685.714285714286	900	80.3067160321611	24.6	104.906716032161	DBCA	49_2	70	117.353678217302
685.714285714286	933.333333333333	75.1146267238112	24.6	99.7146267238112	DBCA	49_2	140	120.620991667161
685.714285714286	966.666666666667	78.2653954885277	24.6	102.865395488528	DBCA	49_2	210	128.243603763156
57.1428571428571	666.666666666667	81.1107799859408	0	81.1107799859408	DBCA	5_1	140	90.3075449292911
57.1428571428571	700	86.8168113016197	0	86.8168113016197	DBCA	5_1	210	94.6306195762479
57.1428571428571	733.333333333333	75.9522550051575	0	75.9522550051575	DBCA	5_1	0	75.9522550051575
57.1428571428571	766.666666666667	77.2763089791518	0	77.2763089791518	DBCA	5_1	70	83.8684711642926
57.1428571428571	800	78.9425057200194	0	78.9425057200194	DBCA	5_1	280	81.3857978989941
57.1428571428571	833.333333333333	79.3568346245472	0	79.3568346245472	DBCA	5_2	210	87.1706428991754
57.1428571428571	866.666666666667	79.0550509002313	0	79.0550509002313	DBCA	5_2	140	88.2518158435816
57.1428571428571	900	77.5619744700273	0	77.5619744700273	DBCA	5_2	70	84.1541366551682
57.1428571428571	933.333333333333	83.5639273084717	0	83.5639273084717	DBCA	5_2	280	86.0072194874464
57.1428571428571	966.666666666667	85.8590571150889	0	85.8590571150889	DBCA	5_2	0	85.8590571150889
700	666.666666666667	77.5058820814591	24.6	102.105882081459	DBCA	50_1	210	127.484090356087
700	700	81.8844067305897	24.6	106.48440673059	DBCA	50_1	280	132.346898909564
700	733.333333333333	84.6481726096883	24.6	109.248172609688	DBCA	50_1	0	109.248172609688
700	766.666666666667	83.0585096564837	24.6	107.658509656484	DBCA	50_1	70	120.105471841625
700	800	75.865561627006	24.6	100.465561627006	DBCA	50_1	140	121.371926570356
700	833.333333333333	77.7071759792504	24.6	102.30717597925	DBCA	50_2	280	128.169668158225
700	866.666666666667	76.9133673317194	24.6	101.513367331719	DBCA	50_2	210	126.891575606348
700	900	80.6100653086546	24.6	105.210065308655	DBCA	50_2	70	117.657027493795
700	933.333333333333	77.9090948891852	24.6	102.509094889185	DBCA	50_2	140	123.415459832536
700	966.666666666667	76.5494017562144	24.6	101.149401756214	DBCA	50_2	0	101.149401756214
714.285714285714	666.666666666667	80.8779266890647	24.6	105.477926689065	DBCA	51_1	210	130.856134963693
714.285714285714	700	85.3407092838592	24.6	109.940709283859	DBCA	51_1	280	135.803201462834
714.285714285714	733.333333333333	82.0712524947131	24.6	106.671252494713	DBCA	51_1	140	127.577617438063
714.285714285714	766.666666666667	81.6473328076045	24.6	106.247332807605	DBCA	51_1	0	106.247332807605
714.285714285714	800	77.494021537886	24.6	102.094021537886	DBCA	51_1	70	114.540983723027
714.285714285714	833.333333333333	78.8428198078975	24.6	103.442819807897	DBCA	51_2	70	115.889781993038
714.285714285714	866.666666666667	80.0351828882298	24.6	104.63518288823	DBCA	51_2	210	130.013391162858
714.285714285714	900	80.1325234147225	24.6	104.732523414723	DBCA	51_2	140	125.638888358073
714.285714285714	933.333333333333	77.6943256200227	24.6	102.294325620023	DBCA	51_2	280	128.156817798997
714.285714285714	966.666666666667	79.0750999044809	24.6	103.675099904481	DBCA	51_2	0	103.675099904481
728.571428571429	666.666666666667	79.8609482220239	24.6	104.460948222024	DBCA	52_1	0	104.460948222024
728.571428571429	700	80.8192425544451	24.6	105.419242554445	DBCA	52_1	280	131.28173473342
728.571428571429	733.333333333333	81.2316376209209	24.6	105.831637620921	DBCA	52_1	70	118.278599806062
728.571428571429	766.666666666667	83.0928585792594	24.6	107.692858579259	DBCA	52_1	140	128.59922352261
728.571428571429	800	78.2149819796842	24.6	102.814981979684	DBCA	52_1	210	128.193190254312
728.571428571429	833.333333333333	77.6313772284533	24.6	102.231377228453	DBCA	52_2	210	127.609585503081
728.571428571429	866.666666666667	80.9579273777204	24.6	105.55792737772	DBCA	52_2	0	105.55792737772
728.571428571429	900	80.6841046767038	24.6	105.284104676704	DBCA	52_2	70	117.731066861845
728.571428571429	933.333333333333	79.2220596820009	24.6	103.822059682001	DBCA	52_2	140	124.728424625351
728.571428571429	966.666666666667	78.4882818965558	24.6	103.088281896556	DBCA	52_2	280	128.95077407553
742.857142857143	666.666666666667	80.6441555433141	24.6	105.244155543314	DBCA	53_1	210	130.622363817942
742.857142857143	700	81.6145842578443	24.6	106.214584257844	DBCA	53_1	280	132.077076436819
742.857142857143	733.333333333333	85.0793824812234	24.6	109.679382481223	DBCA	53_1	70	122.126344666364
742.857142857143	766.666666666667	79.4985031881356	24.6	104.098503188136	DBCA	53_1	140	125.004868131486
742.857142857143	800	80.0046269866952	24.6	104.604626986695	DBCA	53_1	0	104.604626986695
742.857142857143	833.333333333333	79.2696095675573	24.6	103.869609567557	DBCA	53_2	140	124.775974510908
742.857142857143	866.666666666667	80.1059403417764	24.6	104.705940341776	DBCA	53_2	70	117.152902526917
742.857142857143	900	78.8909550919054	24.6	103.490955091905	DBCA	53_2	0	103.490955091905
742.857142857143	933.333333333333	76.6663486376429	24.6	101.266348637643	DBCA	53_2	210	126.644556912271
742.857142857143	966.666666666667	75.9816887867559	24.6	100.581688786756	DBCA	53_2	280	126.444180965731
757.142857142857	666.666666666667	82.6361638127738	24.6	107.236163812774	DBCA	54_1	70	119.683125997915
757.142857142857	700	83.9615559462931	24.6	108.561555946293	DBCA	54_1	140	129.467920889643
757.142857142857	733.333333333333	79.2346523718616	24.6	103.834652371862	DBCA	54_1	0	103.834652371862
757.142857142857	766.666666666667	84.1289802955193	24.6	108.728980295519	DBCA	54_1	210	134.107188570147
757.142857142857	800	78.8550434935654	24.6	103.455043493565	DBCA	54_1	280	129.31753567254
757.142857142857	833.333333333333	80.4914352284222	24.6	105.091435228422	DBCA	54_2	280	130.953927407397
757.142857142857	866.666666666667	79.5796461821573	24.6	104.179646182157	DBCA	54_2	0	104.179646182157
757.142857142857	900	82.9314432516566	24.6	107.531443251657	DBCA	54_2	70	119.978405436797
757.142857142857	933.333333333333	74.9349468328419	24.6	99.5349468328419	DBCA	54_2	140	120.441311776192
757.142857142857	966.666666666667	72.9362037410722	24.6	97.5362037410722	DBCA	54_2	210	122.9144120157
771.428571428571	666.666666666667	80.6303630646078	24.6	105.230363064608	DBCA	55_1	280	131.092855243582
771.428571428571	700	77.5250552690159	24.6	102.125055269016	DBCA	55_1	0	102.125055269016
771.428571428571	733.333333333333	81.3219762242694	24.6	105.921976224269	DBCA	55_1	210	131.300184498898
771.428571428571	766.666666666667	84.273000410908	24.6	108.873000410908	DBCA	55_1	70	121.319962596049
771.428571428571	800	79.9413288673444	24.6	104.541328867344	DBCA	55_1	140	125.447693810695
771.428571428571	833.333333333333	79.5403357321183	24.6	104.140335732118	DBCA	55_2	210	129.518544006747
771.428571428571	866.666666666667	77.9860686001236	24.6	102.586068600124	DBCA	55_2	280	128.448560779098
771.428571428571	900	79.6939572038552	24.6	104.293957203855	DBCA	55_2	70	116.740919388996
771.428571428571	933.333333333333	75.6482575309983	24.6	100.248257530998	DBCA	55_2	140	121.154622474349
771.428571428571	966.666666666667	75.4898400419913	24.6	100.089840041991	DBCA	55_2	0	100.089840041991
785.714285714286	666.666666666667	81.6164096318811	24.6	106.216409631881	DBCA	56_1	140	127.122774575231
785.714285714286	700	78.360434051278	24.6	102.960434051278	DBCA	56_1	70	115.407396236419
785.714285714286	733.333333333333	81.7876573510399	24.6	106.38765735104	DBCA	56_1	210	131.765865625668
785.714285714286	766.666666666667	82.0540114622001	24.6	106.6540114622	DBCA	56_1	280	132.516503641175
785.714285714286	800	76.9711999118256	24.6	101.571199911826	DBCA	56_1	0	101.571199911826
785.714285714286	833.333333333333	81.4615040366599	24.6	106.06150403666	DBCA	56_2	140	126.96786898001
785.714285714286	866.666666666667	80.9008738634613	24.6	105.500873863461	DBCA	56_2	0	105.500873863461
785.714285714286	900	78.4728793867472	24.6	103.072879386747	DBCA	56_2	280	128.935371565722
785.714285714286	933.333333333333	75.4669997245643	24.6	100.066999724564	DBCA	56_2	70	112.513961909705
785.714285714286	966.666666666667	76.9798622273827	24.6	101.579862227383	DBCA	56_2	210	126.958070502011
800	666.666666666667	80.1752052751689	24.6	104.775205275169	DBCA	57_1	0	104.775205275169
800	700	80.3522382872321	24.6	104.952238287232	DBCA	57_1	140	125.858603230582
800	733.333333333333	82.8633876087455	24.6	107.463387608745	DBCA	57_1	210	132.841595883374
800	766.666666666667	82.7454570990542	24.6	107.345457099054	DBCA	57_1	280	133.207949278029
800	800	84.0536572437896	24.6	108.65365724379	DBCA	57_1	70	121.10061942893
800	833.333333333333	81.7480660418582	24.6	106.348066041858	DBCA	57_2	140	127.254430985208
800	866.666666666667	81.3027184310686	24.6	105.902718431069	DBCA	57_2	210	131.280926705697
800	900	77.4469191047001	24.6	102.0469191047	DBCA	57_2	0	102.0469191047
800	933.333333333333	79.524962845492	24.6	104.124962845492	DBCA	57_2	280	129.987455024467
800	966.666666666667	77.6973743322126	24.6	102.297374332213	DBCA	57_2	70	114.744336517354
814.285714285714	666.666666666667	84.7563630480364	24.6	109.356363048036	DBCA	58_1	0	109.356363048036
814.285714285714	700	75.4867747402769	24.6	100.086774740277	DBCA	58_1	140	120.993139683627
814.285714285714	733.333333333333	82.1124004536869	24.6	106.712400453687	DBCA	58_1	280	132.574892632662
814.285714285714	766.666666666667	83.301006045791	24.6	107.901006045791	DBCA	58_1	70	120.347968230932
814.285714285714	800	83.5207954067141	24.6	108.120795406714	DBCA	58_1	210	133.499003681342
814.285714285714	833.333333333333	82.118866965689	24.6	106.718866965689	DBCA	58_2	0	106.718866965689
814.285714285714	866.666666666667	78.613149195903	24.6	103.213149195903	DBCA	58_2	280	129.075641374878
814.285714285714	900	77.0518659933963	24.6	101.651865993396	DBCA	58_2	210	127.030074268025
814.285714285714	933.333333333333	75.0824645582485	24.6	99.6824645582485	DBCA	58_2	140	120.588829501599
814.285714285714	966.666666666667	80.6686106978183	24.6	105.268610697818	DBCA	58_2	70	117.715572882959
828.571428571429	666.666666666667	79.0714662562134	24.6	103.671466256213	DBCA	59_1	0	103.671466256213
828.571428571429	700	75.6676740515055	24.6	100.267674051506	DBCA	59_1	280	126.13016623048
828.571428571429	733.333333333333	79.9483873884198	24.6	104.54838738842	DBCA	59_1	70	116.995349573561
828.571428571429	766.666666666667	83.5210363911538	24.6	108.121036391154	DBCA	59_1	140	129.027401334504
828.571428571429	800	86.8441229501071	24.6	111.444122950107	DBCA	59_1	210	136.822331224735
828.571428571429	833.333333333333	79.0007279264475	24.6	103.600727926447	DBCA	59_2	210	128.978936201076
828.571428571429	866.666666666667	79.6327029424886	24.6	104.232702942489	DBCA	59_2	0	104.232702942489
828.571428571429	900	81.2078921816589	24.6	105.807892181659	DBCA	59_2	70	118.2548543668
828.571428571429	933.333333333333	77.8374722011498	24.6	102.43747220115	DBCA	59_2	140	123.3438371445
828.571428571429	966.666666666667	76.3166570701073	24.6	100.916657070107	DBCA	59_2	280	126.779149249082
71.4285714285714	666.666666666667	84.3221480022731	0	84.3221480022731	DBCA	6_1	70	90.914310187414
71.4285714285714	700	81.8075724164316	0	81.8075724164316	DBCA	6_1	280	84.2508645954063
71.4285714285714	733.333333333333	79.2011057046436	0	79.2011057046436	DBCA	6_1	140	88.3978706479938
71.4285714285714	766.666666666667	83.6239539560185	0	83.6239539560185	DBCA	6_1	0	83.6239539560185
71.4285714285714	800	83.9748868881033	0	83.9748868881033	DBCA	6_1	210	91.7886951627315
71.4285714285714	833.333333333333	79.9647348042436	0	79.9647348042436	DBCA	6_2	210	87.7785430788718
71.4285714285714	866.666666666667	77.660965620231	0	77.660965620231	DBCA	6_2	70	84.2531278053719
71.4285714285714	900	78.7061455288262	0	78.7061455288262	DBCA	6_2	0	78.7061455288262
71.4285714285714	933.333333333333	82.6253442616391	0	82.6253442616391	DBCA	6_2	140	91.8221092049893
71.4285714285714	966.666666666667	86.685905493873	0	86.685905493873	DBCA	6_2	280	89.1291976728477
842.857142857143	666.666666666667	80.4521412693118	24.6	105.052141269312	DBCA	60_1	210	130.43034954394
842.857142857143	700	80.0088774790595	24.6	104.60887747906	DBCA	60_1	280	130.471369658034
842.857142857143	733.333333333333	83.4870131075807	24.6	108.087013107581	DBCA	60_1	70	120.533975292722
842.857142857143	766.666666666667	85.2117428387465	24.6	109.811742838746	DBCA	60_1	0	109.811742838746
842.857142857143	800	85.1525001910728	24.6	109.752500191073	DBCA	60_1	140	130.658865134423
842.857142857143	833.333333333333	83.6562425250222	24.6	108.256242525022	DBCA	60_2	0	108.256242525022
842.857142857143	866.666666666667	83.5206675111046	24.6	108.120667511105	DBCA	60_2	210	133.498875785733
842.857142857143	900	83.1991986641492	24.6	107.799198664149	DBCA	60_2	70	120.24616084929
842.857142857143	933.333333333333	76.7433106638579	24.6	101.343310663858	DBCA	60_2	280	127.205802842833
842.857142857143	966.666666666667	80.0719305326175	24.6	104.671930532618	DBCA	60_2	140	125.578295475968
857.142857142857	666.666666666667	82.594329616146	24.6	107.194329616146	DBCA	61_1	210	132.572537890774
857.142857142857	700	79.6336374806756	24.6	104.233637480676	DBCA	61_1	140	125.140002424026
857.142857142857	733.333333333333	82.6280604025785	24.6	107.228060402579	DBCA	61_1	70	119.675022587719
857.142857142857	766.666666666667	86.9412671863529	24.6	111.541267186353	DBCA	61_1	280	137.403759365328
857.142857142857	800	85.4825234802331	24.6	110.082523480233	DBCA	61_1	0	110.082523480233
857.142857142857	833.333333333333	82.8055627396146	24.6	107.405562739615	DBCA	61_2	140	128.311927682965
857.142857142857	866.666666666667	84.5516191163956	24.6	109.151619116396	DBCA	61_2	210	134.529827391024
857.142857142857	900	85.1736780864904	24.6	109.77367808649	DBCA	61_2	0	109.77367808649
857.142857142857	933.333333333333	77.8116025564788	24.6	102.411602556479	DBCA	61_2	70	114.85856474162
857.142857142857	966.666666666667	80.2174396019686	24.6	104.817439601969	DBCA	61_2	280	130.679931780943
871.428571428571	666.666666666667	80.2175632490432	24.6	104.817563249043	DBCA	62_1	280	130.680055428018
871.428571428571	700	84.0037530742534	24.6	108.603753074253	DBCA	62_1	210	133.981961348882
871.428571428571	733.333333333333	83.9230576900173	24.6	108.523057690017	DBCA	62_1	70	120.970019875158
871.428571428571	766.666666666667	81.2128449927089	24.6	105.812844992709	DBCA	62_1	0	105.812844992709
871.428571428571	800	85.8664157756617	24.6	110.466415775662	DBCA	62_1	140	131.372780719012
871.428571428571	833.333333333333	85.3452594797075	24.6	109.945259479707	DBCA	62_2	140	130.851624423058
871.428571428571	866.666666666667	87.3306513354551	24.6	111.930651335455	DBCA	62_2	0	111.930651335455
871.428571428571	900	82.4244670652883	24.6	107.024467065288	DBCA	62_2	210	132.402675339916
871.428571428571	933.333333333333	81.0651487679205	24.6	105.665148767921	DBCA	62_2	70	118.112110953061
871.428571428571	966.666666666667	81.4546821207961	24.6	106.054682120796	DBCA	62_2	280	131.917174299771
885.714285714286	666.666666666667	83.0927810032786	24.6	107.692781003279	DBCA	63_1	70	120.139743188419
885.714285714286	700	86.0033879411947	24.6	110.603387941195	DBCA	63_1	140	131.509752884545
885.714285714286	733.333333333333	80.1708966017221	24.6	104.770896601722	DBCA	63_1	280	130.633388780697
885.714285714286	766.666666666667	81.9405982159593	24.6	106.540598215959	DBCA	63_1	0	106.540598215959
885.714285714286	800	78.9000367706006	24.6	103.500036770601	DBCA	63_1	210	128.878245045229
885.714285714286	833.333333333333	84.4898324617023	24.6	109.089832461702	DBCA	63_2	280	134.952324640677
885.714285714286	866.666666666667	81.3653324686359	24.6	105.965332468636	DBCA	63_2	210	131.343540743264
885.714285714286	900	81.1954117178654	24.6	105.795411717865	DBCA	63_2	140	126.701776661216
885.714285714286	933.333333333333	80.3183249278417	24.6	104.918324927842	DBCA	63_2	70	117.365287112983
885.714285714286	966.666666666667	83.597008141026	24.6	108.197008141026	DBCA	63_2	0	108.197008141026
900	666.666666666667	81.6221714437089	24.6	106.222171443709	DBCA	64_1	280	132.084663622684
900	700	83.8203966463798	24.6	108.42039664638	DBCA	64_1	0	108.42039664638
900	733.333333333333	83.1003093914795	24.6	107.700309391479	DBCA	64_1	140	128.60667433483
900	766.666666666667	78.5901015059147	24.6	103.190101505915	DBCA	64_1	210	128.568309780543
900	800	82.2962580397391	24.6	106.896258039739	DBCA	64_1	70	119.34322022488
900	833.333333333333	79.9323533826926	24.6	104.532353382693	DBCA	64_2	140	125.438718326043
900	866.666666666667	82.4900779838654	24.6	107.090077983865	DBCA	64_2	0	107.090077983865
900	900	83.8031413987514	24.6	108.403141398751	DBCA	64_2	280	134.265633577726
900	933.333333333333	78.5630049418398	24.6	103.16300494184	DBCA	64_2	210	128.541213216468
900	966.666666666667	82.8686941494012	24.6	107.468694149401	DBCA	64_2	70	119.915656334542
914.285714285714	666.666666666667	81.2757157832269	24.6	105.875715783227	DBCA	65_1	70	118.322677968368
914.285714285714	700	84.6306246121777	24.6	109.230624612178	DBCA	65_1	140	130.136989555528
914.285714285714	733.333333333333	82.1449601958998	24.6	106.7449601959	DBCA	65_1	0	106.7449601959
914.285714285714	766.666666666667	77.2851833026424	24.6	101.885183302642	DBCA	65_1	210	127.263391577271
914.285714285714	800	80.1418747506091	24.6	104.741874750609	DBCA	65_1	280	130.604366929584
914.285714285714	833.333333333333	76.0017829346407	24.6	100.601782934641	DBCA	65_2	280	126.464275113615
914.285714285714	866.666666666667	76.1426185771433	24.6	100.742618577143	DBCA	65_2	140	121.648983520494
914.285714285714	900	78.7532205523726	24.6	103.353220552373	DBCA	65_2	0	103.353220552373
914.285714285714	933.333333333333	80.0520703415529	24.6	104.652070341553	DBCA	65_2	210	130.030278616181
914.285714285714	966.666666666667	82.6429688704609	24.6	107.242968870461	DBCA	65_2	70	119.689931055602
928.571428571429	666.666666666667	80.3295811817164	24.6	104.929581181716	DBCA	66_1	70	117.376543366857
928.571428571429	700	79.5888101768792	24.6	104.188810176879	DBCA	66_1	0	104.188810176879
928.571428571429	733.333333333333	77.2864412469372	24.6	101.886441246937	DBCA	66_1	210	127.264649521565
928.571428571429	766.666666666667	73.5615760180393	24.6	98.1615760180393	DBCA	66_1	140	119.06794096139
928.571428571429	800	79.2518465481532	24.6	103.851846548153	DBCA	66_1	280	129.714338727128
928.571428571429	833.333333333333	78.0162774513827	24.6	102.616277451383	DBCA	66_2	70	115.063239636524
928.571428571429	866.666666666667	80.1102608386233	24.6	104.710260838623	DBCA	66_2	0	104.710260838623
928.571428571429	900	81.3334429798638	24.6	105.933442979864	DBCA	66_2	280	131.795935158838
928.571428571429	933.333333333333	79.2246108037097	24.6	103.82461080371	DBCA	66_2	210	129.202819078338
928.571428571429	966.666666666667	83.7915671353013	24.6	108.391567135301	DBCA	66_2	140	129.297932078652
942.857142857143	666.666666666667	79.4908961271971	24.6	104.090896127197	DBCA	67_1	0	104.090896127197
942.857142857143	700	80.1371869582747	24.6	104.737186958275	DBCA	67_1	210	130.115395232903
942.857142857143	733.333333333333	75.0862898152491	24.6	99.6862898152491	DBCA	67_1	280	125.548781994224
942.857142857143	766.666666666667	75.0606550830156	24.6	99.6606550830156	DBCA	67_1	70	112.107617268156
942.857142857143	800	74.7365408349845	24.6	99.3365408349845	DBCA	67_1	140	120.242905778335
942.857142857143	833.333333333333	80.5968904523061	24.6	105.196890452306	DBCA	67_2	70	117.643852637447
942.857142857143	866.666666666667	79.642513393929	24.6	104.242513393929	DBCA	67_2	210	129.620721668557
942.857142857143	900	82.9428694017994	24.6	107.542869401799	DBCA	67_2	0	107.542869401799
942.857142857143	933.333333333333	80.1155436517293	24.6	104.715543651729	DBCA	67_2	280	130.578035830704
942.857142857143	966.666666666667	85.6649469089244	24.6	110.264946908924	DBCA	67_2	140	131.171311852275
957.142857142857	666.666666666667	77.9821994087339	24.6	102.582199408734	DBCA	68_1	0	102.582199408734
957.142857142857	700	81.329801518484	24.6	105.929801518484	DBCA	68_1	140	126.836166461834
957.142857142857	733.333333333333	81.3191922652234	24.6	105.919192265223	DBCA	68_1	280	131.781684444198
957.142857142857	766.666666666667	81.4020656308418	24.6	106.002065630842	DBCA	68_1	210	131.38027390547
957.142857142857	800	78.4986655731544	24.6	103.098665573154	DBCA	68_1	70	115.545627758295
957.142857142857	833.333333333333	79.4560744685546	24.6	104.056074468555	DBCA	68_2	280	129.918566647529
957.142857142857	866.666666666667	78.8979599975108	24.6	103.497959997511	DBCA	68_2	70	115.944922182652
957.142857142857	900	80.7642391246529	24.6	105.364239124653	DBCA	68_2	210	130.742447399281
957.142857142857	933.333333333333	81.8606272756469	24.6	106.460627275647	DBCA	68_2	140	127.366992218997
957.142857142857	966.666666666667	84.0017034252855	24.6	108.601703425286	DBCA	68_2	0	108.601703425286
971.428571428571	666.666666666667	78.5866835914268	24.6	103.186683591427	DBCA	69_1	280	129.049175770401
971.428571428571	700	81.516221285763	24.6	106.116221285763	DBCA	69_1	0	106.116221285763
971.428571428571	733.333333333333	80.8437928486111	24.6	105.443792848611	DBCA	69_1	70	117.890755033752
971.428571428571	766.666666666667	79.8321960587142	24.6	104.432196058714	DBCA	69_1	140	125.338561002064
971.428571428571	800	80.1940698835689	24.6	104.794069883569	DBCA	69_1	210	130.172278158197
971.428571428571	833.333333333333	79.2704566041391	24.6	103.870456604139	DBCA	69_2	280	129.732948783114
971.428571428571	866.666666666667	79.7710925788578	24.6	104.371092578858	DBCA	69_2	70	116.818054763999
971.428571428571	900	79.4592792664259	24.6	104.059279266426	DBCA	69_2	140	124.965644209776
971.428571428571	933.333333333333	83.2371379758602	24.6	107.83713797586	DBCA	69_2	0	107.83713797586
971.428571428571	966.666666666667	83.1716963174395	24.6	107.77169631744	DBCA	69_2	210	133.149904592068
85.7142857142857	666.666666666667	82.7422383693848	0	82.7422383693848	DBCA	7_1	140	91.9390033127351
85.7142857142857	700	77.352645352639	0	77.352645352639	DBCA	7_1	70	83.9448075377798
85.7142857142857	733.333333333333	80.5288644350385	0	80.5288644350385	DBCA	7_1	210	88.3426727096667
85.7142857142857	766.666666666667	83.2095099543132	0	83.2095099543132	DBCA	7_1	280	85.6528021332878
85.7142857142857	800	85.0061890650593	0	85.0061890650593	DBCA	7_1	0	85.0061890650593
85.7142857142857	833.333333333333	79.7637616099015	0	79.7637616099015	DBCA	7_2	70	86.3559237950423
85.7142857142857	866.666666666667	77.7678832499854	0	77.7678832499854	DBCA	7_2	210	85.5816915246136
85.7142857142857	900	82.5272547833505	0	82.5272547833505	DBCA	7_2	280	84.9705469623252
85.7142857142857	933.333333333333	84.313912460751	0	84.313912460751	DBCA	7_2	140	93.5106774041012
85.7142857142857	966.666666666667	87.4983081513558	0	87.4983081513558	DBCA	7_2	0	87.4983081513558
985.714285714286	666.666666666667	80.1490146595623	24.6	104.749014659562	DBCA	70_1	0	104.749014659562
985.714285714286	700	82.9193716408573	24.6	107.519371640857	DBCA	70_1	210	132.897579915485
985.714285714286	733.333333333333	83.6681184867284	24.6	108.268118486728	DBCA	70_1	70	120.715080671869
985.714285714286	766.666666666667	78.040778980742	24.6	102.640778980742	DBCA	70_1	140	123.547143924092
985.714285714286	800	77.676102342629	24.6	102.276102342629	DBCA	70_1	280	128.138594521604
985.714285714286	833.333333333333	79.220421338087	24.6	103.820421338087	DBCA	70_2	0	103.820421338087
985.714285714286	866.666666666667	80.1517492152523	24.6	104.751749215252	DBCA	70_2	70	117.198711400393
985.714285714286	900	81.702690292236	24.6	106.302690292236	DBCA	70_2	280	132.165182471211
985.714285714286	933.333333333333	80.7234030949252	24.6	105.323403094925	DBCA	70_2	140	126.229768038275
985.714285714286	966.666666666667	84.0996717667904	24.6	108.69967176679	DBCA	70_2	210	134.077880041419
1000	666.666666666667	79.2170796416502	24.6	103.81707964165	DBCA	71_1	70	116.264041826791
1000	700	83.5836125351081	24.6	108.183612535108	DBCA	71_1	140	129.089977478458
1000	733.333333333333	77.7133800129969	24.6	102.313380012997	DBCA	71_1	210	127.691588287625
1000	766.666666666667	77.3799452739255	24.6	101.979945273925	DBCA	71_1	0	101.979945273925
1000	800	77.5316283829784	24.6	102.131628382978	DBCA	71_1	280	127.994120561953
1000	833.333333333333	80.0914523700032	24.6	104.691452370003	DBCA	71_2	70	117.138414555144
1000	866.666666666667	79.8415518381438	24.6	104.441551838144	DBCA	71_2	280	130.304044017118
1000	900	83.5101306763111	24.6	108.110130676311	DBCA	71_2	140	129.016495619661
1000	933.333333333333	81.0400679979796	24.6	105.64006799798	DBCA	71_2	210	131.018276272608
1000	966.666666666667	81.6186516079299	24.6	106.21865160793	DBCA	71_2	0	106.21865160793
100	666.666666666667	81.6929778049086	0	81.6929778049086	DBCA	8_1	0	81.6929778049086
100	700	77.4368324262756	0	77.4368324262756	DBCA	8_1	70	84.0289946114165
100	733.333333333333	79.3209456816395	0	79.3209456816395	DBCA	8_1	210	87.1347539562677
100	766.666666666667	83.7029841984293	0	83.7029841984293	DBCA	8_1	280	86.1462763774039
100	800	83.5201728115037	0	83.5201728115037	DBCA	8_1	140	92.7169377548539
100	833.333333333333	79.7395069476863	0	79.7395069476863	DBCA	8_2	140	88.9362718910365
100	866.666666666667	78.2329002818586	0	78.2329002818586	DBCA	8_2	70	84.8250624669994
100	900	81.9426182989568	0	81.9426182989568	DBCA	8_2	0	81.9426182989568
100	933.333333333333	87.3477939404081	0	87.3477939404081	DBCA	8_2	210	95.1616022150363
100	966.666666666667	86.1931258449828	0	86.1931258449828	DBCA	8_2	280	88.6364180239574
114.285714285714	666.666666666667	80.8255535029161	0	80.8255535029161	DBCA	9_1	0	80.8255535029161
114.285714285714	700	80.666493493567	0	80.666493493567	DBCA	9_1	280	83.1097856725416
114.285714285714	733.333333333333	81.767454870552	0	81.767454870552	DBCA	9_1	140	90.9642198139022
114.285714285714	766.666666666667	83.3023940149436	0	83.3023940149436	DBCA	9_1	70	89.8945562000845
114.285714285714	800	82.5953204714045	0	82.5953204714045	DBCA	9_1	210	90.4091287460327
114.285714285714	833.333333333333	83.1313645228709	0	83.1313645228709	DBCA	9_2	140	92.3281294662212
114.285714285714	866.666666666667	79.5869481106295	0	79.5869481106295	DBCA	9_2	70	86.1791102957703
114.285714285714	900	81.5080733228098	0	81.5080733228098	DBCA	9_2	210	89.321881597438
114.285714285714	933.333333333333	86.9126301766897	0	86.9126301766897	DBCA	9_2	0	86.9126301766897
114.285714285714	966.666666666667	84.0954297129347	0	84.0954297129347	DBCA	9_2	280	86.5387218919094
0	1000	78.7665624224035	0	78.7665624224035	DBCA	1_3	NA	NA
14.2857142857143	1000	78.3691499182612	0	78.3691499182612	DBCA	2_3	NA	NA
28.5714285714286	1000	78.9473504001596	0	78.9473504001596	DBCA	3_3	NA	NA
42.8571428571429	1000	78.398594184194	0	78.398594184194	DBCA	4_3	NA	NA
57.1428571428571	1000	82.2187857804338	0	82.2187857804338	DBCA	5_3	NA	NA
71.4285714285714	1000	82.3310131788741	0	82.3310131788741	DBCA	6_3	NA	NA
85.7142857142857	1000	86.8939598112931	0	86.8939598112931	DBCA	7_3	NA	NA
100	1000	88.0161541156129	0	88.0161541156129	DBCA	8_3	NA	NA
114.285714285714	1000	82.2933059435344	0	82.2933059435344	DBCA	9_3	NA	NA
128.571428571429	1000	78.8456173875242	0	78.8456173875242	DBCA	10_3	NA	NA
142.857142857143	1000	78.1917159481367	0	78.1917159481367	DBCA	11_3	NA	NA
157.142857142857	1000	81.1245029607099	0	81.1245029607099	DBCA	12_3	NA	NA
171.428571428571	1000	79.5423257316258	0	79.5423257316258	DBCA	13_3	NA	NA
185.714285714286	1000	82.4728143792829	0	82.4728143792829	DBCA	14_3	NA	NA
200	1000	79.9636469865027	0	79.9636469865027	DBCA	15_3	NA	NA
214.285714285714	1000	79.3672757431449	0	79.3672757431449	DBCA	16_3	NA	NA
228.571428571429	1000	78.1537164323959	0	78.1537164323959	DBCA	17_3	NA	NA
242.857142857143	1000	78.7496604749311	0	78.7496604749311	DBCA	18_3	NA	NA
257.142857142857	1000	76.2652967525142	0	76.2652967525142	DBCA	19_3	NA	NA
271.428571428571	1000	81.7636843213583	0	81.7636843213583	DBCA	20_3	NA	NA
285.714285714286	1000	80.8701767542543	0	80.8701767542543	DBCA	21_3	NA	NA
300	1000	82.4603182240954	0	82.4603182240954	DBCA	22_3	NA	NA
314.285714285714	1000	81.7422182413682	0	81.7422182413682	DBCA	23_3	NA	NA
328.571428571429	1000	84.6416126521196	0	84.6416126521196	DBCA	24_3	NA	NA
342.857142857143	1000	83.7694099568073	0	83.7694099568073	DBCA	25_3	NA	NA
357.142857142857	1000	82.7268014393454	0	82.7268014393454	DBCA	26_3	NA	NA
371.428571428571	1000	78.5853823985851	0	78.5853823985851	DBCA	27_3	NA	NA
385.714285714286	1000	76.1621990275887	0	76.1621990275887	DBCA	28_3	NA	NA
400	1000	76.9225946137323	0	76.9225946137323	DBCA	29_3	NA	NA
414.285714285714	1000	77.6111827761887	0	77.6111827761887	DBCA	30_3	NA	NA
428.571428571429	1000	76.98643766954	0	76.98643766954	DBCA	31_3	NA	NA
442.857142857143	1000	75.2325384354583	0	75.2325384354583	DBCA	32_3	NA	NA
457.142857142857	1000	79.448164572136	0	79.448164572136	DBCA	33_3	NA	NA
471.428571428571	1000	79.1481599027442	0	79.1481599027442	DBCA	34_3	NA	NA
485.714285714286	1000	78.441150599327	0	78.441150599327	DBCA	35_3	NA	NA
500	1000	81.7201284540987	0	81.7201284540987	DBCA	36_3	NA	NA
514.285714285714	1000	79.1900981718361	24.6	103.790098171836	DBCA	37_3	NA	NA
528.571428571429	1000	82.377967958482	24.6	106.977967958482	DBCA	38_3	NA	NA
542.857142857143	1000	85.6834533401955	24.6	110.283453340195	DBCA	39_3	NA	NA
557.142857142857	1000	82.8231669816645	24.6	107.423166981665	DBCA	40_3	NA	NA
571.428571428571	1000	82.430402980357	24.6	107.030402980357	DBCA	41_3	NA	NA
585.714285714286	1000	80.4520879476476	24.6	105.052087947648	DBCA	42_3	NA	NA
600	1000	76.6836135788407	24.6	101.283613578841	DBCA	43_3	NA	NA
614.285714285714	1000	74.7644624951346	24.6	99.3644624951346	DBCA	44_3	NA	NA
628.571428571429	1000	77.2328760577679	24.6	101.832876057768	DBCA	45_3	NA	NA
642.857142857143	1000	72.2010556606644	24.6	96.8010556606644	DBCA	46_3	NA	NA
657.142857142857	1000	74.0050852078137	24.6	98.6050852078137	DBCA	47_3	NA	NA
671.428571428571	1000	70.7896879764485	24.6	95.3896879764485	DBCA	48_3	NA	NA
685.714285714286	1000	76.1422044583302	24.6	100.74220445833	DBCA	49_3	NA	NA
700	1000	76.758974210537	24.6	101.358974210537	DBCA	50_3	NA	NA
714.285714285714	1000	81.2662881741852	24.6	105.866288174185	DBCA	51_3	NA	NA
728.571428571429	1000	81.3005860214899	24.6	105.90058602149	DBCA	52_3	NA	NA
742.857142857143	1000	75.3956657477644	24.6	99.9956657477644	DBCA	53_3	NA	NA
757.142857142857	1000	78.7595501890893	24.6	103.359550189089	DBCA	54_3	NA	NA
771.428571428571	1000	75.0122235555258	24.6	99.6122235555258	DBCA	55_3	NA	NA
785.714285714286	1000	74.3008032893031	24.6	98.9008032893031	DBCA	56_3	NA	NA
800	1000	78.4052568179346	24.6	103.005256817935	DBCA	57_3	NA	NA
814.285714285714	1000	78.6592110886673	24.6	103.259211088667	DBCA	58_3	NA	NA
828.571428571429	1000	79.7142147610311	24.6	104.314214761031	DBCA	59_3	NA	NA
842.857142857143	1000	79.7637922186224	24.6	104.363792218622	DBCA	60_3	NA	NA
857.142857142857	1000	79.4455661022836	24.6	104.045566102284	DBCA	61_3	NA	NA
871.428571428571	1000	80.7865284061892	24.6	105.386528406189	DBCA	62_3	NA	NA
885.714285714286	1000	81.8466004668594	24.6	106.446600466859	DBCA	63_3	NA	NA
900	1000	84.2657410847532	24.6	108.865741084753	DBCA	64_3	NA	NA
914.285714285714	1000	85.3182116583039	24.6	109.918211658304	DBCA	65_3	NA	NA
928.571428571429	1000	83.6678965549188	24.6	108.267896554919	DBCA	66_3	NA	NA
942.857142857143	1000	85.9939001295112	24.6	110.593900129511	DBCA	67_3	NA	NA
957.142857142857	1000	82.1236620201586	24.6	106.723662020159	DBCA	68_3	NA	NA
971.428571428571	1000	79.4496359712046	24.6	104.049635971205	DBCA	69_3	NA	NA
985.714285714286	1000	84.9648068713847	24.6	109.564806871385	DBCA	70_3	NA	NA
1000	1000	85.7215094604204	24.6	110.32150946042	DBCA	71_3	NA	NA
