x	y	variable1	Zona	ErrorConEfecto	Disenio	Bloque	AsigTrat	MiRto
0	666.666666666667	79.6456717099573	0	79.6456717099573	DBCA	1_1	70	86.602600621796
0	700	76.9310756771524	0	76.9310756771524	DBCA	1_1	140	88.6109310862423
0	733.333333333333	77.6267439060014	0	77.6267439060014	DBCA	1_1	210	91.7955233977551
0	766.666666666667	78.350346725626	0	78.350346725626	DBCA	1_1	0	78.350346725626
0	800	79.0129340004844	0	79.0129340004844	DBCA	1_1	280	93.4366351603143
0	833.333333333333	75.7772764378118	0	75.7772764378118	DBCA	1_2	140	87.4571318469017
0	866.666666666667	83.336516978156	0	83.336516978156	DBCA	1_2	210	97.5052964699097
0	900	86.8859526310515	0	86.8859526310515	DBCA	1_2	0	86.8859526310515
0	933.333333333333	84.7724867111547	0	84.7724867111547	DBCA	1_2	70	91.7294156229934
0	966.666666666667	84.7434044144484	0	84.7434044144484	DBCA	1_2	280	99.1671055742783
128.571428571429	666.666666666667	79.7103891793534	0	79.7103891793534	DBCA	10_1	210	93.879168671107
128.571428571429	700	78.5212617510528	0	78.5212617510528	DBCA	10_1	280	92.9449629108827
128.571428571429	733.333333333333	78.5736683680178	0	78.5736683680178	DBCA	10_1	140	90.2535237771077
128.571428571429	766.666666666667	77.4305447462576	0	77.4305447462576	DBCA	10_1	70	84.3874736580963
128.571428571429	800	80.5733670731934	0	80.5733670731934	DBCA	10_1	0	80.5733670731934
128.571428571429	833.333333333333	82.6927142896842	0	82.6927142896842	DBCA	10_2	70	89.6496432015229
128.571428571429	866.666666666667	77.243267211527	0	77.243267211527	DBCA	10_2	140	88.9231226206169
128.571428571429	900	77.7253857024189	0	77.7253857024189	DBCA	10_2	280	92.1490868622488
128.571428571429	933.333333333333	79.1117117871764	0	79.1117117871764	DBCA	10_2	210	93.2804912789301
128.571428571429	966.666666666667	81.6890483232462	0	81.6890483232462	DBCA	10_2	0	81.6890483232462
142.857142857143	666.666666666667	79.7342777178427	0	79.7342777178427	DBCA	11_1	0	79.7342777178427
142.857142857143	700	77.6494857080907	0	77.6494857080907	DBCA	11_1	280	92.0731868679206
142.857142857143	733.333333333333	78.9696400304811	0	78.9696400304811	DBCA	11_1	210	93.1384195222348
142.857142857143	766.666666666667	75.7286244543084	0	75.7286244543084	DBCA	11_1	70	82.6855533661471
142.857142857143	800	81.2441089628687	0	81.2441089628687	DBCA	11_1	140	92.9239643719586
142.857142857143	833.333333333333	78.0611366481335	0	78.0611366481335	DBCA	11_2	140	89.7409920572235
142.857142857143	866.666666666667	80.6132360609578	0	80.6132360609578	DBCA	11_2	0	80.6132360609578
142.857142857143	900	79.8873380400852	0	79.8873380400852	DBCA	11_2	210	94.0561175318389
142.857142857143	933.333333333333	76.9060346354599	0	76.9060346354599	DBCA	11_2	280	91.3297357952898
142.857142857143	966.666666666667	80.741854897468	0	80.741854897468	DBCA	11_2	70	87.6987838093067
157.142857142857	666.666666666667	77.6468775085965	0	77.6468775085965	DBCA	12_1	0	77.6468775085965
157.142857142857	700	79.4650381601305	0	79.4650381601305	DBCA	12_1	70	86.4219670719692
157.142857142857	733.333333333333	76.7143688910297	0	76.7143688910297	DBCA	12_1	140	88.3942243001196
157.142857142857	766.666666666667	72.9740427228286	0	72.9740427228286	DBCA	12_1	210	87.1428222145823
157.142857142857	800	75.8333706011615	0	75.8333706011615	DBCA	12_1	280	90.2570717609914
157.142857142857	833.333333333333	76.391033182675	0	76.391033182675	DBCA	12_2	280	90.8147343425049
157.142857142857	866.666666666667	80.9158772306392	0	80.9158772306392	DBCA	12_2	0	80.9158772306392
157.142857142857	900	77.5837724873381	0	77.5837724873381	DBCA	12_2	70	84.5407013991768
157.142857142857	933.333333333333	74.7182383500847	0	74.7182383500847	DBCA	12_2	210	88.8870178418383
157.142857142857	966.666666666667	79.0131799350472	0	79.0131799350472	DBCA	12_2	140	90.6930353441372
171.428571428571	666.666666666667	78.9818877144165	0	78.9818877144165	DBCA	13_1	140	90.6617431235065
171.428571428571	700	81.2236214733243	0	81.2236214733243	DBCA	13_1	280	95.6473226331542
171.428571428571	733.333333333333	76.4983356182256	0	76.4983356182256	DBCA	13_1	0	76.4983356182256
171.428571428571	766.666666666667	74.3671164918795	0	74.3671164918795	DBCA	13_1	210	88.5358959836332
171.428571428571	800	74.6373923229497	0	74.6373923229497	DBCA	13_1	70	81.5943212347884
171.428571428571	833.333333333333	81.5201351031552	0	81.5201351031552	DBCA	13_2	210	95.6889145949089
171.428571428571	866.666666666667	83.4385698795201	0	83.4385698795201	DBCA	13_2	140	95.11842528861
171.428571428571	900	81.7681411652361	0	81.7681411652361	DBCA	13_2	70	88.7250700770748
171.428571428571	933.333333333333	75.1021676068298	0	75.1021676068298	DBCA	13_2	280	89.5258687666597
171.428571428571	966.666666666667	80.7486946445498	0	80.7486946445498	DBCA	13_2	0	80.7486946445498
185.714285714286	666.666666666667	79.4258160698425	0	79.4258160698425	DBCA	14_1	0	79.4258160698425
185.714285714286	700	76.0608057612608	0	76.0608057612608	DBCA	14_1	280	90.4845069210907
185.714285714286	733.333333333333	80.5676619822901	0	80.5676619822901	DBCA	14_1	70	87.5245908941288
185.714285714286	766.666666666667	75.8593466197383	0	75.8593466197383	DBCA	14_1	140	87.5392020288282
185.714285714286	800	77.5911569854913	0	77.5911569854913	DBCA	14_1	210	91.7599364772449
185.714285714286	833.333333333333	80.275489717542	0	80.275489717542	DBCA	14_2	210	94.4442692092956
185.714285714286	866.666666666667	81.3191419878364	0	81.3191419878364	DBCA	14_2	70	88.2760708996751
185.714285714286	900	83.7290107557504	0	83.7290107557504	DBCA	14_2	280	98.1527119155803
185.714285714286	933.333333333333	82.6683573400547	0	82.6683573400547	DBCA	14_2	0	82.6683573400547
185.714285714286	966.666666666667	80.844849214564	0	80.844849214564	DBCA	14_2	140	92.5247046236539
200	666.666666666667	79.1440498715636	0	79.1440498715636	DBCA	15_1	280	93.5677510313935
200	700	79.8490426538646	0	79.8490426538646	DBCA	15_1	0	79.8490426538646
200	733.333333333333	77.5772803517843	0	77.5772803517843	DBCA	15_1	140	89.2571357608743
200	766.666666666667	77.5854791106505	0	77.5854791106505	DBCA	15_1	70	84.5424080224892
200	800	77.3651836931965	0	77.3651836931965	DBCA	15_1	210	91.5339631849502
200	833.333333333333	76.2877624541091	0	76.2877624541091	DBCA	15_2	210	90.4565419458627
200	866.666666666667	81.0900502727645	0	81.0900502727645	DBCA	15_2	280	95.5137514325944
200	900	79.7163733378294	0	79.7163733378294	DBCA	15_2	0	79.7163733378294
200	933.333333333333	82.7934192179398	0	82.7934192179398	DBCA	15_2	70	89.7503481297785
200	966.666666666667	82.9063492523376	0	82.9063492523376	DBCA	15_2	140	94.5862046614275
214.285714285714	666.666666666667	75.1426478062516	0	75.1426478062516	DBCA	16_1	280	89.5663489660814
214.285714285714	700	78.8268073247919	0	78.8268073247919	DBCA	16_1	0	78.8268073247919
214.285714285714	733.333333333333	80.5218872067211	0	80.5218872067211	DBCA	16_1	210	94.6906666984747
214.285714285714	766.666666666667	78.5064679147061	0	78.5064679147061	DBCA	16_1	70	85.4633968265448
214.285714285714	800	79.5902728386572	0	79.5902728386572	DBCA	16_1	140	91.2701282477471
214.285714285714	833.333333333333	80.3781219836657	0	80.3781219836657	DBCA	16_2	70	87.3350508955045
214.285714285714	866.666666666667	82.9522854267613	0	82.9522854267613	DBCA	16_2	140	94.6321408358513
214.285714285714	900	79.082237537519	0	79.082237537519	DBCA	16_2	210	93.2510170292727
214.285714285714	933.333333333333	84.8725202291896	0	84.8725202291896	DBCA	16_2	280	99.2962213890195
214.285714285714	966.666666666667	77.2783093341812	0	77.2783093341812	DBCA	16_2	0	77.2783093341812
228.571428571429	666.666666666667	78.2962097845789	0	78.2962097845789	DBCA	17_1	70	85.2531386964176
228.571428571429	700	76.8428874772754	0	76.8428874772754	DBCA	17_1	0	76.8428874772754
228.571428571429	733.333333333333	81.4170659203361	0	81.4170659203361	DBCA	17_1	210	95.5858454120898
228.571428571429	766.666666666667	78.7569335308894	0	78.7569335308894	DBCA	17_1	280	93.1806346907193
228.571428571429	800	80.1728159909533	0	80.1728159909533	DBCA	17_1	140	91.8526714000432
228.571428571429	833.333333333333	81.493142540051	0	81.493142540051	DBCA	17_2	280	95.9168436998809
228.571428571429	866.666666666667	83.749505193385	0	83.749505193385	DBCA	17_2	210	97.9182846851387
228.571428571429	900	79.0522507938822	0	79.0522507938822	DBCA	17_2	0	79.0522507938822
228.571428571429	933.333333333333	83.7737740062109	0	83.7737740062109	DBCA	17_2	70	90.7307029180496
228.571428571429	966.666666666667	79.7607912672489	0	79.7607912672489	DBCA	17_2	140	91.4406466763388
242.857142857143	666.666666666667	78.5861709813914	0	78.5861709813914	DBCA	18_1	0	78.5861709813914
242.857142857143	700	81.0669392080174	0	81.0669392080174	DBCA	18_1	210	95.2357186997711
242.857142857143	733.333333333333	79.1682252498076	0	79.1682252498076	DBCA	18_1	70	86.1251541616463
242.857142857143	766.666666666667	79.03390341097	0	79.03390341097	DBCA	18_1	280	93.4576045707998
242.857142857143	800	79.7945090098275	0	79.7945090098275	DBCA	18_1	140	91.4743644189175
242.857142857143	833.333333333333	83.3881531224526	0	83.3881531224526	DBCA	18_2	210	97.5569326142063
242.857142857143	866.666666666667	80.8455757718916	0	80.8455757718916	DBCA	18_2	70	87.8025046837303
242.857142857143	900	80.3187347801494	0	80.3187347801494	DBCA	18_2	280	94.7424359399793
242.857142857143	933.333333333333	84.9267113678233	0	84.9267113678233	DBCA	18_2	0	84.9267113678233
242.857142857143	966.666666666667	79.0897792425588	0	79.0897792425588	DBCA	18_2	140	90.7696346516487
257.142857142857	666.666666666667	81.571769161083	0	81.571769161083	DBCA	19_1	280	95.9954703209129
257.142857142857	700	79.0007589278765	0	79.0007589278765	DBCA	19_1	70	85.9576878397153
257.142857142857	733.333333333333	79.0793207173351	0	79.0793207173351	DBCA	19_1	210	93.2481002090887
257.142857142857	766.666666666667	82.3283429906841	0	82.3283429906841	DBCA	19_1	0	82.3283429906841
257.142857142857	800	80.7287089288871	0	80.7287089288871	DBCA	19_1	140	92.408564337977
257.142857142857	833.333333333333	78.5218561184185	0	78.5218561184185	DBCA	19_2	140	90.2017115275084
257.142857142857	866.666666666667	79.1550996359014	0	79.1550996359014	DBCA	19_2	210	93.323879127655
257.142857142857	900	80.4076903399509	0	80.4076903399509	DBCA	19_2	0	80.4076903399509
257.142857142857	933.333333333333	82.9463385087429	0	82.9463385087429	DBCA	19_2	280	97.3700396685728
257.142857142857	966.666666666667	84.2940535568626	0	84.2940535568626	DBCA	19_2	70	91.2509824687013
14.2857142857143	666.666666666667	81.29081792205	0	81.29081792205	DBCA	2_1	280	95.7145190818799
14.2857142857143	700	79.2710138060876	0	79.2710138060876	DBCA	2_1	210	93.4397932978412
14.2857142857143	733.333333333333	80.9493324843597	0	80.9493324843597	DBCA	2_1	140	92.6291878934497
14.2857142857143	766.666666666667	78.9640475466955	0	78.9640475466955	DBCA	2_1	70	85.9209764585342
14.2857142857143	800	79.0142919243897	0	79.0142919243897	DBCA	2_1	0	79.0142919243897
14.2857142857143	833.333333333333	79.7120478686023	0	79.7120478686023	DBCA	2_2	140	91.3919032776923
14.2857142857143	866.666666666667	78.3912320295429	0	78.3912320295429	DBCA	2_2	70	85.3481609413816
14.2857142857143	900	81.9049196466907	0	81.9049196466907	DBCA	2_2	0	81.9049196466907
14.2857142857143	933.333333333333	83.4156145569681	0	83.4156145569681	DBCA	2_2	280	97.839315716798
14.2857142857143	966.666666666667	80.1608234102581	0	80.1608234102581	DBCA	2_2	210	94.3296029020118
271.428571428571	666.666666666667	81.4006547991034	0	81.4006547991034	DBCA	20_1	0	81.4006547991034
271.428571428571	700	76.4540248092587	0	76.4540248092587	DBCA	20_1	140	88.1338802183487
271.428571428571	733.333333333333	78.2184046259625	0	78.2184046259625	DBCA	20_1	210	92.3871841177162
271.428571428571	766.666666666667	80.8893257760088	0	80.8893257760088	DBCA	20_1	280	95.3130269358386
271.428571428571	800	80.720609699827	0	80.720609699827	DBCA	20_1	70	87.6775386116657
271.428571428571	833.333333333333	79.5388080433262	0	79.5388080433262	DBCA	20_2	0	79.5388080433262
271.428571428571	866.666666666667	79.8871079312197	0	79.8871079312197	DBCA	20_2	210	94.0558874229734
271.428571428571	900	77.7155551032252	0	77.7155551032252	DBCA	20_2	140	89.3954105123151
271.428571428571	933.333333333333	81.2394497789086	0	81.2394497789086	DBCA	20_2	70	88.1963786907473
271.428571428571	966.666666666667	81.4739919124173	0	81.4739919124173	DBCA	20_2	280	95.8976930722472
285.714285714286	666.666666666667	79.2086673109065	0	79.2086673109065	DBCA	21_1	210	93.3774468026602
285.714285714286	700	74.2985668601357	0	74.2985668601357	DBCA	21_1	280	88.7222680199656
285.714285714286	733.333333333333	76.4861367704919	0	76.4861367704919	DBCA	21_1	70	83.4430656823306
285.714285714286	766.666666666667	82.6858184156534	0	82.6858184156534	DBCA	21_1	0	82.6858184156534
285.714285714286	800	78.1792381613727	0	78.1792381613727	DBCA	21_1	140	89.8590935704627
285.714285714286	833.333333333333	76.0220503073936	0	76.0220503073936	DBCA	21_2	70	82.9789792192323
285.714285714286	866.666666666667	79.5122718238003	0	79.5122718238003	DBCA	21_2	140	91.1921272328902
285.714285714286	900	76.6547069053758	0	76.6547069053758	DBCA	21_2	280	91.0784080652057
285.714285714286	933.333333333333	79.6843598564917	0	79.6843598564917	DBCA	21_2	0	79.6843598564917
285.714285714286	966.666666666667	81.1266817644446	0	81.1266817644446	DBCA	21_2	210	95.2954612561983
300	666.666666666667	82.8395053244064	0	82.8395053244064	DBCA	22_1	70	89.7964342362451
300	700	77.5233310717744	0	77.5233310717744	DBCA	22_1	210	91.692110563528
300	733.333333333333	76.8081661827552	0	76.8081661827552	DBCA	22_1	0	76.8081661827552
300	766.666666666667	78.4987240248222	0	78.4987240248222	DBCA	22_1	140	90.1785794339121
300	800	76.4278192075481	0	76.4278192075481	DBCA	22_1	280	90.851520367378
300	833.333333333333	75.9683539924975	0	75.9683539924975	DBCA	22_2	70	82.9252829043362
300	866.666666666667	76.3047288582107	0	76.3047288582107	DBCA	22_2	0	76.3047288582107
300	900	77.2400786188613	0	77.2400786188613	DBCA	22_2	280	91.6637797786912
300	933.333333333333	80.2333971438606	0	80.2333971438606	DBCA	22_2	210	94.4021766356142
300	966.666666666667	85.4361853462151	0	85.4361853462151	DBCA	22_2	140	97.1160407553051
314.285714285714	666.666666666667	80.880195522562	0	80.880195522562	DBCA	23_1	70	87.8371244344007
314.285714285714	700	77.0325185516084	0	77.0325185516084	DBCA	23_1	140	88.7123739606984
314.285714285714	733.333333333333	78.2135991106937	0	78.2135991106937	DBCA	23_1	210	92.3823786024473
314.285714285714	766.666666666667	79.8316845553953	0	79.8316845553953	DBCA	23_1	280	94.2553857152252
314.285714285714	800	78.6968305244927	0	78.6968305244927	DBCA	23_1	0	78.6968305244927
314.285714285714	833.333333333333	75.1600418499409	0	75.1600418499409	DBCA	23_2	140	86.8398972590308
314.285714285714	866.666666666667	79.3209329258452	0	79.3209329258452	DBCA	23_2	0	79.3209329258452
314.285714285714	900	80.8343547635222	0	80.8343547635222	DBCA	23_2	280	95.2580559233521
314.285714285714	933.333333333333	79.9182896252787	0	79.9182896252787	DBCA	23_2	70	86.8752185371175
314.285714285714	966.666666666667	84.6709853131932	0	84.6709853131932	DBCA	23_2	210	98.8397648049469
328.571428571429	666.666666666667	80.7606637824031	0	80.7606637824031	DBCA	24_1	210	94.9294432741568
328.571428571429	700	81.0279744125485	0	81.0279744125485	DBCA	24_1	0	81.0279744125485
328.571428571429	733.333333333333	81.8367587742672	0	81.8367587742672	DBCA	24_1	140	93.5166141833571
328.571428571429	766.666666666667	78.6045146360212	0	78.6045146360212	DBCA	24_1	70	85.5614435478599
328.571428571429	800	77.2005471323762	0	77.2005471323762	DBCA	24_1	280	91.624248292206
328.571428571429	833.333333333333	74.7256031779877	0	74.7256031779877	DBCA	24_2	210	88.8943826697414
328.571428571429	866.666666666667	79.1444489671455	0	79.1444489671455	DBCA	24_2	140	90.8243043762354
328.571428571429	900	80.949653512752	0	80.949653512752	DBCA	24_2	0	80.949653512752
328.571428571429	933.333333333333	81.2225762364315	0	81.2225762364315	DBCA	24_2	280	95.6462773962614
328.571428571429	966.666666666667	85.5566436045141	0	85.5566436045141	DBCA	24_2	70	92.5135725163528
342.857142857143	666.666666666667	76.4299820381574	0	76.4299820381574	DBCA	25_1	210	90.5987615299111
342.857142857143	700	78.1115179660719	0	78.1115179660719	DBCA	25_1	70	85.0684468779106
342.857142857143	733.333333333333	79.4885565550999	0	79.4885565550999	DBCA	25_1	280	93.9122577149298
342.857142857143	766.666666666667	77.1752533631271	0	77.1752533631271	DBCA	25_1	0	77.1752533631271
342.857142857143	800	78.0607729221416	0	78.0607729221416	DBCA	25_1	140	89.7406283312315
342.857142857143	833.333333333333	77.9977957376191	0	77.9977957376191	DBCA	25_2	210	92.1665752293728
342.857142857143	866.666666666667	79.6950123029735	0	79.6950123029735	DBCA	25_2	70	86.6519412148122
342.857142857143	900	77.446126378338	0	77.446126378338	DBCA	25_2	0	77.446126378338
342.857142857143	933.333333333333	82.6420182278136	0	82.6420182278136	DBCA	25_2	280	97.0657193876435
342.857142857143	966.666666666667	80.1429466659975	0	80.1429466659975	DBCA	25_2	140	91.8228020750874
357.142857142857	666.666666666667	78.7443816463257	0	78.7443816463257	DBCA	26_1	210	92.9131611380794
357.142857142857	700	82.0316167154532	0	82.0316167154532	DBCA	26_1	0	82.0316167154532
357.142857142857	733.333333333333	82.4850422856739	0	82.4850422856739	DBCA	26_1	280	96.9087434455038
357.142857142857	766.666666666667	79.0361488735042	0	79.0361488735042	DBCA	26_1	140	90.7160042825941
357.142857142857	800	79.2173988980949	0	79.2173988980949	DBCA	26_1	70	86.1743278099336
357.142857142857	833.333333333333	80.9108527376025	0	80.9108527376025	DBCA	26_2	210	95.0796322293562
357.142857142857	866.666666666667	81.8148220706098	0	81.8148220706098	DBCA	26_2	0	81.8148220706098
357.142857142857	900	79.6589173219984	0	79.6589173219984	DBCA	26_2	140	91.3387727310883
357.142857142857	933.333333333333	81.141155100682	0	81.141155100682	DBCA	26_2	280	95.5648562605119
357.142857142857	966.666666666667	82.2757508336822	0	82.2757508336822	DBCA	26_2	70	89.2326797455209
371.428571428571	666.666666666667	77.4758684756405	0	77.4758684756405	DBCA	27_1	140	89.1557238847304
371.428571428571	700	80.5314863806832	0	80.5314863806832	DBCA	27_1	210	94.7002658724369
371.428571428571	733.333333333333	79.2802003470222	0	79.2802003470222	DBCA	27_1	70	86.2371292588609
371.428571428571	766.666666666667	80.6509615366036	0	80.6509615366036	DBCA	27_1	0	80.6509615366036
371.428571428571	800	80.6597757498986	0	80.6597757498986	DBCA	27_1	280	95.0834769097285
371.428571428571	833.333333333333	80.5279660651057	0	80.5279660651057	DBCA	27_2	0	80.5279660651057
371.428571428571	866.666666666667	81.5424623643622	0	81.5424623643622	DBCA	27_2	140	93.2223177734521
371.428571428571	900	78.1656087138544	0	78.1656087138544	DBCA	27_2	210	92.3343882056081
371.428571428571	933.333333333333	80.513558124692	0	80.513558124692	DBCA	27_2	280	94.9372592845219
371.428571428571	966.666666666667	78.7805062484817	0	78.7805062484817	DBCA	27_2	70	85.7374351603204
385.714285714286	666.666666666667	75.6670687199171	0	75.6670687199171	DBCA	28_1	70	82.6239976317558
385.714285714286	700	78.0703295895402	0	78.0703295895402	DBCA	28_1	140	89.7501849986301
385.714285714286	733.333333333333	79.8746118859795	0	79.8746118859795	DBCA	28_1	210	94.0433913777331
385.714285714286	766.666666666667	81.3887459041925	0	81.3887459041925	DBCA	28_1	280	95.8124470640224
385.714285714286	800	82.67380696736	0	82.67380696736	DBCA	28_1	0	82.67380696736
385.714285714286	833.333333333333	78.9526748072427	0	78.9526748072427	DBCA	28_2	280	93.3763759670726
385.714285714286	866.666666666667	80.0226364566154	0	80.0226364566154	DBCA	28_2	70	86.9795653684541
385.714285714286	900	81.5513412158661	0	81.5513412158661	DBCA	28_2	140	93.231196624956
385.714285714286	933.333333333333	82.9120960136584	0	82.9120960136584	DBCA	28_2	0	82.9120960136584
385.714285714286	966.666666666667	76.0547054302077	0	76.0547054302077	DBCA	28_2	210	90.2234849219614
400	666.666666666667	76.3214560897771	0	76.3214560897771	DBCA	29_1	140	88.001311498867
400	700	78.0643134776353	0	78.0643134776353	DBCA	29_1	280	92.4880146374652
400	733.333333333333	82.3489653177833	0	82.3489653177833	DBCA	29_1	210	96.517744809537
400	766.666666666667	77.9064357138745	0	77.9064357138745	DBCA	29_1	0	77.9064357138745
400	800	82.9010739742699	0	82.9010739742699	DBCA	29_1	70	89.8580028861086
400	833.333333333333	79.3741928972107	0	79.3741928972107	DBCA	29_2	210	93.5429723889644
400	866.666666666667	80.7048548968459	0	80.7048548968459	DBCA	29_2	0	80.7048548968459
400	900	79.0994319807293	0	79.0994319807293	DBCA	29_2	70	86.056360892568
400	933.333333333333	79.3558948443602	0	79.3558948443602	DBCA	29_2	140	91.0357502534502
400	966.666666666667	78.5767752790394	0	78.5767752790394	DBCA	29_2	280	93.0004764388693
28.5714285714286	666.666666666667	76.5987293036705	0	76.5987293036705	DBCA	3_1	0	76.5987293036705
28.5714285714286	700	80.6145367388975	0	80.6145367388975	DBCA	3_1	280	95.0382378987274
28.5714285714286	733.333333333333	81.693329660558	0	81.693329660558	DBCA	3_1	210	95.8621091523117
28.5714285714286	766.666666666667	77.9938693760053	0	77.9938693760053	DBCA	3_1	70	84.9507982878441
28.5714285714286	800	78.8987549294318	0	78.8987549294318	DBCA	3_1	140	90.5786103385217
28.5714285714286	833.333333333333	82.3635858893597	0	82.3635858893597	DBCA	3_2	280	96.7872870491896
28.5714285714286	866.666666666667	77.7734165152402	0	77.7734165152402	DBCA	3_2	210	91.9421960069939
28.5714285714286	900	80.3048965183212	0	80.3048965183212	DBCA	3_2	70	87.2618254301599
28.5714285714286	933.333333333333	81.6506573962554	0	81.6506573962554	DBCA	3_2	140	93.3305128053453
28.5714285714286	966.666666666667	77.6432793454628	0	77.6432793454628	DBCA	3_2	0	77.6432793454628
414.285714285714	666.666666666667	77.0509172521484	0	77.0509172521484	DBCA	30_1	210	91.2196967439021
414.285714285714	700	80.0244212106183	0	80.0244212106183	DBCA	30_1	140	91.7042766197082
414.285714285714	733.333333333333	81.8290485998872	0	81.8290485998872	DBCA	30_1	70	88.7859775117259
414.285714285714	766.666666666667	83.8109220509628	0	83.8109220509628	DBCA	30_1	0	83.8109220509628
414.285714285714	800	81.6121768752141	0	81.6121768752141	DBCA	30_1	280	96.035878035044
414.285714285714	833.333333333333	83.2345606647498	0	83.2345606647498	DBCA	30_2	70	90.1914895765886
414.285714285714	866.666666666667	81.7431163785835	0	81.7431163785835	DBCA	30_2	0	81.7431163785835
414.285714285714	900	84.1402010650308	0	84.1402010650308	DBCA	30_2	280	98.5639022248607
414.285714285714	933.333333333333	78.254100159385	0	78.254100159385	DBCA	30_2	140	89.933955568475
414.285714285714	966.666666666667	77.9181118585596	0	77.9181118585596	DBCA	30_2	210	92.0868913503133
428.571428571429	666.666666666667	75.2631331850773	0	75.2631331850773	DBCA	31_1	70	82.220062096916
428.571428571429	700	75.2605473060595	0	75.2605473060595	DBCA	31_1	210	89.4293267978132
428.571428571429	733.333333333333	84.5391426141188	0	84.5391426141188	DBCA	31_1	0	84.5391426141188
428.571428571429	766.666666666667	81.9656204258	0	81.9656204258	DBCA	31_1	140	93.64547583489
428.571428571429	800	80.6403666392276	0	80.6403666392276	DBCA	31_1	280	95.0640677990575
428.571428571429	833.333333333333	83.1492756332666	0	83.1492756332666	DBCA	31_2	70	90.1062045451053
428.571428571429	866.666666666667	82.435144113632	0	82.435144113632	DBCA	31_2	140	94.1149995227219
428.571428571429	900	83.9056332912466	0	83.9056332912466	DBCA	31_2	280	98.3293344510765
428.571428571429	933.333333333333	76.7428386076211	0	76.7428386076211	DBCA	31_2	0	76.7428386076211
428.571428571429	966.666666666667	76.2245773776328	0	76.2245773776328	DBCA	31_2	210	90.3933568693864
442.857142857143	666.666666666667	78.8789258814417	0	78.8789258814417	DBCA	32_1	140	90.5587812905316
442.857142857143	700	79.0307895625139	0	79.0307895625139	DBCA	32_1	70	85.9877184743526
442.857142857143	733.333333333333	76.0076607378874	0	76.0076607378874	DBCA	32_1	280	90.4313618977173
442.857142857143	766.666666666667	82.0570771848917	0	82.0570771848917	DBCA	32_1	0	82.0570771848917
442.857142857143	800	80.0998382712336	0	80.0998382712336	DBCA	32_1	210	94.2686177629873
442.857142857143	833.333333333333	81.6662214835333	0	81.6662214835333	DBCA	32_2	70	88.623150395372
442.857142857143	866.666666666667	79.8634781928654	0	79.8634781928654	DBCA	32_2	280	94.2871793526953
442.857142857143	900	82.2161642780129	0	82.2161642780129	DBCA	32_2	0	82.2161642780129
442.857142857143	933.333333333333	79.3267766068384	0	79.3267766068384	DBCA	32_2	210	93.4955560985921
442.857142857143	966.666666666667	81.2173754764534	0	81.2173754764534	DBCA	32_2	140	92.8972308855433
457.142857142857	666.666666666667	81.6444192422221	0	81.6444192422221	DBCA	33_1	280	96.068120402052
457.142857142857	700	79.318678789963	0	79.318678789963	DBCA	33_1	210	93.4874582817167
457.142857142857	733.333333333333	78.3427993111286	0	78.3427993111286	DBCA	33_1	70	85.2997282229673
457.142857142857	766.666666666667	82.5354366276472	0	82.5354366276472	DBCA	33_1	0	82.5354366276472
457.142857142857	800	85.2256774204714	0	85.2256774204714	DBCA	33_1	140	96.9055328295613
457.142857142857	833.333333333333	86.1547795901412	0	86.1547795901412	DBCA	33_2	280	100.578480749971
457.142857142857	866.666666666667	80.2511121403621	0	80.2511121403621	DBCA	33_2	210	94.4198916321158
457.142857142857	900	85.0989037633321	0	85.0989037633321	DBCA	33_2	70	92.0558326751708
457.142857142857	933.333333333333	77.4562781361963	0	77.4562781361963	DBCA	33_2	0	77.4562781361963
457.142857142857	966.666666666667	77.2835739815306	0	77.2835739815306	DBCA	33_2	140	88.9634293906206
471.428571428571	666.666666666667	78.4438871803837	0	78.4438871803837	DBCA	34_1	210	92.6126666721374
471.428571428571	700	78.2396019000586	0	78.2396019000586	DBCA	34_1	140	89.9194573091485
471.428571428571	733.333333333333	80.0336597473153	0	80.0336597473153	DBCA	34_1	70	86.990588659154
471.428571428571	766.666666666667	82.5723451077707	0	82.5723451077707	DBCA	34_1	0	82.5723451077707
471.428571428571	800	81.7713445625673	0	81.7713445625673	DBCA	34_1	280	96.1950457223972
471.428571428571	833.333333333333	84.7366932641801	0	84.7366932641801	DBCA	34_2	280	99.16039442401
471.428571428571	866.666666666667	84.4786664438983	0	84.4786664438983	DBCA	34_2	140	96.1585218529883
471.428571428571	900	83.0586928162629	0	83.0586928162629	DBCA	34_2	210	97.2274723080165
471.428571428571	933.333333333333	76.7722474948472	0	76.7722474948472	DBCA	34_2	0	76.7722474948472
471.428571428571	966.666666666667	79.8094892074501	0	79.8094892074501	DBCA	34_2	70	86.7664181192888
485.714285714286	666.666666666667	75.4031072189937	0	75.4031072189937	DBCA	35_1	70	82.3600361308324
485.714285714286	700	78.0643192914863	0	78.0643192914863	DBCA	35_1	0	78.0643192914863
485.714285714286	733.333333333333	77.6458972127647	0	77.6458972127647	DBCA	35_1	280	92.0695983725946
485.714285714286	766.666666666667	78.6549728825416	0	78.6549728825416	DBCA	35_1	140	90.3348282916316
485.714285714286	800	80.2056536797865	0	80.2056536797865	DBCA	35_1	210	94.3744331715401
485.714285714286	833.333333333333	82.0249149947676	0	82.0249149947676	DBCA	35_2	280	96.4486161545975
485.714285714286	866.666666666667	81.8514489715032	0	81.8514489715032	DBCA	35_2	0	81.8514489715032
485.714285714286	900	83.9834780639055	0	83.9834780639055	DBCA	35_2	70	90.9404069757443
485.714285714286	933.333333333333	81.7411018207901	0	81.7411018207901	DBCA	35_2	140	93.42095722988
485.714285714286	966.666666666667	80.8442203056547	0	80.8442203056547	DBCA	35_2	210	95.0129997974084
500	666.666666666667	79.6130697451031	0	79.6130697451031	DBCA	36_1	0	79.6130697451031
500	700	77.5517280710432	0	77.5517280710432	DBCA	36_1	140	89.2315834801332
500	733.333333333333	81.7823004921318	0	81.7823004921318	DBCA	36_1	70	88.7392294039705
500	766.666666666667	79.391416089241	0	79.391416089241	DBCA	36_1	280	93.8151172490709
500	800	78.8946200563621	0	78.8946200563621	DBCA	36_1	210	93.0633995481158
500	833.333333333333	80.4441939825483	0	80.4441939825483	DBCA	36_2	280	94.8678951423782
500	866.666666666667	82.4641104222761	0	82.4641104222761	DBCA	36_2	0	82.4641104222761
500	900	86.7160364006002	0	86.7160364006002	DBCA	36_2	140	98.3958918096901
500	933.333333333333	82.2375994897787	0	82.2375994897787	DBCA	36_2	210	96.4063789815324
500	966.666666666667	80.2196379276078	0	80.2196379276078	DBCA	36_2	70	87.1765668394465
514.285714285714	666.666666666667	79.5753273159266	24.6	104.175327315927	DBCA	37_1	0	104.175327315927
514.285714285714	700	81.052789979123	24.6	105.652789979123	DBCA	37_1	280	143.495691138953
514.285714285714	733.333333333333	81.522417997877	24.6	106.122417997877	DBCA	37_1	210	137.855597489631
514.285714285714	766.666666666667	79.8848877604441	24.6	104.484887760444	DBCA	37_1	70	117.296616672283
514.285714285714	800	75.9492009710898	24.6	100.54920097109	DBCA	37_1	140	123.93865638018
514.285714285714	833.333333333333	83.6102240968651	24.6	108.210224096865	DBCA	37_2	0	108.210224096865
514.285714285714	866.666666666667	84.2251672440074	24.6	108.825167244007	DBCA	37_2	210	140.558346735761
514.285714285714	900	86.9091106256082	24.6	111.509110625608	DBCA	37_2	70	124.320839537447
514.285714285714	933.333333333333	85.999017869897	24.6	110.599017869897	DBCA	37_2	280	148.441919029727
514.285714285714	966.666666666667	78.4357349861845	24.6	103.035734986184	DBCA	37_2	140	126.425190395274
528.571428571429	666.666666666667	80.7809959038753	24.6	105.380995903875	DBCA	38_1	210	137.114175395629
528.571428571429	700	82.1543306584805	24.6	106.75433065848	DBCA	38_1	140	130.14378606757
528.571428571429	733.333333333333	78.6622705909961	24.6	103.262270590996	DBCA	38_1	0	103.262270590996
528.571428571429	766.666666666667	80.5723286208022	24.6	105.172328620802	DBCA	38_1	70	117.984057532641
528.571428571429	800	77.8490939201253	24.6	102.449093920125	DBCA	38_1	280	140.291995079955
528.571428571429	833.333333333333	82.3428464643358	24.6	106.942846464336	DBCA	38_2	280	144.785747624166
528.571428571429	866.666666666667	85.2212729171549	24.6	109.821272917155	DBCA	38_2	210	141.554452408909
528.571428571429	900	85.6684925635209	24.6	110.268492563521	DBCA	38_2	0	110.268492563521
528.571428571429	933.333333333333	83.7649514265002	24.6	108.3649514265	DBCA	38_2	70	121.176680338339
528.571428571429	966.666666666667	79.8302418387821	24.6	104.430241838782	DBCA	38_2	140	127.819697247872
542.857142857143	666.666666666667	84.3858576556837	24.6	108.985857655684	DBCA	39_1	280	146.828758815514
542.857142857143	700	79.2523839178695	24.6	103.85238391787	DBCA	39_1	140	127.241839326959
542.857142857143	733.333333333333	78.1635573323573	24.6	102.763557332357	DBCA	39_1	210	134.496736824111
542.857142857143	766.666666666667	79.2364741091585	24.6	103.836474109158	DBCA	39_1	70	116.648203020997
542.857142857143	800	78.4946436739706	24.6	103.094643673971	DBCA	39_1	0	103.094643673971
542.857142857143	833.333333333333	83.6373997969617	24.6	108.237399796962	DBCA	39_2	140	131.626855206052
542.857142857143	866.666666666667	85.4064330971016	24.6	110.006433097102	DBCA	39_2	280	147.849334256931
542.857142857143	900	84.2480259286048	24.6	108.848025928605	DBCA	39_2	0	108.848025928605
542.857142857143	933.333333333333	81.71937746994	24.6	106.31937746994	DBCA	39_2	70	119.131106381779
542.857142857143	966.666666666667	82.8190149440103	24.6	107.41901494401	DBCA	39_2	210	139.152194435764
42.8571428571429	666.666666666667	78.4552397012343	0	78.4552397012343	DBCA	4_1	70	85.412168613073
42.8571428571429	700	77.5422089097323	0	77.5422089097323	DBCA	4_1	210	91.710988401486
42.8571428571429	733.333333333333	79.987391865989	0	79.987391865989	DBCA	4_1	0	79.987391865989
42.8571428571429	766.666666666667	77.2897994499857	0	77.2897994499857	DBCA	4_1	280	91.7135006098156
42.8571428571429	800	77.9136534446764	0	77.9136534446764	DBCA	4_1	140	89.5935088537664
42.8571428571429	833.333333333333	81.9064447260854	0	81.9064447260854	DBCA	4_2	210	96.0752242178391
42.8571428571429	866.666666666667	80.8425381660954	0	80.8425381660954	DBCA	4_2	140	92.5223935751853
42.8571428571429	900	78.727652045556	0	78.727652045556	DBCA	4_2	280	93.1513532053859
42.8571428571429	933.333333333333	83.5764452869959	0	83.5764452869959	DBCA	4_2	0	83.5764452869959
42.8571428571429	966.666666666667	81.3073341730023	0	81.3073341730023	DBCA	4_2	70	88.264263084841
557.142857142857	666.666666666667	82.9946428309111	24.6	107.594642830911	DBCA	40_1	0	107.594642830911
557.142857142857	700	82.4150121918579	24.6	107.015012191858	DBCA	40_1	70	119.826741103697
557.142857142857	733.333333333333	77.7456017848481	24.6	102.345601784848	DBCA	40_1	210	134.078781276602
557.142857142857	766.666666666667	80.7477178767257	24.6	105.347717876726	DBCA	40_1	140	128.737173285816
557.142857142857	800	78.7052600412886	24.6	103.305260041289	DBCA	40_1	280	141.148161201118
557.142857142857	833.333333333333	85.1835757885089	24.6	109.783575788509	DBCA	40_2	70	122.595304700348
557.142857142857	866.666666666667	84.6928479669037	24.6	109.292847966904	DBCA	40_2	280	147.135749126734
557.142857142857	900	84.6652068244235	24.6	109.265206824424	DBCA	40_2	140	132.654662233513
557.142857142857	933.333333333333	85.0816788635215	24.6	109.681678863521	DBCA	40_2	0	109.681678863521
557.142857142857	966.666666666667	85.1008640071974	24.6	109.700864007197	DBCA	40_2	210	141.434043498951
571.428571428571	666.666666666667	84.2257633376183	24.6	108.825763337618	DBCA	41_1	280	146.668664497448
571.428571428571	700	84.8855711778858	24.6	109.485571177886	DBCA	41_1	70	122.297300089724
571.428571428571	733.333333333333	81.8532695163521	24.6	106.453269516352	DBCA	41_1	0	106.453269516352
571.428571428571	766.666666666667	81.0550713676484	24.6	105.655071367648	DBCA	41_1	210	137.388250859402
571.428571428571	800	80.1106027984008	24.6	104.710602798401	DBCA	41_1	140	128.100058207491
571.428571428571	833.333333333333	83.9290584587739	24.6	108.529058458774	DBCA	41_2	140	131.918513867864
571.428571428571	866.666666666667	82.0992924834473	24.6	106.699292483447	DBCA	41_2	210	138.432471975201
571.428571428571	900	83.2098633663055	24.6	107.809863366305	DBCA	41_2	0	107.809863366305
571.428571428571	933.333333333333	81.305583388709	24.6	105.905583388709	DBCA	41_2	70	118.717312300548
571.428571428571	966.666666666667	78.3079807574086	24.6	102.907980757409	DBCA	41_2	280	140.750881917238
585.714285714286	666.666666666667	83.4979695831242	24.6	108.097969583124	DBCA	42_1	140	131.487424992214
585.714285714286	700	85.2113262626952	24.6	109.811326262695	DBCA	42_1	280	147.654227422525
585.714285714286	733.333333333333	84.9364989677762	24.6	109.536498967776	DBCA	42_1	0	109.536498967776
585.714285714286	766.666666666667	81.4469128982119	24.6	106.046912898212	DBCA	42_1	210	137.780092389966
585.714285714286	800	77.1919221777926	24.6	101.791922177793	DBCA	42_1	70	114.603651089631
585.714285714286	833.333333333333	80.261179975991	24.6	104.861179975991	DBCA	42_2	280	142.704081135821
585.714285714286	866.666666666667	83.0929985430605	24.6	107.692998543061	DBCA	42_2	210	139.426178034814
585.714285714286	900	82.9391280679495	24.6	107.53912806795	DBCA	42_2	140	130.928583477039
585.714285714286	933.333333333333	77.202243078258	24.6	101.802243078258	DBCA	42_2	70	114.613971990097
585.714285714286	966.666666666667	79.7120455494381	24.6	104.312045549438	DBCA	42_2	0	104.312045549438
600	666.666666666667	80.7398248351772	24.6	105.339824835177	DBCA	43_1	140	128.729280244267
600	700	84.5677906842359	24.6	109.167790684236	DBCA	43_1	0	109.167790684236
600	733.333333333333	80.1242627197456	24.6	104.724262719746	DBCA	43_1	210	136.457442211499
600	766.666666666667	80.5714175703808	24.6	105.171417570381	DBCA	43_1	280	143.014318730211
600	800	78.9628095653522	24.6	103.562809565352	DBCA	43_1	70	116.374538477191
600	833.333333333333	83.2626589520707	24.6	107.862658952071	DBCA	43_2	210	139.595838443824
600	866.666666666667	80.3848346658619	24.6	104.984834665862	DBCA	43_2	70	117.796563577701
600	900	76.3004600681735	24.6	100.900460068174	DBCA	43_2	140	124.289915477263
600	933.333333333333	75.6246208720807	24.6	100.224620872081	DBCA	43_2	0	100.224620872081
600	966.666666666667	76.8342853723743	24.6	101.434285372374	DBCA	43_2	280	139.277186532204
614.285714285714	666.666666666667	83.3304994904226	24.6	107.930499490423	DBCA	44_1	210	139.663678982176
614.285714285714	700	85.3391270484137	24.6	109.939127048414	DBCA	44_1	140	133.328582457504
614.285714285714	733.333333333333	78.3601281746959	24.6	102.960128174696	DBCA	44_1	70	115.771857086535
614.285714285714	766.666666666667	77.0706769951857	24.6	101.670676995186	DBCA	44_1	0	101.670676995186
614.285714285714	800	80.8038473568343	24.6	105.403847356834	DBCA	44_1	280	143.246748516664
614.285714285714	833.333333333333	84.8632085142406	24.6	109.463208514241	DBCA	44_2	0	109.463208514241
614.285714285714	866.666666666667	81.1931424023819	24.6	105.793142402382	DBCA	44_2	280	143.636043562212
614.285714285714	900	77.7825659977639	24.6	102.382565997764	DBCA	44_2	140	125.772021406854
614.285714285714	933.333333333333	76.4337835888673	24.6	101.033783588867	DBCA	44_2	70	113.845512500706
614.285714285714	966.666666666667	80.4988107652641	24.6	105.098810765264	DBCA	44_2	210	136.831990257018
628.571428571429	666.666666666667	84.1313956419048	24.6	108.731395641905	DBCA	45_1	0	108.731395641905
628.571428571429	700	85.6191439605959	24.6	110.219143960596	DBCA	45_1	280	148.062045120426
628.571428571429	733.333333333333	80.5638665130865	24.6	105.163866513087	DBCA	45_1	140	128.553321922176
628.571428571429	766.666666666667	80.1345529700257	24.6	104.734552970026	DBCA	45_1	210	136.467732461779
628.571428571429	800	80.9420400493293	24.6	105.542040049329	DBCA	45_1	70	118.353768961168
628.571428571429	833.333333333333	79.6265944558024	24.6	104.226594455802	DBCA	45_2	280	142.069495615632
628.571428571429	866.666666666667	79.7708356483646	24.6	104.370835648365	DBCA	45_2	70	117.182564560203
628.571428571429	900	80.0876234406456	24.6	104.687623440646	DBCA	45_2	210	136.420802932399
628.571428571429	933.333333333333	79.0087405906066	24.6	103.608740590607	DBCA	45_2	0	103.608740590607
628.571428571429	966.666666666667	80.4295881925635	24.6	105.029588192564	DBCA	45_2	140	128.419043601653
642.857142857143	666.666666666667	83.7581273693968	24.6	108.358127369397	DBCA	46_1	140	131.747582778487
642.857142857143	700	82.7311882102858	24.6	107.331188210286	DBCA	46_1	0	107.331188210286
642.857142857143	733.333333333333	82.4595073368507	24.6	107.059507336851	DBCA	46_1	280	144.902408496681
642.857142857143	766.666666666667	79.2597472720019	24.6	103.859747272002	DBCA	46_1	70	116.671476183841
642.857142857143	800	77.3802179201216	24.6	101.980217920122	DBCA	46_1	210	133.713397411875
642.857142857143	833.333333333333	81.0865401525631	24.6	105.686540152563	DBCA	46_2	280	143.529441312393
642.857142857143	866.666666666667	78.278438965946	24.6	102.878438965946	DBCA	46_2	140	126.267894375036
642.857142857143	900	83.639358485998	24.6	108.239358485998	DBCA	46_2	70	121.051087397837
642.857142857143	933.333333333333	81.4327673298574	24.6	106.032767329857	DBCA	46_2	0	106.032767329857
642.857142857143	966.666666666667	77.7793894773263	24.6	102.379389477326	DBCA	46_2	210	134.11256896908
657.142857142857	666.666666666667	83.3913786884499	24.6	107.99137868845	DBCA	47_1	210	139.724558180204
657.142857142857	700	80.735283538097	24.6	105.335283538097	DBCA	47_1	140	128.724738947187
657.142857142857	733.333333333333	83.8154017829497	24.6	108.41540178295	DBCA	47_1	70	121.227130694788
657.142857142857	766.666666666667	81.9901926923421	24.6	106.590192692342	DBCA	47_1	0	106.590192692342
657.142857142857	800	82.0070543979746	24.6	106.607054397975	DBCA	47_1	280	144.449955557804
657.142857142857	833.333333333333	81.2323430938951	24.6	105.832343093895	DBCA	47_2	0	105.832343093895
657.142857142857	866.666666666667	80.5069162031395	24.6	105.106916203139	DBCA	47_2	140	128.496371612229
657.142857142857	900	80.2519470240644	24.6	104.851947024064	DBCA	47_2	210	136.585126515818
657.142857142857	933.333333333333	79.6235435537764	24.6	104.223543553776	DBCA	47_2	70	117.035272465615
657.142857142857	966.666666666667	78.1918633083549	24.6	102.791863308355	DBCA	47_2	280	140.634764468185
671.428571428571	666.666666666667	82.8407801955174	24.6	107.440780195517	DBCA	48_1	140	130.830235604607
671.428571428571	700	80.4380329400906	24.6	105.038032940091	DBCA	48_1	0	105.038032940091
671.428571428571	733.333333333333	80.760168380563	24.6	105.360168380563	DBCA	48_1	280	143.203069540393
671.428571428571	766.666666666667	81.1304604299727	24.6	105.730460429973	DBCA	48_1	70	118.542189341811
671.428571428571	800	79.7718317332206	24.6	104.371831733221	DBCA	48_1	210	136.105011224974
671.428571428571	833.333333333333	77.4901140095301	24.6	102.09011400953	DBCA	48_2	70	114.901842921369
671.428571428571	866.666666666667	81.8951168870558	24.6	106.495116887056	DBCA	48_2	210	138.228296378809
671.428571428571	900	82.1611758452212	24.6	106.761175845221	DBCA	48_2	0	106.761175845221
671.428571428571	933.333333333333	81.138278137489	24.6	105.738278137489	DBCA	48_2	140	129.127733546579
671.428571428571	966.666666666667	82.5593314445922	24.6	107.159331444592	DBCA	48_2	280	145.002232604422
685.714285714286	666.666666666667	81.4921709783778	24.6	106.092170978378	DBCA	49_1	210	137.825350470131
685.714285714286	700	80.3989557087823	24.6	104.998955708782	DBCA	49_1	140	128.388411117872
685.714285714286	733.333333333333	82.098307395533	24.6	106.698307395533	DBCA	49_1	0	106.698307395533
685.714285714286	766.666666666667	83.8242460517624	24.6	108.424246051762	DBCA	49_1	280	146.267147211592
685.714285714286	800	78.5929287995682	24.6	103.192928799568	DBCA	49_1	70	116.004657711407
685.714285714286	833.333333333333	80.0840642273122	24.6	104.684064227312	DBCA	49_2	280	142.526965387142
685.714285714286	866.666666666667	83.5106233152431	24.6	108.110623315243	DBCA	49_2	140	131.500078724333
685.714285714286	900	80.6407044839031	24.6	105.240704483903	DBCA	49_2	210	136.973883975657
685.714285714286	933.333333333333	82.5830236877142	24.6	107.183023687714	DBCA	49_2	70	119.994752599553
685.714285714286	966.666666666667	82.1164509925088	24.6	106.716450992509	DBCA	49_2	0	106.716450992509
57.1428571428571	666.666666666667	77.8381493328658	0	77.8381493328658	DBCA	5_1	210	92.0069288246194
57.1428571428571	700	75.9453609048238	0	75.9453609048238	DBCA	5_1	70	82.9022898166626
57.1428571428571	733.333333333333	78.6879159878058	0	78.6879159878058	DBCA	5_1	0	78.6879159878058
57.1428571428571	766.666666666667	80.773028150326	0	80.773028150326	DBCA	5_1	140	92.452883559416
57.1428571428571	800	77.8807433657663	0	77.8807433657663	DBCA	5_1	280	92.3044445255962
57.1428571428571	833.333333333333	82.0209752394809	0	82.0209752394809	DBCA	5_2	70	88.9779041513196
57.1428571428571	866.666666666667	81.1208010827559	0	81.1208010827559	DBCA	5_2	280	95.5445022425858
57.1428571428571	900	83.1248872898336	0	83.1248872898336	DBCA	5_2	0	83.1248872898336
57.1428571428571	933.333333333333	80.2693301990601	0	80.2693301990601	DBCA	5_2	210	94.4381096908138
57.1428571428571	966.666666666667	78.2724150389297	0	78.2724150389297	DBCA	5_2	140	89.9522704480196
700	666.666666666667	78.7664869101952	24.6	103.366486910195	DBCA	50_1	210	135.099666401949
700	700	79.1415820050325	24.6	103.741582005033	DBCA	50_1	280	141.584483164862
700	733.333333333333	80.8102659291272	24.6	105.410265929127	DBCA	50_1	0	105.410265929127
700	766.666666666667	80.1401230516831	24.6	104.740123051683	DBCA	50_1	70	117.551851963522
700	800	78.4937222733078	24.6	103.093722273308	DBCA	50_1	140	126.483177682398
700	833.333333333333	79.5406810078483	24.6	104.140681007848	DBCA	50_2	140	127.530136416938
700	866.666666666667	85.3856681224294	24.6	109.985668122429	DBCA	50_2	210	141.718847614183
700	900	80.5994579220958	24.6	105.199457922096	DBCA	50_2	280	143.042359081926
700	933.333333333333	81.6620900562177	24.6	106.262090056218	DBCA	50_2	70	119.073818968056
700	966.666666666667	80.9144865320598	24.6	105.51448653206	DBCA	50_2	0	105.51448653206
714.285714285714	666.666666666667	85.330794221614	24.6	109.930794221614	DBCA	51_1	140	133.320249630704
714.285714285714	700	79.3850473702099	24.6	103.98504737021	DBCA	51_1	70	116.796776282049
714.285714285714	733.333333333333	80.5408294488893	24.6	105.140829448889	DBCA	51_1	0	105.140829448889
714.285714285714	766.666666666667	78.1351943312808	24.6	102.735194331281	DBCA	51_1	210	134.468373823034
714.285714285714	800	76.6818846732587	24.6	101.281884673259	DBCA	51_1	280	139.124785833089
714.285714285714	833.333333333333	75.3654159407329	24.6	99.9654159407329	DBCA	51_2	280	137.808317100563
714.285714285714	866.666666666667	80.9984866098403	24.6	105.59848660984	DBCA	51_2	0	105.59848660984
714.285714285714	900	78.6459753052952	24.6	103.245975305295	DBCA	51_2	140	126.635430714385
714.285714285714	933.333333333333	81.8303533576926	24.6	106.430353357693	DBCA	51_2	210	138.163532849446
714.285714285714	966.666666666667	82.6798199728867	24.6	107.279819972887	DBCA	51_2	70	120.091548884725
728.571428571429	666.666666666667	83.4026092018387	24.6	108.002609201839	DBCA	52_1	210	139.735788693592
728.571428571429	700	83.0511308130335	24.6	107.651130813033	DBCA	52_1	140	131.040586222123
728.571428571429	733.333333333333	80.3184098620627	24.6	104.918409862063	DBCA	52_1	70	117.730138773901
728.571428571429	766.666666666667	79.5054091616687	24.6	104.105409161669	DBCA	52_1	280	141.948310321499
728.571428571429	800	78.8089342834506	24.6	103.408934283451	DBCA	52_1	0	103.408934283451
728.571428571429	833.333333333333	77.7452850738152	24.6	102.345285073815	DBCA	52_2	210	134.078464565569
728.571428571429	866.666666666667	79.9886017285311	24.6	104.588601728531	DBCA	52_2	0	104.588601728531
728.571428571429	900	76.7598888569083	24.6	101.359888856908	DBCA	52_2	70	114.171617768747
728.571428571429	933.333333333333	81.3937270640436	24.6	105.993727064044	DBCA	52_2	280	143.836628223874
728.571428571429	966.666666666667	81.9409430339333	24.6	106.540943033933	DBCA	52_2	140	129.930398443023
742.857142857143	666.666666666667	83.1861514236297	24.6	107.78615142363	DBCA	53_1	70	120.597880335468
742.857142857143	700	81.8579674616178	24.6	106.457967461618	DBCA	53_1	280	144.300868621448
742.857142857143	733.333333333333	80.0961139365355	24.6	104.696113936535	DBCA	53_1	0	104.696113936535
742.857142857143	766.666666666667	80.5860933536903	24.6	105.18609335369	DBCA	53_1	140	128.57554876278
742.857142857143	800	76.3880918617512	24.6	100.988091861751	DBCA	53_1	210	132.721271353505
742.857142857143	833.333333333333	80.7231941670719	24.6	105.323194167072	DBCA	53_2	140	128.712649576162
742.857142857143	866.666666666667	77.2707453592412	24.6	101.870745359241	DBCA	53_2	210	133.603924850995
742.857142857143	900	73.6787762919315	24.6	98.2787762919315	DBCA	53_2	70	111.09050520377
742.857142857143	933.333333333333	82.2684153659064	24.6	106.868415365906	DBCA	53_2	0	106.868415365906
742.857142857143	966.666666666667	81.9254384342993	24.6	106.525438434299	DBCA	53_2	280	144.368339594129
757.142857142857	666.666666666667	83.2294142207202	24.6	107.82941422072	DBCA	54_1	70	120.641143132559
757.142857142857	700	82.5975217733036	24.6	107.197521773304	DBCA	54_1	210	138.930701265057
757.142857142857	733.333333333333	78.4973156364753	24.6	103.097315636475	DBCA	54_1	280	140.940216796305
757.142857142857	766.666666666667	78.9183214725404	24.6	103.51832147254	DBCA	54_1	0	103.51832147254
757.142857142857	800	78.8760845415134	24.6	103.476084541513	DBCA	54_1	140	126.865539950603
757.142857142857	833.333333333333	80.4000315232572	24.6	105.000031523257	DBCA	54_2	280	142.842932683087
757.142857142857	866.666666666667	77.578412174169	24.6	102.178412174169	DBCA	54_2	70	114.990141086008
757.142857142857	900	73.9097563691677	24.6	98.5097563691677	DBCA	54_2	140	121.899211778258
757.142857142857	933.333333333333	80.357798366172	24.6	104.957798366172	DBCA	54_2	0	104.957798366172
757.142857142857	966.666666666667	77.1858813856458	24.6	101.785881385646	DBCA	54_2	210	133.519060877399
771.428571428571	666.666666666667	82.8827389218439	24.6	107.482738921844	DBCA	55_1	280	145.325640081674
771.428571428571	700	79.4556050274016	24.6	104.055605027402	DBCA	55_1	210	135.788784519155
771.428571428571	733.333333333333	80.042824438218	24.6	104.642824438218	DBCA	55_1	0	104.642824438218
771.428571428571	766.666666666667	79.7203403821179	24.6	104.320340382118	DBCA	55_1	140	127.709795791208
771.428571428571	800	78.5935021623404	24.6	103.19350216234	DBCA	55_1	70	116.005231074179
771.428571428571	833.333333333333	75.8901735185048	24.6	100.490173518505	DBCA	55_2	70	113.301902430344
771.428571428571	866.666666666667	76.5153041445717	24.6	101.115304144572	DBCA	55_2	0	101.115304144572
771.428571428571	900	74.8770668272618	24.6	99.4770668272618	DBCA	55_2	210	131.210246319015
771.428571428571	933.333333333333	79.9391224870992	24.6	104.539122487099	DBCA	55_2	140	127.928577896189
771.428571428571	966.666666666667	75.5620222604959	24.6	100.162022260496	DBCA	55_2	280	138.004923420326
785.714285714286	666.666666666667	80.4966452927826	24.6	105.096645292783	DBCA	56_1	140	128.486100701873
785.714285714286	700	77.9919269133631	24.6	102.591926913363	DBCA	56_1	0	102.591926913363
785.714285714286	733.333333333333	76.2021099503044	24.6	100.802109950304	DBCA	56_1	280	138.645011110134
785.714285714286	766.666666666667	77.6798305215529	24.6	102.279830521553	DBCA	56_1	210	134.013010013307
785.714285714286	800	79.0255978473685	24.6	103.625597847369	DBCA	56_1	70	116.437326759207
785.714285714286	833.333333333333	77.9669817479905	24.6	102.566981747991	DBCA	56_2	210	134.300161239744
785.714285714286	866.666666666667	79.7578293564302	24.6	104.35782935643	DBCA	56_2	280	142.20073051626
785.714285714286	900	75.7702522017345	24.6	100.370252201735	DBCA	56_2	70	113.181981113573
785.714285714286	933.333333333333	79.6261354082128	24.6	104.226135408213	DBCA	56_2	140	127.615590817303
785.714285714286	966.666666666667	74.6357704374028	24.6	99.2357704374028	DBCA	56_2	0	99.2357704374028
800	666.666666666667	77.3946986904941	24.6	101.994698690494	DBCA	57_1	210	133.727878182248
800	700	75.9116959248809	24.6	100.511695924881	DBCA	57_1	140	123.901151333971
800	733.333333333333	77.850970016817	24.6	102.450970016817	DBCA	57_1	0	102.450970016817
800	766.666666666667	78.3121747795004	24.6	102.9121747795	DBCA	57_1	280	140.75507593933
800	800	80.3938147947938	24.6	104.993814794794	DBCA	57_1	70	117.805543706633
800	833.333333333333	82.051465409071	24.6	106.651465409071	DBCA	57_2	70	119.46319432091
800	866.666666666667	79.4927792354078	24.6	104.092779235408	DBCA	57_2	140	127.482234644498
800	900	76.5403737443552	24.6	101.140373744355	DBCA	57_2	210	132.873553236109
800	933.333333333333	79.6644025165747	24.6	104.264402516575	DBCA	57_2	280	142.107303676405
800	966.666666666667	76.7957511754908	24.6	101.395751175491	DBCA	57_2	0	101.395751175491
814.285714285714	666.666666666667	77.2206222393402	24.6	101.82062223934	DBCA	58_1	280	139.66352339917
814.285714285714	700	72.2649405869988	24.6	96.8649405869988	DBCA	58_1	70	109.676669498838
814.285714285714	733.333333333333	77.1966513264796	24.6	101.79665132648	DBCA	58_1	140	125.18610673557
814.285714285714	766.666666666667	78.754063714154	24.6	103.354063714154	DBCA	58_1	0	103.354063714154
814.285714285714	800	79.2297532231059	24.6	103.829753223106	DBCA	58_1	210	135.56293271486
814.285714285714	833.333333333333	78.6087719843293	24.6	103.208771984329	DBCA	58_2	140	126.598227393419
814.285714285714	866.666666666667	79.4360532929834	24.6	104.036053292983	DBCA	58_2	0	104.036053292983
814.285714285714	900	78.7599452434637	24.6	103.359945243464	DBCA	58_2	70	116.171674155302
814.285714285714	933.333333333333	76.8276762804856	24.6	101.427676280486	DBCA	58_2	280	139.270577440316
814.285714285714	966.666666666667	76.3000136459207	24.6	100.900013645921	DBCA	58_2	210	132.633193137674
828.571428571429	666.666666666667	77.6113371269334	24.6	102.211337126933	DBCA	59_1	280	140.054238286763
828.571428571429	700	76.0149122506833	24.6	100.614912250683	DBCA	59_1	140	124.004367659773
828.571428571429	733.333333333333	77.3147179102293	24.6	101.914717910229	DBCA	59_1	70	114.726446822068
828.571428571429	766.666666666667	80.5955781626979	24.6	105.195578162698	DBCA	59_1	0	105.195578162698
828.571428571429	800	77.2308711060506	24.6	101.830871106051	DBCA	59_1	210	133.564050597804
828.571428571429	833.333333333333	80.9608305957562	24.6	105.560830595756	DBCA	59_2	0	105.560830595756
828.571428571429	866.666666666667	81.1711474380912	24.6	105.771147438091	DBCA	59_2	70	118.58287634993
828.571428571429	900	78.1234483090944	24.6	102.723448309094	DBCA	59_2	140	126.112903718184
828.571428571429	933.333333333333	76.4070312032011	24.6	101.007031203201	DBCA	59_2	280	138.849932363031
828.571428571429	966.666666666667	75.9281213376616	24.6	100.528121337662	DBCA	59_2	210	132.261300829415
71.4285714285714	666.666666666667	75.4627939910746	0	75.4627939910746	DBCA	6_1	210	89.6315734828283
71.4285714285714	700	75.1711923080075	0	75.1711923080075	DBCA	6_1	140	86.8510477170975
71.4285714285714	733.333333333333	79.3671140158202	0	79.3671140158202	DBCA	6_1	280	93.7908151756501
71.4285714285714	766.666666666667	82.3708023502435	0	82.3708023502435	DBCA	6_1	70	89.3277312620822
71.4285714285714	800	81.1332439343968	0	81.1332439343968	DBCA	6_1	0	81.1332439343968
71.4285714285714	833.333333333333	81.1805272328877	0	81.1805272328877	DBCA	6_2	210	95.3493067246414
71.4285714285714	866.666666666667	81.0431114150768	0	81.0431114150768	DBCA	6_2	70	88.0000403269155
71.4285714285714	900	79.0671848566301	0	79.0671848566301	DBCA	6_2	0	79.0671848566301
71.4285714285714	933.333333333333	78.9217475894734	0	78.9217475894734	DBCA	6_2	280	93.3454487493033
71.4285714285714	966.666666666667	77.1916549174507	0	77.1916549174507	DBCA	6_2	140	88.8715103265407
842.857142857143	666.666666666667	79.7240689856962	24.6	104.324068985696	DBCA	60_1	210	136.05724847745
842.857142857143	700	74.1487704069458	24.6	98.7487704069458	DBCA	60_1	70	111.560499318785
842.857142857143	733.333333333333	78.7697228447723	24.6	103.369722844772	DBCA	60_1	280	141.212624004602
842.857142857143	766.666666666667	75.717628836611	24.6	100.317628836611	DBCA	60_1	140	123.707084245701
842.857142857143	800	79.4878275907888	24.6	104.087827590789	DBCA	60_1	0	104.087827590789
842.857142857143	833.333333333333	79.0929315252624	24.6	103.692931525262	DBCA	60_2	70	116.504660437101
842.857142857143	866.666666666667	78.7118797443297	24.6	103.31187974433	DBCA	60_2	210	135.045059236083
842.857142857143	900	79.0512904635979	24.6	103.651290463598	DBCA	60_2	280	141.494191623428
842.857142857143	933.333333333333	77.1297100952695	24.6	101.729710095269	DBCA	60_2	0	101.729710095269
842.857142857143	966.666666666667	78.0990862047118	24.6	102.699086204712	DBCA	60_2	140	126.088541613802
857.142857142857	666.666666666667	79.459574379997	24.6	104.059574379997	DBCA	61_1	280	141.902475539827
857.142857142857	700	76.4128464226599	24.6	101.01284642266	DBCA	61_1	70	113.824575334499
857.142857142857	733.333333333333	76.0311651851227	24.6	100.631165185123	DBCA	61_1	0	100.631165185123
857.142857142857	766.666666666667	79.0842723061428	24.6	103.684272306143	DBCA	61_1	140	127.073727715233
857.142857142857	800	78.2423052266897	24.6	102.84230522669	DBCA	61_1	210	134.575484718443
857.142857142857	833.333333333333	80.2106825925515	24.6	104.810682592552	DBCA	61_2	140	128.200138001641
857.142857142857	866.666666666667	81.6011064240936	24.6	106.201106424094	DBCA	61_2	210	137.934285915847
857.142857142857	900	82.9338185604126	24.6	107.533818560413	DBCA	61_2	280	145.376719720242
857.142857142857	933.333333333333	79.431237027394	24.6	104.031237027394	DBCA	61_2	70	116.842965939233
857.142857142857	966.666666666667	75.6962267784714	24.6	100.296226778471	DBCA	61_2	0	100.296226778471
871.428571428571	666.666666666667	78.0964926605844	24.6	102.696492660584	DBCA	62_1	210	134.429672152338
871.428571428571	700	78.434230933933	24.6	103.034230933933	DBCA	62_1	70	115.845959845772
871.428571428571	733.333333333333	79.0779157352581	24.6	103.677915735258	DBCA	62_1	280	141.520816895088
871.428571428571	766.666666666667	80.8881697735386	24.6	105.488169773539	DBCA	62_1	140	128.877625182629
871.428571428571	800	82.1511328134972	24.6	106.751132813497	DBCA	62_1	0	106.751132813497
871.428571428571	833.333333333333	78.5459280572148	24.6	103.145928057215	DBCA	62_2	140	126.535383466305
871.428571428571	866.666666666667	79.1791274734013	24.6	103.779127473401	DBCA	62_2	210	135.512306965155
871.428571428571	900	80.3222834358934	24.6	104.922283435893	DBCA	62_2	0	104.922283435893
871.428571428571	933.333333333333	76.630178138041	24.6	101.230178138041	DBCA	62_2	280	139.073079297871
871.428571428571	966.666666666667	81.5792509290722	24.6	106.179250929072	DBCA	62_2	70	118.990979840911
885.714285714286	666.666666666667	74.9668975511951	24.6	99.5668975511951	DBCA	63_1	140	122.956352960285
885.714285714286	700	74.9582768997566	24.6	99.5582768997565	DBCA	63_1	280	137.401178059586
885.714285714286	733.333333333333	78.5844058307507	24.6	103.184405830751	DBCA	63_1	0	103.184405830751
885.714285714286	766.666666666667	80.4149434020532	24.6	105.014943402053	DBCA	63_1	210	136.748122893807
885.714285714286	800	79.6234394557116	24.6	104.223439455712	DBCA	63_1	70	117.03516836755
885.714285714286	833.333333333333	83.1753574324272	24.6	107.775357432427	DBCA	63_2	70	120.587086344266
885.714285714286	866.666666666667	78.0255713416466	24.6	102.625571341647	DBCA	63_2	210	134.3587508334
885.714285714286	900	79.4141551007319	24.6	104.014155100732	DBCA	63_2	280	141.857056260562
885.714285714286	933.333333333333	75.7798207800386	24.6	100.379820780039	DBCA	63_2	140	123.769276189128
885.714285714286	966.666666666667	79.1093762356389	24.6	103.709376235639	DBCA	63_2	0	103.709376235639
900	666.666666666667	75.4887696065076	24.6	100.088769606508	DBCA	64_1	70	112.900498518346
900	700	75.0401773899026	24.6	99.6401773899026	DBCA	64_1	280	137.483078549732
900	733.333333333333	79.3562653109546	24.6	103.956265310955	DBCA	64_1	210	135.689444802708
900	766.666666666667	78.1543741478243	24.6	102.754374147824	DBCA	64_1	140	126.143829556914
900	800	81.4458676122374	24.6	106.045867612237	DBCA	64_1	0	106.045867612237
900	833.333333333333	82.161463276158	24.6	106.761463276158	DBCA	64_2	280	144.604364435988
900	866.666666666667	77.1333642366076	24.6	101.733364236608	DBCA	64_2	210	133.466543728361
900	900	79.4677964021023	24.6	104.067796402102	DBCA	64_2	70	116.879525313941
900	933.333333333333	74.2559151231327	24.6	98.8559151231327	DBCA	64_2	0	98.8559151231327
900	966.666666666667	78.2399532253238	24.6	102.839953225324	DBCA	64_2	140	126.229408634414
914.285714285714	666.666666666667	75.6329060015174	24.6	100.232906001517	DBCA	65_1	280	138.075807161347
914.285714285714	700	78.6742429801899	24.6	103.27424298019	DBCA	65_1	0	103.27424298019
914.285714285714	733.333333333333	78.3803435209939	24.6	102.980343520994	DBCA	65_1	210	134.713523012748
914.285714285714	766.666666666667	80.3403160557329	24.6	104.940316055733	DBCA	65_1	70	117.752044967572
914.285714285714	800	80.3138387656802	24.6	104.91383876568	DBCA	65_1	140	128.30329417477
914.285714285714	833.333333333333	81.2990844309191	24.6	105.899084430919	DBCA	65_2	280	143.741985590749
914.285714285714	866.666666666667	75.9576633339099	24.6	100.55766333391	DBCA	65_2	70	113.369392245749
914.285714285714	900	79.0049294880823	24.6	103.604929488082	DBCA	65_2	210	135.338108979836
914.285714285714	933.333333333333	78.5506100587321	24.6	103.150610058732	DBCA	65_2	0	103.150610058732
914.285714285714	966.666666666667	83.4187838723257	24.6	108.018783872326	DBCA	65_2	140	131.408239281416
928.571428571429	666.666666666667	76.2863423560384	24.6	100.886342356038	DBCA	66_1	280	138.729243515868
928.571428571429	700	77.6605947910789	24.6	102.260594791079	DBCA	66_1	210	133.993774282833
928.571428571429	733.333333333333	79.2966278238856	24.6	103.896627823886	DBCA	66_1	70	116.708356735724
928.571428571429	766.666666666667	79.6198971171086	24.6	104.219897117109	DBCA	66_1	140	127.609352526199
928.571428571429	800	75.2090540721735	24.6	99.8090540721735	DBCA	66_1	0	99.8090540721735
928.571428571429	833.333333333333	77.6696025849533	24.6	102.269602584953	DBCA	66_2	140	125.659057994043
928.571428571429	866.666666666667	76.0185095730573	24.6	100.618509573057	DBCA	66_2	280	138.461410732887
928.571428571429	900	77.7175854491926	24.6	102.317585449193	DBCA	66_2	70	115.129314361031
928.571428571429	933.333333333333	77.924162662558	24.6	102.524162662558	DBCA	66_2	210	134.257342154312
928.571428571429	966.666666666667	82.2931149040466	24.6	106.893114904047	DBCA	66_2	0	106.893114904047
942.857142857143	666.666666666667	81.6326813920722	24.6	106.232681392072	DBCA	67_1	140	129.622136801162
942.857142857143	700	81.0214994003973	24.6	105.621499400397	DBCA	67_1	210	137.354678892151
942.857142857143	733.333333333333	79.5593504778565	24.6	104.159350477856	DBCA	67_1	70	116.971079389695
942.857142857143	766.666666666667	77.5783341593155	24.6	102.178334159315	DBCA	67_1	280	140.021235319145
942.857142857143	800	78.7040648961412	24.6	103.304064896141	DBCA	67_1	0	103.304064896141
942.857142857143	833.333333333333	75.8814993844981	24.6	100.481499384498	DBCA	67_2	210	132.214678876252
942.857142857143	866.666666666667	78.6424520742468	24.6	103.242452074247	DBCA	67_2	70	116.054180986086
942.857142857143	900	74.810258064804	24.6	99.410258064804	DBCA	67_2	0	99.410258064804
942.857142857143	933.333333333333	81.0851377598187	24.6	105.685137759819	DBCA	67_2	280	143.528038919649
942.857142857143	966.666666666667	81.9418748745534	24.6	106.541874874553	DBCA	67_2	140	129.931330283643
957.142857142857	666.666666666667	76.5109864899917	24.6	101.110986489992	DBCA	68_1	70	113.92271540183
957.142857142857	700	78.2980364105206	24.6	102.898036410521	DBCA	68_1	280	140.740937570351
957.142857142857	733.333333333333	80.1527516730201	24.6	104.75275167302	DBCA	68_1	140	128.14220708211
957.142857142857	766.666666666667	79.1681304174016	24.6	103.768130417402	DBCA	68_1	210	135.501309909155
957.142857142857	800	82.3397516675745	24.6	106.939751667574	DBCA	68_1	0	106.939751667574
957.142857142857	833.333333333333	78.2326702542424	24.6	102.832670254242	DBCA	68_2	210	134.565849745996
957.142857142857	866.666666666667	79.2575707076229	24.6	103.857570707623	DBCA	68_2	70	116.669299619462
957.142857142857	900	76.3149601219232	24.6	100.914960121923	DBCA	68_2	0	100.914960121923
957.142857142857	933.333333333333	79.7102231858911	24.6	104.310223185891	DBCA	68_2	280	142.153124345721
957.142857142857	966.666666666667	83.7568636618367	24.6	108.356863661837	DBCA	68_2	140	131.746319070927
971.428571428571	666.666666666667	76.3342044595019	24.6	100.934204459502	DBCA	69_1	210	132.667383951256
971.428571428571	700	80.6392166096737	24.6	105.239216609674	DBCA	69_1	140	128.628672018764
971.428571428571	733.333333333333	83.5767634134414	24.6	108.176763413441	DBCA	69_1	280	146.019664573271
971.428571428571	766.666666666667	79.7627733031656	24.6	104.362773303166	DBCA	69_1	70	117.174502215004
971.428571428571	800	83.1574038828965	24.6	107.757403882896	DBCA	69_1	0	107.757403882896
971.428571428571	833.333333333333	81.9113769413488	24.6	106.511376941349	DBCA	69_2	70	119.323105853187
971.428571428571	866.666666666667	78.4093803932081	24.6	103.009380393208	DBCA	69_2	280	140.852281553038
971.428571428571	900	80.8355784505619	24.6	105.435578450562	DBCA	69_2	0	105.435578450562
971.428571428571	933.333333333333	84.8712175811557	24.6	109.471217581156	DBCA	69_2	140	132.860672990246
971.428571428571	966.666666666667	81.4056668259492	24.6	106.005666825949	DBCA	69_2	210	137.738846317703
85.7142857142857	666.666666666667	73.1953056366938	0	73.1953056366938	DBCA	7_1	70	80.1522345485325
85.7142857142857	700	77.0347741395247	0	77.0347741395247	DBCA	7_1	140	88.7146295486147
85.7142857142857	733.333333333333	82.0785442104478	0	82.0785442104478	DBCA	7_1	280	96.5022453702776
85.7142857142857	766.666666666667	82.4592018608911	0	82.4592018608911	DBCA	7_1	210	96.6279813526447
85.7142857142857	800	82.9867595567667	0	82.9867595567667	DBCA	7_1	0	82.9867595567667
85.7142857142857	833.333333333333	80.0478991489873	0	80.0478991489873	DBCA	7_2	280	94.4716003088172
85.7142857142857	866.666666666667	77.6264017173955	0	77.6264017173955	DBCA	7_2	70	84.5833306292342
85.7142857142857	900	79.8323485514464	0	79.8323485514464	DBCA	7_2	0	79.8323485514464
85.7142857142857	933.333333333333	82.0363824162463	0	82.0363824162463	DBCA	7_2	210	96.205161908
85.7142857142857	966.666666666667	79.4407088293851	0	79.4407088293851	DBCA	7_2	140	91.1205642384751
985.714285714286	666.666666666667	75.7566588293362	24.6	100.356658829336	DBCA	70_1	140	123.746114238426
985.714285714286	700	77.4114837284656	24.6	102.011483728466	DBCA	70_1	210	133.744663220219
985.714285714286	733.333333333333	82.8145147345057	24.6	107.414514734506	DBCA	70_1	70	120.226243646344
985.714285714286	766.666666666667	78.6683937698127	24.6	103.268393769813	DBCA	70_1	0	103.268393769813
985.714285714286	800	80.4521994909871	24.6	105.052199490987	DBCA	70_1	280	142.895100650817
985.714285714286	833.333333333333	82.181870585264	24.6	106.781870585264	DBCA	70_2	0	106.781870585264
985.714285714286	866.666666666667	78.0558351307955	24.6	102.655835130796	DBCA	70_2	140	126.045290539885
985.714285714286	900	84.306611697161	24.6	108.906611697161	DBCA	70_2	210	140.639791188915
985.714285714286	933.333333333333	82.7773369955795	24.6	107.377336995579	DBCA	70_2	280	145.220238155409
985.714285714286	966.666666666667	81.706318422496	24.6	106.306318422496	DBCA	70_2	70	119.118047334335
1000	666.666666666667	77.6323217696723	24.6	102.232321769672	DBCA	71_1	140	125.621777178762
1000	700	78.4206789476613	24.6	103.020678947661	DBCA	71_1	210	134.753858439415
1000	733.333333333333	81.4222095366877	24.6	106.022209536688	DBCA	71_1	70	118.833938448526
1000	766.666666666667	77.5047892657345	24.6	102.104789265734	DBCA	71_1	0	102.104789265734
1000	800	79.5115984766605	24.6	104.11159847666	DBCA	71_1	280	141.95449963649
1000	833.333333333333	84.401308284683	24.6	109.001308284683	DBCA	71_2	0	109.001308284683
1000	866.666666666667	82.22303221405	24.6	106.82303221405	DBCA	71_2	210	138.556211705804
1000	900	81.4221613735732	24.6	106.022161373573	DBCA	71_2	140	129.411616782663
1000	933.333333333333	79.8461877895188	24.6	104.446187789519	DBCA	71_2	280	142.289088949349
1000	966.666666666667	77.492162406733	24.6	102.092162406733	DBCA	71_2	70	114.903891318572
100	666.666666666667	73.0645786690996	0	73.0645786690996	DBCA	8_1	0	73.0645786690996
100	700	73.5394493314137	0	73.5394493314137	DBCA	8_1	140	85.2193047405037
100	733.333333333333	77.980626437235	0	77.980626437235	DBCA	8_1	280	92.4043275970649
100	766.666666666667	80.0893130259402	0	80.0893130259402	DBCA	8_1	70	87.0462419377789
100	800	83.9226643935559	0	83.9226643935559	DBCA	8_1	210	98.0914438853095
100	833.333333333333	79.1720416318222	0	79.1720416318222	DBCA	8_2	70	86.1289705436609
100	866.666666666667	84.68050595524	0	84.68050595524	DBCA	8_2	140	96.36036136433
100	900	82.0059470800401	0	82.0059470800401	DBCA	8_2	210	96.1747265717938
100	933.333333333333	77.9074694314971	0	77.9074694314971	DBCA	8_2	280	92.331170591327
100	966.666666666667	79.968906054335	0	79.968906054335	DBCA	8_2	0	79.968906054335
114.285714285714	666.666666666667	73.59001470186	0	73.59001470186	DBCA	9_1	210	87.7587941936137
114.285714285714	700	77.9764131377065	0	77.9764131377065	DBCA	9_1	280	92.4001142975364
114.285714285714	733.333333333333	78.6488536200743	0	78.6488536200743	DBCA	9_1	0	78.6488536200743
114.285714285714	766.666666666667	76.0812115373919	0	76.0812115373919	DBCA	9_1	140	87.7610669464818
114.285714285714	800	81.3219370415958	0	81.3219370415958	DBCA	9_1	70	88.2788659534345
114.285714285714	833.333333333333	82.7684112525329	0	82.7684112525329	DBCA	9_2	0	82.7684112525329
114.285714285714	866.666666666667	79.4815167816412	0	79.4815167816412	DBCA	9_2	140	91.1613721907311
114.285714285714	900	80.7458985107759	0	80.7458985107759	DBCA	9_2	210	94.9146780025295
114.285714285714	933.333333333333	79.990945379473	0	79.990945379473	DBCA	9_2	280	94.4146465393029
114.285714285714	966.666666666667	82.0529997589338	0	82.0529997589338	DBCA	9_2	70	89.0099286707725
0	1000	81.4018080254555	0	81.4018080254555	DBCA	1_3	NA	NA
14.2857142857143	1000	84.1652414480344	0	84.1652414480344	DBCA	2_3	NA	NA
28.5714285714286	1000	76.6707903033737	0	76.6707903033737	DBCA	3_3	NA	NA
42.8571428571429	1000	77.4014762829442	0	77.4014762829442	DBCA	4_3	NA	NA
57.1428571428571	1000	72.7892012572337	0	72.7892012572337	DBCA	5_3	NA	NA
71.4285714285714	1000	73.3889584008077	0	73.3889584008077	DBCA	6_3	NA	NA
85.7142857142857	1000	73.9047986163672	0	73.9047986163672	DBCA	7_3	NA	NA
100	1000	79.8925542413262	0	79.8925542413262	DBCA	8_3	NA	NA
114.285714285714	1000	80.2115134558684	0	80.2115134558684	DBCA	9_3	NA	NA
128.571428571429	1000	78.257234264272	0	78.257234264272	DBCA	10_3	NA	NA
142.857142857143	1000	83.533103666713	0	83.533103666713	DBCA	11_3	NA	NA
157.142857142857	1000	83.0051061283063	0	83.0051061283063	DBCA	12_3	NA	NA
171.428571428571	1000	77.7717554332787	0	77.7717554332787	DBCA	13_3	NA	NA
185.714285714286	1000	80.3288703697357	0	80.3288703697357	DBCA	14_3	NA	NA
200	1000	79.6021359106523	0	79.6021359106523	DBCA	15_3	NA	NA
214.285714285714	1000	80.1077508935637	0	80.1077508935637	DBCA	16_3	NA	NA
228.571428571429	1000	81.7093075069175	0	81.7093075069175	DBCA	17_3	NA	NA
242.857142857143	1000	83.3906333363159	0	83.3906333363159	DBCA	18_3	NA	NA
257.142857142857	1000	83.6314888123182	0	83.6314888123182	DBCA	19_3	NA	NA
271.428571428571	1000	78.9848971254362	0	78.9848971254362	DBCA	20_3	NA	NA
285.714285714286	1000	79.1166749656416	0	79.1166749656416	DBCA	21_3	NA	NA
300	1000	80.2748686450916	0	80.2748686450916	DBCA	22_3	NA	NA
314.285714285714	1000	84.0362077592294	0	84.0362077592294	DBCA	23_3	NA	NA
328.571428571429	1000	81.4997087165517	0	81.4997087165517	DBCA	24_3	NA	NA
342.857142857143	1000	79.3337055364568	0	79.3337055364568	DBCA	25_3	NA	NA
357.142857142857	1000	78.4059153917258	0	78.4059153917258	DBCA	26_3	NA	NA
371.428571428571	1000	78.6364018077442	0	78.6364018077442	DBCA	27_3	NA	NA
385.714285714286	1000	78.7772960666527	0	78.7772960666527	DBCA	28_3	NA	NA
400	1000	77.9676510843522	0	77.9676510843522	DBCA	29_3	NA	NA
414.285714285714	1000	78.7834852214992	0	78.7834852214992	DBCA	30_3	NA	NA
428.571428571429	1000	78.2495851104491	0	78.2495851104491	DBCA	31_3	NA	NA
442.857142857143	1000	81.0234503866747	0	81.0234503866747	DBCA	32_3	NA	NA
457.142857142857	1000	82.6464040821914	0	82.6464040821914	DBCA	33_3	NA	NA
471.428571428571	1000	83.8603914155751	0	83.8603914155751	DBCA	34_3	NA	NA
485.714285714286	1000	82.3382248599356	0	82.3382248599356	DBCA	35_3	NA	NA
500	1000	82.2841949096603	0	82.2841949096603	DBCA	36_3	NA	NA
514.285714285714	1000	83.6097488315004	24.6	108.2097488315	DBCA	37_3	NA	NA
528.571428571429	1000	82.1772340238748	24.6	106.777234023875	DBCA	38_3	NA	NA
542.857142857143	1000	80.3450206671451	24.6	104.945020667145	DBCA	39_3	NA	NA
557.142857142857	1000	79.3528626066969	24.6	103.952862606697	DBCA	40_3	NA	NA
571.428571428571	1000	83.5016123244812	24.6	108.101612324481	DBCA	41_3	NA	NA
585.714285714286	1000	79.8297868731119	24.6	104.429786873112	DBCA	42_3	NA	NA
600	1000	79.6009793682687	24.6	104.200979368269	DBCA	43_3	NA	NA
614.285714285714	1000	78.5840445701463	24.6	103.184044570146	DBCA	44_3	NA	NA
628.571428571429	1000	79.9868066877978	24.6	104.586806687798	DBCA	45_3	NA	NA
642.857142857143	1000	81.5908279919395	24.6	106.19082799194	DBCA	46_3	NA	NA
657.142857142857	1000	81.5185806785392	24.6	106.118580678539	DBCA	47_3	NA	NA
671.428571428571	1000	78.9412512766512	24.6	103.541251276651	DBCA	48_3	NA	NA
685.714285714286	1000	81.033049211498	24.6	105.633049211498	DBCA	49_3	NA	NA
700	1000	80.212443719688	24.6	104.812443719688	DBCA	50_3	NA	NA
714.285714285714	1000	83.0093072346361	24.6	107.609307234636	DBCA	51_3	NA	NA
728.571428571429	1000	81.4255119256841	24.6	106.025511925684	DBCA	52_3	NA	NA
742.857142857143	1000	82.8583317258768	24.6	107.458331725877	DBCA	53_3	NA	NA
757.142857142857	1000	79.6487380211415	24.6	104.248738021141	DBCA	54_3	NA	NA
771.428571428571	1000	79.125447036597	24.6	103.725447036597	DBCA	55_3	NA	NA
785.714285714286	1000	80.6301453254154	24.6	105.230145325415	DBCA	56_3	NA	NA
800	1000	81.1084773697221	24.6	105.708477369722	DBCA	57_3	NA	NA
814.285714285714	1000	80.6456333681813	24.6	105.245633368181	DBCA	58_3	NA	NA
828.571428571429	1000	77.305558990678	24.6	101.905558990678	DBCA	59_3	NA	NA
842.857142857143	1000	79.3462500302077	24.6	103.946250030208	DBCA	60_3	NA	NA
857.142857142857	1000	78.2221608151957	24.6	102.822160815196	DBCA	61_3	NA	NA
871.428571428571	1000	79.4134518758397	24.6	104.01345187584	DBCA	62_3	NA	NA
885.714285714286	1000	81.5646692007701	24.6	106.16466920077	DBCA	63_3	NA	NA
900	1000	78.6289340359942	24.6	103.228934035994	DBCA	64_3	NA	NA
914.285714285714	1000	81.2702690430175	24.6	105.870269043017	DBCA	65_3	NA	NA
928.571428571429	1000	79.8158581788337	24.6	104.415858178834	DBCA	66_3	NA	NA
942.857142857143	1000	82.5387236781493	24.6	107.138723678149	DBCA	67_3	NA	NA
957.142857142857	1000	83.5926242892001	24.6	108.1926242892	DBCA	68_3	NA	NA
971.428571428571	1000	82.5988349329058	24.6	107.198834932906	DBCA	69_3	NA	NA
985.714285714286	1000	81.3068010298121	24.6	105.906801029812	DBCA	70_3	NA	NA
1000	1000	79.2758957538021	24.6	103.875895753802	DBCA	71_3	NA	NA
