x	y	variable1	Zona	ErrorConEfecto	Disenio	Bloque	AsigTrat	MiRto
0	666.666666666667	79.8273199624276	0	79.8273199624276	DBCA	1_1	280	64.2600731843757
0	700	83.0233256226271	0	83.0233256226271	DBCA	1_1	140	86.9699215792371
0	733.333333333333	86.3848793861008	0	86.3848793861008	DBCA	1_1	70	91.2907322008148
0	766.666666666667	79.8713960994561	0	79.8713960994561	DBCA	1_1	210	76.9936255251442
0	800	82.051991342284	0	82.051991342284	DBCA	1_1	0	82.051991342284
0	833.333333333333	81.9421612470978	0	81.9421612470978	DBCA	1_2	210	79.0643906727859
0	866.666666666667	79.7229781085931	0	79.7229781085931	DBCA	1_2	280	64.1557313305412
0	900	82.3019756779809	0	82.3019756779809	DBCA	1_2	70	87.2078284926949
0	933.333333333333	81.8455490506627	0	81.8455490506627	DBCA	1_2	0	81.8455490506627
0	966.666666666667	79.9819950979461	0	79.9819950979461	DBCA	1_2	140	83.9285910545562
128.571428571429	666.666666666667	80.3295903772015	0	80.3295903772015	DBCA	10_1	0	80.3295903772015
128.571428571429	700	77.3909784013237	0	77.3909784013237	DBCA	10_1	140	81.3375743579337
128.571428571429	733.333333333333	73.3989928976509	0	73.3989928976509	DBCA	10_1	70	78.3048457123649
128.571428571429	766.666666666667	76.0471799476508	0	76.0471799476508	DBCA	10_1	210	73.1694093733388
128.571428571429	800	76.4620614711144	0	76.4620614711144	DBCA	10_1	280	60.8948146930625
128.571428571429	833.333333333333	81.9040816745963	0	81.9040816745963	DBCA	10_2	280	66.3368348965444
128.571428571429	866.666666666667	79.169063789896	0	79.169063789896	DBCA	10_2	210	76.2912932155841
128.571428571429	900	76.8664814589813	0	76.8664814589813	DBCA	10_2	0	76.8664814589813
128.571428571429	933.333333333333	76.0860252028915	0	76.0860252028915	DBCA	10_2	70	80.9918780176055
128.571428571429	966.666666666667	72.6977901577289	0	72.6977901577289	DBCA	10_2	140	76.644386114339
142.857142857143	666.666666666667	79.55178935107	0	79.55178935107	DBCA	11_1	0	79.55178935107
142.857142857143	700	76.6115326074664	0	76.6115326074664	DBCA	11_1	280	61.0442858294145
142.857142857143	733.333333333333	73.3125173230224	0	73.3125173230224	DBCA	11_1	210	70.4347467487104
142.857142857143	766.666666666667	79.4106317751052	0	79.4106317751052	DBCA	11_1	140	83.3572277317152
142.857142857143	800	78.7427034294992	0	78.7427034294992	DBCA	11_1	70	83.6485562442132
142.857142857143	833.333333333333	81.5561533001393	0	81.5561533001393	DBCA	11_2	70	86.4620061148533
142.857142857143	866.666666666667	78.9270339773313	0	78.9270339773313	DBCA	11_2	0	78.9270339773313
142.857142857143	900	77.1509858492956	0	77.1509858492956	DBCA	11_2	210	74.2732152749837
142.857142857143	933.333333333333	74.635060035409	0	74.635060035409	DBCA	11_2	140	78.581655992019
142.857142857143	966.666666666667	75.457167728233	0	75.457167728233	DBCA	11_2	280	59.8899209501812
157.142857142857	666.666666666667	81.0118424028882	0	81.0118424028882	DBCA	12_1	0	81.0118424028882
157.142857142857	700	80.6618651198107	0	80.6618651198107	DBCA	12_1	70	85.5677179345247
157.142857142857	733.333333333333	74.1596564196294	0	74.1596564196294	DBCA	12_1	280	58.5924096415775
157.142857142857	766.666666666667	75.9870426072296	0	75.9870426072296	DBCA	12_1	210	73.1092720329176
157.142857142857	800	77.8288383542393	0	77.8288383542393	DBCA	12_1	140	81.7754343108493
157.142857142857	833.333333333333	79.6643866995147	0	79.6643866995147	DBCA	12_2	210	76.7866161252028
157.142857142857	866.666666666667	79.7235164292282	0	79.7235164292282	DBCA	12_2	140	83.6701123858382
157.142857142857	900	77.9447488682998	0	77.9447488682998	DBCA	12_2	0	77.9447488682998
157.142857142857	933.333333333333	80.4075798698409	0	80.4075798698409	DBCA	12_2	280	64.840333091789
157.142857142857	966.666666666667	78.9230248110457	0	78.9230248110457	DBCA	12_2	70	83.8288776257597
171.428571428571	666.666666666667	78.3847909267023	0	78.3847909267023	DBCA	13_1	140	82.3313868833123
171.428571428571	700	74.9272922832383	0	74.9272922832383	DBCA	13_1	210	72.0495217089264
171.428571428571	733.333333333333	73.3764640940814	0	73.3764640940814	DBCA	13_1	280	57.8092173160295
171.428571428571	766.666666666667	72.3951891992324	0	72.3951891992324	DBCA	13_1	0	72.3951891992324
171.428571428571	800	78.8283545253423	0	78.8283545253423	DBCA	13_1	70	83.7342073400563
171.428571428571	833.333333333333	80.774722832721	0	80.774722832721	DBCA	13_2	210	77.8969522584091
171.428571428571	866.666666666667	77.9603717813776	0	77.9603717813776	DBCA	13_2	140	81.9069677379876
171.428571428571	900	75.5580891078987	0	75.5580891078987	DBCA	13_2	0	75.5580891078987
171.428571428571	933.333333333333	80.3329782368655	0	80.3329782368655	DBCA	13_2	280	64.7657314588136
171.428571428571	966.666666666667	78.8324594324494	0	78.8324594324494	DBCA	13_2	70	83.7383122471634
185.714285714286	666.666666666667	75.4138856127346	0	75.4138856127346	DBCA	14_1	70	80.3197384274486
185.714285714286	700	80.6235295931422	0	80.6235295931422	DBCA	14_1	140	84.5701255497522
185.714285714286	733.333333333333	78.5883907406017	0	78.5883907406017	DBCA	14_1	280	63.0211439625499
185.714285714286	766.666666666667	77.9309476407526	0	77.9309476407526	DBCA	14_1	210	75.0531770664407
185.714285714286	800	75.5216741368323	0	75.5216741368323	DBCA	14_1	0	75.5216741368323
185.714285714286	833.333333333333	82.4357864612418	0	82.4357864612418	DBCA	14_2	70	87.3416392759558
185.714285714286	866.666666666667	79.1822031780145	0	79.1822031780145	DBCA	14_2	0	79.1822031780145
185.714285714286	900	78.3902393475773	0	78.3902393475773	DBCA	14_2	280	62.8229925695255
185.714285714286	933.333333333333	81.6635912222855	0	81.6635912222855	DBCA	14_2	210	78.7858206479735
185.714285714286	966.666666666667	75.2202272811768	0	75.2202272811768	DBCA	14_2	140	79.1668232377868
200	666.666666666667	80.8678276109007	0	80.8678276109007	DBCA	15_1	70	85.7736804256147
200	700	81.8220630329068	0	81.8220630329068	DBCA	15_1	140	85.7686589895168
200	733.333333333333	77.4658898301855	0	77.4658898301855	DBCA	15_1	210	74.5881192558736
200	766.666666666667	79.000182619797	0	79.000182619797	DBCA	15_1	0	79.000182619797
200	800	77.0012909915969	0	77.0012909915969	DBCA	15_1	280	61.434044213545
200	833.333333333333	82.289150453178	0	82.289150453178	DBCA	15_2	210	79.4113798788661
200	866.666666666667	78.6658819619739	0	78.6658819619739	DBCA	15_2	280	63.0986351839221
200	900	77.8047215678898	0	77.8047215678898	DBCA	15_2	0	77.8047215678898
200	933.333333333333	78.5201646995348	0	78.5201646995348	DBCA	15_2	70	83.4260175142488
200	966.666666666667	78.3369762485773	0	78.3369762485773	DBCA	15_2	140	82.2835722051873
214.285714285714	666.666666666667	81.1838684192338	0	81.1838684192338	DBCA	16_1	280	65.6166216411819
214.285714285714	700	79.1979297789573	0	79.1979297789573	DBCA	16_1	140	83.1445257355673
214.285714285714	733.333333333333	78.6001547469279	0	78.6001547469279	DBCA	16_1	70	83.5060075616419
214.285714285714	766.666666666667	77.0270153617837	0	77.0270153617837	DBCA	16_1	210	74.1492447874717
214.285714285714	800	77.6654603965131	0	77.6654603965131	DBCA	16_1	0	77.6654603965131
214.285714285714	833.333333333333	80.3211189609308	0	80.3211189609308	DBCA	16_2	210	77.4433483866189
214.285714285714	866.666666666667	80.1359183547435	0	80.1359183547435	DBCA	16_2	280	64.5686715766916
214.285714285714	900	81.9028687992288	0	81.9028687992288	DBCA	16_2	70	86.8087216139428
214.285714285714	933.333333333333	78.3530897107183	0	78.3530897107183	DBCA	16_2	140	82.2996856673283
214.285714285714	966.666666666667	76.1869877683574	0	76.1869877683574	DBCA	16_2	0	76.1869877683574
228.571428571429	666.666666666667	80.2893365825185	0	80.2893365825185	DBCA	17_1	70	85.1951893972325
228.571428571429	700	80.4435383466613	0	80.4435383466613	DBCA	17_1	0	80.4435383466613
228.571428571429	733.333333333333	71.1313795156395	0	71.1313795156395	DBCA	17_1	210	68.2536089413276
228.571428571429	766.666666666667	76.9852793146316	0	76.9852793146316	DBCA	17_1	280	61.4180325365797
228.571428571429	800	77.5294035159208	0	77.5294035159208	DBCA	17_1	140	81.4759994725308
228.571428571429	833.333333333333	77.5313488833221	0	77.5313488833221	DBCA	17_2	0	77.5313488833221
228.571428571429	866.666666666667	79.2032559890554	0	79.2032559890554	DBCA	17_2	70	84.1091088037694
228.571428571429	900	82.9041342716158	0	82.9041342716158	DBCA	17_2	210	80.0263636973039
228.571428571429	933.333333333333	80.3287876663908	0	80.3287876663908	DBCA	17_2	140	84.2753836230008
228.571428571429	966.666666666667	79.5522800965209	0	79.5522800965209	DBCA	17_2	280	63.985033318469
242.857142857143	666.666666666667	80.4940095081627	0	80.4940095081627	DBCA	18_1	210	77.6162389338508
242.857142857143	700	76.5739195420637	0	76.5739195420637	DBCA	18_1	70	81.4797723567777
242.857142857143	733.333333333333	73.1723912313266	0	73.1723912313266	DBCA	18_1	0	73.1723912313266
242.857142857143	766.666666666667	78.5683322186177	0	78.5683322186177	DBCA	18_1	280	63.0010854405658
242.857142857143	800	77.633663384282	0	77.633663384282	DBCA	18_1	140	81.580259340892
242.857142857143	833.333333333333	78.2285354996595	0	78.2285354996595	DBCA	18_2	70	83.1343883143735
242.857142857143	866.666666666667	79.2719285848389	0	79.2719285848389	DBCA	18_2	280	63.704681806787
242.857142857143	900	82.6297460440578	0	82.6297460440578	DBCA	18_2	210	79.7519754697458
242.857142857143	933.333333333333	77.8820514427357	0	77.8820514427357	DBCA	18_2	140	81.8286473993457
242.857142857143	966.666666666667	82.2322074224746	0	82.2322074224746	DBCA	18_2	0	82.2322074224746
257.142857142857	666.666666666667	77.4423715430783	0	77.4423715430783	DBCA	19_1	210	74.5646009687664
257.142857142857	700	73.2842364072842	0	73.2842364072842	DBCA	19_1	140	77.2308323638942
257.142857142857	733.333333333333	75.5219085864019	0	75.5219085864019	DBCA	19_1	0	75.5219085864019
257.142857142857	766.666666666667	81.3140449858753	0	81.3140449858753	DBCA	19_1	70	86.2198978005893
257.142857142857	800	81.2330784110693	0	81.2330784110693	DBCA	19_1	280	65.6658316330174
257.142857142857	833.333333333333	79.4565815287361	0	79.4565815287361	DBCA	19_2	280	63.8893347506842
257.142857142857	866.666666666667	78.7501712345262	0	78.7501712345262	DBCA	19_2	70	83.6560240492402
257.142857142857	900	81.6957299031579	0	81.6957299031579	DBCA	19_2	0	81.6957299031579
257.142857142857	933.333333333333	77.0704989776236	0	77.0704989776236	DBCA	19_2	210	74.1927284033116
257.142857142857	966.666666666667	72.854874535929	0	72.854874535929	DBCA	19_2	140	76.801470492539
14.2857142857143	666.666666666667	77.1073020955682	0	77.1073020955682	DBCA	2_1	70	82.0131549102822
14.2857142857143	700	76.6556856574845	0	76.6556856574845	DBCA	2_1	0	76.6556856574845
14.2857142857143	733.333333333333	81.8122200878867	0	81.8122200878867	DBCA	2_1	280	66.2449733098348
14.2857142857143	766.666666666667	78.6427175251417	0	78.6427175251417	DBCA	2_1	140	82.5893134817517
14.2857142857143	800	81.1634097788836	0	81.1634097788836	DBCA	2_1	210	78.2856392045716
14.2857142857143	833.333333333333	82.018607833717	0	82.018607833717	DBCA	2_2	210	79.140837259405
14.2857142857143	866.666666666667	79.0581549869644	0	79.0581549869644	DBCA	2_2	70	83.9640078016784
14.2857142857143	900	80.5015165964882	0	80.5015165964882	DBCA	2_2	0	80.5015165964882
14.2857142857143	933.333333333333	80.5809081130162	0	80.5809081130162	DBCA	2_2	280	65.0136613349644
14.2857142857143	966.666666666667	76.6310117750467	0	76.6310117750467	DBCA	2_2	140	80.5776077316567
271.428571428571	666.666666666667	78.9551972918662	0	78.9551972918662	DBCA	20_1	0	78.9551972918662
271.428571428571	700	78.3647566259716	0	78.3647566259716	DBCA	20_1	70	83.2706094406856
271.428571428571	733.333333333333	77.4189635712289	0	77.4189635712289	DBCA	20_1	140	81.3655595278389
271.428571428571	766.666666666667	76.9988230636244	0	76.9988230636244	DBCA	20_1	210	74.1210524893124
271.428571428571	800	81.4951004540485	0	81.4951004540485	DBCA	20_1	280	65.9278536759967
271.428571428571	833.333333333333	81.1077527052571	0	81.1077527052571	DBCA	20_2	140	85.0543486618671
271.428571428571	866.666666666667	78.4710573060261	0	78.4710573060261	DBCA	20_2	70	83.3769101207401
271.428571428571	900	81.3849685915961	0	81.3849685915961	DBCA	20_2	0	81.3849685915961
271.428571428571	933.333333333333	80.3215881224916	0	80.3215881224916	DBCA	20_2	210	77.4438175481797
271.428571428571	966.666666666667	75.8223925375267	0	75.8223925375267	DBCA	20_2	280	60.2551457594748
285.714285714286	666.666666666667	75.9065101740662	0	75.9065101740662	DBCA	21_1	210	73.0287395997543
285.714285714286	700	77.0999591791338	0	77.0999591791338	DBCA	21_1	70	82.0058119938478
285.714285714286	733.333333333333	75.1823230047173	0	75.1823230047173	DBCA	21_1	140	79.1289189613273
285.714285714286	766.666666666667	76.3431347166759	0	76.3431347166759	DBCA	21_1	0	76.3431347166759
285.714285714286	800	82.2040741838833	0	82.2040741838833	DBCA	21_1	280	66.6368274058314
285.714285714286	833.333333333333	83.9669833884447	0	83.9669833884447	DBCA	21_2	280	68.3997366103928
285.714285714286	866.666666666667	78.6081216705143	0	78.6081216705143	DBCA	21_2	70	83.5139744852283
285.714285714286	900	78.0244475756766	0	78.0244475756766	DBCA	21_2	0	78.0244475756766
285.714285714286	933.333333333333	82.3321886279101	0	82.3321886279101	DBCA	21_2	140	86.2787845845201
285.714285714286	966.666666666667	78.3300561010732	0	78.3300561010732	DBCA	21_2	210	75.4522855267612
300	666.666666666667	76.3557215512098	0	76.3557215512098	DBCA	22_1	140	80.3023175078198
300	700	80.2202730129325	0	80.2202730129325	DBCA	22_1	0	80.2202730129325
300	733.333333333333	80.5718008943957	0	80.5718008943957	DBCA	22_1	210	77.6940303200838
300	766.666666666667	73.7265187420815	0	73.7265187420815	DBCA	22_1	280	58.1592719640297
300	800	80.9288388927177	0	80.9288388927177	DBCA	22_1	70	85.8346917074317
300	833.333333333333	82.1084967389922	0	82.1084967389922	DBCA	22_2	0	82.1084967389922
300	866.666666666667	81.5749260717418	0	81.5749260717418	DBCA	22_2	140	85.5215220283518
300	900	81.6758636674472	0	81.6758636674472	DBCA	22_2	210	78.7980930931353
300	933.333333333333	85.0590267408011	0	85.0590267408011	DBCA	22_2	280	69.4917799627492
300	966.666666666667	78.4296598275486	0	78.4296598275486	DBCA	22_2	70	83.3355126422626
314.285714285714	666.666666666667	79.1302326772029	0	79.1302326772029	DBCA	23_1	70	84.0360854919169
314.285714285714	700	81.6391644643999	0	81.6391644643999	DBCA	23_1	210	78.761393890088
314.285714285714	733.333333333333	79.2465799329478	0	79.2465799329478	DBCA	23_1	140	83.1931758895578
314.285714285714	766.666666666667	76.9209910013957	0	76.9209910013957	DBCA	23_1	280	61.3537442233438
314.285714285714	800	79.119349001859	0	79.119349001859	DBCA	23_1	0	79.119349001859
314.285714285714	833.333333333333	81.4895348985354	0	81.4895348985354	DBCA	23_2	280	65.9222881204835
314.285714285714	866.666666666667	83.1647668989918	0	83.1647668989918	DBCA	23_2	210	80.2869963246798
314.285714285714	900	80.4622976278324	0	80.4622976278324	DBCA	23_2	0	80.4622976278324
314.285714285714	933.333333333333	83.7967712958677	0	83.7967712958677	DBCA	23_2	70	88.7026241105817
314.285714285714	966.666666666667	80.7943691439236	0	80.7943691439236	DBCA	23_2	140	84.7409651005336
328.571428571429	666.666666666667	79.4649699375031	0	79.4649699375031	DBCA	24_1	140	83.4115658941131
328.571428571429	700	76.7741252270714	0	76.7741252270714	DBCA	24_1	70	81.6799780417854
328.571428571429	733.333333333333	75.9913086518011	0	75.9913086518011	DBCA	24_1	0	75.9913086518011
328.571428571429	766.666666666667	79.2668847764813	0	79.2668847764813	DBCA	24_1	280	63.6996379984294
328.571428571429	800	81.5313142172954	0	81.5313142172954	DBCA	24_1	210	78.6535436429835
328.571428571429	833.333333333333	83.0352006357802	0	83.0352006357802	DBCA	24_2	280	67.4679538577283
328.571428571429	866.666666666667	81.1529163974443	0	81.1529163974443	DBCA	24_2	210	78.2751458231324
328.571428571429	900	80.37372001475	0	80.37372001475	DBCA	24_2	0	80.37372001475
328.571428571429	933.333333333333	82.557941892626	0	82.557941892626	DBCA	24_2	140	86.504537849236
328.571428571429	966.666666666667	81.2263365335624	0	81.2263365335624	DBCA	24_2	70	86.1321893482764
342.857142857143	666.666666666667	79.1600843531772	0	79.1600843531772	DBCA	25_1	70	84.0659371678912
342.857142857143	700	79.1120502115403	0	79.1120502115403	DBCA	25_1	280	63.5448034334884
342.857142857143	733.333333333333	74.3636514617007	0	74.3636514617007	DBCA	25_1	0	74.3636514617007
342.857142857143	766.666666666667	76.4227458489444	0	76.4227458489444	DBCA	25_1	210	73.5449752746325
342.857142857143	800	80.3261903947606	0	80.3261903947606	DBCA	25_1	140	84.2727863513706
342.857142857143	833.333333333333	82.5762254453832	0	82.5762254453832	DBCA	25_2	70	87.4820782600972
342.857142857143	866.666666666667	83.8996790467041	0	83.8996790467041	DBCA	25_2	210	81.0219084723922
342.857142857143	900	81.9670988234675	0	81.9670988234675	DBCA	25_2	280	66.3998520454157
342.857142857143	933.333333333333	82.3712102996302	0	82.3712102996302	DBCA	25_2	140	86.3178062562402
342.857142857143	966.666666666667	81.8743007287242	0	81.8743007287242	DBCA	25_2	0	81.8743007287242
357.142857142857	666.666666666667	85.2248977946568	0	85.2248977946568	DBCA	26_1	280	69.657651016605
357.142857142857	700	81.4566980893518	0	81.4566980893518	DBCA	26_1	210	78.5789275150399
357.142857142857	733.333333333333	80.6456564280789	0	80.6456564280789	DBCA	26_1	0	80.6456564280789
357.142857142857	766.666666666667	80.1656430608599	0	80.1656430608599	DBCA	26_1	140	84.1122390174699
357.142857142857	800	82.0748804321938	0	82.0748804321938	DBCA	26_1	70	86.9807332469078
357.142857142857	833.333333333333	81.9402091946842	0	81.9402091946842	DBCA	26_2	280	66.3729624166323
357.142857142857	866.666666666667	79.81302322948	0	79.81302322948	DBCA	26_2	210	76.935252655168
357.142857142857	900	78.4834077796035	0	78.4834077796035	DBCA	26_2	70	83.3892605943175
357.142857142857	933.333333333333	81.2859071960511	0	81.2859071960511	DBCA	26_2	0	81.2859071960511
357.142857142857	966.666666666667	80.9793439433792	0	80.9793439433792	DBCA	26_2	140	84.9259398999893
371.428571428571	666.666666666667	83.3019000066556	0	83.3019000066556	DBCA	27_1	210	80.4241294323436
371.428571428571	700	84.8014741748903	0	84.8014741748903	DBCA	27_1	0	84.8014741748903
371.428571428571	733.333333333333	79.9757885888379	0	79.9757885888379	DBCA	27_1	70	84.8816414035519
371.428571428571	766.666666666667	81.7429583458428	0	81.7429583458428	DBCA	27_1	140	85.6895543024528
371.428571428571	800	83.3594563356914	0	83.3594563356914	DBCA	27_1	280	67.7922095576396
371.428571428571	833.333333333333	80.2393800099355	0	80.2393800099355	DBCA	27_2	280	64.6721332318836
371.428571428571	866.666666666667	78.0311240346417	0	78.0311240346417	DBCA	27_2	70	82.9369768493557
371.428571428571	900	75.6113413532136	0	75.6113413532136	DBCA	27_2	140	79.5579373098236
371.428571428571	933.333333333333	79.0869074186246	0	79.0869074186246	DBCA	27_2	210	76.2091368443127
371.428571428571	966.666666666667	81.1446357561365	0	81.1446357561365	DBCA	27_2	0	81.1446357561365
385.714285714286	666.666666666667	80.7027072327743	0	80.7027072327743	DBCA	28_1	280	65.1354604547225
385.714285714286	700	85.7465273184099	0	85.7465273184099	DBCA	28_1	70	90.6523801331239
385.714285714286	733.333333333333	78.0786725552541	0	78.0786725552541	DBCA	28_1	0	78.0786725552541
385.714285714286	766.666666666667	80.2122159418615	0	80.2122159418615	DBCA	28_1	210	77.3344453675495
385.714285714286	800	79.3173179793875	0	79.3173179793875	DBCA	28_1	140	83.2639139359975
385.714285714286	833.333333333333	80.0046743239435	0	80.0046743239435	DBCA	28_2	140	83.9512702805535
385.714285714286	866.666666666667	78.1257804649302	0	78.1257804649302	DBCA	28_2	280	62.5585336868783
385.714285714286	900	73.6591292100461	0	73.6591292100461	DBCA	28_2	210	70.7813586357342
385.714285714286	933.333333333333	79.9078039786386	0	79.9078039786386	DBCA	28_2	0	79.9078039786386
385.714285714286	966.666666666667	80.9226992283277	0	80.9226992283277	DBCA	28_2	70	85.8285520430417
400	666.666666666667	83.7374830627385	0	83.7374830627385	DBCA	29_1	140	87.6840790193485
400	700	82.8608626221107	0	82.8608626221107	DBCA	29_1	0	82.8608626221107
400	733.333333333333	80.420861537949	0	80.420861537949	DBCA	29_1	280	64.8536147598972
400	766.666666666667	75.5358354852426	0	75.5358354852426	DBCA	29_1	210	72.6580649109307
400	800	77.0718595051973	0	77.0718595051973	DBCA	29_1	70	81.9777123199113
400	833.333333333333	77.7673209582988	0	77.7673209582988	DBCA	29_2	210	74.8895503839869
400	866.666666666667	79.2771608493704	0	79.2771608493704	DBCA	29_2	280	63.7099140713185
400	900	76.4292232432388	0	76.4292232432388	DBCA	29_2	70	81.3350760579528
400	933.333333333333	82.0253041939722	0	82.0253041939722	DBCA	29_2	0	82.0253041939722
400	966.666666666667	84.6278074765195	0	84.6278074765195	DBCA	29_2	140	88.5744034331295
28.5714285714286	666.666666666667	77.746069018326	0	77.746069018326	DBCA	3_1	210	74.8682984440141
28.5714285714286	700	76.8018943374598	0	76.8018943374598	DBCA	3_1	0	76.8018943374598
28.5714285714286	733.333333333333	77.370648811316	0	77.370648811316	DBCA	3_1	280	61.8034020332641
28.5714285714286	766.666666666667	77.00374565833	0	77.00374565833	DBCA	3_1	140	80.95034161494
28.5714285714286	800	82.9462291050422	0	82.9462291050422	DBCA	3_1	70	87.8520819197562
28.5714285714286	833.333333333333	78.0301455176141	0	78.0301455176141	DBCA	3_2	280	62.4628987395622
28.5714285714286	866.666666666667	80.6146676838095	0	80.6146676838095	DBCA	3_2	70	85.5205204985235
28.5714285714286	900	77.4337348427582	0	77.4337348427582	DBCA	3_2	0	77.4337348427582
28.5714285714286	933.333333333333	77.2539730446607	0	77.2539730446607	DBCA	3_2	210	74.3762024703488
28.5714285714286	966.666666666667	76.4909974931686	0	76.4909974931686	DBCA	3_2	140	80.4375934497786
414.285714285714	666.666666666667	83.177996887713	0	83.177996887713	DBCA	30_1	0	83.177996887713
414.285714285714	700	79.6346153062888	0	79.6346153062888	DBCA	30_1	140	83.5812112628988
414.285714285714	733.333333333333	74.8965045752621	0	74.8965045752621	DBCA	30_1	280	59.3292577972102
414.285714285714	766.666666666667	74.8433783472237	0	74.8433783472237	DBCA	30_1	70	79.7492311619377
414.285714285714	800	76.6598501855567	0	76.6598501855567	DBCA	30_1	210	73.7820796112448
414.285714285714	833.333333333333	80.7484101266997	0	80.7484101266997	DBCA	30_2	140	84.6950060833097
414.285714285714	866.666666666667	75.7715417863249	0	75.7715417863249	DBCA	30_2	210	72.8937712120129
414.285714285714	900	78.0292983928982	0	78.0292983928982	DBCA	30_2	0	78.0292983928982
414.285714285714	933.333333333333	84.3711057530325	0	84.3711057530325	DBCA	30_2	280	68.8038589749806
414.285714285714	966.666666666667	81.1793592943853	0	81.1793592943853	DBCA	30_2	70	86.0852121090993
428.571428571429	666.666666666667	82.1469706806227	0	82.1469706806227	DBCA	31_1	210	79.2692001063107
428.571428571429	700	76.5728728187112	0	76.5728728187112	DBCA	31_1	0	76.5728728187112
428.571428571429	733.333333333333	72.6556230587855	0	72.6556230587855	DBCA	31_1	280	57.0883762807336
428.571428571429	766.666666666667	75.1499860436656	0	75.1499860436656	DBCA	31_1	140	79.0965820002756
428.571428571429	800	80.1888983672022	0	80.1888983672022	DBCA	31_1	70	85.0947511819162
428.571428571429	833.333333333333	80.3954135356281	0	80.3954135356281	DBCA	31_2	210	77.5176429613161
428.571428571429	866.666666666667	80.7209891218318	0	80.7209891218318	DBCA	31_2	280	65.15374234378
428.571428571429	900	80.9380075199724	0	80.9380075199724	DBCA	31_2	140	84.8846034765825
428.571428571429	933.333333333333	81.4148289360175	0	81.4148289360175	DBCA	31_2	0	81.4148289360175
428.571428571429	966.666666666667	80.5057457637734	0	80.5057457637734	DBCA	31_2	70	85.4115985784874
442.857142857143	666.666666666667	76.1899700972663	0	76.1899700972663	DBCA	32_1	0	76.1899700972663
442.857142857143	700	76.3553097655419	0	76.3553097655419	DBCA	32_1	280	60.78806298749
442.857142857143	733.333333333333	79.0269942709183	0	79.0269942709183	DBCA	32_1	140	82.9735902275283
442.857142857143	766.666666666667	74.9229429011789	0	74.9229429011789	DBCA	32_1	70	79.8287957158929
442.857142857143	800	81.8039249988543	0	81.8039249988543	DBCA	32_1	210	78.9261544245423
442.857142857143	833.333333333333	83.3867920979844	0	83.3867920979844	DBCA	32_2	70	88.2926449126984
442.857142857143	866.666666666667	80.5846298753226	0	80.5846298753226	DBCA	32_2	210	77.7068593010107
442.857142857143	900	79.8331089926264	0	79.8331089926264	DBCA	32_2	140	83.7797049492364
442.857142857143	933.333333333333	82.7628253010879	0	82.7628253010879	DBCA	32_2	280	67.1955785230361
442.857142857143	966.666666666667	75.9887456431029	0	75.9887456431029	DBCA	32_2	0	75.9887456431029
457.142857142857	666.666666666667	76.2719954842011	0	76.2719954842011	DBCA	33_1	0	76.2719954842011
457.142857142857	700	78.9065828570918	0	78.9065828570918	DBCA	33_1	280	63.3393360790399
457.142857142857	733.333333333333	74.6588728666032	0	74.6588728666032	DBCA	33_1	70	79.5647256813172
457.142857142857	766.666666666667	73.9151368288845	0	73.9151368288845	DBCA	33_1	140	77.8617327854945
457.142857142857	800	78.4779510501521	0	78.4779510501521	DBCA	33_1	210	75.6001804758402
457.142857142857	833.333333333333	84.6547267806944	0	84.6547267806944	DBCA	33_2	0	84.6547267806944
457.142857142857	866.666666666667	81.700572755388	0	81.700572755388	DBCA	33_2	280	66.1333259773361
457.142857142857	900	79.9999068057843	0	79.9999068057843	DBCA	33_2	210	77.1221362314724
457.142857142857	933.333333333333	83.1357668343055	0	83.1357668343055	DBCA	33_2	70	88.0416196490195
457.142857142857	966.666666666667	82.1566052124624	0	82.1566052124624	DBCA	33_2	140	86.1032011690724
471.428571428571	666.666666666667	77.1806338761963	0	77.1806338761963	DBCA	34_1	140	81.1272298328063
471.428571428571	700	75.2188052576428	0	75.2188052576428	DBCA	34_1	70	80.1246580723568
471.428571428571	733.333333333333	76.1190873395419	0	76.1190873395419	DBCA	34_1	280	60.5518405614901
471.428571428571	766.666666666667	71.7650089352613	0	71.7650089352613	DBCA	34_1	0	71.7650089352613
471.428571428571	800	78.1459225337205	0	78.1459225337205	DBCA	34_1	210	75.2681519594086
471.428571428571	833.333333333333	85.3084994020682	0	85.3084994020682	DBCA	34_2	210	82.4307288277562
471.428571428571	866.666666666667	84.1043961680655	0	84.1043961680655	DBCA	34_2	140	88.0509921246756
471.428571428571	900	79.7120138039959	0	79.7120138039959	DBCA	34_2	280	64.144767025944
471.428571428571	933.333333333333	79.3591464842017	0	79.3591464842017	DBCA	34_2	70	84.2649992989157
471.428571428571	966.666666666667	81.3882119145062	0	81.3882119145062	DBCA	34_2	0	81.3882119145062
485.714285714286	666.666666666667	78.2408758861052	0	78.2408758861052	DBCA	35_1	280	62.6736291080534
485.714285714286	700	75.3742969835567	0	75.3742969835567	DBCA	35_1	0	75.3742969835567
485.714285714286	733.333333333333	73.678031280172	0	73.678031280172	DBCA	35_1	210	70.8002607058601
485.714285714286	766.666666666667	74.2151685311907	0	74.2151685311907	DBCA	35_1	140	78.1617644878007
485.714285714286	800	78.166548624079	0	78.166548624079	DBCA	35_1	70	83.072401438793
485.714285714286	833.333333333333	84.327109930576	0	84.327109930576	DBCA	35_2	70	89.23296274529
485.714285714286	866.666666666667	85.5543696471614	0	85.5543696471614	DBCA	35_2	140	89.5009656037714
485.714285714286	900	85.4715772252511	0	85.4715772252511	DBCA	35_2	280	69.9043304471992
485.714285714286	933.333333333333	79.8025446512817	0	79.8025446512817	DBCA	35_2	0	79.8025446512817
485.714285714286	966.666666666667	78.7914746960246	0	78.7914746960246	DBCA	35_2	210	75.9137041217127
500	666.666666666667	77.7872780046831	0	77.7872780046831	DBCA	36_1	210	74.9095074303712
500	700	77.4634058494847	0	77.4634058494847	DBCA	36_1	0	77.4634058494847
500	733.333333333333	76.7094648345406	0	76.7094648345406	DBCA	36_1	280	61.1422180564887
500	766.666666666667	75.8124726257002	0	75.8124726257002	DBCA	36_1	70	80.7183254404142
500	800	75.7740632930248	0	75.7740632930248	DBCA	36_1	140	79.7206592496348
500	833.333333333333	86.9736605290403	0	86.9736605290403	DBCA	36_2	70	91.8795133437543
500	866.666666666667	84.6064414450451	0	84.6064414450451	DBCA	36_2	210	81.7286708707331
500	900	84.4414180332743	0	84.4414180332743	DBCA	36_2	280	68.8741712552225
500	933.333333333333	78.8031250221164	0	78.8031250221164	DBCA	36_2	140	82.7497209787264
500	966.666666666667	80.7811207537713	0	80.7811207537713	DBCA	36_2	0	80.7811207537713
514.285714285714	666.666666666667	80.7492220452555	24.6	105.349222045255	DBCA	37_1	70	116.109874859969
514.285714285714	700	78.9326445334006	24.6	103.532644533401	DBCA	37_1	140	119.188840490011
514.285714285714	733.333333333333	78.9125486524928	24.6	103.512548652493	DBCA	37_1	0	103.512548652493
514.285714285714	766.666666666667	74.7994795784934	24.6	99.3994795784934	DBCA	37_1	210	114.086109004181
514.285714285714	800	74.8646634466314	24.6	99.4646634466314	DBCA	37_1	280	107.31661666858
514.285714285714	833.333333333333	82.6511137766194	24.6	107.251113776619	DBCA	37_2	70	118.011766591333
514.285714285714	866.666666666667	84.4439320672035	24.6	109.043932067204	DBCA	37_2	210	123.730561492892
514.285714285714	900	80.8928284825823	24.6	105.492828482582	DBCA	37_2	0	105.492828482582
514.285714285714	933.333333333333	78.6687022303758	24.6	103.268702230376	DBCA	37_2	280	111.120655452324
514.285714285714	966.666666666667	80.8054730744551	24.6	105.405473074455	DBCA	37_2	140	121.061669031065
528.571428571429	666.666666666667	82.6684747581254	24.6	107.268474758125	DBCA	38_1	0	107.268474758125
528.571428571429	700	82.9048406485166	24.6	107.504840648517	DBCA	38_1	210	122.191470074205
528.571428571429	733.333333333333	79.2139952695223	24.6	103.813995269522	DBCA	38_1	70	114.574648084236
528.571428571429	766.666666666667	73.9521637552944	24.6	98.5521637552944	DBCA	38_1	140	114.208359711904
528.571428571429	800	76.736554193173	24.6	101.336554193173	DBCA	38_1	280	109.188507415121
528.571428571429	833.333333333333	81.654193344281	24.6	106.254193344281	DBCA	38_2	140	121.910389300891
528.571428571429	866.666666666667	81.1232268100812	24.6	105.723226810081	DBCA	38_2	0	105.723226810081
528.571428571429	900	80.81532330174	24.6	105.41532330174	DBCA	38_2	280	113.267276523688
528.571428571429	933.333333333333	82.3856493485251	24.6	106.985649348525	DBCA	38_2	70	117.746302163239
528.571428571429	966.666666666667	81.3701841339597	24.6	105.97018413396	DBCA	38_2	210	120.656813559648
542.857142857143	666.666666666667	86.0171641502838	24.6	110.617164150284	DBCA	39_1	70	121.377816964998
542.857142857143	700	80.7384993093399	24.6	105.33849930934	DBCA	39_1	140	120.99469526595
542.857142857143	733.333333333333	79.5346589401207	24.6	104.134658940121	DBCA	39_1	280	111.986612162069
542.857142857143	766.666666666667	74.2710723788191	24.6	98.8710723788191	DBCA	39_1	0	98.8710723788191
542.857142857143	800	81.7368193932561	24.6	106.336819393256	DBCA	39_1	210	121.023448818944
542.857142857143	833.333333333333	79.3429861127624	24.6	103.942986112762	DBCA	39_2	140	119.599182069372
542.857142857143	866.666666666667	81.9834165355013	24.6	106.583416535501	DBCA	39_2	70	117.344069350215
542.857142857143	900	79.6469206646896	24.6	104.24692066469	DBCA	39_2	210	118.933550090378
542.857142857143	933.333333333333	80.0883442220922	24.6	104.688344222092	DBCA	39_2	0	104.688344222092
542.857142857143	966.666666666667	79.5216247889106	24.6	104.121624788911	DBCA	39_2	280	111.973578010859
42.8571428571429	666.666666666667	78.4461158051825	0	78.4461158051825	DBCA	4_1	140	82.3927117617925
42.8571428571429	700	77.8031043998527	0	77.8031043998527	DBCA	4_1	0	77.8031043998527
42.8571428571429	733.333333333333	77.2366881441146	0	77.2366881441146	DBCA	4_1	210	74.3589175698026
42.8571428571429	766.666666666667	77.9388617228417	0	77.9388617228417	DBCA	4_1	70	82.8447145375557
42.8571428571429	800	80.2802495120624	0	80.2802495120624	DBCA	4_1	280	64.7130027340106
42.8571428571429	833.333333333333	82.6519089548494	0	82.6519089548494	DBCA	4_2	280	67.0846621767975
42.8571428571429	866.666666666667	81.4767937508651	0	81.4767937508651	DBCA	4_2	210	78.5990231765532
42.8571428571429	900	74.6661769892732	0	74.6661769892732	DBCA	4_2	0	74.6661769892732
42.8571428571429	933.333333333333	78.2015998256406	0	78.2015998256406	DBCA	4_2	70	83.1074526403546
42.8571428571429	966.666666666667	71.4026164867514	0	71.4026164867514	DBCA	4_2	140	75.3492124433614
557.142857142857	666.666666666667	83.627148311885	24.6	108.227148311885	DBCA	40_1	70	118.987801126599
557.142857142857	700	81.4100424648852	24.6	106.010042464885	DBCA	40_1	210	120.696671890573
557.142857142857	733.333333333333	78.9741924981862	24.6	103.574192498186	DBCA	40_1	140	119.230388454796
557.142857142857	766.666666666667	77.1105272843139	24.6	101.710527284314	DBCA	40_1	0	101.710527284314
557.142857142857	800	79.9010199597908	24.6	104.501019959791	DBCA	40_1	280	112.352973181739
557.142857142857	833.333333333333	82.3768958628873	24.6	106.976895862887	DBCA	40_2	210	121.663525288575
557.142857142857	866.666666666667	80.07851718408	24.6	104.67851718408	DBCA	40_2	0	104.67851718408
557.142857142857	900	81.4064834811967	24.6	106.006483481197	DBCA	40_2	70	116.767136295911
557.142857142857	933.333333333333	82.3415708908664	24.6	106.941570890866	DBCA	40_2	140	122.597766847476
557.142857142857	966.666666666667	76.6676485321431	24.6	101.267648532143	DBCA	40_2	280	109.119601754091
571.428571428571	666.666666666667	80.841295186324	24.6	105.441295186324	DBCA	41_1	210	120.127924612012
571.428571428571	700	80.3937122952797	24.6	104.99371229528	DBCA	41_1	70	115.754365109994
571.428571428571	733.333333333333	80.0502572273065	24.6	104.650257227306	DBCA	41_1	0	104.650257227306
571.428571428571	766.666666666667	80.7551545599977	24.6	105.355154559998	DBCA	41_1	280	113.207107781946
571.428571428571	800	81.4534877618217	24.6	106.053487761822	DBCA	41_1	140	121.709683718432
571.428571428571	833.333333333333	81.6261425953825	24.6	106.226142595382	DBCA	41_2	0	106.226142595382
571.428571428571	866.666666666667	77.1396603809825	24.6	101.739660380982	DBCA	41_2	70	112.500313195696
571.428571428571	900	80.3540371719718	24.6	104.954037171972	DBCA	41_2	140	120.610233128582
571.428571428571	933.333333333333	81.0469410883989	24.6	105.646941088399	DBCA	41_2	280	113.498894310347
571.428571428571	966.666666666667	77.3384568674758	24.6	101.938456867476	DBCA	41_2	210	116.625086293164
585.714285714286	666.666666666667	82.4592859816626	24.6	107.059285981663	DBCA	42_1	210	121.745915407351
585.714285714286	700	82.805618269695	24.6	107.405618269695	DBCA	42_1	280	115.257571491643
585.714285714286	733.333333333333	78.4607631440568	24.6	103.060763144057	DBCA	42_1	0	103.060763144057
585.714285714286	766.666666666667	80.5144900220111	24.6	105.114490022011	DBCA	42_1	140	120.770685978621
585.714285714286	800	77.4334948229267	24.6	102.033494822927	DBCA	42_1	70	112.794147637641
585.714285714286	833.333333333333	80.6482329233144	24.6	105.248232923314	DBCA	42_2	280	113.100186145263
585.714285714286	866.666666666667	79.4570619408601	24.6	104.05706194086	DBCA	42_2	210	118.743691366548
585.714285714286	900	80.1931616234598	24.6	104.79316162346	DBCA	42_2	0	104.79316162346
585.714285714286	933.333333333333	78.0124549244527	24.6	102.612454924453	DBCA	42_2	70	113.373107739167
585.714285714286	966.666666666667	80.5227771841136	24.6	105.122777184114	DBCA	42_2	140	120.778973140724
600	666.666666666667	80.3801733509438	24.6	104.980173350944	DBCA	43_1	140	120.636369307554
600	700	78.9979161142063	24.6	103.597916114206	DBCA	43_1	210	118.284545539894
600	733.333333333333	74.079199610434	24.6	98.679199610434	DBCA	43_1	0	98.679199610434
600	766.666666666667	79.6401906353549	24.6	104.240190635355	DBCA	43_1	280	112.092143857303
600	800	78.60321224573	24.6	103.20321224573	DBCA	43_1	70	113.963865060444
600	833.333333333333	80.2312822800523	24.6	104.831282280052	DBCA	43_2	0	104.831282280052
600	866.666666666667	76.1072538397319	24.6	100.707253839732	DBCA	43_2	70	111.467906654446
600	900	80.0002257828569	24.6	104.600225782857	DBCA	43_2	280	112.452179004805
600	933.333333333333	78.9945768654949	24.6	103.594576865495	DBCA	43_2	210	118.281206291183
600	966.666666666667	77.9885701241694	24.6	102.588570124169	DBCA	43_2	140	118.244766080779
614.285714285714	666.666666666667	80.9002107186996	24.6	105.5002107187	DBCA	44_1	70	116.260863533414
614.285714285714	700	80.14553540973	24.6	104.74553540973	DBCA	44_1	210	119.432164835418
614.285714285714	733.333333333333	77.7527496937034	24.6	102.352749693703	DBCA	44_1	140	118.008945650313
614.285714285714	766.666666666667	79.1458699546353	24.6	103.745869954635	DBCA	44_1	0	103.745869954635
614.285714285714	800	79.4093074285095	24.6	104.00930742851	DBCA	44_1	280	111.861260650458
614.285714285714	833.333333333333	76.4108684520714	24.6	101.010868452071	DBCA	44_2	0	101.010868452071
614.285714285714	866.666666666667	75.5079838982253	24.6	100.107983898225	DBCA	44_2	70	110.868636712939
614.285714285714	900	77.7590375056181	24.6	102.359037505618	DBCA	44_2	140	118.015233462228
614.285714285714	933.333333333333	78.8442664118752	24.6	103.444266411875	DBCA	44_2	280	111.296219633823
614.285714285714	966.666666666667	76.0253523987166	24.6	100.625352398717	DBCA	44_2	210	115.311981824405
628.571428571429	666.666666666667	82.5610053935331	24.6	107.161005393533	DBCA	45_1	0	107.161005393533
628.571428571429	700	79.3868659673418	24.6	103.986865967342	DBCA	45_1	210	118.67349539303
628.571428571429	733.333333333333	78.3363299104042	24.6	102.936329910404	DBCA	45_1	140	118.592525867014
628.571428571429	766.666666666667	78.4471802897649	24.6	103.047180289765	DBCA	45_1	70	113.807833104479
628.571428571429	800	79.8213390696648	24.6	104.421339069665	DBCA	45_1	280	112.273292291613
628.571428571429	833.333333333333	79.5824511980678	24.6	104.182451198068	DBCA	45_2	280	112.034404420016
628.571428571429	866.666666666667	74.5013933285365	24.6	99.1013933285365	DBCA	45_2	0	99.1013933285365
628.571428571429	900	76.9830248249467	24.6	101.583024824947	DBCA	45_2	70	112.343677639661
628.571428571429	933.333333333333	77.0095510647468	24.6	101.609551064747	DBCA	45_2	140	117.265747021357
628.571428571429	966.666666666667	78.2385013938503	24.6	102.83850139385	DBCA	45_2	210	117.525130819538
642.857142857143	666.666666666667	79.4283956124655	24.6	104.028395612465	DBCA	46_1	140	119.684591569076
642.857142857143	700	77.3944034998114	24.6	101.994403499811	DBCA	46_1	210	116.681032925499
642.857142857143	733.333333333333	79.5905823418146	24.6	104.190582341815	DBCA	46_1	0	104.190582341815
642.857142857143	766.666666666667	82.5260882728909	24.6	107.126088272891	DBCA	46_1	280	114.978041494839
642.857142857143	800	78.3993065203642	24.6	102.999306520364	DBCA	46_1	70	113.759959335078
642.857142857143	833.333333333333	76.6406322368607	24.6	101.240632236861	DBCA	46_2	0	101.240632236861
642.857142857143	866.666666666667	74.667537144894	24.6	99.267537144894	DBCA	46_2	140	114.923733101504
642.857142857143	900	80.4405720656925	24.6	105.040572065692	DBCA	46_2	280	112.892525287641
642.857142857143	933.333333333333	78.6064527502835	24.6	103.206452750283	DBCA	46_2	210	117.893082175972
642.857142857143	966.666666666667	76.4178205087014	24.6	101.017820508701	DBCA	46_2	70	111.778473323415
657.142857142857	666.666666666667	80.8098636689048	24.6	105.409863668905	DBCA	47_1	70	116.170516483619
657.142857142857	700	76.3080738291151	24.6	100.908073829115	DBCA	47_1	0	100.908073829115
657.142857142857	733.333333333333	81.8996692707897	24.6	106.49966927079	DBCA	47_1	280	114.351622492738
657.142857142857	766.666666666667	80.96726984577	24.6	105.56726984577	DBCA	47_1	210	120.253899271458
657.142857142857	800	74.0366515586692	24.6	98.6366515586692	DBCA	47_1	140	114.292847515279
657.142857142857	833.333333333333	73.3210639505994	24.6	97.9210639505994	DBCA	47_2	140	113.577259907209
657.142857142857	866.666666666667	76.0635121204192	24.6	100.663512120419	DBCA	47_2	280	108.515465342367
657.142857142857	900	75.7192616495475	24.6	100.319261649548	DBCA	47_2	70	111.079914464262
657.142857142857	933.333333333333	73.6755560867906	24.6	98.2755560867905	DBCA	47_2	0	98.2755560867905
657.142857142857	966.666666666667	74.9309040628425	24.6	99.5309040628425	DBCA	47_2	210	114.217533488531
671.428571428571	666.666666666667	79.2469811936172	24.6	103.846981193617	DBCA	48_1	0	103.846981193617
671.428571428571	700	78.8109772872024	24.6	103.410977287202	DBCA	48_1	140	119.067173243812
671.428571428571	733.333333333333	80.3594959025993	24.6	104.959495902599	DBCA	48_1	280	112.811449124547
671.428571428571	766.666666666667	78.9524987198796	24.6	103.55249871988	DBCA	48_1	210	118.239128145568
671.428571428571	800	72.9569161294157	24.6	97.5569161294157	DBCA	48_1	70	108.31756894413
671.428571428571	833.333333333333	73.3368356329016	24.6	97.9368356329016	DBCA	48_2	0	97.9368356329016
671.428571428571	866.666666666667	78.4662148053808	24.6	103.066214805381	DBCA	48_2	280	110.918168027329
671.428571428571	900	76.3076069255448	24.6	100.907606925545	DBCA	48_2	210	115.594236351233
671.428571428571	933.333333333333	78.8695177341211	24.6	103.469517734121	DBCA	48_2	140	119.125713690731
671.428571428571	966.666666666667	77.6147781389211	24.6	102.214778138921	DBCA	48_2	70	112.975430953635
685.714285714286	666.666666666667	78.2316484454553	24.6	102.831648445455	DBCA	49_1	280	110.683601667403
685.714285714286	700	78.6670645579778	24.6	103.267064557978	DBCA	49_1	140	118.923260514588
685.714285714286	733.333333333333	79.8015857125247	24.6	104.401585712525	DBCA	49_1	0	104.401585712525
685.714285714286	766.666666666667	78.0726167037221	24.6	102.672616703722	DBCA	49_1	70	113.433269518436
685.714285714286	800	70.4889090848288	24.6	95.0889090848288	DBCA	49_1	210	109.775538510517
685.714285714286	833.333333333333	76.4138019659435	24.6	101.013801965944	DBCA	49_2	140	116.669997922554
685.714285714286	866.666666666667	75.6566920175082	24.6	100.256692017508	DBCA	49_2	210	114.943321443196
685.714285714286	900	75.7939887983177	24.6	100.393988798318	DBCA	49_2	70	111.154641613032
685.714285714286	933.333333333333	77.9129814148565	24.6	102.512981414857	DBCA	49_2	280	110.364934636805
685.714285714286	966.666666666667	74.8621903761001	24.6	99.4621903761001	DBCA	49_2	0	99.4621903761001
57.1428571428571	666.666666666667	77.4842740576709	0	77.4842740576709	DBCA	5_1	140	81.4308700142809
57.1428571428571	700	76.9996798968376	0	76.9996798968376	DBCA	5_1	280	61.4324331187857
57.1428571428571	733.333333333333	79.5243327027998	0	79.5243327027998	DBCA	5_1	70	84.4301855175138
57.1428571428571	766.666666666667	80.2857084629966	0	80.2857084629966	DBCA	5_1	0	80.2857084629966
57.1428571428571	800	78.3742058806662	0	78.3742058806662	DBCA	5_1	210	75.4964353063543
57.1428571428571	833.333333333333	82.7775498715429	0	82.7775498715429	DBCA	5_2	280	67.210303093491
57.1428571428571	866.666666666667	80.2299638607386	0	80.2299638607386	DBCA	5_2	140	84.1765598173486
57.1428571428571	900	72.7831071440151	0	72.7831071440151	DBCA	5_2	210	69.9053365697032
57.1428571428571	933.333333333333	77.201336715933	0	77.201336715933	DBCA	5_2	0	77.201336715933
57.1428571428571	966.666666666667	76.9053511407978	0	76.9053511407978	DBCA	5_2	70	81.8112039555118
700	666.666666666667	78.0433071394086	24.6	102.643307139409	DBCA	50_1	0	102.643307139409
700	700	80.599982617994	24.6	105.199982617994	DBCA	50_1	210	119.886612043682
700	733.333333333333	79.2641888816761	24.6	103.864188881676	DBCA	50_1	140	119.520384838286
700	766.666666666667	75.2459648742687	24.6	99.8459648742686	DBCA	50_1	280	107.697918096217
700	800	73.1510401256406	24.6	97.7510401256406	DBCA	50_1	70	108.511692940355
700	833.333333333333	75.2905031327506	24.6	99.8905031327506	DBCA	50_2	70	110.651155947465
700	866.666666666667	75.91992952595	24.6	100.51992952595	DBCA	50_2	280	108.371882747898
700	900	78.6866181636364	24.6	103.286618163636	DBCA	50_2	140	118.942814120246
700	933.333333333333	80.214968606874	24.6	104.814968606874	DBCA	50_2	0	104.814968606874
700	966.666666666667	80.228402508395	24.6	104.828402508395	DBCA	50_2	210	119.515031934083
714.285714285714	666.666666666667	78.524794720786	24.6	103.124794720786	DBCA	51_1	280	110.976747942734
714.285714285714	700	77.1048865250279	24.6	101.704886525028	DBCA	51_1	70	112.465539339742
714.285714285714	733.333333333333	81.5456278324237	24.6	106.145627832424	DBCA	51_1	210	120.832257258112
714.285714285714	766.666666666667	74.3884357206158	24.6	98.9884357206158	DBCA	51_1	0	98.9884357206158
714.285714285714	800	74.7017284760342	24.6	99.3017284760342	DBCA	51_1	140	114.957924432644
714.285714285714	833.333333333333	77.8374144119888	24.6	102.437414411989	DBCA	51_2	280	110.289367633937
714.285714285714	866.666666666667	77.0940179759959	24.6	101.694017975996	DBCA	51_2	70	112.45467079071
714.285714285714	900	77.8147347585193	24.6	102.414734758519	DBCA	51_2	0	102.414734758519
714.285714285714	933.333333333333	77.9945174305876	24.6	102.594517430588	DBCA	51_2	140	118.250713387198
714.285714285714	966.666666666667	77.9078244225529	24.6	102.507824422553	DBCA	51_2	210	117.194453848241
728.571428571429	666.666666666667	77.7308821733094	24.6	102.330882173309	DBCA	52_1	210	117.017511598997
728.571428571429	700	76.9392072227694	24.6	101.539207222769	DBCA	52_1	280	109.391160444718
728.571428571429	733.333333333333	81.6665075135163	24.6	106.266507513516	DBCA	52_1	0	106.266507513516
728.571428571429	766.666666666667	78.5940680153729	24.6	103.194068015373	DBCA	52_1	70	113.954720830087
728.571428571429	800	74.4191999572803	24.6	99.0191999572803	DBCA	52_1	140	114.67539591389
728.571428571429	833.333333333333	76.04116442989	24.6	100.64116442989	DBCA	52_2	210	115.327793855578
728.571428571429	866.666666666667	76.6895279036322	24.6	101.289527903632	DBCA	52_2	280	109.14148112558
728.571428571429	900	76.4343065310923	24.6	101.034306531092	DBCA	52_2	70	111.794959345806
728.571428571429	933.333333333333	74.7050820007338	24.6	99.3050820007338	DBCA	52_2	140	114.961277957344
728.571428571429	966.666666666667	78.2618517453165	24.6	102.861851745316	DBCA	52_2	0	102.861851745316
742.857142857143	666.666666666667	75.9559942864087	24.6	100.555994286409	DBCA	53_1	0	100.555994286409
742.857142857143	700	76.1011159691033	24.6	100.701115969103	DBCA	53_1	140	116.357311925713
742.857142857143	733.333333333333	77.3333533012509	24.6	101.933353301251	DBCA	53_1	280	109.785306523199
742.857142857143	766.666666666667	76.4735954576058	24.6	101.073595457606	DBCA	53_1	70	111.83424827232
742.857142857143	800	77.1832944191184	24.6	101.783294419118	DBCA	53_1	210	116.469923844806
742.857142857143	833.333333333333	79.3204254154027	24.6	103.920425415403	DBCA	53_2	140	119.576621372013
742.857142857143	866.666666666667	79.302560588473	24.6	103.902560588473	DBCA	53_2	210	118.589190014161
742.857142857143	900	78.9500481446158	24.6	103.550048144616	DBCA	53_2	0	103.550048144616
742.857142857143	933.333333333333	75.0156182553559	24.6	99.6156182553559	DBCA	53_2	70	110.37627107007
742.857142857143	966.666666666667	74.659496753857	24.6	99.259496753857	DBCA	53_2	280	107.111449975805
757.142857142857	666.666666666667	80.4286418750156	24.6	105.028641875016	DBCA	54_1	210	119.715271300704
757.142857142857	700	77.7109823881297	24.6	102.31098238813	DBCA	54_1	280	110.162935610078
757.142857142857	733.333333333333	80.0608377465038	24.6	104.660837746504	DBCA	54_1	70	115.421490561218
757.142857142857	766.666666666667	77.4581899260687	24.6	102.058189926069	DBCA	54_1	0	102.058189926069
757.142857142857	800	76.4716630947407	24.6	101.071663094741	DBCA	54_1	140	116.727859051351
757.142857142857	833.333333333333	76.7448765163752	24.6	101.344876516375	DBCA	54_2	140	117.001072472985
757.142857142857	866.666666666667	79.0005287024345	24.6	103.600528702435	DBCA	54_2	210	118.287158128123
757.142857142857	900	81.1539457123667	24.6	105.753945712367	DBCA	54_2	280	113.605898934315
757.142857142857	933.333333333333	78.0988744417484	24.6	102.698874441748	DBCA	54_2	0	102.698874441748
757.142857142857	966.666666666667	74.2153219129226	24.6	98.8153219129226	DBCA	54_2	70	109.575974727637
771.428571428571	666.666666666667	78.731365419423	24.6	103.331365419423	DBCA	55_1	70	114.092018234137
771.428571428571	700	79.5436973754737	24.6	104.143697375474	DBCA	55_1	0	104.143697375474
771.428571428571	733.333333333333	81.5952096677062	24.6	106.195209667706	DBCA	55_1	210	120.881839093394
771.428571428571	766.666666666667	80.4462587426774	24.6	105.046258742677	DBCA	55_1	140	120.702454699287
771.428571428571	800	77.1558436995424	24.6	101.755843699542	DBCA	55_1	280	109.607796921491
771.428571428571	833.333333333333	76.1604454816831	24.6	100.760445481683	DBCA	55_2	280	108.612398703631
771.428571428571	866.666666666667	77.9133106797631	24.6	102.513310679763	DBCA	55_2	210	117.199940105451
771.428571428571	900	77.1341663978812	24.6	101.734166397881	DBCA	55_2	70	112.494819212595
771.428571428571	933.333333333333	73.8910706209967	24.6	98.4910706209967	DBCA	55_2	0	98.4910706209967
771.428571428571	966.666666666667	75.9246752553015	24.6	100.524675255302	DBCA	55_2	140	116.180871211912
785.714285714286	666.666666666667	79.6469357295352	24.6	104.246935729535	DBCA	56_1	140	119.903131686145
785.714285714286	700	78.8258482082013	24.6	103.425848208201	DBCA	56_1	0	103.425848208201
785.714285714286	733.333333333333	79.6061935660214	24.6	104.206193566021	DBCA	56_1	280	112.05814678797
785.714285714286	766.666666666667	78.0937085526828	24.6	102.693708552683	DBCA	56_1	70	113.454361367397
785.714285714286	800	79.405600051808	24.6	104.005600051808	DBCA	56_1	210	118.692229477496
785.714285714286	833.333333333333	78.2407398370047	24.6	102.840739837005	DBCA	56_2	0	102.840739837005
785.714285714286	866.666666666667	77.8329880066429	24.6	102.432988006643	DBCA	56_2	140	118.089183963253
785.714285714286	900	78.7618850446666	24.6	103.361885044667	DBCA	56_2	210	118.048514470355
785.714285714286	933.333333333333	77.0447794938833	24.6	101.644779493883	DBCA	56_2	70	112.405432308597
785.714285714286	966.666666666667	76.532119801621	24.6	101.132119801621	DBCA	56_2	280	108.984073023569
800	666.666666666667	78.2057040237197	24.6	102.80570402372	DBCA	57_1	280	110.657657245668
800	700	78.7186164089425	24.6	103.318616408942	DBCA	57_1	70	114.079269223656
800	733.333333333333	77.3854436987654	24.6	101.985443698765	DBCA	57_1	210	116.672073124454
800	766.666666666667	78.3945057536396	24.6	102.99450575364	DBCA	57_1	0	102.99450575364
800	800	81.3267013778443	24.6	105.926701377844	DBCA	57_1	140	121.582897334454
800	833.333333333333	79.9905016047871	24.6	104.590501604787	DBCA	57_2	210	119.277131030475
800	866.666666666667	73.9881289538366	24.6	98.5881289538366	DBCA	57_2	280	106.440082175785
800	900	71.6220309036708	24.6	96.2220309036708	DBCA	57_2	0	96.2220309036708
800	933.333333333333	76.3791138179648	24.6	100.979113817965	DBCA	57_2	70	111.739766632679
800	966.666666666667	77.4971609380546	24.6	102.097160938055	DBCA	57_2	140	117.753356894665
814.285714285714	666.666666666667	77.1439852883811	24.6	101.743985288381	DBCA	58_1	210	116.430614714069
814.285714285714	700	79.5698609064866	24.6	104.169860906487	DBCA	58_1	0	104.169860906487
814.285714285714	733.333333333333	78.094566772475	24.6	102.694566772475	DBCA	58_1	70	113.455219587189
814.285714285714	766.666666666667	79.6698126568892	24.6	104.269812656889	DBCA	58_1	280	112.121765878837
814.285714285714	800	81.9494688995888	24.6	106.549468899589	DBCA	58_1	140	122.205664856199
814.285714285714	833.333333333333	77.4947373398147	24.6	102.094737339815	DBCA	58_2	210	116.781366765503
814.285714285714	866.666666666667	78.2940166311297	24.6	102.89401663113	DBCA	58_2	280	110.745969853078
814.285714285714	900	75.1186772170473	24.6	99.7186772170473	DBCA	58_2	140	115.374873173657
814.285714285714	933.333333333333	72.8508750924306	24.6	97.4508750924306	DBCA	58_2	0	97.4508750924306
814.285714285714	966.666666666667	76.5817357815615	24.6	101.181735781561	DBCA	58_2	70	111.942388596275
828.571428571429	666.666666666667	79.8227886225546	24.6	104.422788622555	DBCA	59_1	280	112.274741844503
828.571428571429	700	78.0543450094377	24.6	102.654345009438	DBCA	59_1	0	102.654345009438
828.571428571429	733.333333333333	78.6243757580835	24.6	103.224375758084	DBCA	59_1	70	113.985028572798
828.571428571429	766.666666666667	79.263104291972	24.6	103.863104291972	DBCA	59_1	210	118.54973371766
828.571428571429	800	77.5533169479242	24.6	102.153316947924	DBCA	59_1	140	117.809512904534
828.571428571429	833.333333333333	76.796542272971	24.6	101.396542272971	DBCA	59_2	70	112.157195087685
828.571428571429	866.666666666667	79.0703943047883	24.6	103.670394304788	DBCA	59_2	0	103.670394304788
828.571428571429	900	75.5267449863181	24.6	100.126744986318	DBCA	59_2	210	114.813374412006
828.571428571429	933.333333333333	76.0472468176675	24.6	100.647246817668	DBCA	59_2	140	116.303442774278
828.571428571429	966.666666666667	77.5899007057357	24.6	102.189900705736	DBCA	59_2	280	110.041853927684
71.4285714285714	666.666666666667	79.2007147378102	0	79.2007147378102	DBCA	6_1	0	79.2007147378102
71.4285714285714	700	75.658295331529	0	75.658295331529	DBCA	6_1	140	79.604891288139
71.4285714285714	733.333333333333	73.7747402308465	0	73.7747402308465	DBCA	6_1	210	70.8969696565346
71.4285714285714	766.666666666667	81.7009172638482	0	81.7009172638482	DBCA	6_1	70	86.6067700785622
71.4285714285714	800	82.0395522083255	0	82.0395522083255	DBCA	6_1	280	66.4723054302737
71.4285714285714	833.333333333333	80.0101338291545	0	80.0101338291545	DBCA	6_2	210	77.1323632548425
71.4285714285714	866.666666666667	76.6353823629572	0	76.6353823629572	DBCA	6_2	140	80.5819783195672
71.4285714285714	900	78.6953741476278	0	78.6953741476278	DBCA	6_2	70	83.6012269623418
71.4285714285714	933.333333333333	78.7904157042855	0	78.7904157042855	DBCA	6_2	280	63.2231689262337
71.4285714285714	966.666666666667	77.8457738150537	0	77.8457738150537	DBCA	6_2	0	77.8457738150537
842.857142857143	666.666666666667	80.6732126171433	24.6	105.273212617143	DBCA	60_1	0	105.273212617143
842.857142857143	700	78.0823489039679	24.6	102.682348903968	DBCA	60_1	210	117.368978329656
842.857142857143	733.333333333333	75.5669519549914	24.6	100.166951954991	DBCA	60_1	140	115.823147911601
842.857142857143	766.666666666667	82.631952592973	24.6	107.231952592973	DBCA	60_1	70	117.992605407687
842.857142857143	800	81.6841505932101	24.6	106.28415059321	DBCA	60_1	280	114.136103815158
842.857142857143	833.333333333333	79.9608151157495	24.6	104.56081511575	DBCA	60_2	0	104.56081511575
842.857142857143	866.666666666667	74.8879724725546	24.6	99.4879724725545	DBCA	60_2	140	115.144168429165
842.857142857143	900	79.2612066595978	24.6	103.861206659598	DBCA	60_2	210	118.547836085286
842.857142857143	933.333333333333	79.0292926097817	24.6	103.629292609782	DBCA	60_2	70	114.389945424496
842.857142857143	966.666666666667	77.7018224594797	24.6	102.30182245948	DBCA	60_2	280	110.153775681428
857.142857142857	666.666666666667	78.4575525261763	24.6	103.057552526176	DBCA	61_1	70	113.81820534089
857.142857142857	700	77.3339093050975	24.6	101.933909305098	DBCA	61_1	280	109.785862527046
857.142857142857	733.333333333333	76.3632910635079	24.6	100.963291063508	DBCA	61_1	140	116.619487020118
857.142857142857	766.666666666667	77.6753957927623	24.6	102.275395792762	DBCA	61_1	210	116.96202521845
857.142857142857	800	77.9950845135416	24.6	102.595084513542	DBCA	61_1	0	102.595084513542
857.142857142857	833.333333333333	79.1831797920486	24.6	103.783179792049	DBCA	61_2	140	119.439375748659
857.142857142857	866.666666666667	75.1890387937472	24.6	99.7890387937472	DBCA	61_2	0	99.7890387937472
857.142857142857	900	78.5624063422551	24.6	103.162406342255	DBCA	61_2	280	111.014359564203
857.142857142857	933.333333333333	80.0770936747192	24.6	104.677093674719	DBCA	61_2	210	119.363723100407
857.142857142857	966.666666666667	82.0722598429149	24.6	106.672259842915	DBCA	61_2	70	117.432912657629
871.428571428571	666.666666666667	77.8596681085911	24.6	102.459668108591	DBCA	62_1	140	118.115864065201
871.428571428571	700	78.4224024487398	24.6	103.02240244874	DBCA	62_1	280	110.874355670688
871.428571428571	733.333333333333	79.8490060681369	24.6	104.449006068137	DBCA	62_1	70	115.209658882851
871.428571428571	766.666666666667	77.5204160103898	24.6	102.12041601039	DBCA	62_1	210	116.807045436078
871.428571428571	800	78.0547591286428	24.6	102.654759128643	DBCA	62_1	0	102.654759128643
871.428571428571	833.333333333333	73.4769837068651	24.6	98.0769837068651	DBCA	62_2	140	113.733179663475
871.428571428571	866.666666666667	76.0356152688491	24.6	100.635615268849	DBCA	62_2	210	115.322244694537
871.428571428571	900	80.4151949606067	24.6	105.015194960607	DBCA	62_2	0	105.015194960607
871.428571428571	933.333333333333	76.7883148629018	24.6	101.388314862902	DBCA	62_2	280	109.24026808485
871.428571428571	966.666666666667	81.4144115333003	24.6	106.0144115333	DBCA	62_2	70	116.775064348014
885.714285714286	666.666666666667	75.4128477899055	24.6	100.012847789905	DBCA	63_1	70	110.773500604619
885.714285714286	700	77.6185360877089	24.6	102.218536087709	DBCA	63_1	210	116.905165513397
885.714285714286	733.333333333333	79.1039761206434	24.6	103.703976120643	DBCA	63_1	140	119.360172077253
885.714285714286	766.666666666667	75.6466357283612	24.6	100.246635728361	DBCA	63_1	280	108.098588950309
885.714285714286	800	79.5491663928261	24.6	104.149166392826	DBCA	63_1	0	104.149166392826
885.714285714286	833.333333333333	77.3767265368464	24.6	101.976726536846	DBCA	63_2	280	109.828679758795
885.714285714286	866.666666666667	74.8477926139243	24.6	99.4477926139242	DBCA	63_2	140	115.103988570534
885.714285714286	900	80.6383848583198	24.6	105.23838485832	DBCA	63_2	210	119.925014284008
885.714285714286	933.333333333333	78.2090444669212	24.6	102.809044466921	DBCA	63_2	70	113.569697281635
885.714285714286	966.666666666667	77.8491867377438	24.6	102.449186737744	DBCA	63_2	0	102.449186737744
900	666.666666666667	78.5332513050137	24.6	103.133251305014	DBCA	64_1	280	110.985204526962
900	700	77.4228654118518	24.6	102.022865411852	DBCA	64_1	210	116.70949483754
900	733.333333333333	79.6673051849938	24.6	104.267305184994	DBCA	64_1	140	119.923501141604
900	766.666666666667	79.9678540462052	24.6	104.567854046205	DBCA	64_1	0	104.567854046205
900	800	83.1984681520983	24.6	107.798468152098	DBCA	64_1	70	118.559120966812
900	833.333333333333	76.5438009885909	24.6	101.143800988591	DBCA	64_2	210	115.830430414279
900	866.666666666667	78.825025556457	24.6	103.425025556457	DBCA	64_2	70	114.185678371171
900	900	81.6500216285539	24.6	106.250021628554	DBCA	64_2	280	114.101974850502
900	933.333333333333	78.0268127417746	24.6	102.626812741775	DBCA	64_2	0	102.626812741775
900	966.666666666667	74.9998625890672	24.6	99.5998625890672	DBCA	64_2	140	115.256058545677
914.285714285714	666.666666666667	79.9477888050395	24.6	104.547788805039	DBCA	65_1	280	112.399742026988
914.285714285714	700	80.7147146147853	24.6	105.314714614785	DBCA	65_1	70	116.075367429499
914.285714285714	733.333333333333	78.2135646910433	24.6	102.813564691043	DBCA	65_1	140	118.469760647653
914.285714285714	766.666666666667	81.9449903415082	24.6	106.544990341508	DBCA	65_1	210	121.231619767196
914.285714285714	800	81.4584436191471	24.6	106.058443619147	DBCA	65_1	0	106.058443619147
914.285714285714	833.333333333333	80.04150239935	24.6	104.64150239935	DBCA	65_2	210	119.328131825038
914.285714285714	866.666666666667	78.1383532742713	24.6	102.738353274271	DBCA	65_2	140	118.394549230881
914.285714285714	900	78.6823400967173	24.6	103.282340096717	DBCA	65_2	70	114.042992911431
914.285714285714	933.333333333333	79.5288749911257	24.6	104.128874991126	DBCA	65_2	0	104.128874991126
914.285714285714	966.666666666667	75.1098122792207	24.6	99.7098122792207	DBCA	65_2	280	107.561765501169
928.571428571429	666.666666666667	81.0171429555768	24.6	105.617142955577	DBCA	66_1	140	121.273338912187
928.571428571429	700	77.9668408424765	24.6	102.566840842477	DBCA	66_1	70	113.327493657191
928.571428571429	733.333333333333	79.9902737166317	24.6	104.590273716632	DBCA	66_1	210	119.27690314232
928.571428571429	766.666666666667	79.8113980784531	24.6	104.411398078453	DBCA	66_1	0	104.411398078453
928.571428571429	800	84.5330207610357	24.6	109.133020761036	DBCA	66_1	280	116.984973982984
928.571428571429	833.333333333333	79.9152406312852	24.6	104.515240631285	DBCA	66_2	0	104.515240631285
928.571428571429	866.666666666667	81.6186659200079	24.6	106.218665920008	DBCA	66_2	280	114.070619141956
928.571428571429	900	78.6335595390862	24.6	103.233559539086	DBCA	66_2	70	113.9942123538
928.571428571429	933.333333333333	79.5933942971967	24.6	104.193394297197	DBCA	66_2	210	118.880023722885
928.571428571429	966.666666666667	78.553914690078	24.6	103.153914690078	DBCA	66_2	140	118.810110646688
942.857142857143	666.666666666667	83.0160090362907	24.6	107.616009036291	DBCA	67_1	280	115.467962258239
942.857142857143	700	79.149444366915	24.6	103.749444366915	DBCA	67_1	140	119.405640323525
942.857142857143	733.333333333333	79.912358741466	24.6	104.512358741466	DBCA	67_1	0	104.512358741466
942.857142857143	766.666666666667	77.5815897919312	24.6	102.181589791931	DBCA	67_1	70	112.942242606645
942.857142857143	800	81.0759828579431	24.6	105.675982857943	DBCA	67_1	210	120.362612283631
942.857142857143	833.333333333333	81.9633741242973	24.6	106.563374124297	DBCA	67_2	140	122.219570080907
942.857142857143	866.666666666667	79.6585836815679	24.6	104.258583681568	DBCA	67_2	210	118.945213107256
942.857142857143	900	77.3861549168382	24.6	101.986154916838	DBCA	67_2	280	109.838108138786
942.857142857143	933.333333333333	79.6996114047162	24.6	104.299611404716	DBCA	67_2	70	115.06026421943
942.857142857143	966.666666666667	73.8818697967844	24.6	98.4818697967844	DBCA	67_2	0	98.4818697967844
957.142857142857	666.666666666667	85.4804997888086	24.6	110.080499788809	DBCA	68_1	70	120.841152603523
957.142857142857	700	79.7295712179608	24.6	104.329571217961	DBCA	68_1	280	112.181524439909
957.142857142857	733.333333333333	81.184404572735	24.6	105.784404572735	DBCA	68_1	0	105.784404572735
957.142857142857	766.666666666667	78.9620778924	24.6	103.5620778924	DBCA	68_1	140	119.21827384901
957.142857142857	800	82.9915372304791	24.6	107.591537230479	DBCA	68_1	210	122.278166656167
957.142857142857	833.333333333333	78.5807999534205	24.6	103.18079995342	DBCA	68_2	70	113.941452768134
957.142857142857	866.666666666667	76.619826076118	24.6	101.219826076118	DBCA	68_2	280	109.071779298066
957.142857142857	900	78.2501251950256	24.6	102.850125195026	DBCA	68_2	210	117.536754620714
957.142857142857	933.333333333333	78.9820072124446	24.6	103.582007212445	DBCA	68_2	140	119.238203169055
957.142857142857	966.666666666667	76.8740252465443	24.6	101.474025246544	DBCA	68_2	0	101.474025246544
971.428571428571	666.666666666667	90.5982701817358	24.6	115.198270181736	DBCA	69_1	280	123.050223403684
971.428571428571	700	81.8325258194721	24.6	106.432525819472	DBCA	69_1	0	106.432525819472
971.428571428571	733.333333333333	86.9343696035402	24.6	111.53436960354	DBCA	69_1	140	127.19056556015
971.428571428571	766.666666666667	81.5232456098387	24.6	106.123245609839	DBCA	69_1	210	120.809875035527
971.428571428571	800	80.3780387493139	24.6	104.978038749314	DBCA	69_1	70	115.738691564028
971.428571428571	833.333333333333	82.1660490264502	24.6	106.76604902645	DBCA	69_2	280	114.618002248398
971.428571428571	866.666666666667	78.5763763723195	24.6	103.176376372319	DBCA	69_2	0	103.176376372319
971.428571428571	900	75.9189237314649	24.6	100.518923731465	DBCA	69_2	210	115.205553157153
971.428571428571	933.333333333333	78.0497326739121	24.6	102.649732673912	DBCA	69_2	70	113.410385488626
971.428571428571	966.666666666667	80.4069640443785	24.6	105.006964044379	DBCA	69_2	140	120.663160000989
85.7142857142857	666.666666666667	83.1609965683107	0	83.1609965683107	DBCA	7_1	0	83.1609965683107
85.7142857142857	700	78.7561687942343	0	78.7561687942343	DBCA	7_1	70	83.6620216089483
85.7142857142857	733.333333333333	77.3323707082752	0	77.3323707082752	DBCA	7_1	140	81.2789666648852
85.7142857142857	766.666666666667	81.9801994391594	0	81.9801994391594	DBCA	7_1	210	79.1024288648475
85.7142857142857	800	77.6339204333983	0	77.6339204333983	DBCA	7_1	280	62.0666736553465
85.7142857142857	833.333333333333	76.8406846918374	0	76.8406846918374	DBCA	7_2	140	80.7872806484474
85.7142857142857	866.666666666667	80.2996908238528	0	80.2996908238528	DBCA	7_2	70	85.2055436385668
85.7142857142857	900	80.4874584861273	0	80.4874584861273	DBCA	7_2	280	64.9202117080755
85.7142857142857	933.333333333333	75.1689818488048	0	75.1689818488048	DBCA	7_2	210	72.2912112744929
85.7142857142857	966.666666666667	75.2900014927905	0	75.2900014927905	DBCA	7_2	0	75.2900014927905
985.714285714286	666.666666666667	85.9202608937013	24.6	110.520260893701	DBCA	70_1	280	118.372214115649
985.714285714286	700	86.8410487775735	24.6	111.441048777573	DBCA	70_1	210	126.127678203262
985.714285714286	733.333333333333	84.7564287723447	24.6	109.356428772345	DBCA	70_1	140	125.012624728955
985.714285714286	766.666666666667	80.8169067600893	24.6	105.416906760089	DBCA	70_1	70	116.177559574803
985.714285714286	800	80.7195782913648	24.6	105.319578291365	DBCA	70_1	0	105.319578291365
985.714285714286	833.333333333333	78.9216151618031	24.6	103.521615161803	DBCA	70_2	0	103.521615161803
985.714285714286	866.666666666667	78.2444690013335	24.6	102.844469001333	DBCA	70_2	140	118.500664957943
985.714285714286	900	76.5712262746763	24.6	101.171226274676	DBCA	70_2	280	109.023179496624
985.714285714286	933.333333333333	83.1242149368017	24.6	107.724214936802	DBCA	70_2	210	122.41084436249
985.714285714286	966.666666666667	77.8738742843069	24.6	102.473874284307	DBCA	70_2	70	113.234527099021
1000	666.666666666667	85.9867648648952	24.6	110.586764864895	DBCA	71_1	70	121.347417679609
1000	700	84.8222581755055	24.6	109.422258175505	DBCA	71_1	280	117.274211397454
1000	733.333333333333	83.8859361261831	24.6	108.485936126183	DBCA	71_1	0	108.485936126183
1000	766.666666666667	82.5162020286882	24.6	107.116202028688	DBCA	71_1	210	121.802831454376
1000	800	82.7197018934367	24.6	107.319701893437	DBCA	71_1	140	122.975897850047
1000	833.333333333333	80.0801507045461	24.6	104.680150704546	DBCA	71_2	140	120.336346661156
1000	866.666666666667	76.2888275805304	24.6	100.88882758053	DBCA	71_2	70	111.649480395244
1000	900	78.9460387870355	24.6	103.546038787035	DBCA	71_2	0	103.546038787035
1000	933.333333333333	82.3049127788509	24.6	106.904912778851	DBCA	71_2	210	121.591542204539
1000	966.666666666667	83.5950980993911	24.6	108.195098099391	DBCA	71_2	280	116.047051321339
100	666.666666666667	83.0716716400727	0	83.0716716400727	DBCA	8_1	210	80.1939010657608
100	700	79.6885155364076	0	79.6885155364076	DBCA	8_1	280	64.1212687583558
100	733.333333333333	80.0173251531361	0	80.0173251531361	DBCA	8_1	0	80.0173251531361
100	766.666666666667	81.412452148918	0	81.412452148918	DBCA	8_1	70	86.318304963632
100	800	75.9644253216202	0	75.9644253216202	DBCA	8_1	140	79.9110212782302
100	833.333333333333	78.4631062619457	0	78.4631062619457	DBCA	8_2	0	78.4631062619457
100	866.666666666667	78.5142963839868	0	78.5142963839868	DBCA	8_2	140	82.4608923405968
100	900	80.3394478103068	0	80.3394478103068	DBCA	8_2	210	77.4616772359948
100	933.333333333333	76.3038058675384	0	76.3038058675384	DBCA	8_2	70	81.2096586822524
100	966.666666666667	77.1253388519457	0	77.1253388519457	DBCA	8_2	280	61.5580920738939
114.285714285714	666.666666666667	81.7487033567083	0	81.7487033567083	DBCA	9_1	280	66.1814565786564
114.285714285714	700	80.7943701799261	0	80.7943701799261	DBCA	9_1	210	77.9165996056142
114.285714285714	733.333333333333	75.354780961704	0	75.354780961704	DBCA	9_1	0	75.354780961704
114.285714285714	766.666666666667	78.2876599215686	0	78.2876599215686	DBCA	9_1	70	83.1935127362826
114.285714285714	800	78.5058969386385	0	78.5058969386385	DBCA	9_1	140	82.4524928952486
114.285714285714	833.333333333333	78.2577501379799	0	78.2577501379799	DBCA	9_2	0	78.2577501379799
114.285714285714	866.666666666667	76.9027221719876	0	76.9027221719876	DBCA	9_2	70	81.8085749867016
114.285714285714	900	76.1847032744138	0	76.1847032744138	DBCA	9_2	140	80.1312992310238
114.285714285714	933.333333333333	76.8172755816406	0	76.8172755816406	DBCA	9_2	280	61.2500288035887
114.285714285714	966.666666666667	75.5953701648771	0	75.5953701648771	DBCA	9_2	210	72.7175995905651
0	1000	75.0460386447584	0	75.0460386447584	DBCA	1_3	NA	NA
14.2857142857143	1000	72.3527452442025	0	72.3527452442025	DBCA	2_3	NA	NA
28.5714285714286	1000	71.9154844670201	0	71.9154844670201	DBCA	3_3	NA	NA
42.8571428571429	1000	73.142163768696	0	73.142163768696	DBCA	4_3	NA	NA
57.1428571428571	1000	75.8410069022861	0	75.8410069022861	DBCA	5_3	NA	NA
71.4285714285714	1000	72.5909057534726	0	72.5909057534726	DBCA	6_3	NA	NA
85.7142857142857	1000	78.2720152811682	0	78.2720152811682	DBCA	7_3	NA	NA
100	1000	76.6314948947347	0	76.6314948947347	DBCA	8_3	NA	NA
114.285714285714	1000	79.4969974391914	0	79.4969974391914	DBCA	9_3	NA	NA
128.571428571429	1000	79.651651369308	0	79.651651369308	DBCA	10_3	NA	NA
142.857142857143	1000	80.0466620057322	0	80.0466620057322	DBCA	11_3	NA	NA
157.142857142857	1000	79.4189470734635	0	79.4189470734635	DBCA	12_3	NA	NA
171.428571428571	1000	81.2462282600293	0	81.2462282600293	DBCA	13_3	NA	NA
185.714285714286	1000	79.2108016274489	0	79.2108016274489	DBCA	14_3	NA	NA
200	1000	79.119075116078	0	79.119075116078	DBCA	15_3	NA	NA
214.285714285714	1000	80.5077189722894	0	80.5077189722894	DBCA	16_3	NA	NA
228.571428571429	1000	77.970724825476	0	77.970724825476	DBCA	17_3	NA	NA
242.857142857143	1000	78.0938718684769	0	78.0938718684769	DBCA	18_3	NA	NA
257.142857142857	1000	79.3690922269402	0	79.3690922269402	DBCA	19_3	NA	NA
271.428571428571	1000	79.4670465326351	0	79.4670465326351	DBCA	20_3	NA	NA
285.714285714286	1000	80.179991515178	0	80.179991515178	DBCA	21_3	NA	NA
300	1000	79.6595718305754	0	79.6595718305754	DBCA	22_3	NA	NA
314.285714285714	1000	81.41957120012	0	81.41957120012	DBCA	23_3	NA	NA
328.571428571429	1000	83.2501006259377	0	83.2501006259377	DBCA	24_3	NA	NA
342.857142857143	1000	85.6165490694319	0	85.6165490694319	DBCA	25_3	NA	NA
357.142857142857	1000	80.8935751626677	0	80.8935751626677	DBCA	26_3	NA	NA
371.428571428571	1000	80.798917203903	0	80.798917203903	DBCA	27_3	NA	NA
385.714285714286	1000	82.5379895424474	0	82.5379895424474	DBCA	28_3	NA	NA
400	1000	82.5108603041142	0	82.5108603041142	DBCA	29_3	NA	NA
414.285714285714	1000	80.5205644797992	0	80.5205644797992	DBCA	30_3	NA	NA
428.571428571429	1000	80.8726971303037	0	80.8726971303037	DBCA	31_3	NA	NA
442.857142857143	1000	79.8277661946773	0	79.8277661946773	DBCA	32_3	NA	NA
457.142857142857	1000	81.5910813740732	0	81.5910813740732	DBCA	33_3	NA	NA
471.428571428571	1000	79.4464681270839	0	79.4464681270839	DBCA	34_3	NA	NA
485.714285714286	1000	79.0736934981005	0	79.0736934981005	DBCA	35_3	NA	NA
500	1000	78.6420410671401	0	78.6420410671401	DBCA	36_3	NA	NA
514.285714285714	1000	77.514977699943	24.6	102.114977699943	DBCA	37_3	NA	NA
528.571428571429	1000	82.1105518140899	24.6	106.71055181409	DBCA	38_3	NA	NA
542.857142857143	1000	85.6547703563755	24.6	110.254770356376	DBCA	39_3	NA	NA
557.142857142857	1000	84.0728280977641	24.6	108.672828097764	DBCA	40_3	NA	NA
571.428571428571	1000	80.1002008383518	24.6	104.700200838352	DBCA	41_3	NA	NA
585.714285714286	1000	79.056244252053	24.6	103.656244252053	DBCA	42_3	NA	NA
600	1000	79.5993642844179	24.6	104.199364284418	DBCA	43_3	NA	NA
614.285714285714	1000	79.0631963342539	24.6	103.663196334254	DBCA	44_3	NA	NA
628.571428571429	1000	78.4155307000991	24.6	103.015530700099	DBCA	45_3	NA	NA
642.857142857143	1000	78.3401248233974	24.6	102.940124823397	DBCA	46_3	NA	NA
657.142857142857	1000	76.6926875466808	24.6	101.292687546681	DBCA	47_3	NA	NA
671.428571428571	1000	78.2297086262646	24.6	102.829708626265	DBCA	48_3	NA	NA
685.714285714286	1000	75.9132104100196	24.6	100.51321041002	DBCA	49_3	NA	NA
700	1000	79.0561842893907	24.6	103.656184289391	DBCA	50_3	NA	NA
714.285714285714	1000	77.738030070926	24.6	102.338030070926	DBCA	51_3	NA	NA
728.571428571429	1000	76.048095952721	24.6	100.648095952721	DBCA	52_3	NA	NA
742.857142857143	1000	76.6386020419663	24.6	101.238602041966	DBCA	53_3	NA	NA
757.142857142857	1000	74.9398540786047	24.6	99.5398540786047	DBCA	54_3	NA	NA
771.428571428571	1000	78.1040285295683	24.6	102.704028529568	DBCA	55_3	NA	NA
785.714285714286	1000	80.4335316876054	24.6	105.033531687605	DBCA	56_3	NA	NA
800	1000	79.1976123507535	24.6	103.797612350754	DBCA	57_3	NA	NA
814.285714285714	1000	80.5053045653169	24.6	105.105304565317	DBCA	58_3	NA	NA
828.571428571429	1000	81.0728643124386	24.6	105.672864312439	DBCA	59_3	NA	NA
842.857142857143	1000	80.4299050844453	24.6	105.029905084445	DBCA	60_3	NA	NA
857.142857142857	1000	77.7019936695115	24.6	102.301993669512	DBCA	61_3	NA	NA
871.428571428571	1000	74.9598164425739	24.6	99.5598164425739	DBCA	62_3	NA	NA
885.714285714286	1000	78.1837173073375	24.6	102.783717307338	DBCA	63_3	NA	NA
900	1000	76.7041161509457	24.6	101.304116150946	DBCA	64_3	NA	NA
914.285714285714	1000	78.6789756789371	24.6	103.278975678937	DBCA	65_3	NA	NA
928.571428571429	1000	74.8297690005225	24.6	99.4297690005225	DBCA	66_3	NA	NA
942.857142857143	1000	77.4986805917868	24.6	102.098680591787	DBCA	67_3	NA	NA
957.142857142857	1000	78.4529497457232	24.6	103.052949745723	DBCA	68_3	NA	NA
971.428571428571	1000	74.7290751613352	24.6	99.3290751613352	DBCA	69_3	NA	NA
985.714285714286	1000	74.953218577173	24.6	99.553218577173	DBCA	70_3	NA	NA
1000	1000	79.6868189093464	24.6	104.286818909346	DBCA	71_3	NA	NA
