x	y	variable1	Zona	ErrorConEfecto	Disenio	Bloque	AsigTrat	MiRto
0	666.666666666667	87.3286412569945	0	87.3286412569945	DBCA	1_1	0	87.3286412569945
0	700	80.5364643339231	0	80.5364643339231	DBCA	1_1	70	87.4356620475328
0	733.333333333333	78.0215692769426	0	78.0215692769426	DBCA	1_1	280	80.9257314786098
0	766.666666666667	82.0382447376616	0	82.0382447376616	DBCA	1_1	140	91.7212020560858
0	800	79.6274938434727	0	79.6274938434727	DBCA	1_1	210	87.9787726579161
0	833.333333333333	80.3602213762046	0	80.3602213762046	DBCA	1_2	70	87.2594190898143
0	866.666666666667	80.8860832969834	0	80.8860832969834	DBCA	1_2	210	89.2373621114267
0	900	78.2724057921251	0	78.2724057921251	DBCA	1_2	0	78.2724057921251
0	933.333333333333	81.0460187461648	0	81.0460187461648	DBCA	1_2	280	83.950180947832
0	966.666666666667	80.9135571418966	0	80.9135571418966	DBCA	1_2	140	90.5965144603208
128.571428571429	666.666666666667	80.5343825681254	0	80.5343825681254	DBCA	10_1	210	88.8856613825688
128.571428571429	700	83.8991751914126	0	83.8991751914126	DBCA	10_1	140	93.5821325098367
128.571428571429	733.333333333333	84.9928333411986	0	84.9928333411986	DBCA	10_1	0	84.9928333411986
128.571428571429	766.666666666667	82.2913301109204	0	82.2913301109204	DBCA	10_1	280	85.1954923125876
128.571428571429	800	80.9011593797059	0	80.9011593797059	DBCA	10_1	70	87.8003570933156
128.571428571429	833.333333333333	85.6517359144106	0	85.6517359144106	DBCA	10_2	140	95.3346932328347
128.571428571429	866.666666666667	84.2370574687556	0	84.2370574687556	DBCA	10_2	70	91.1362551823653
128.571428571429	900	80.1018625783389	0	80.1018625783389	DBCA	10_2	210	88.4531413927822
128.571428571429	933.333333333333	80.3809901838212	0	80.3809901838212	DBCA	10_2	0	80.3809901838212
128.571428571429	966.666666666667	81.4309383083809	0	81.4309383083809	DBCA	10_2	280	84.3351005100481
142.857142857143	666.666666666667	81.5225490480226	0	81.5225490480226	DBCA	11_1	210	89.8738278624659
142.857142857143	700	85.3480164157338	0	85.3480164157338	DBCA	11_1	280	88.252178617401
142.857142857143	733.333333333333	84.4259501554429	0	84.4259501554429	DBCA	11_1	70	91.3251478690526
142.857142857143	766.666666666667	78.2285405679642	0	78.2285405679642	DBCA	11_1	140	87.9114978863883
142.857142857143	800	81.3110448183883	0	81.3110448183883	DBCA	11_1	0	81.3110448183883
142.857142857143	833.333333333333	85.3159513098878	0	85.3159513098878	DBCA	11_2	140	94.9989086283119
142.857142857143	866.666666666667	84.5261287185535	0	84.5261287185535	DBCA	11_2	280	87.4302909202207
142.857142857143	900	82.1010642285538	0	82.1010642285538	DBCA	11_2	0	82.1010642285538
142.857142857143	933.333333333333	79.2892251061848	0	79.2892251061848	DBCA	11_2	210	87.6405039206282
142.857142857143	966.666666666667	78.406180763143	0	78.406180763143	DBCA	11_2	70	85.3053784767527
157.142857142857	666.666666666667	82.0748992740644	0	82.0748992740644	DBCA	12_1	140	91.7578565924885
157.142857142857	700	84.5108214435448	0	84.5108214435448	DBCA	12_1	70	91.4100191571545
157.142857142857	733.333333333333	81.961238742347	0	81.961238742347	DBCA	12_1	280	84.8654009440143
157.142857142857	766.666666666667	82.1401691056658	0	82.1401691056658	DBCA	12_1	0	82.1401691056658
157.142857142857	800	83.226180905198	0	83.226180905198	DBCA	12_1	210	91.5774597196414
157.142857142857	833.333333333333	83.9740512618197	0	83.9740512618197	DBCA	12_2	70	90.8732489754294
157.142857142857	866.666666666667	84.8602702202772	0	84.8602702202772	DBCA	12_2	280	87.7644324219444
157.142857142857	900	82.4428276364173	0	82.4428276364173	DBCA	12_2	140	92.1257849548415
157.142857142857	933.333333333333	84.6326788619616	0	84.6326788619616	DBCA	12_2	210	92.9839576764049
157.142857142857	966.666666666667	78.0417909244742	0	78.0417909244742	DBCA	12_2	0	78.0417909244742
171.428571428571	666.666666666667	79.7820445692841	0	79.7820445692841	DBCA	13_1	210	88.1333233837274
171.428571428571	700	80.7250375919789	0	80.7250375919789	DBCA	13_1	140	90.4079949104031
171.428571428571	733.333333333333	81.4507094019723	0	81.4507094019723	DBCA	13_1	70	88.3499071155821
171.428571428571	766.666666666667	81.2574002430265	0	81.2574002430265	DBCA	13_1	0	81.2574002430265
171.428571428571	800	82.1150179066952	0	82.1150179066952	DBCA	13_1	280	85.0191801083624
171.428571428571	833.333333333333	84.1171163699976	0	84.1171163699976	DBCA	13_2	70	91.0163140836073
171.428571428571	866.666666666667	84.5932510247233	0	84.5932510247233	DBCA	13_2	140	94.2762083431474
171.428571428571	900	86.0379490167178	0	86.0379490167178	DBCA	13_2	0	86.0379490167178
171.428571428571	933.333333333333	84.5639204968966	0	84.5639204968966	DBCA	13_2	280	87.4680826985638
171.428571428571	966.666666666667	78.1447900160395	0	78.1447900160395	DBCA	13_2	210	86.4960688304828
185.714285714286	666.666666666667	84.5097906805138	0	84.5097906805138	DBCA	14_1	140	94.1927479989379
185.714285714286	700	81.1498682267529	0	81.1498682267529	DBCA	14_1	0	81.1498682267529
185.714285714286	733.333333333333	79.7227835733606	0	79.7227835733606	DBCA	14_1	280	82.6269457750278
185.714285714286	766.666666666667	82.4918984080234	0	82.4918984080234	DBCA	14_1	210	90.8431772224667
185.714285714286	800	83.0004297526023	0	83.0004297526023	DBCA	14_1	70	89.8996274662121
185.714285714286	833.333333333333	85.4849680708432	0	85.4849680708432	DBCA	14_2	0	85.4849680708432
185.714285714286	866.666666666667	85.348602120291	0	85.348602120291	DBCA	14_2	210	93.6998809347344
185.714285714286	900	81.3677955369727	0	81.3677955369727	DBCA	14_2	280	84.27195773864
185.714285714286	933.333333333333	82.9233443452391	0	82.9233443452391	DBCA	14_2	140	92.6063016636632
185.714285714286	966.666666666667	80.7250274746997	0	80.7250274746997	DBCA	14_2	70	87.6242251883094
200	666.666666666667	79.5819411510355	0	79.5819411510355	DBCA	15_1	0	79.5819411510355
200	700	82.9853144068082	0	82.9853144068082	DBCA	15_1	70	89.884512120418
200	733.333333333333	81.4860584303445	0	81.4860584303445	DBCA	15_1	210	89.8373372447878
200	766.666666666667	81.6044824637146	0	81.6044824637146	DBCA	15_1	280	84.5086446653818
200	800	83.3814239303511	0	83.3814239303511	DBCA	15_1	140	93.0643812487753
200	833.333333333333	83.8090647123442	0	83.8090647123442	DBCA	15_2	0	83.8090647123442
200	866.666666666667	83.137391855307	0	83.137391855307	DBCA	15_2	70	90.0365895689168
200	900	78.9238663948215	0	78.9238663948215	DBCA	15_2	210	87.2751452092648
200	933.333333333333	83.693465928176	0	83.693465928176	DBCA	15_2	280	86.5976281298432
200	966.666666666667	82.6431248259171	0	82.6431248259171	DBCA	15_2	140	92.3260821443412
214.285714285714	666.666666666667	80.6255966094123	0	80.6255966094123	DBCA	16_1	70	87.524794323022
214.285714285714	700	82.8780396528061	0	82.8780396528061	DBCA	16_1	0	82.8780396528061
214.285714285714	733.333333333333	83.2297952052423	0	83.2297952052423	DBCA	16_1	280	86.1339574069096
214.285714285714	766.666666666667	85.0068549849174	0	85.0068549849174	DBCA	16_1	140	94.6898123033415
214.285714285714	800	83.438891138786	0	83.438891138786	DBCA	16_1	210	91.7901699532293
214.285714285714	833.333333333333	82.5071753858256	0	82.5071753858256	DBCA	16_2	210	90.858454200269
214.285714285714	866.666666666667	81.691186128266	0	81.691186128266	DBCA	16_2	140	91.3741434466901
214.285714285714	900	79.6847241234418	0	79.6847241234418	DBCA	16_2	280	82.588886325109
214.285714285714	933.333333333333	80.0645588620349	0	80.0645588620349	DBCA	16_2	0	80.0645588620349
214.285714285714	966.666666666667	75.3090936612879	0	75.3090936612879	DBCA	16_2	70	82.2082913748976
228.571428571429	666.666666666667	77.2965650181422	0	77.2965650181422	DBCA	17_1	140	86.9795223365664
228.571428571429	700	81.2363546617415	0	81.2363546617415	DBCA	17_1	70	88.1355523753512
228.571428571429	733.333333333333	85.5508744557095	0	85.5508744557095	DBCA	17_1	210	93.9021532701528
228.571428571429	766.666666666667	84.3445241911422	0	84.3445241911422	DBCA	17_1	0	84.3445241911422
228.571428571429	800	86.9582809260349	0	86.9582809260349	DBCA	17_1	280	89.8624431277022
228.571428571429	833.333333333333	81.7397298371457	0	81.7397298371457	DBCA	17_2	70	88.6389275507554
228.571428571429	866.666666666667	80.4608571452105	0	80.4608571452105	DBCA	17_2	210	88.8121359596538
228.571428571429	900	78.6490602166001	0	78.6490602166001	DBCA	17_2	280	81.5532224182674
228.571428571429	933.333333333333	81.1630096481433	0	81.1630096481433	DBCA	17_2	140	90.8459669665675
228.571428571429	966.666666666667	76.7213814640045	0	76.7213814640045	DBCA	17_2	0	76.7213814640045
242.857142857143	666.666666666667	82.2628068711026	0	82.2628068711026	DBCA	18_1	140	91.9457641895267
242.857142857143	700	80.2996118326456	0	80.2996118326456	DBCA	18_1	280	83.2037740343128
242.857142857143	733.333333333333	84.6088138500029	0	84.6088138500029	DBCA	18_1	70	91.5080115636126
242.857142857143	766.666666666667	81.1555658355862	0	81.1555658355862	DBCA	18_1	210	89.5068446500296
242.857142857143	800	86.6861306537016	0	86.6861306537016	DBCA	18_1	0	86.6861306537016
242.857142857143	833.333333333333	82.7992724599097	0	82.7992724599097	DBCA	18_2	140	92.4822297783338
242.857142857143	866.666666666667	80.6203430611649	0	80.6203430611649	DBCA	18_2	0	80.6203430611649
242.857142857143	900	81.9509757060024	0	81.9509757060024	DBCA	18_2	280	84.8551379076696
242.857142857143	933.333333333333	81.807711693254	0	81.807711693254	DBCA	18_2	70	88.7069094068637
242.857142857143	966.666666666667	74.6245556478155	0	74.6245556478155	DBCA	18_2	210	82.9758344622588
257.142857142857	666.666666666667	80.8576342424529	0	80.8576342424529	DBCA	19_1	70	87.7568319560626
257.142857142857	700	78.7849664540182	0	78.7849664540182	DBCA	19_1	0	78.7849664540182
257.142857142857	733.333333333333	81.395056861724	0	81.395056861724	DBCA	19_1	280	84.2992190633913
257.142857142857	766.666666666667	83.7870012272631	0	83.7870012272631	DBCA	19_1	140	93.4699585456873
257.142857142857	800	86.8572645665216	0	86.8572645665216	DBCA	19_1	210	95.2085433809649
257.142857142857	833.333333333333	80.9190355212573	0	80.9190355212573	DBCA	19_2	210	89.2703143357006
257.142857142857	866.666666666667	79.9602937608074	0	79.9602937608074	DBCA	19_2	140	89.6432510792316
257.142857142857	900	76.6858047956473	0	76.6858047956473	DBCA	19_2	280	79.5899669973145
257.142857142857	933.333333333333	82.8068756355854	0	82.8068756355854	DBCA	19_2	70	89.7060733491951
257.142857142857	966.666666666667	80.2101226870369	0	80.2101226870369	DBCA	19_2	0	80.2101226870369
14.2857142857143	666.666666666667	84.8698705752291	0	84.8698705752291	DBCA	2_1	210	93.2211493896724
14.2857142857143	700	83.0685529121086	0	83.0685529121086	DBCA	2_1	280	85.9727151137758
14.2857142857143	733.333333333333	78.7640118578677	0	78.7640118578677	DBCA	2_1	140	88.4469691762919
14.2857142857143	766.666666666667	80.1390667314232	0	80.1390667314232	DBCA	2_1	0	80.1390667314232
14.2857142857143	800	79.4995369110711	0	79.4995369110711	DBCA	2_1	70	86.3987346246808
14.2857142857143	833.333333333333	77.9712899184361	0	77.9712899184361	DBCA	2_2	70	84.8704876320458
14.2857142857143	866.666666666667	82.4577793226674	0	82.4577793226674	DBCA	2_2	140	92.1407366410916
14.2857142857143	900	79.7839155086586	0	79.7839155086586	DBCA	2_2	210	88.1351943231019
14.2857142857143	933.333333333333	79.7095602318713	0	79.7095602318713	DBCA	2_2	280	82.6137224335385
14.2857142857143	966.666666666667	79.2776512808564	0	79.2776512808564	DBCA	2_2	0	79.2776512808564
271.428571428571	666.666666666667	78.5279238355499	0	78.5279238355499	DBCA	20_1	0	78.5279238355499
271.428571428571	700	79.7384875143411	0	79.7384875143411	DBCA	20_1	70	86.6376852279508
271.428571428571	733.333333333333	77.3971847837974	0	77.3971847837974	DBCA	20_1	140	87.0801421022216
271.428571428571	766.666666666667	84.190594574831	0	84.190594574831	DBCA	20_1	280	87.0947567764982
271.428571428571	800	81.220012773005	0	81.220012773005	DBCA	20_1	210	89.5712915874483
271.428571428571	833.333333333333	82.7010855407887	0	82.7010855407887	DBCA	20_2	0	82.7010855407887
271.428571428571	866.666666666667	80.1054825867017	0	80.1054825867017	DBCA	20_2	70	87.0046803003114
271.428571428571	900	78.952533833549	0	78.952533833549	DBCA	20_2	140	88.6354911519732
271.428571428571	933.333333333333	80.0865290621537	0	80.0865290621537	DBCA	20_2	210	88.4378078765971
271.428571428571	966.666666666667	79.6292228301315	0	79.6292228301315	DBCA	20_2	280	82.5333850317987
285.714285714286	666.666666666667	78.8872828918161	0	78.8872828918161	DBCA	21_1	140	88.5702402102402
285.714285714286	700	78.3197768078809	0	78.3197768078809	DBCA	21_1	70	85.2189745214907
285.714285714286	733.333333333333	78.3893125033846	0	78.3893125033846	DBCA	21_1	0	78.3893125033846
285.714285714286	766.666666666667	78.2166964724517	0	78.2166964724517	DBCA	21_1	280	81.1208586741189
285.714285714286	800	78.6029023520192	0	78.6029023520192	DBCA	21_1	210	86.9541811664625
285.714285714286	833.333333333333	78.2594431899909	0	78.2594431899909	DBCA	21_2	0	78.2594431899909
285.714285714286	866.666666666667	77.0516182353819	0	77.0516182353819	DBCA	21_2	210	85.4028970498252
285.714285714286	900	74.7079385882906	0	74.7079385882906	DBCA	21_2	70	81.6071363019003
285.714285714286	933.333333333333	79.9788429250791	0	79.9788429250791	DBCA	21_2	280	82.8830051267463
285.714285714286	966.666666666667	81.5338447613635	0	81.5338447613635	DBCA	21_2	140	91.2168020797876
300	666.666666666667	78.6075220234809	0	78.6075220234809	DBCA	22_1	140	88.2904793419051
300	700	77.8173653855712	0	77.8173653855712	DBCA	22_1	210	86.1686442000146
300	733.333333333333	81.908631878979	0	81.908631878979	DBCA	22_1	70	88.8078295925887
300	766.666666666667	83.3295035166755	0	83.3295035166755	DBCA	22_1	280	86.2336657183427
300	800	78.436696526077	0	78.436696526077	DBCA	22_1	0	78.436696526077
300	833.333333333333	81.8643103250934	0	81.8643103250934	DBCA	22_2	140	91.5472676435175
300	866.666666666667	80.9547502870032	0	80.9547502870032	DBCA	22_2	280	83.8589124886704
300	900	78.1508933776664	0	78.1508933776664	DBCA	22_2	0	78.1508933776664
300	933.333333333333	80.4707998766773	0	80.4707998766773	DBCA	22_2	210	88.8220786911206
300	966.666666666667	78.1534336466221	0	78.1534336466221	DBCA	22_2	70	85.0526313602318
314.285714285714	666.666666666667	78.6641874819144	0	78.6641874819144	DBCA	23_1	280	81.5683496835817
314.285714285714	700	79.0584753308065	0	79.0584753308065	DBCA	23_1	210	87.4097541452498
314.285714285714	733.333333333333	78.5048876294559	0	78.5048876294559	DBCA	23_1	140	88.18784494788
314.285714285714	766.666666666667	80.5453854919121	0	80.5453854919121	DBCA	23_1	70	87.4445832055219
314.285714285714	800	81.8945361613319	0	81.8945361613319	DBCA	23_1	0	81.8945361613319
314.285714285714	833.333333333333	79.0774157507092	0	79.0774157507092	DBCA	23_2	280	81.9815779523765
314.285714285714	866.666666666667	79.2811761956589	0	79.2811761956589	DBCA	23_2	0	79.2811761956589
314.285714285714	900	80.0320946006655	0	80.0320946006655	DBCA	23_2	70	86.9312923142752
314.285714285714	933.333333333333	78.3526532940502	0	78.3526532940502	DBCA	23_2	210	86.7039321084935
314.285714285714	966.666666666667	78.8092436214183	0	78.8092436214183	DBCA	23_2	140	88.4922009398425
328.571428571429	666.666666666667	82.6810310258368	0	82.6810310258368	DBCA	24_1	210	91.0323098402802
328.571428571429	700	78.2772003887714	0	78.2772003887714	DBCA	24_1	0	78.2772003887714
328.571428571429	733.333333333333	81.1879345890478	0	81.1879345890478	DBCA	24_1	280	84.0920967907151
328.571428571429	766.666666666667	81.5085514163085	0	81.5085514163085	DBCA	24_1	70	88.4077491299182
328.571428571429	800	80.1092150579917	0	80.1092150579917	DBCA	24_1	140	89.7921723764159
328.571428571429	833.333333333333	81.0502876844967	0	81.0502876844967	DBCA	24_2	280	83.954449886164
328.571428571429	866.666666666667	80.7424442623458	0	80.7424442623458	DBCA	24_2	210	89.0937230767891
328.571428571429	900	81.4965853218536	0	81.4965853218536	DBCA	24_2	140	91.1795426402778
328.571428571429	933.333333333333	76.2218738456306	0	76.2218738456306	DBCA	24_2	0	76.2218738456306
328.571428571429	966.666666666667	78.8513743015279	0	78.8513743015279	DBCA	24_2	70	85.7505720151376
342.857142857143	666.666666666667	81.0065693763968	0	81.0065693763968	DBCA	25_1	210	89.3578481908401
342.857142857143	700	81.5656499794901	0	81.5656499794901	DBCA	25_1	70	88.4648476930998
342.857142857143	733.333333333333	83.7188089816312	0	83.7188089816312	DBCA	25_1	140	93.4017663000553
342.857142857143	766.666666666667	80.6086708264054	0	80.6086708264054	DBCA	25_1	280	83.5128330280727
342.857142857143	800	77.1556843293453	0	77.1556843293453	DBCA	25_1	0	77.1556843293453
342.857142857143	833.333333333333	82.0818139774887	0	82.0818139774887	DBCA	25_2	210	90.433092791932
342.857142857143	866.666666666667	82.7508421808778	0	82.7508421808778	DBCA	25_2	140	92.4337994993019
342.857142857143	900	82.1500233586584	0	82.1500233586584	DBCA	25_2	280	85.0541855603256
342.857142857143	933.333333333333	80.1325130284532	0	80.1325130284532	DBCA	25_2	70	87.0317107420629
342.857142857143	966.666666666667	78.720327637262	0	78.720327637262	DBCA	25_2	0	78.720327637262
357.142857142857	666.666666666667	80.9038150410834	0	80.9038150410834	DBCA	26_1	280	83.8079772427506
357.142857142857	700	79.7154773546932	0	79.7154773546932	DBCA	26_1	210	88.0667561691365
357.142857142857	733.333333333333	82.3422121956226	0	82.3422121956226	DBCA	26_1	70	89.2414099092323
357.142857142857	766.666666666667	80.5164945800421	0	80.5164945800421	DBCA	26_1	140	90.1994518984663
357.142857142857	800	81.0224737481121	0	81.0224737481121	DBCA	26_1	0	81.0224737481121
357.142857142857	833.333333333333	81.986750324035	0	81.986750324035	DBCA	26_2	140	91.6697076424591
357.142857142857	866.666666666667	83.7591294621846	0	83.7591294621846	DBCA	26_2	280	86.6632916638519
357.142857142857	900	83.7990741267222	0	83.7990741267222	DBCA	26_2	70	90.6982718403319
357.142857142857	933.333333333333	82.0679562889146	0	82.0679562889146	DBCA	26_2	0	82.0679562889146
357.142857142857	966.666666666667	81.8630041301815	0	81.8630041301815	DBCA	26_2	210	90.2142829446248
371.428571428571	666.666666666667	82.3421877683518	0	82.3421877683518	DBCA	27_1	70	89.2413854819615
371.428571428571	700	86.809694543712	0	86.809694543712	DBCA	27_1	280	89.7138567453792
371.428571428571	733.333333333333	82.5905088735677	0	82.5905088735677	DBCA	27_1	140	92.2734661919919
371.428571428571	766.666666666667	80.1367322507746	0	80.1367322507746	DBCA	27_1	210	88.4880110652179
371.428571428571	800	78.4735899851328	0	78.4735899851328	DBCA	27_1	0	78.4735899851328
371.428571428571	833.333333333333	82.4741760055872	0	82.4741760055872	DBCA	27_2	280	85.3783382072544
371.428571428571	866.666666666667	81.9453671497084	0	81.9453671497084	DBCA	27_2	0	81.9453671497084
371.428571428571	900	81.5974446979681	0	81.5974446979681	DBCA	27_2	210	89.9487235124114
371.428571428571	933.333333333333	82.9712176767197	0	82.9712176767197	DBCA	27_2	140	92.6541749951438
371.428571428571	966.666666666667	81.0181704161274	0	81.0181704161274	DBCA	27_2	70	87.9173681297372
385.714285714286	666.666666666667	80.0508188867682	0	80.0508188867682	DBCA	28_1	0	80.0508188867682
385.714285714286	700	83.6345838222325	0	83.6345838222325	DBCA	28_1	70	90.5337815358423
385.714285714286	733.333333333333	81.5634370473834	0	81.5634370473834	DBCA	28_1	210	89.9147158618267
385.714285714286	766.666666666667	79.109047512211	0	79.109047512211	DBCA	28_1	140	88.7920048306351
385.714285714286	800	77.440909668384	0	77.440909668384	DBCA	28_1	280	80.3450718700513
385.714285714286	833.333333333333	79.3104652579421	0	79.3104652579421	DBCA	28_2	140	88.9934225763662
385.714285714286	866.666666666667	80.2710883019503	0	80.2710883019503	DBCA	28_2	280	83.1752505036175
385.714285714286	900	84.139948887784	0	84.139948887784	DBCA	28_2	210	92.4912277022273
385.714285714286	933.333333333333	84.3370093597897	0	84.3370093597897	DBCA	28_2	70	91.2362070733994
385.714285714286	966.666666666667	81.9857946849084	0	81.9857946849084	DBCA	28_2	0	81.9857946849084
400	666.666666666667	78.2953273174525	0	78.2953273174525	DBCA	29_1	70	85.1945250310622
400	700	79.9963881342621	0	79.9963881342621	DBCA	29_1	280	82.9005503359294
400	733.333333333333	81.4439053935379	0	81.4439053935379	DBCA	29_1	140	91.1268627119621
400	766.666666666667	78.7294326758881	0	78.7294326758881	DBCA	29_1	0	78.7294326758881
400	800	77.5391208389015	0	77.5391208389015	DBCA	29_1	210	85.8903996533448
400	833.333333333333	80.3151912688976	0	80.3151912688976	DBCA	29_2	0	80.3151912688976
400	866.666666666667	78.959649316426	0	78.959649316426	DBCA	29_2	140	88.6426066348501
400	900	86.4998234802255	0	86.4998234802255	DBCA	29_2	210	94.8511022946688
400	933.333333333333	81.9985614537919	0	81.9985614537919	DBCA	29_2	70	88.8977591674016
400	966.666666666667	80.0079588529422	0	80.0079588529422	DBCA	29_2	280	82.9121210546094
28.5714285714286	666.666666666667	84.4003916125999	0	84.4003916125999	DBCA	3_1	70	91.2995893262096
28.5714285714286	700	81.8714469001068	0	81.8714469001068	DBCA	3_1	210	90.2227257145501
28.5714285714286	733.333333333333	80.6996256333188	0	80.6996256333188	DBCA	3_1	280	83.603787834986
28.5714285714286	766.666666666667	81.2413556695054	0	81.2413556695054	DBCA	3_1	0	81.2413556695054
28.5714285714286	800	73.0184519590752	0	73.0184519590752	DBCA	3_1	140	82.7014092774993
28.5714285714286	833.333333333333	76.9592023921908	0	76.9592023921908	DBCA	3_2	210	85.3104812066341
28.5714285714286	866.666666666667	79.8527817886366	0	79.8527817886366	DBCA	3_2	70	86.7519795022463
28.5714285714286	900	77.4292332074613	0	77.4292332074613	DBCA	3_2	280	80.3333954091286
28.5714285714286	933.333333333333	81.4384185757673	0	81.4384185757673	DBCA	3_2	140	91.1213758941915
28.5714285714286	966.666666666667	81.0213733271049	0	81.0213733271049	DBCA	3_2	0	81.0213733271049
414.285714285714	666.666666666667	78.242507724184	0	78.242507724184	DBCA	30_1	210	86.5937865386273
414.285714285714	700	79.0192146983189	0	79.0192146983189	DBCA	30_1	280	81.9233768999861
414.285714285714	733.333333333333	83.4509963427931	0	83.4509963427931	DBCA	30_1	140	93.1339536612173
414.285714285714	766.666666666667	77.9804345837674	0	77.9804345837674	DBCA	30_1	0	77.9804345837674
414.285714285714	800	76.357640054741	0	76.357640054741	DBCA	30_1	70	83.2568377683507
414.285714285714	833.333333333333	79.8817181923392	0	79.8817181923392	DBCA	30_2	140	89.5646755107633
414.285714285714	866.666666666667	81.0881661037828	0	81.0881661037828	DBCA	30_2	210	89.4394449182261
414.285714285714	900	84.6096253994566	0	84.6096253994566	DBCA	30_2	0	84.6096253994566
414.285714285714	933.333333333333	82.2577218999113	0	82.2577218999113	DBCA	30_2	280	85.1618841015786
414.285714285714	966.666666666667	80.1490989224139	0	80.1490989224139	DBCA	30_2	70	87.0482966360236
428.571428571429	666.666666666667	77.8046051014543	0	77.8046051014543	DBCA	31_1	210	86.1558839158977
428.571428571429	700	82.5635580194373	0	82.5635580194373	DBCA	31_1	70	89.462755733047
428.571428571429	733.333333333333	77.5794841357133	0	77.5794841357133	DBCA	31_1	140	87.2624414541374
428.571428571429	766.666666666667	78.9730338499375	0	78.9730338499375	DBCA	31_1	0	78.9730338499375
428.571428571429	800	76.1416656606863	0	76.1416656606863	DBCA	31_1	280	79.0458278623535
428.571428571429	833.333333333333	79.6023872238477	0	79.6023872238477	DBCA	31_2	0	79.6023872238477
428.571428571429	866.666666666667	84.094488706418	0	84.094488706418	DBCA	31_2	70	90.9936864200277
428.571428571429	900	83.1559285531887	0	83.1559285531887	DBCA	31_2	140	92.8388858716128
428.571428571429	933.333333333333	81.4879853844213	0	81.4879853844213	DBCA	31_2	280	84.3921475860885
428.571428571429	966.666666666667	78.684632174563	0	78.684632174563	DBCA	31_2	210	87.0359109890063
442.857142857143	666.666666666667	82.1377726781449	0	82.1377726781449	DBCA	32_1	210	90.4890514925882
442.857142857143	700	80.5881324511546	0	80.5881324511546	DBCA	32_1	70	87.4873301647643
442.857142857143	733.333333333333	80.0613846810394	0	80.0613846810394	DBCA	32_1	140	89.7443419994635
442.857142857143	766.666666666667	76.904898748143	0	76.904898748143	DBCA	32_1	0	76.904898748143
442.857142857143	800	81.2291224668241	0	81.2291224668241	DBCA	32_1	280	84.1332846684913
442.857142857143	833.333333333333	78.6246559948457	0	78.6246559948457	DBCA	32_2	280	81.5288181965129
442.857142857143	866.666666666667	81.1361329942756	0	81.1361329942756	DBCA	32_2	0	81.1361329942756
442.857142857143	900	79.8740309128763	0	79.8740309128763	DBCA	32_2	210	88.2253097273196
442.857142857143	933.333333333333	81.4671060971611	0	81.4671060971611	DBCA	32_2	70	88.3663038107709
442.857142857143	966.666666666667	81.2547929077528	0	81.2547929077528	DBCA	32_2	140	90.937750226177
457.142857142857	666.666666666667	79.5116912032648	0	79.5116912032648	DBCA	33_1	140	89.194648521689
457.142857142857	700	79.3034397164758	0	79.3034397164758	DBCA	33_1	0	79.3034397164758
457.142857142857	733.333333333333	77.5021142773426	0	77.5021142773426	DBCA	33_1	70	84.4013119909523
457.142857142857	766.666666666667	78.2651313663221	0	78.2651313663221	DBCA	33_1	210	86.6164101807654
457.142857142857	800	82.3664785647237	0	82.3664785647237	DBCA	33_1	280	85.270640766391
457.142857142857	833.333333333333	80.8979064272787	0	80.8979064272787	DBCA	33_2	70	87.7971041408884
457.142857142857	866.666666666667	79.9272757726863	0	79.9272757726863	DBCA	33_2	210	88.2785545871297
457.142857142857	900	76.1932876703822	0	76.1932876703822	DBCA	33_2	0	76.1932876703822
457.142857142857	933.333333333333	78.3457335061406	0	78.3457335061406	DBCA	33_2	280	81.2498957078079
457.142857142857	966.666666666667	77.1582151717836	0	77.1582151717836	DBCA	33_2	140	86.8411724902077
471.428571428571	666.666666666667	80.9156794382807	0	80.9156794382807	DBCA	34_1	0	80.9156794382807
471.428571428571	700	78.3259972318121	0	78.3259972318121	DBCA	34_1	280	81.2301594334794
471.428571428571	733.333333333333	77.8432821606379	0	77.8432821606379	DBCA	34_1	140	87.526239479062
471.428571428571	766.666666666667	79.6576170301096	0	79.6576170301096	DBCA	34_1	210	88.0088958445529
471.428571428571	800	78.830524072951	0	78.830524072951	DBCA	34_1	70	85.7297217865607
471.428571428571	833.333333333333	81.8104821622777	0	81.8104821622777	DBCA	34_2	0	81.8104821622777
471.428571428571	866.666666666667	79.0851311463863	0	79.0851311463863	DBCA	34_2	70	85.984328859996
471.428571428571	900	79.6691106637689	0	79.6691106637689	DBCA	34_2	210	88.0203894782122
471.428571428571	933.333333333333	78.6845563806926	0	78.6845563806926	DBCA	34_2	280	81.5887185823598
471.428571428571	966.666666666667	75.1016446066781	0	75.1016446066781	DBCA	34_2	140	84.7846019251022
485.714285714286	666.666666666667	80.9030500846336	0	80.9030500846336	DBCA	35_1	70	87.8022477982433
485.714285714286	700	80.5242019822129	0	80.5242019822129	DBCA	35_1	140	90.207159300637
485.714285714286	733.333333333333	81.5111837478768	0	81.5111837478768	DBCA	35_1	280	84.4153459495441
485.714285714286	766.666666666667	77.5179859302894	0	77.5179859302894	DBCA	35_1	0	77.5179859302894
485.714285714286	800	82.7573504314316	0	82.7573504314316	DBCA	35_1	210	91.1086292458749
485.714285714286	833.333333333333	79.7593132306435	0	79.7593132306435	DBCA	35_2	70	86.6585109442532
485.714285714286	866.666666666667	78.7149016763393	0	78.7149016763393	DBCA	35_2	0	78.7149016763393
485.714285714286	900	76.1094659729624	0	76.1094659729624	DBCA	35_2	280	79.0136281746297
485.714285714286	933.333333333333	79.0683980910024	0	79.0683980910024	DBCA	35_2	140	88.7513554094266
485.714285714286	966.666666666667	78.2283462808427	0	78.2283462808427	DBCA	35_2	210	86.579625095286
500	666.666666666667	79.8612814857006	0	79.8612814857006	DBCA	36_1	70	86.7604791993104
500	700	80.96214329508	0	80.96214329508	DBCA	36_1	210	89.3134221095233
500	733.333333333333	79.0254284037487	0	79.0254284037487	DBCA	36_1	0	79.0254284037487
500	766.666666666667	78.0324166759033	0	78.0324166759033	DBCA	36_1	140	87.7153739943275
500	800	79.9459351599437	0	79.9459351599437	DBCA	36_1	280	82.8500973616109
500	833.333333333333	78.7681821808968	0	78.7681821808968	DBCA	36_2	70	85.6673798945065
500	866.666666666667	76.3415170601398	0	76.3415170601398	DBCA	36_2	210	84.6927958745831
500	900	77.8391534761606	0	77.8391534761606	DBCA	36_2	0	77.8391534761606
500	933.333333333333	75.1891661056593	0	75.1891661056593	DBCA	36_2	140	84.8721234240834
500	966.666666666667	79.2049898759106	0	79.2049898759106	DBCA	36_2	280	82.1091520775778
514.285714285714	666.666666666667	78.8275652386739	24.6	103.427565238674	DBCA	37_1	0	103.427565238674
514.285714285714	700	80.5923857852002	24.6	105.1923857852	DBCA	37_1	140	126.584943103624
514.285714285714	733.333333333333	78.3297509373575	24.6	102.929750937358	DBCA	37_1	70	115.683748650967
514.285714285714	766.666666666667	80.764614514542	24.6	105.364614514542	DBCA	37_1	280	131.687976716209
514.285714285714	800	82.7895137024959	24.6	107.389513702496	DBCA	37_1	210	133.305192516939
514.285714285714	833.333333333333	79.6950373676743	24.6	104.295037367674	DBCA	37_2	280	130.618399569342
514.285714285714	866.666666666667	79.8829654129207	24.6	104.482965412921	DBCA	37_2	0	104.482965412921
514.285714285714	900	79.6996566907369	24.6	104.299656690737	DBCA	37_2	140	125.692214009161
514.285714285714	933.333333333333	77.2906968478624	24.6	101.890696847862	DBCA	37_2	210	127.806375662306
514.285714285714	966.666666666667	82.0350854188324	24.6	106.635085418832	DBCA	37_2	70	119.389083132442
528.571428571429	666.666666666667	75.0981811007004	24.6	99.6981811007004	DBCA	38_1	70	112.45217881431
528.571428571429	700	83.6054211393474	24.6	108.205421139347	DBCA	38_1	0	108.205421139347
528.571428571429	733.333333333333	80.007608102414	24.6	104.607608102414	DBCA	38_1	210	130.523286916857
528.571428571429	766.666666666667	81.7036905191097	24.6	106.30369051911	DBCA	38_1	280	132.627052720777
528.571428571429	800	79.4733003741623	24.6	104.073300374162	DBCA	38_1	140	125.465857692586
528.571428571429	833.333333333333	81.3744838382655	24.6	105.974483838265	DBCA	38_2	70	118.728481551875
528.571428571429	866.666666666667	78.1420703877408	24.6	102.742070387741	DBCA	38_2	210	128.657749202184
528.571428571429	900	78.9458006336482	24.6	103.545800633648	DBCA	38_2	0	103.545800633648
528.571428571429	933.333333333333	79.0941066711633	24.6	103.694106671163	DBCA	38_2	280	130.01746887283
528.571428571429	966.666666666667	80.3312513413201	24.6	104.93125134132	DBCA	38_2	140	126.323808659744
542.857142857143	666.666666666667	78.1686216318751	24.6	102.768621631875	DBCA	39_1	70	115.522619345485
542.857142857143	700	82.0897474310416	24.6	106.689747431042	DBCA	39_1	140	128.082304749466
542.857142857143	733.333333333333	83.4845996134263	24.6	108.084599613426	DBCA	39_1	280	134.407961815094
542.857142857143	766.666666666667	83.8562303636379	24.6	108.456230363638	DBCA	39_1	0	108.456230363638
542.857142857143	800	78.1873429164651	24.6	102.787342916465	DBCA	39_1	210	128.703021730908
542.857142857143	833.333333333333	78.4910250495904	24.6	103.09102504959	DBCA	39_2	0	103.09102504959
542.857142857143	866.666666666667	80.5898918294652	24.6	105.189891829465	DBCA	39_2	70	117.943889543075
542.857142857143	900	77.2211186353239	24.6	101.821118635324	DBCA	39_2	280	128.144480836991
542.857142857143	933.333333333333	84.4639215638275	24.6	109.063921563827	DBCA	39_2	210	134.979600378271
542.857142857143	966.666666666667	81.2138791391559	24.6	105.813879139156	DBCA	39_2	140	127.20643645758
42.8571428571429	666.666666666667	83.187965918975	0	83.187965918975	DBCA	4_1	280	86.0921281206423
42.8571428571429	700	82.6410493793321	0	82.6410493793321	DBCA	4_1	0	82.6410493793321
42.8571428571429	733.333333333333	82.1065420513177	0	82.1065420513177	DBCA	4_1	210	90.457820865761
42.8571428571429	766.666666666667	78.2373390690135	0	78.2373390690135	DBCA	4_1	140	87.9202963874376
42.8571428571429	800	76.4280419083153	0	76.4280419083153	DBCA	4_1	70	83.327239621925
42.8571428571429	833.333333333333	80.0116776350123	0	80.0116776350123	DBCA	4_2	280	82.9158398366796
42.8571428571429	866.666666666667	79.8964868824168	0	79.8964868824168	DBCA	4_2	0	79.8964868824168
42.8571428571429	900	76.946997636126	0	76.946997636126	DBCA	4_2	210	85.2982764505693
42.8571428571429	933.333333333333	83.6623815548769	0	83.6623815548769	DBCA	4_2	70	90.5615792684867
42.8571428571429	966.666666666667	82.3252392489337	0	82.3252392489337	DBCA	4_2	140	92.0081965673578
557.142857142857	666.666666666667	80.8234334144337	24.6	105.423433414434	DBCA	40_1	140	126.815990732858
557.142857142857	700	82.2313597639236	24.6	106.831359763924	DBCA	40_1	280	133.154721965591
557.142857142857	733.333333333333	83.5172359502397	24.6	108.11723595024	DBCA	40_1	70	120.871233663849
557.142857142857	766.666666666667	83.9339307657722	24.6	108.533930765772	DBCA	40_1	0	108.533930765772
557.142857142857	800	80.1316499105104	24.6	104.73164991051	DBCA	40_1	210	130.647328724954
557.142857142857	833.333333333333	81.9067699237062	24.6	106.506769923706	DBCA	40_2	210	132.42244873815
557.142857142857	866.666666666667	78.9703476399233	24.6	103.570347639923	DBCA	40_2	70	116.324345353533
557.142857142857	900	79.7557778088792	24.6	104.355777808879	DBCA	40_2	0	104.355777808879
557.142857142857	933.333333333333	82.6485790931891	24.6	107.248579093189	DBCA	40_2	140	128.641136411613
557.142857142857	966.666666666667	79.2656791052334	24.6	103.865679105233	DBCA	40_2	280	130.189041306901
571.428571428571	666.666666666667	80.7312600421621	24.6	105.331260042162	DBCA	41_1	280	131.654622243829
571.428571428571	700	84.0898232083489	24.6	108.689823208349	DBCA	41_1	0	108.689823208349
571.428571428571	733.333333333333	78.3242071099363	24.6	102.924207109936	DBCA	41_1	70	115.678204823546
571.428571428571	766.666666666667	81.9835661691245	24.6	106.583566169125	DBCA	41_1	210	132.499244983568
571.428571428571	800	80.7707952030671	24.6	105.370795203067	DBCA	41_1	140	126.763352521491
571.428571428571	833.333333333333	84.0648094804021	24.6	108.664809480402	DBCA	41_2	0	108.664809480402
571.428571428571	866.666666666667	77.08795000881	24.6	101.68795000881	DBCA	41_2	70	114.44194772242
571.428571428571	900	78.655532707947	24.6	103.255532707947	DBCA	41_2	280	129.578894909614
571.428571428571	933.333333333333	79.8711712360021	24.6	104.471171236002	DBCA	41_2	140	125.863728554426
571.428571428571	966.666666666667	83.636312647284	24.6	108.236312647284	DBCA	41_2	210	134.151991461727
585.714285714286	666.666666666667	80.3412526607095	24.6	104.94125266071	DBCA	42_1	280	131.264614862377
585.714285714286	700	79.745033147419	24.6	104.345033147419	DBCA	42_1	70	117.099030861029
585.714285714286	733.333333333333	81.1343437268501	24.6	105.73434372685	DBCA	42_1	140	127.126901045274
585.714285714286	766.666666666667	81.8152244972523	24.6	106.415224497252	DBCA	42_1	210	132.330903311696
585.714285714286	800	80.2480464810973	24.6	104.848046481097	DBCA	42_1	0	104.848046481097
585.714285714286	833.333333333333	79.5707945464942	24.6	104.170794546494	DBCA	42_2	210	130.086473360938
585.714285714286	866.666666666667	77.593792652994	24.6	102.193792652994	DBCA	42_2	140	123.586349971418
585.714285714286	900	81.9854928969627	24.6	106.585492896963	DBCA	42_2	0	106.585492896963
585.714285714286	933.333333333333	79.3813215187177	24.6	103.981321518718	DBCA	42_2	280	130.304683720385
585.714285714286	966.666666666667	80.7613179269405	24.6	105.36131792694	DBCA	42_2	70	118.11531564055
600	666.666666666667	75.754088786685	24.6	100.354088786685	DBCA	43_1	210	126.269767601128
600	700	79.8698377651469	24.6	104.469837765147	DBCA	43_1	280	130.793199966814
600	733.333333333333	80.1661463596472	24.6	104.766146359647	DBCA	43_1	140	126.158703678071
600	766.666666666667	84.2931990373019	24.6	108.893199037302	DBCA	43_1	70	121.647196750912
600	800	78.1136169165326	24.6	102.713616916533	DBCA	43_1	0	102.713616916533
600	833.333333333333	86.5492653649474	24.6	111.149265364947	DBCA	43_2	210	137.064944179391
600	866.666666666667	81.5380345969324	24.6	106.138034596932	DBCA	43_2	70	118.892032310542
600	900	86.0711428612215	24.6	110.671142861221	DBCA	43_2	280	136.994505062889
600	933.333333333333	83.7395026813379	24.6	108.339502681338	DBCA	43_2	0	108.339502681338
600	966.666666666667	83.3474168857413	24.6	107.947416885741	DBCA	43_2	140	129.339974204165
614.285714285714	666.666666666667	80.8255294210465	24.6	105.425529421046	DBCA	44_1	210	131.34120823549
614.285714285714	700	76.6727446851191	24.6	101.272744685119	DBCA	44_1	70	114.026742398729
614.285714285714	733.333333333333	80.1201864232845	24.6	104.720186423284	DBCA	44_1	0	104.720186423284
614.285714285714	766.666666666667	81.5877148697669	24.6	106.187714869767	DBCA	44_1	140	127.580272188191
614.285714285714	800	77.7828221927967	24.6	102.382822192797	DBCA	44_1	280	128.706184394464
614.285714285714	833.333333333333	83.7432006035267	24.6	108.343200603527	DBCA	44_2	210	134.25887941797
614.285714285714	866.666666666667	82.4491518118988	24.6	107.049151811899	DBCA	44_2	140	128.441709130323
614.285714285714	900	82.7480880727355	24.6	107.348088072736	DBCA	44_2	70	120.102085786345
614.285714285714	933.333333333333	84.130153571204	24.6	108.730153571204	DBCA	44_2	0	108.730153571204
614.285714285714	966.666666666667	79.687933904583	24.6	104.287933904583	DBCA	44_2	280	130.61129610625
628.571428571429	666.666666666667	79.7031408929495	24.6	104.30314089295	DBCA	45_1	70	117.057138606559
628.571428571429	700	81.4924456299158	24.6	106.092445629916	DBCA	45_1	0	106.092445629916
628.571428571429	733.333333333333	83.2877608334768	24.6	107.887760833477	DBCA	45_1	210	133.80343964792
628.571428571429	766.666666666667	80.9051122192412	24.6	105.505112219241	DBCA	45_1	280	131.828474420908
628.571428571429	800	76.2729359732086	24.6	100.872935973209	DBCA	45_1	140	122.265493291633
628.571428571429	833.333333333333	79.9665075462856	24.6	104.566507546286	DBCA	45_2	210	130.482186360729
628.571428571429	866.666666666667	81.8944173481821	24.6	106.494417348182	DBCA	45_2	70	119.248415061792
628.571428571429	900	84.2784600315569	24.6	108.878460031557	DBCA	45_2	280	135.201822233224
628.571428571429	933.333333333333	78.1734098911459	24.6	102.773409891146	DBCA	45_2	0	102.773409891146
628.571428571429	966.666666666667	79.7267886185261	24.6	104.326788618526	DBCA	45_2	140	125.71934593695
642.857142857143	666.666666666667	82.636772133377	24.6	107.236772133377	DBCA	46_1	280	133.560134335044
642.857142857143	700	79.9691676048648	24.6	104.569167604865	DBCA	46_1	0	104.569167604865
642.857142857143	733.333333333333	82.6602851642647	24.6	107.260285164265	DBCA	46_1	70	120.014282877874
642.857142857143	766.666666666667	81.6107508703181	24.6	106.210750870318	DBCA	46_1	140	127.603308188742
642.857142857143	800	75.680566094408	24.6	100.280566094408	DBCA	46_1	210	126.196244908851
642.857142857143	833.333333333333	75.3554192019847	24.6	99.9554192019847	DBCA	46_2	210	125.871098016428
642.857142857143	866.666666666667	79.9325435595564	24.6	104.532543559556	DBCA	46_2	140	125.925100877981
642.857142857143	900	84.503903291086	24.6	109.103903291086	DBCA	46_2	0	109.103903291086
642.857142857143	933.333333333333	77.7178357528365	24.6	102.317835752837	DBCA	46_2	280	128.641197954504
642.857142857143	966.666666666667	81.7275485451408	24.6	106.327548545141	DBCA	46_2	70	119.081546258751
657.142857142857	666.666666666667	83.7086089060396	24.6	108.30860890604	DBCA	47_1	140	129.701166224464
657.142857142857	700	76.242600585031	24.6	100.842600585031	DBCA	47_1	210	126.758279399474
657.142857142857	733.333333333333	81.8733488108122	24.6	106.473348810812	DBCA	47_1	0	106.473348810812
657.142857142857	766.666666666667	82.7700801404721	24.6	107.370080140472	DBCA	47_1	280	133.693442342139
657.142857142857	800	76.0246291672126	24.6	100.624629167213	DBCA	47_1	70	113.378626880822
657.142857142857	833.333333333333	77.735950266131	24.6	102.335950266131	DBCA	47_2	210	128.251629080574
657.142857142857	866.666666666667	80.4442814369581	24.6	105.044281436958	DBCA	47_2	0	105.044281436958
657.142857142857	900	78.8657083929725	24.6	103.465708392972	DBCA	47_2	280	129.78907059464
657.142857142857	933.333333333333	79.2026483949662	24.6	103.802648394966	DBCA	47_2	140	125.19520571339
657.142857142857	966.666666666667	82.0195408037302	24.6	106.61954080373	DBCA	47_2	70	119.37353851734
671.428571428571	666.666666666667	85.3848409361576	24.6	109.984840936158	DBCA	48_1	0	109.984840936158
671.428571428571	700	76.2422364841319	24.6	100.842236484132	DBCA	48_1	140	122.234793802556
671.428571428571	733.333333333333	80.1037235742684	24.6	104.703723574268	DBCA	48_1	70	117.457721287878
671.428571428571	766.666666666667	83.6763928200403	24.6	108.27639282004	DBCA	48_1	280	134.599755021707
671.428571428571	800	79.0744698850019	24.6	103.674469885002	DBCA	48_1	210	129.590148699445
671.428571428571	833.333333333333	79.1614113674705	24.6	103.761411367471	DBCA	48_2	0	103.761411367471
671.428571428571	866.666666666667	77.2410088548964	24.6	101.841008854896	DBCA	48_2	280	128.164371056564
671.428571428571	900	77.3180237699009	24.6	101.918023769901	DBCA	48_2	140	123.310581088325
671.428571428571	933.333333333333	77.1355749198379	24.6	101.735574919838	DBCA	48_2	210	127.651253734281
671.428571428571	966.666666666667	77.8131770666535	24.6	102.413177066654	DBCA	48_2	70	115.167174780263
685.714285714286	666.666666666667	79.2824886973345	24.6	103.882488697334	DBCA	49_1	140	125.275046015759
685.714285714286	700	82.5524514443659	24.6	107.152451444366	DBCA	49_1	280	133.475813646033
685.714285714286	733.333333333333	78.4162589224713	24.6	103.016258922471	DBCA	49_1	70	115.770256636081
685.714285714286	766.666666666667	81.4340158536827	24.6	106.034015853683	DBCA	49_1	210	131.949694668126
685.714285714286	800	78.1484697883188	24.6	102.748469788319	DBCA	49_1	0	102.748469788319
685.714285714286	833.333333333333	78.0796774880326	24.6	102.679677488033	DBCA	49_2	280	129.0030396897
685.714285714286	866.666666666667	77.2910627452837	24.6	101.891062745284	DBCA	49_2	140	123.283620063708
685.714285714286	900	79.8246776085299	24.6	104.42467760853	DBCA	49_2	210	130.340356422973
685.714285714286	933.333333333333	78.2620893831657	24.6	102.862089383166	DBCA	49_2	70	115.616087096775
685.714285714286	966.666666666667	81.9242623856415	24.6	106.524262385642	DBCA	49_2	0	106.524262385642
57.1428571428571	666.666666666667	84.1582767646044	0	84.1582767646044	DBCA	5_1	210	92.5095555790477
57.1428571428571	700	81.1246998869288	0	81.1246998869288	DBCA	5_1	140	90.8076572053529
57.1428571428571	733.333333333333	81.93712367066	0	81.93712367066	DBCA	5_1	280	84.8412858723272
57.1428571428571	766.666666666667	79.9512429032763	0	79.9512429032763	DBCA	5_1	0	79.9512429032763
57.1428571428571	800	81.4982139619955	0	81.4982139619955	DBCA	5_1	70	88.3974116756052
57.1428571428571	833.333333333333	80.1642860840384	0	80.1642860840384	DBCA	5_2	210	88.5155648984817
57.1428571428571	866.666666666667	78.753401173514	0	78.753401173514	DBCA	5_2	0	78.753401173514
57.1428571428571	900	80.1810901794458	0	80.1810901794458	DBCA	5_2	140	89.8640474978699
57.1428571428571	933.333333333333	82.8446292020642	0	82.8446292020642	DBCA	5_2	280	85.7487914037315
57.1428571428571	966.666666666667	79.9077673160802	0	79.9077673160802	DBCA	5_2	70	86.8069650296899
700	666.666666666667	85.6590046878378	24.6	110.259004687838	DBCA	50_1	210	136.174683502281
700	700	78.2504308884278	24.6	102.850430888428	DBCA	50_1	140	124.242988206852
700	733.333333333333	78.5080485709436	24.6	103.108048570944	DBCA	50_1	70	115.862046284553
700	766.666666666667	79.0201957283419	24.6	103.620195728342	DBCA	50_1	280	129.943557930009
700	800	79.5772117826796	24.6	104.17721178268	DBCA	50_1	0	104.17721178268
700	833.333333333333	77.4034893206965	24.6	102.003489320697	DBCA	50_2	210	127.91916813514
700	866.666666666667	76.0495452184545	24.6	100.649545218454	DBCA	50_2	280	126.972907420122
700	900	77.1500458278599	24.6	101.75004582786	DBCA	50_2	140	123.142603146284
700	933.333333333333	80.5873795293257	24.6	105.187379529326	DBCA	50_2	0	105.187379529326
700	966.666666666667	77.9601204347297	24.6	102.56012043473	DBCA	50_2	70	115.314118148339
714.285714285714	666.666666666667	82.27876235096	24.6	106.87876235096	DBCA	51_1	210	132.794441165403
714.285714285714	700	79.7983506903758	24.6	104.398350690376	DBCA	51_1	0	104.398350690376
714.285714285714	733.333333333333	74.9221886464752	24.6	99.5221886464752	DBCA	51_1	280	125.845550848142
714.285714285714	766.666666666667	82.8036807302766	24.6	107.403680730277	DBCA	51_1	140	128.796238048701
714.285714285714	800	77.0089201975039	24.6	101.608920197504	DBCA	51_1	70	114.362917911114
714.285714285714	833.333333333333	80.5979128884818	24.6	105.197912888482	DBCA	51_2	70	117.951910602092
714.285714285714	866.666666666667	80.3925805206189	24.6	104.992580520619	DBCA	51_2	140	126.385137839043
714.285714285714	900	79.5836281819684	24.6	104.183628181968	DBCA	51_2	280	130.506990383636
714.285714285714	933.333333333333	82.5445628753366	24.6	107.144562875337	DBCA	51_2	0	107.144562875337
714.285714285714	966.666666666667	78.7377425911656	24.6	103.337742591166	DBCA	51_2	210	129.253421405609
728.571428571429	666.666666666667	83.3895445606388	24.6	107.989544560639	DBCA	52_1	0	107.989544560639
728.571428571429	700	83.9707477164802	24.6	108.57074771648	DBCA	52_1	210	134.486426530924
728.571428571429	733.333333333333	78.7109489222751	24.6	103.310948922275	DBCA	52_1	140	124.703506240699
728.571428571429	766.666666666667	80.8195471279306	24.6	105.419547127931	DBCA	52_1	280	131.742909329598
728.571428571429	800	78.8048094394899	24.6	103.40480943949	DBCA	52_1	70	116.1588071531
728.571428571429	833.333333333333	79.3728706989354	24.6	103.972870698935	DBCA	52_2	210	129.888549513379
728.571428571429	866.666666666667	78.2175741799995	24.6	102.817574179999	DBCA	52_2	70	115.571571893609
728.571428571429	900	76.3112067885044	24.6	100.911206788504	DBCA	52_2	0	100.911206788504
728.571428571429	933.333333333333	81.5154024888333	24.6	106.115402488833	DBCA	52_2	280	132.438764690501
728.571428571429	966.666666666667	81.0826144339013	24.6	105.682614433901	DBCA	52_2	140	127.075171752325
742.857142857143	666.666666666667	82.5933684829218	24.6	107.193368482922	DBCA	53_1	0	107.193368482922
742.857142857143	700	82.7508023091538	24.6	107.350802309154	DBCA	53_1	280	133.674164510821
742.857142857143	733.333333333333	82.3170852522875	24.6	106.917085252287	DBCA	53_1	140	128.309642570712
742.857142857143	766.666666666667	81.1736359242873	24.6	105.773635924287	DBCA	53_1	70	118.527633637897
742.857142857143	800	76.7305493384065	24.6	101.330549338406	DBCA	53_1	210	127.24622815285
742.857142857143	833.333333333333	74.3922243558406	24.6	98.9922243558406	DBCA	53_2	210	124.907903170284
742.857142857143	866.666666666667	77.2907107607803	24.6	101.89071076078	DBCA	53_2	140	123.283268079204
742.857142857143	900	77.5080078923379	24.6	102.108007892338	DBCA	53_2	70	114.862005605948
742.857142857143	933.333333333333	79.3125884131106	24.6	103.912588413111	DBCA	53_2	0	103.912588413111
742.857142857143	966.666666666667	80.8228967936685	24.6	105.422896793669	DBCA	53_2	280	131.746258995336
757.142857142857	666.666666666667	79.0580165803263	24.6	103.658016580326	DBCA	54_1	140	125.05057389875
757.142857142857	700	82.4006013899913	24.6	107.000601389991	DBCA	54_1	0	107.000601389991
757.142857142857	733.333333333333	77.6702588968136	24.6	102.270258896814	DBCA	54_1	280	128.593621098481
757.142857142857	766.666666666667	81.8487310317962	24.6	106.448731031796	DBCA	54_1	210	132.36440984624
757.142857142857	800	75.4970861485927	24.6	100.097086148593	DBCA	54_1	70	112.851083862202
757.142857142857	833.333333333333	78.3040648100697	24.6	102.90406481007	DBCA	54_2	0	102.90406481007
757.142857142857	866.666666666667	77.7082859914899	24.6	102.30828599149	DBCA	54_2	70	115.0622837051
757.142857142857	900	82.7769898702827	24.6	107.376989870283	DBCA	54_2	140	128.769547188707
757.142857142857	933.333333333333	81.6427403305991	24.6	106.242740330599	DBCA	54_2	280	132.566102532266
757.142857142857	966.666666666667	80.8136699282097	24.6	105.41366992821	DBCA	54_2	210	131.329348742653
771.428571428571	666.666666666667	76.6006947872529	24.6	101.200694787253	DBCA	55_1	140	122.593252105677
771.428571428571	700	81.8752900258298	24.6	106.47529002583	DBCA	55_1	210	132.390968840273
771.428571428571	733.333333333333	81.6870733845294	24.6	106.287073384529	DBCA	55_1	280	132.610435586197
771.428571428571	766.666666666667	79.9299989262438	24.6	104.529998926244	DBCA	55_1	0	104.529998926244
771.428571428571	800	78.7718584244908	24.6	103.371858424491	DBCA	55_1	70	116.1258561381
771.428571428571	833.333333333333	78.1847284227648	24.6	102.784728422765	DBCA	55_2	280	129.108090624432
771.428571428571	866.666666666667	78.2272743314655	24.6	102.827274331466	DBCA	55_2	210	128.742953145909
771.428571428571	900	78.5336479670453	24.6	103.133647967045	DBCA	55_2	140	124.526205285469
771.428571428571	933.333333333333	80.2180696046449	24.6	104.818069604645	DBCA	55_2	0	104.818069604645
771.428571428571	966.666666666667	79.3348431296616	24.6	103.934843129662	DBCA	55_2	70	116.688840843271
785.714285714286	666.666666666667	81.4590005112518	24.6	106.059000511252	DBCA	56_1	280	132.382362712919
785.714285714286	700	78.9934796841844	24.6	103.593479684184	DBCA	56_1	0	103.593479684184
785.714285714286	733.333333333333	83.3437640657674	24.6	107.943764065767	DBCA	56_1	70	120.697761779377
785.714285714286	766.666666666667	83.8336112419902	24.6	108.43361124199	DBCA	56_1	140	129.826168560414
785.714285714286	800	79.0157700615888	24.6	103.615770061589	DBCA	56_1	210	129.531448876032
785.714285714286	833.333333333333	79.1911275061172	24.6	103.791127506117	DBCA	56_2	0	103.791127506117
785.714285714286	866.666666666667	79.9597863045335	24.6	104.559786304533	DBCA	56_2	70	117.313784018143
785.714285714286	900	79.2099477270047	24.6	103.809947727005	DBCA	56_2	140	125.202505045429
785.714285714286	933.333333333333	79.4073014588449	24.6	104.007301458845	DBCA	56_2	210	129.922980273288
785.714285714286	966.666666666667	79.3020969799993	24.6	103.902096979999	DBCA	56_2	280	130.225459181667
800	666.666666666667	82.2827044513337	24.6	106.882704451334	DBCA	57_1	0	106.882704451334
800	700	78.2716947284467	24.6	102.871694728447	DBCA	57_1	210	128.78737354289
800	733.333333333333	83.4671302483176	24.6	108.067130248318	DBCA	57_1	140	129.459687566742
800	766.666666666667	85.6823757396241	24.6	110.282375739624	DBCA	57_1	70	123.036373453234
800	800	82.787752598031	24.6	107.387752598031	DBCA	57_1	280	133.711114799698
800	833.333333333333	79.6855133926477	24.6	104.285513392648	DBCA	57_2	210	130.201192207091
800	866.666666666667	78.3099297302282	24.6	102.909929730228	DBCA	57_2	0	102.909929730228
800	900	74.1282758667966	24.6	98.7282758667966	DBCA	57_2	140	120.120833185221
800	933.333333333333	80.8988296673853	24.6	105.498829667385	DBCA	57_2	280	131.822191869053
800	966.666666666667	82.2091619099768	24.6	106.809161909977	DBCA	57_2	70	119.563159623586
814.285714285714	666.666666666667	81.6028963280443	24.6	106.202896328044	DBCA	58_1	70	118.956894041654
814.285714285714	700	82.6247872581193	24.6	107.224787258119	DBCA	58_1	210	133.140466072563
814.285714285714	733.333333333333	84.9734792143124	24.6	109.573479214312	DBCA	58_1	0	109.573479214312
814.285714285714	766.666666666667	85.0643460458948	24.6	109.664346045895	DBCA	58_1	140	131.056903364319
814.285714285714	800	81.3741660928611	24.6	105.974166092861	DBCA	58_1	280	132.297528294528
814.285714285714	833.333333333333	80.2683264683079	24.6	104.868326468308	DBCA	58_2	70	117.622324181918
814.285714285714	866.666666666667	76.8649634468756	24.6	101.464963446876	DBCA	58_2	210	127.380642261319
814.285714285714	900	76.7075311099618	24.6	101.307531109962	DBCA	58_2	280	127.630893311629
814.285714285714	933.333333333333	80.56741122268	24.6	105.16741122268	DBCA	58_2	0	105.16741122268
814.285714285714	966.666666666667	84.6531222485337	24.6	109.253122248534	DBCA	58_2	140	130.645679566958
828.571428571429	666.666666666667	83.5421519032392	24.6	108.142151903239	DBCA	59_1	70	120.896149616849
828.571428571429	700	84.6452153846172	24.6	109.245215384617	DBCA	59_1	0	109.245215384617
828.571428571429	733.333333333333	81.537493640361	24.6	106.137493640361	DBCA	59_1	210	132.053172454804
828.571428571429	766.666666666667	86.6527652235456	24.6	111.252765223546	DBCA	59_1	280	137.576127425213
828.571428571429	800	82.7836488903284	24.6	107.383648890328	DBCA	59_1	140	128.776206208753
828.571428571429	833.333333333333	78.5131599559218	24.6	103.113159955922	DBCA	59_2	210	129.028838770365
828.571428571429	866.666666666667	78.6829751931525	24.6	103.282975193153	DBCA	59_2	140	124.675532511577
828.571428571429	900	77.5536329559402	24.6	102.15363295594	DBCA	59_2	280	128.476995157607
828.571428571429	933.333333333333	80.4663525240536	24.6	105.066352524054	DBCA	59_2	70	117.820350237663
828.571428571429	966.666666666667	80.5421649236501	24.6	105.14216492365	DBCA	59_2	0	105.14216492365
71.4285714285714	666.666666666667	82.4752711785564	0	82.4752711785564	DBCA	6_1	140	92.1582284969805
71.4285714285714	700	82.0245632148867	0	82.0245632148867	DBCA	6_1	70	88.9237609284964
71.4285714285714	733.333333333333	80.8949445517908	0	80.8949445517908	DBCA	6_1	0	80.8949445517908
71.4285714285714	766.666666666667	77.3101233116297	0	77.3101233116297	DBCA	6_1	210	85.6614021260731
71.4285714285714	800	81.863026331701	0	81.863026331701	DBCA	6_1	280	84.7671885333682
71.4285714285714	833.333333333333	81.5652719758138	0	81.5652719758138	DBCA	6_2	140	91.2482292942379
71.4285714285714	866.666666666667	81.0160963553388	0	81.0160963553388	DBCA	6_2	70	87.9152940689485
71.4285714285714	900	79.0426305480634	0	79.0426305480634	DBCA	6_2	280	81.9467927497306
71.4285714285714	933.333333333333	80.1640979484128	0	80.1640979484128	DBCA	6_2	210	88.5153767628562
71.4285714285714	966.666666666667	75.2963073576829	0	75.2963073576829	DBCA	6_2	0	75.2963073576829
842.857142857143	666.666666666667	85.9094778290352	24.6	110.509477829035	DBCA	60_1	140	131.902035147459
842.857142857143	700	82.877891549089	24.6	107.477891549089	DBCA	60_1	0	107.477891549089
842.857142857143	733.333333333333	82.6195102094003	24.6	107.2195102094	DBCA	60_1	70	119.97350792301
842.857142857143	766.666666666667	84.9261504523175	24.6	109.526150452317	DBCA	60_1	210	135.441829266761
842.857142857143	800	80.5084620503117	24.6	105.108462050312	DBCA	60_1	280	131.431824251979
842.857142857143	833.333333333333	79.8839846055583	24.6	104.483984605558	DBCA	60_2	210	130.399663420002
842.857142857143	866.666666666667	79.686378654327	24.6	104.286378654327	DBCA	60_2	0	104.286378654327
842.857142857143	900	80.2949464697174	24.6	104.894946469717	DBCA	60_2	70	117.648944183327
842.857142857143	933.333333333333	82.6858299381664	24.6	107.285829938166	DBCA	60_2	280	133.609192139834
842.857142857143	966.666666666667	84.044025172365	24.6	108.644025172365	DBCA	60_2	140	130.036582490789
857.142857142857	666.666666666667	84.6242284610746	24.6	109.224228461075	DBCA	61_1	0	109.224228461075
857.142857142857	700	84.3053614413718	24.6	108.905361441372	DBCA	61_1	210	134.821040255815
857.142857142857	733.333333333333	83.5197257986547	24.6	108.119725798655	DBCA	61_1	70	120.873723512264
857.142857142857	766.666666666667	82.3140412875863	24.6	106.914041287586	DBCA	61_1	140	128.30659860601
857.142857142857	800	81.4795284935968	24.6	106.079528493597	DBCA	61_1	280	132.402890695264
857.142857142857	833.333333333333	82.0139136735023	24.6	106.613913673502	DBCA	61_2	210	132.529592487946
857.142857142857	866.666666666667	79.4258198611784	24.6	104.025819861178	DBCA	61_2	140	125.418377179603
857.142857142857	900	81.6420440520203	24.6	106.24204405202	DBCA	61_2	0	106.24204405202
857.142857142857	933.333333333333	84.0962432276933	24.6	108.696243227693	DBCA	61_2	70	121.450240941303
857.142857142857	966.666666666667	81.5027446342005	24.6	106.102744634201	DBCA	61_2	280	132.426106835868
871.428571428571	666.666666666667	84.7783344931805	24.6	109.378334493181	DBCA	62_1	280	135.701696694848
871.428571428571	700	86.5205756660726	24.6	111.120575666073	DBCA	62_1	70	123.874573379682
871.428571428571	733.333333333333	85.6623004373666	24.6	110.262300437367	DBCA	62_1	0	110.262300437367
871.428571428571	766.666666666667	80.3488942314861	24.6	104.948894231486	DBCA	62_1	140	126.34145154991
871.428571428571	800	86.9645158146676	24.6	111.564515814668	DBCA	62_1	210	137.480194629111
871.428571428571	833.333333333333	83.5047496837319	24.6	108.104749683732	DBCA	62_2	280	134.428111885399
871.428571428571	866.666666666667	80.6809832241712	24.6	105.280983224171	DBCA	62_2	140	126.673540542595
871.428571428571	900	78.6018999977394	24.6	103.201899997739	DBCA	62_2	70	115.955897711349
871.428571428571	933.333333333333	84.289895072186	24.6	108.889895072186	DBCA	62_2	0	108.889895072186
871.428571428571	966.666666666667	80.7029797755439	24.6	105.302979775544	DBCA	62_2	210	131.218658589987
885.714285714286	666.666666666667	81.7089655141029	24.6	106.308965514103	DBCA	63_1	70	119.062963227713
885.714285714286	700	84.5419747679811	24.6	109.141974767981	DBCA	63_1	140	130.534532086405
885.714285714286	733.333333333333	83.1593174249158	24.6	107.759317424916	DBCA	63_1	210	133.674996239359
885.714285714286	766.666666666667	80.666741654256	24.6	105.266741654256	DBCA	63_1	0	105.266741654256
885.714285714286	800	85.0626547002069	24.6	109.662654700207	DBCA	63_1	280	135.986016901874
885.714285714286	833.333333333333	81.884277738154	24.6	106.484277738154	DBCA	63_2	0	106.484277738154
885.714285714286	866.666666666667	81.2446152833414	24.6	105.844615283341	DBCA	63_2	210	131.760294097785
885.714285714286	900	78.3639336470978	24.6	102.963933647098	DBCA	63_2	70	115.717931360707
885.714285714286	933.333333333333	84.9967624996572	24.6	109.596762499657	DBCA	63_2	280	135.920124701324
885.714285714286	966.666666666667	79.2226031417843	24.6	103.822603141784	DBCA	63_2	140	125.215160460208
900	666.666666666667	85.1457142583604	24.6	109.74571425836	DBCA	64_1	0	109.74571425836
900	700	84.6280776469403	24.6	109.22807764694	DBCA	64_1	140	130.620634965364
900	733.333333333333	80.600394427411	24.6	105.200394427411	DBCA	64_1	210	131.116073241854
900	766.666666666667	81.0047578071194	24.6	105.604757807119	DBCA	64_1	70	118.358755520729
900	800	81.4673836913971	24.6	106.067383691397	DBCA	64_1	280	132.390745893064
900	833.333333333333	82.8873403787531	24.6	107.487340378753	DBCA	64_2	140	128.879897697177
900	866.666666666667	81.2753934805467	24.6	105.875393480547	DBCA	64_2	0	105.875393480547
900	900	79.0289764171384	24.6	103.628976417138	DBCA	64_2	70	116.382974130748
900	933.333333333333	82.6457766074112	24.6	107.245776607411	DBCA	64_2	280	133.569138809078
900	966.666666666667	76.8740255593587	24.6	101.474025559359	DBCA	64_2	210	127.389704373802
914.285714285714	666.666666666667	81.6197602492215	24.6	106.219760249221	DBCA	65_1	210	132.135439063665
914.285714285714	700	82.5884006649689	24.6	107.188400664969	DBCA	65_1	0	107.188400664969
914.285714285714	733.333333333333	82.8061460089509	24.6	107.406146008951	DBCA	65_1	280	133.729508210618
914.285714285714	766.666666666667	81.2382176362111	24.6	105.838217636211	DBCA	65_1	70	118.592215349821
914.285714285714	800	81.4138811173452	24.6	106.013881117345	DBCA	65_1	140	127.406438435769
914.285714285714	833.333333333333	82.361870685092	24.6	106.961870685092	DBCA	65_2	280	133.285232886759
914.285714285714	866.666666666667	82.9663384894676	24.6	107.566338489468	DBCA	65_2	210	133.482017303911
914.285714285714	900	82.53549871954	24.6	107.13549871954	DBCA	65_2	140	128.528056037964
914.285714285714	933.333333333333	83.4019883261336	24.6	108.001988326134	DBCA	65_2	0	108.001988326134
914.285714285714	966.666666666667	76.4171594807914	24.6	101.017159480791	DBCA	65_2	70	113.771157194401
928.571428571429	666.666666666667	82.9573983337035	24.6	107.557398333703	DBCA	66_1	210	133.473077148147
928.571428571429	700	82.5826426194778	24.6	107.182642619478	DBCA	66_1	280	133.506004821145
928.571428571429	733.333333333333	88.1248396935254	24.6	112.724839693525	DBCA	66_1	0	112.724839693525
928.571428571429	766.666666666667	86.2611463167572	24.6	110.861146316757	DBCA	66_1	70	123.615144030367
928.571428571429	800	80.3263311799048	24.6	104.926331179905	DBCA	66_1	140	126.318888498329
928.571428571429	833.333333333333	79.2837339789979	24.6	103.883733978998	DBCA	66_2	0	103.883733978998
928.571428571429	866.666666666667	81.7394317525585	24.6	106.339431752559	DBCA	66_2	210	132.255110567002
928.571428571429	900	82.8730641704248	24.6	107.473064170425	DBCA	66_2	140	128.865621488849
928.571428571429	933.333333333333	79.5349222532262	24.6	104.134922253226	DBCA	66_2	70	116.888919966836
928.571428571429	966.666666666667	79.77810138576	24.6	104.37810138576	DBCA	66_2	280	130.701463587427
942.857142857143	666.666666666667	86.2934007755009	24.6	110.893400775501	DBCA	67_1	210	136.809079589944
942.857142857143	700	81.3709578476098	24.6	105.97095784761	DBCA	67_1	140	127.363515166034
942.857142857143	733.333333333333	83.6344682826794	24.6	108.234468282679	DBCA	67_1	70	120.988465996289
942.857142857143	766.666666666667	86.1992775173856	24.6	110.799277517386	DBCA	67_1	280	137.122639719053
942.857142857143	800	85.3548919343542	24.6	109.954891934354	DBCA	67_1	0	109.954891934354
942.857142857143	833.333333333333	80.8398378977505	24.6	105.439837897751	DBCA	67_2	70	118.19383561136
942.857142857143	866.666666666667	78.9070732563715	24.6	103.507073256371	DBCA	67_2	210	129.422752070815
942.857142857143	900	80.0643219940608	24.6	104.664321994061	DBCA	67_2	280	130.987684195728
942.857142857143	933.333333333333	78.140145729583	24.6	102.740145729583	DBCA	67_2	0	102.740145729583
942.857142857143	966.666666666667	80.6725533105079	24.6	105.272553310508	DBCA	67_2	140	126.665110628932
957.142857142857	666.666666666667	83.4386046058292	24.6	108.038604605829	DBCA	68_1	0	108.038604605829
957.142857142857	700	85.036153492893	24.6	109.636153492893	DBCA	68_1	210	135.551832307336
957.142857142857	733.333333333333	81.107203999588	24.6	105.707203999588	DBCA	68_1	280	132.030566201255
957.142857142857	766.666666666667	81.4846424884514	24.6	106.084642488451	DBCA	68_1	70	118.838640202061
957.142857142857	800	81.4428688429801	24.6	106.04286884298	DBCA	68_1	140	127.435426161404
957.142857142857	833.333333333333	80.4792547796775	24.6	105.079254779677	DBCA	68_2	70	117.833252493287
957.142857142857	866.666666666667	79.1028465604998	24.6	103.7028465605	DBCA	68_2	210	129.618525374943
957.142857142857	900	82.8289591977772	24.6	107.428959197777	DBCA	68_2	140	128.821516516201
957.142857142857	933.333333333333	79.5298549064303	24.6	104.12985490643	DBCA	68_2	280	130.453217108098
957.142857142857	966.666666666667	79.776055990117	24.6	104.376055990117	DBCA	68_2	0	104.376055990117
971.428571428571	666.666666666667	87.1136815550073	24.6	111.713681555007	DBCA	69_1	70	124.467679268617
971.428571428571	700	86.7090233056552	24.6	111.309023305655	DBCA	69_1	0	111.309023305655
971.428571428571	733.333333333333	83.6391123086636	24.6	108.239112308664	DBCA	69_1	140	129.631669627088
971.428571428571	766.666666666667	84.3815532769893	24.6	108.981553276989	DBCA	69_1	210	134.897232091433
971.428571428571	800	82.7309232495176	24.6	107.330923249518	DBCA	69_1	280	133.654285451185
971.428571428571	833.333333333333	81.8545729214824	24.6	106.454572921482	DBCA	69_2	280	132.77793512315
971.428571428571	866.666666666667	80.9784909882269	24.6	105.578490988227	DBCA	69_2	70	118.332488701837
971.428571428571	900	81.2984970396434	24.6	105.898497039643	DBCA	69_2	210	131.814175854087
971.428571428571	933.333333333333	81.7359057108977	24.6	106.335905710898	DBCA	69_2	140	127.728463029322
971.428571428571	966.666666666667	81.4336088473344	24.6	106.033608847334	DBCA	69_2	0	106.033608847334
85.7142857142857	666.666666666667	86.8109837767272	0	86.8109837767272	DBCA	7_1	210	95.1622625911706
85.7142857142857	700	80.1165688553713	0	80.1165688553713	DBCA	7_1	70	87.015766568981
85.7142857142857	733.333333333333	80.5440531960734	0	80.5440531960734	DBCA	7_1	140	90.2270105144976
85.7142857142857	766.666666666667	79.6384513562823	0	79.6384513562823	DBCA	7_1	0	79.6384513562823
85.7142857142857	800	81.0698609228533	0	81.0698609228533	DBCA	7_1	280	83.9740231245206
85.7142857142857	833.333333333333	82.1557817572117	0	82.1557817572117	DBCA	7_2	280	85.0599439588789
85.7142857142857	866.666666666667	83.2683096778957	0	83.2683096778957	DBCA	7_2	140	92.9512669963198
85.7142857142857	900	77.5926066296908	0	77.5926066296908	DBCA	7_2	70	84.4918043433005
85.7142857142857	933.333333333333	79.8630370018094	0	79.8630370018094	DBCA	7_2	210	88.2143158162527
85.7142857142857	966.666666666667	75.5432560836444	0	75.5432560836444	DBCA	7_2	0	75.5432560836444
985.714285714286	666.666666666667	82.8818675881559	24.6	107.481867588156	DBCA	70_1	210	133.397546402599
985.714285714286	700	84.5962603092444	24.6	109.196260309244	DBCA	70_1	0	109.196260309244
985.714285714286	733.333333333333	85.5919959257716	24.6	110.191995925772	DBCA	70_1	280	136.515358127439
985.714285714286	766.666666666667	84.1173181479668	24.6	108.717318147967	DBCA	70_1	70	121.471315861576
985.714285714286	800	79.7555534948337	24.6	104.355553494834	DBCA	70_1	140	125.748110813258
985.714285714286	833.333333333333	82.9394547135655	24.6	107.539454713565	DBCA	70_2	140	128.93201203199
985.714285714286	866.666666666667	83.1569830793328	24.6	107.756983079333	DBCA	70_2	280	134.080345281
985.714285714286	900	81.3182271934793	24.6	105.918227193479	DBCA	70_2	0	105.918227193479
985.714285714286	933.333333333333	81.6623470252397	24.6	106.26234702524	DBCA	70_2	70	119.016344738849
985.714285714286	966.666666666667	80.9556329826917	24.6	105.555632982692	DBCA	70_2	210	131.471311797135
1000	666.666666666667	86.2606292000977	24.6	110.860629200098	DBCA	71_1	140	132.253186518522
1000	700	83.3131925291381	24.6	107.913192529138	DBCA	71_1	210	133.828871343581
1000	733.333333333333	82.3266651262313	24.6	106.926665126231	DBCA	71_1	0	106.926665126231
1000	766.666666666667	82.8681057260997	24.6	107.4681057261	DBCA	71_1	280	133.791467927767
1000	800	85.1818869312112	24.6	109.781886931211	DBCA	71_1	70	122.535884644821
1000	833.333333333333	82.0409933949931	24.6	106.640993394993	DBCA	71_2	140	128.033550713417
1000	866.666666666667	83.8240853761875	24.6	108.424085376187	DBCA	71_2	70	121.178083089797
1000	900	80.492410215814	24.6	105.092410215814	DBCA	71_2	0	105.092410215814
1000	933.333333333333	82.7151665896936	24.6	107.315166589694	DBCA	71_2	210	133.230845404137
1000	966.666666666667	83.9737317690728	24.6	108.573731769073	DBCA	71_2	280	134.89709397074
100	666.666666666667	84.806669907843	0	84.806669907843	DBCA	8_1	0	84.806669907843
100	700	78.2509122800269	0	78.2509122800269	DBCA	8_1	280	81.1550744816942
100	733.333333333333	77.8397797710184	0	77.8397797710184	DBCA	8_1	210	86.1910585854617
100	766.666666666667	78.4919107822631	0	78.4919107822631	DBCA	8_1	70	85.3911084958728
100	800	78.5327823804362	0	78.5327823804362	DBCA	8_1	140	88.2157396988603
100	833.333333333333	82.1341842699506	0	82.1341842699506	DBCA	8_2	70	89.0333819835603
100	866.666666666667	84.5896568358672	0	84.5896568358672	DBCA	8_2	140	94.2726141542913
100	900	80.2792913193922	0	80.2792913193922	DBCA	8_2	0	80.2792913193922
100	933.333333333333	79.5710331707015	0	79.5710331707015	DBCA	8_2	280	82.4751953723687
100	966.666666666667	77.0873365530366	0	77.0873365530366	DBCA	8_2	210	85.43861536748
114.285714285714	666.666666666667	81.4310350270469	0	81.4310350270469	DBCA	9_1	140	91.113992345471
114.285714285714	700	81.746208583829	0	81.746208583829	DBCA	9_1	210	90.0974873982723
114.285714285714	733.333333333333	82.3339092654604	0	82.3339092654604	DBCA	9_1	70	89.2331069790702
114.285714285714	766.666666666667	80.7159051239097	0	80.7159051239097	DBCA	9_1	280	83.6200673255769
114.285714285714	800	81.8558624522221	0	81.8558624522221	DBCA	9_1	0	81.8558624522221
114.285714285714	833.333333333333	83.6850227722954	0	83.6850227722954	DBCA	9_2	210	92.0363015867387
114.285714285714	866.666666666667	83.8934962425892	0	83.8934962425892	DBCA	9_2	140	93.5764535610133
114.285714285714	900	80.6308936453636	0	80.6308936453636	DBCA	9_2	280	83.5350558470308
114.285714285714	933.333333333333	81.5389704544504	0	81.5389704544504	DBCA	9_2	70	88.4381681680601
114.285714285714	966.666666666667	80.9124520464884	0	80.9124520464884	DBCA	9_2	0	80.9124520464884
0	1000	77.7674256902108	0	77.7674256902108	DBCA	1_3	NA	NA
14.2857142857143	1000	79.3337230517424	0	79.3337230517424	DBCA	2_3	NA	NA
28.5714285714286	1000	76.4460777708295	0	76.4460777708295	DBCA	3_3	NA	NA
42.8571428571429	1000	79.8568071987348	0	79.8568071987348	DBCA	4_3	NA	NA
57.1428571428571	1000	80.1888330243195	0	80.1888330243195	DBCA	5_3	NA	NA
71.4285714285714	1000	79.0351725689698	0	79.0351725689698	DBCA	6_3	NA	NA
85.7142857142857	1000	80.8915122252189	0	80.8915122252189	DBCA	7_3	NA	NA
100	1000	80.4354351821105	0	80.4354351821105	DBCA	8_3	NA	NA
114.285714285714	1000	78.9809486692408	0	78.9809486692408	DBCA	9_3	NA	NA
128.571428571429	1000	78.2787993201183	0	78.2787993201183	DBCA	10_3	NA	NA
142.857142857143	1000	78.625233242331	0	78.625233242331	DBCA	11_3	NA	NA
157.142857142857	1000	79.982263917168	0	79.982263917168	DBCA	12_3	NA	NA
171.428571428571	1000	78.3982808725489	0	78.3982808725489	DBCA	13_3	NA	NA
185.714285714286	1000	78.7993257461837	0	78.7993257461837	DBCA	14_3	NA	NA
200	1000	80.6898154189209	0	80.6898154189209	DBCA	15_3	NA	NA
214.285714285714	1000	77.9232429713717	0	77.9232429713717	DBCA	16_3	NA	NA
228.571428571429	1000	78.4911365342123	0	78.4911365342123	DBCA	17_3	NA	NA
242.857142857143	1000	80.3532422056475	0	80.3532422056475	DBCA	18_3	NA	NA
257.142857142857	1000	78.9392444794788	0	78.9392444794788	DBCA	19_3	NA	NA
271.428571428571	1000	78.4632923722437	0	78.4632923722437	DBCA	20_3	NA	NA
285.714285714286	1000	80.0727977415085	0	80.0727977415085	DBCA	21_3	NA	NA
300	1000	74.3291330424888	0	74.3291330424888	DBCA	22_3	NA	NA
314.285714285714	1000	74.5430841126782	0	74.5430841126782	DBCA	23_3	NA	NA
328.571428571429	1000	75.0835059572848	0	75.0835059572848	DBCA	24_3	NA	NA
342.857142857143	1000	78.0018803351088	0	78.0018803351088	DBCA	25_3	NA	NA
357.142857142857	1000	80.3723455456428	0	80.3723455456428	DBCA	26_3	NA	NA
371.428571428571	1000	80.6746423034542	0	80.6746423034542	DBCA	27_3	NA	NA
385.714285714286	1000	77.9152427969336	0	77.9152427969336	DBCA	28_3	NA	NA
400	1000	77.1888470680344	0	77.1888470680344	DBCA	29_3	NA	NA
414.285714285714	1000	79.5891992633983	0	79.5891992633983	DBCA	30_3	NA	NA
428.571428571429	1000	80.9725063499566	0	80.9725063499566	DBCA	31_3	NA	NA
442.857142857143	1000	81.5146983956182	0	81.5146983956182	DBCA	32_3	NA	NA
457.142857142857	1000	85.497246730908	0	85.497246730908	DBCA	33_3	NA	NA
471.428571428571	1000	82.1263694051271	0	82.1263694051271	DBCA	34_3	NA	NA
485.714285714286	1000	79.5505621917475	0	79.5505621917475	DBCA	35_3	NA	NA
500	1000	80.4351506818595	0	80.4351506818595	DBCA	36_3	NA	NA
514.285714285714	1000	78.2405827057776	24.6	102.840582705778	DBCA	37_3	NA	NA
528.571428571429	1000	83.5602177087011	24.6	108.160217708701	DBCA	38_3	NA	NA
542.857142857143	1000	77.0032006828266	24.6	101.603200682827	DBCA	39_3	NA	NA
557.142857142857	1000	81.9234770909219	24.6	106.523477090922	DBCA	40_3	NA	NA
571.428571428571	1000	79.60714553482	24.6	104.20714553482	DBCA	41_3	NA	NA
585.714285714286	1000	76.2379798220281	24.6	100.837979822028	DBCA	42_3	NA	NA
600	1000	73.9216864228899	24.6	98.5216864228899	DBCA	43_3	NA	NA
614.285714285714	1000	74.2283090744466	24.6	98.8283090744466	DBCA	44_3	NA	NA
628.571428571429	1000	74.3094852912756	24.6	98.9094852912756	DBCA	45_3	NA	NA
642.857142857143	1000	74.9158731636787	24.6	99.5158731636787	DBCA	46_3	NA	NA
657.142857142857	1000	75.3116296925388	24.6	99.9116296925388	DBCA	47_3	NA	NA
671.428571428571	1000	79.924019535525	24.6	104.524019535525	DBCA	48_3	NA	NA
685.714285714286	1000	79.6014022258847	24.6	104.201402225885	DBCA	49_3	NA	NA
700	1000	79.2958977418675	24.6	103.895897741868	DBCA	50_3	NA	NA
714.285714285714	1000	78.7601593048454	24.6	103.360159304845	DBCA	51_3	NA	NA
728.571428571429	1000	77.946367084349	24.6	102.546367084349	DBCA	52_3	NA	NA
742.857142857143	1000	77.890358653194	24.6	102.490358653194	DBCA	53_3	NA	NA
757.142857142857	1000	78.3594648669011	24.6	102.959464866901	DBCA	54_3	NA	NA
771.428571428571	1000	77.7148695716981	24.6	102.314869571698	DBCA	55_3	NA	NA
785.714285714286	1000	75.7616468881656	24.6	100.361646888166	DBCA	56_3	NA	NA
800	1000	77.718562425778	24.6	102.318562425778	DBCA	57_3	NA	NA
814.285714285714	1000	83.1054193731232	24.6	107.705419373123	DBCA	58_3	NA	NA
828.571428571429	1000	85.6300297031997	24.6	110.2300297032	DBCA	59_3	NA	NA
842.857142857143	1000	80.0260557462451	24.6	104.626055746245	DBCA	60_3	NA	NA
857.142857142857	1000	76.9776089452443	24.6	101.577608945244	DBCA	61_3	NA	NA
871.428571428571	1000	79.6693053924621	24.6	104.269305392462	DBCA	62_3	NA	NA
885.714285714286	1000	80.326791263472	24.6	104.926791263472	DBCA	63_3	NA	NA
900	1000	74.5772469099151	24.6	99.1772469099151	DBCA	64_3	NA	NA
914.285714285714	1000	76.1602275160112	24.6	100.760227516011	DBCA	65_3	NA	NA
928.571428571429	1000	74.2385423513185	24.6	98.8385423513185	DBCA	66_3	NA	NA
942.857142857143	1000	76.6574051194695	24.6	101.257405119469	DBCA	67_3	NA	NA
957.142857142857	1000	77.8541936326604	24.6	102.45419363266	DBCA	68_3	NA	NA
971.428571428571	1000	79.0076812799576	24.6	103.607681279958	DBCA	69_3	NA	NA
985.714285714286	1000	78.713944298881	24.6	103.313944298881	DBCA	70_3	NA	NA
1000	1000	77.8899705730895	24.6	102.48997057309	DBCA	71_3	NA	NA
