x	y	variable1	Zona	ErrorConEfecto	Disenio	Bloque	AsigTrat	MiRto
0	666.666666666667	78.3359167055939	0	78.3359167055939	DBCA	1_1	140	91.0496628293684
0	700	82.2326947500312	0	82.2326947500312	DBCA	1_1	70	90.1395641045192
0	733.333333333333	88.4725845839301	0	88.4725845839301	DBCA	1_1	210	102.893214891789
0	766.666666666667	86.274015744004	0	86.274015744004	DBCA	1_1	280	99.3015376507465
0	800	87.4302703455783	0	87.4302703455783	DBCA	1_1	0	87.4302703455783
0	833.333333333333	83.1066639147387	0	83.1066639147387	DBCA	1_2	70	91.0135332692267
0	866.666666666667	78.5973651292146	0	78.5973651292146	DBCA	1_2	280	91.624887035957
0	900	81.3231081332428	0	81.3231081332428	DBCA	1_2	210	95.7437384411021
0	933.333333333333	83.2739386480416	0	83.2739386480416	DBCA	1_2	140	95.987684771816
0	966.666666666667	80.4961581300233	0	80.4961581300233	DBCA	1_2	0	80.4961581300233
128.571428571429	666.666666666667	79.1580737790852	0	79.1580737790852	DBCA	10_1	70	87.0649431335732
128.571428571429	700	80.5823312499399	0	80.5823312499399	DBCA	10_1	280	93.6098531566824
128.571428571429	733.333333333333	79.0816473258395	0	79.0816473258395	DBCA	10_1	210	93.5022776336988
128.571428571429	766.666666666667	81.6634085172888	0	81.6634085172888	DBCA	10_1	140	94.3771546410632
128.571428571429	800	79.5243801892299	0	79.5243801892299	DBCA	10_1	0	79.5243801892299
128.571428571429	833.333333333333	81.2913860418467	0	81.2913860418467	DBCA	10_2	280	94.3189079485892
128.571428571429	866.666666666667	81.9667254958242	0	81.9667254958242	DBCA	10_2	140	94.6804716195986
128.571428571429	900	78.3465210911902	0	78.3465210911902	DBCA	10_2	210	92.7671513990495
128.571428571429	933.333333333333	80.1592031015382	0	80.1592031015382	DBCA	10_2	0	80.1592031015382
128.571428571429	966.666666666667	84.3367211718084	0	84.3367211718084	DBCA	10_2	70	92.2435905262964
142.857142857143	666.666666666667	78.3892532660957	0	78.3892532660957	DBCA	11_1	140	91.1029993898702
142.857142857143	700	83.2308082348489	0	83.2308082348489	DBCA	11_1	70	91.1376775893369
142.857142857143	733.333333333333	76.7838232232232	0	76.7838232232232	DBCA	11_1	0	76.7838232232232
142.857142857143	766.666666666667	80.9235450726165	0	80.9235450726165	DBCA	11_1	210	95.3441753804758
142.857142857143	800	80.6403257011887	0	80.6403257011887	DBCA	11_1	280	93.6678476079312
142.857142857143	833.333333333333	76.5483294624678	0	76.5483294624678	DBCA	11_2	0	76.5483294624678
142.857142857143	866.666666666667	82.5161779270674	0	82.5161779270674	DBCA	11_2	70	90.4230472815554
142.857142857143	900	83.1965555801636	0	83.1965555801636	DBCA	11_2	140	95.910301703938
142.857142857143	933.333333333333	79.9871151763853	0	79.9871151763853	DBCA	11_2	210	94.4077454842446
142.857142857143	966.666666666667	82.6158618996386	0	82.6158618996386	DBCA	11_2	280	95.6433838063811
157.142857142857	666.666666666667	81.3343104941395	0	81.3343104941395	DBCA	12_1	70	89.2411798486276
157.142857142857	700	83.2419371628883	0	83.2419371628883	DBCA	12_1	280	96.2694590696308
157.142857142857	733.333333333333	81.345979702045	0	81.345979702045	DBCA	12_1	210	95.7666100099042
157.142857142857	766.666666666667	79.7784663169244	0	79.7784663169244	DBCA	12_1	0	79.7784663169244
157.142857142857	800	79.9746295484703	0	79.9746295484703	DBCA	12_1	140	92.6883756722448
157.142857142857	833.333333333333	79.4412893316527	0	79.4412893316527	DBCA	12_2	0	79.4412893316527
157.142857142857	866.666666666667	78.4121269383535	0	78.4121269383535	DBCA	12_2	70	86.3189962928415
157.142857142857	900	81.9177830552651	0	81.9177830552651	DBCA	12_2	210	96.3384133631243
157.142857142857	933.333333333333	78.844782145795	0	78.844782145795	DBCA	12_2	280	91.8723040525375
157.142857142857	966.666666666667	80.3664386605444	0	80.3664386605444	DBCA	12_2	140	93.0801847843188
171.428571428571	666.666666666667	82.1837896199956	0	82.1837896199956	DBCA	13_1	210	96.6044199278548
171.428571428571	700	80.2437501057294	0	80.2437501057294	DBCA	13_1	70	88.1506194602174
171.428571428571	733.333333333333	78.0889764737261	0	78.0889764737261	DBCA	13_1	0	78.0889764737261
171.428571428571	766.666666666667	79.4969576789445	0	79.4969576789445	DBCA	13_1	280	92.524479585687
171.428571428571	800	81.5301875309696	0	81.5301875309696	DBCA	13_1	140	94.243933654744
171.428571428571	833.333333333333	82.1449338031874	0	82.1449338031874	DBCA	13_2	0	82.1449338031874
171.428571428571	866.666666666667	82.1588944071325	0	82.1588944071325	DBCA	13_2	210	96.5795247149917
171.428571428571	900	84.9995368623475	0	84.9995368623475	DBCA	13_2	280	98.02705876909
171.428571428571	933.333333333333	76.6799347231088	0	76.6799347231088	DBCA	13_2	140	89.3936808468833
171.428571428571	966.666666666667	81.1474747598933	0	81.1474747598933	DBCA	13_2	70	89.0543441143813
185.714285714286	666.666666666667	76.395168356121	0	76.395168356121	DBCA	14_1	0	76.395168356121
185.714285714286	700	78.1321093427616	0	78.1321093427616	DBCA	14_1	280	91.1596312495041
185.714285714286	733.333333333333	82.6633714999661	0	82.6633714999661	DBCA	14_1	140	95.3771176237406
185.714285714286	766.666666666667	83.0603562596467	0	83.0603562596467	DBCA	14_1	70	90.9672256141347
185.714285714286	800	82.5771073605336	0	82.5771073605336	DBCA	14_1	210	96.9977376683928
185.714285714286	833.333333333333	84.0274577322131	0	84.0274577322131	DBCA	14_2	70	91.9343270867011
185.714285714286	866.666666666667	82.7981860199983	0	82.7981860199983	DBCA	14_2	0	82.7981860199983
185.714285714286	900	83.5559009421761	0	83.5559009421761	DBCA	14_2	140	96.2696470659506
185.714285714286	933.333333333333	81.4597846619214	0	81.4597846619214	DBCA	14_2	280	94.4873065686639
185.714285714286	966.666666666667	79.4927959022711	0	79.4927959022711	DBCA	14_2	210	93.9134262101303
200	666.666666666667	77.9820475051203	0	77.9820475051203	DBCA	15_1	210	92.4026778129796
200	700	76.9126279179762	0	76.9126279179762	DBCA	15_1	70	84.8194972724642
200	733.333333333333	81.1654763281485	0	81.1654763281485	DBCA	15_1	280	94.192998234891
200	766.666666666667	85.2306205131825	0	85.2306205131825	DBCA	15_1	140	97.9443666369569
200	800	79.5251894784456	0	79.5251894784456	DBCA	15_1	0	79.5251894784456
200	833.333333333333	82.2731933954363	0	82.2731933954363	DBCA	15_2	70	90.1800627499243
200	866.666666666667	83.3949106353069	0	83.3949106353069	DBCA	15_2	140	96.1086567590813
200	900	84.5572440453272	0	84.5572440453272	DBCA	15_2	0	84.5572440453272
200	933.333333333333	85.5861019660216	0	85.5861019660216	DBCA	15_2	280	98.6136238727641
200	966.666666666667	77.9696486611027	0	77.9696486611027	DBCA	15_2	210	92.3902789689619
214.285714285714	666.666666666667	79.7124498557279	0	79.7124498557279	DBCA	16_1	280	92.7399717624704
214.285714285714	700	80.2691086860684	0	80.2691086860684	DBCA	16_1	70	88.1759780405565
214.285714285714	733.333333333333	79.4998181565363	0	79.4998181565363	DBCA	16_1	210	93.9204484643956
214.285714285714	766.666666666667	78.3889021826711	0	78.3889021826711	DBCA	16_1	0	78.3889021826711
214.285714285714	800	77.7552581028439	0	77.7552581028439	DBCA	16_1	140	90.4690042266184
214.285714285714	833.333333333333	80.4767159984214	0	80.4767159984214	DBCA	16_2	140	93.1904621221959
214.285714285714	866.666666666667	83.0557726025632	0	83.0557726025632	DBCA	16_2	210	97.4764029104225
214.285714285714	900	80.4966509111182	0	80.4966509111182	DBCA	16_2	70	88.4035202656062
214.285714285714	933.333333333333	80.2337085438607	0	80.2337085438607	DBCA	16_2	280	93.2612304506032
214.285714285714	966.666666666667	80.3078178651373	0	80.3078178651373	DBCA	16_2	0	80.3078178651373
228.571428571429	666.666666666667	82.4651472128158	0	82.4651472128158	DBCA	17_1	0	82.4651472128158
228.571428571429	700	83.8669836236872	0	83.8669836236872	DBCA	17_1	210	98.2876139315465
228.571428571429	733.333333333333	79.8833800393058	0	79.8833800393058	DBCA	17_1	280	92.9109019460483
228.571428571429	766.666666666667	78.1366013063704	0	78.1366013063704	DBCA	17_1	70	86.0434706608584
228.571428571429	800	78.4495824039185	0	78.4495824039185	DBCA	17_1	140	91.1633285276929
228.571428571429	833.333333333333	78.0812582202697	0	78.0812582202697	DBCA	17_2	70	85.9881275747577
228.571428571429	866.666666666667	81.9435815601006	0	81.9435815601006	DBCA	17_2	210	96.3642118679599
228.571428571429	900	82.4704248986446	0	82.4704248986446	DBCA	17_2	140	95.184171022419
228.571428571429	933.333333333333	78.8398997383154	0	78.8398997383154	DBCA	17_2	0	78.8398997383154
228.571428571429	966.666666666667	79.2713377404905	0	79.2713377404905	DBCA	17_2	280	92.298859647233
242.857142857143	666.666666666667	82.9973442055963	0	82.9973442055963	DBCA	18_1	70	90.9042135600844
242.857142857143	700	80.6354502381369	0	80.6354502381369	DBCA	18_1	210	95.0560805459962
242.857142857143	733.333333333333	82.5197971097497	0	82.5197971097497	DBCA	18_1	280	95.5473190164922
242.857142857143	766.666666666667	79.311360966004	0	79.311360966004	DBCA	18_1	140	92.0251070897785
242.857142857143	800	75.0360106201217	0	75.0360106201217	DBCA	18_1	0	75.0360106201217
242.857142857143	833.333333333333	75.6680246039477	0	75.6680246039477	DBCA	18_2	0	75.6680246039477
242.857142857143	866.666666666667	79.110687443896	0	79.110687443896	DBCA	18_2	280	92.1382093506385
242.857142857143	900	80.0995442887053	0	80.0995442887053	DBCA	18_2	210	94.5201745965645
242.857142857143	933.333333333333	78.1622507809433	0	78.1622507809433	DBCA	18_2	70	86.0691201354313
242.857142857143	966.666666666667	81.6439159479063	0	81.6439159479063	DBCA	18_2	140	94.3576620716807
257.142857142857	666.666666666667	86.3309461216635	0	86.3309461216635	DBCA	19_1	140	99.0446922454379
257.142857142857	700	78.9470410006244	0	78.9470410006244	DBCA	19_1	0	78.9470410006244
257.142857142857	733.333333333333	79.3023066561295	0	79.3023066561295	DBCA	19_1	210	93.7229369639888
257.142857142857	766.666666666667	73.3668079872812	0	73.3668079872812	DBCA	19_1	70	81.2736773417693
257.142857142857	800	76.9399516835121	0	76.9399516835121	DBCA	19_1	280	89.9674735902547
257.142857142857	833.333333333333	74.9029456911336	0	74.9029456911336	DBCA	19_2	70	82.8098150456216
257.142857142857	866.666666666667	75.5313506021739	0	75.5313506021739	DBCA	19_2	280	88.5588725089164
257.142857142857	900	79.9589088239148	0	79.9589088239148	DBCA	19_2	140	92.6726549476893
257.142857142857	933.333333333333	78.4055925671443	0	78.4055925671443	DBCA	19_2	0	78.4055925671443
257.142857142857	966.666666666667	81.7006493916172	0	81.7006493916172	DBCA	19_2	210	96.1212796994765
14.2857142857143	666.666666666667	80.6635643241858	0	80.6635643241858	DBCA	2_1	0	80.6635643241858
14.2857142857143	700	81.7826981540081	0	81.7826981540081	DBCA	2_1	280	94.8102200607507
14.2857142857143	733.333333333333	86.1730886109735	0	86.1730886109735	DBCA	2_1	140	98.886834734748
14.2857142857143	766.666666666667	85.1095987526435	0	85.1095987526435	DBCA	2_1	70	93.0164681071315
14.2857142857143	800	85.1977173689747	0	85.1977173689747	DBCA	2_1	210	99.618347676834
14.2857142857143	833.333333333333	81.374766239565	0	81.374766239565	DBCA	2_2	0	81.374766239565
14.2857142857143	866.666666666667	77.5971000774359	0	77.5971000774359	DBCA	2_2	210	92.0177303852952
14.2857142857143	900	78.7873947636707	0	78.7873947636707	DBCA	2_2	140	91.5011408874451
14.2857142857143	933.333333333333	79.4795446898718	0	79.4795446898718	DBCA	2_2	70	87.3864140443598
14.2857142857143	966.666666666667	81.5968995219383	0	81.5968995219383	DBCA	2_2	280	94.6244214286808
271.428571428571	666.666666666667	84.438563391508	0	84.438563391508	DBCA	20_1	140	97.1523095152824
271.428571428571	700	77.6502542154703	0	77.6502542154703	DBCA	20_1	70	85.5571235699583
271.428571428571	733.333333333333	81.4134905068445	0	81.4134905068445	DBCA	20_1	0	81.4134905068445
271.428571428571	766.666666666667	74.3243880286278	0	74.3243880286278	DBCA	20_1	210	88.7450183364871
271.428571428571	800	74.4819886714972	0	74.4819886714972	DBCA	20_1	280	87.5095105782397
271.428571428571	833.333333333333	79.5018758795464	0	79.5018758795464	DBCA	20_2	0	79.5018758795464
271.428571428571	866.666666666667	78.5024269335893	0	78.5024269335893	DBCA	20_2	210	92.9230572414486
271.428571428571	900	74.4520053698908	0	74.4520053698908	DBCA	20_2	70	82.3588747243788
271.428571428571	933.333333333333	78.449796948594	0	78.449796948594	DBCA	20_2	280	91.4773188553365
271.428571428571	966.666666666667	80.5006028433118	0	80.5006028433118	DBCA	20_2	140	93.2143489670862
285.714285714286	666.666666666667	80.8676088182713	0	80.8676088182713	DBCA	21_1	0	80.8676088182713
285.714285714286	700	79.9716506384487	0	79.9716506384487	DBCA	21_1	140	92.6853967622231
285.714285714286	733.333333333333	81.5805460286076	0	81.5805460286076	DBCA	21_1	210	96.0011763364669
285.714285714286	766.666666666667	71.1942970979052	0	71.1942970979052	DBCA	21_1	280	84.2218190046477
285.714285714286	800	77.5929630644107	0	77.5929630644107	DBCA	21_1	70	85.4998324188987
285.714285714286	833.333333333333	76.8760754272736	0	76.8760754272736	DBCA	21_2	210	91.2967057351329
285.714285714286	866.666666666667	80.0928666848559	0	80.0928666848559	DBCA	21_2	280	93.1203885915984
285.714285714286	900	77.7199445965673	0	77.7199445965673	DBCA	21_2	0	77.7199445965673
285.714285714286	933.333333333333	77.4268940654581	0	77.4268940654581	DBCA	21_2	140	90.1406401892326
285.714285714286	966.666666666667	82.4674259240687	0	82.4674259240687	DBCA	21_2	70	90.3742952785567
300	666.666666666667	80.1538074355907	0	80.1538074355907	DBCA	22_1	210	94.57443774345
300	700	79.9778251770004	0	79.9778251770004	DBCA	22_1	280	93.0053470837429
300	733.333333333333	83.4374203781989	0	83.4374203781989	DBCA	22_1	0	83.4374203781989
300	766.666666666667	73.2648251595006	0	73.2648251595006	DBCA	22_1	70	81.1716945139886
300	800	76.2729423929611	0	76.2729423929611	DBCA	22_1	140	88.9866885167355
300	833.333333333333	76.4662256157129	0	76.4662256157129	DBCA	22_2	210	90.8868559235722
300	866.666666666667	80.445027640171	0	80.445027640171	DBCA	22_2	280	93.4725495469135
300	900	82.029227711101	0	82.029227711101	DBCA	22_2	0	82.029227711101
300	933.333333333333	77.6891704402792	0	77.6891704402792	DBCA	22_2	70	85.5960397947672
300	966.666666666667	79.5879075881789	0	79.5879075881789	DBCA	22_2	140	92.3016537119534
314.285714285714	666.666666666667	82.5684015038223	0	82.5684015038223	DBCA	23_1	0	82.5684015038223
314.285714285714	700	80.360453878323	0	80.360453878323	DBCA	23_1	140	93.0742000020974
314.285714285714	733.333333333333	81.2421322019789	0	81.2421322019789	DBCA	23_1	70	89.1490015564669
314.285714285714	766.666666666667	73.1331721997813	0	73.1331721997813	DBCA	23_1	210	87.5538025076406
314.285714285714	800	77.3722239533869	0	77.3722239533869	DBCA	23_1	280	90.3997458601293
314.285714285714	833.333333333333	76.789591282542	0	76.789591282542	DBCA	23_2	210	91.2102215904012
314.285714285714	866.666666666667	79.4762210191546	0	79.4762210191546	DBCA	23_2	0	79.4762210191546
314.285714285714	900	79.4457936427543	0	79.4457936427543	DBCA	23_2	70	87.3526629972423
314.285714285714	933.333333333333	77.4477576893544	0	77.4477576893544	DBCA	23_2	280	90.4752795960969
314.285714285714	966.666666666667	74.9858516700315	0	74.9858516700315	DBCA	23_2	140	87.6995977938059
328.571428571429	666.666666666667	82.4597957539171	0	82.4597957539171	DBCA	24_1	70	90.3666651084051
328.571428571429	700	82.9996532969466	0	82.9996532969466	DBCA	24_1	140	95.7133994207211
328.571428571429	733.333333333333	81.781229452838	0	81.781229452838	DBCA	24_1	210	96.2018597606973
328.571428571429	766.666666666667	77.3835567369331	0	77.3835567369331	DBCA	24_1	280	90.4110786436756
328.571428571429	800	77.0797190332285	0	77.0797190332285	DBCA	24_1	0	77.0797190332285
328.571428571429	833.333333333333	75.66888479938	0	75.66888479938	DBCA	24_2	70	83.575754153868
328.571428571429	866.666666666667	78.8630300479045	0	78.8630300479045	DBCA	24_2	0	78.8630300479045
328.571428571429	900	79.4232767503841	0	79.4232767503841	DBCA	24_2	210	93.8439070582434
328.571428571429	933.333333333333	77.1884644291032	0	77.1884644291032	DBCA	24_2	140	89.9022105528776
328.571428571429	966.666666666667	77.0409198881545	0	77.0409198881545	DBCA	24_2	280	90.068441794897
342.857142857143	666.666666666667	80.702664789775	0	80.702664789775	DBCA	25_1	70	88.609534144263
342.857142857143	700	78.8202058177563	0	78.8202058177563	DBCA	25_1	210	93.2408361256156
342.857142857143	733.333333333333	81.6241094378062	0	81.6241094378062	DBCA	25_1	0	81.6241094378062
342.857142857143	766.666666666667	73.4227744372806	0	73.4227744372806	DBCA	25_1	140	86.1365205610551
342.857142857143	800	77.0719511679078	0	77.0719511679078	DBCA	25_1	280	90.0994730746503
342.857142857143	833.333333333333	78.4702773509699	0	78.4702773509699	DBCA	25_2	0	78.4702773509699
342.857142857143	866.666666666667	80.2961166000469	0	80.2961166000469	DBCA	25_2	280	93.3236385067894
342.857142857143	900	81.3369722752517	0	81.3369722752517	DBCA	25_2	140	94.0507183990262
342.857142857143	933.333333333333	76.5026896026114	0	76.5026896026114	DBCA	25_2	210	90.9233199104707
342.857142857143	966.666666666667	76.1088414210151	0	76.1088414210151	DBCA	25_2	70	84.0157107755032
357.142857142857	666.666666666667	80.825166668236	0	80.825166668236	DBCA	26_1	280	93.8526885749785
357.142857142857	700	79.0330049330739	0	79.0330049330739	DBCA	26_1	210	93.4536352409332
357.142857142857	733.333333333333	79.0262124808988	0	79.0262124808988	DBCA	26_1	140	91.7399586046733
357.142857142857	766.666666666667	75.9860973772827	0	75.9860973772827	DBCA	26_1	70	83.8929667317708
357.142857142857	800	76.6175063723801	0	76.6175063723801	DBCA	26_1	0	76.6175063723801
357.142857142857	833.333333333333	78.179491118089	0	78.179491118089	DBCA	26_2	140	90.8932372418635
357.142857142857	866.666666666667	77.7588468562434	0	77.7588468562434	DBCA	26_2	70	85.6657162107315
357.142857142857	900	77.9427367736586	0	77.9427367736586	DBCA	26_2	280	90.9702586804011
357.142857142857	933.333333333333	75.4677837380378	0	75.4677837380378	DBCA	26_2	210	89.888414045897
357.142857142857	966.666666666667	76.4749045939683	0	76.4749045939683	DBCA	26_2	0	76.4749045939683
371.428571428571	666.666666666667	80.8764981941171	0	80.8764981941171	DBCA	27_1	70	88.7833675486052
371.428571428571	700	79.7635179537989	0	79.7635179537989	DBCA	27_1	280	92.7910398605414
371.428571428571	733.333333333333	79.7510332910647	0	79.7510332910647	DBCA	27_1	210	94.171663598924
371.428571428571	766.666666666667	76.7433660480501	0	76.7433660480501	DBCA	27_1	0	76.7433660480501
371.428571428571	800	75.3378845288726	0	75.3378845288726	DBCA	27_1	140	88.0516306526471
371.428571428571	833.333333333333	80.1639810025432	0	80.1639810025432	DBCA	27_2	0	80.1639810025432
371.428571428571	866.666666666667	76.4926318708415	0	76.4926318708415	DBCA	27_2	210	90.9132621787007
371.428571428571	900	77.0123160478383	0	77.0123160478383	DBCA	27_2	70	84.9191854023263
371.428571428571	933.333333333333	79.9150631915905	0	79.9150631915905	DBCA	27_2	140	92.6288093153649
371.428571428571	966.666666666667	78.0940201068157	0	78.0940201068157	DBCA	27_2	280	91.1215420135582
385.714285714286	666.666666666667	78.558893713115	0	78.558893713115	DBCA	28_1	210	92.9795240209743
385.714285714286	700	80.6655609220135	0	80.6655609220135	DBCA	28_1	0	80.6655609220135
385.714285714286	733.333333333333	77.4164382154063	0	77.4164382154063	DBCA	28_1	280	90.4439601221488
385.714285714286	766.666666666667	77.0129151578039	0	77.0129151578039	DBCA	28_1	140	89.7266612815783
385.714285714286	800	83.421097388841	0	83.421097388841	DBCA	28_1	70	91.327966743329
385.714285714286	833.333333333333	80.9154101711751	0	80.9154101711751	DBCA	28_2	70	88.8222795256631
385.714285714286	866.666666666667	76.953270729551	0	76.953270729551	DBCA	28_2	0	76.953270729551
385.714285714286	900	75.6934242638742	0	75.6934242638742	DBCA	28_2	140	88.4071703876487
385.714285714286	933.333333333333	81.0162420110294	0	81.0162420110294	DBCA	28_2	280	94.0437639177719
385.714285714286	966.666666666667	77.3978046998622	0	77.3978046998622	DBCA	28_2	210	91.8184350077214
400	666.666666666667	84.5831473432183	0	84.5831473432183	DBCA	29_1	140	97.2968934669928
400	700	84.2979380242144	0	84.2979380242144	DBCA	29_1	70	92.2048073787025
400	733.333333333333	77.7779161357185	0	77.7779161357185	DBCA	29_1	210	92.1985464435777
400	766.666666666667	76.923618789969	0	76.923618789969	DBCA	29_1	280	89.9511406967115
400	800	82.5210781557246	0	82.5210781557246	DBCA	29_1	0	82.5210781557246
400	833.333333333333	80.9379659583771	0	80.9379659583771	DBCA	29_2	70	88.8448353128652
400	866.666666666667	79.437694074386	0	79.437694074386	DBCA	29_2	0	79.437694074386
400	900	76.7034934498517	0	76.7034934498517	DBCA	29_2	210	91.1241237577109
400	933.333333333333	79.4236252531908	0	79.4236252531908	DBCA	29_2	280	92.4511471599334
400	966.666666666667	80.5992758139204	0	80.5992758139204	DBCA	29_2	140	93.3130219376948
28.5714285714286	666.666666666667	79.8556074901112	0	79.8556074901112	DBCA	3_1	210	94.2762377979705
28.5714285714286	700	81.5767851690058	0	81.5767851690058	DBCA	3_1	70	89.4836545234938
28.5714285714286	733.333333333333	83.4090744692248	0	83.4090744692248	DBCA	3_1	280	96.4365963759673
28.5714285714286	766.666666666667	85.7436879169537	0	85.7436879169537	DBCA	3_1	140	98.4574340407281
28.5714285714286	800	84.2516429958697	0	84.2516429958697	DBCA	3_1	0	84.2516429958697
28.5714285714286	833.333333333333	78.9157452025351	0	78.9157452025351	DBCA	3_2	210	93.3363755103944
28.5714285714286	866.666666666667	77.348748515534	0	77.348748515534	DBCA	3_2	0	77.348748515534
28.5714285714286	900	75.8366251804813	0	75.8366251804813	DBCA	3_2	280	88.8641470872238
28.5714285714286	933.333333333333	78.597595796007	0	78.597595796007	DBCA	3_2	70	86.5044651504951
28.5714285714286	966.666666666667	81.4912924841669	0	81.4912924841669	DBCA	3_2	140	94.2050386079414
414.285714285714	666.666666666667	84.5581184295262	0	84.5581184295262	DBCA	30_1	70	92.4649877840142
414.285714285714	700	79.4110900369349	0	79.4110900369349	DBCA	30_1	0	79.4110900369349
414.285714285714	733.333333333333	75.2362555323948	0	75.2362555323948	DBCA	30_1	210	89.6568858402541
414.285714285714	766.666666666667	79.2979172276098	0	79.2979172276098	DBCA	30_1	140	92.0116633513842
414.285714285714	800	79.7394731779264	0	79.7394731779264	DBCA	30_1	280	92.7669950846689
414.285714285714	833.333333333333	79.7618682969127	0	79.7618682969127	DBCA	30_2	140	92.4756144206872
414.285714285714	866.666666666667	80.88605810598	0	80.88605810598	DBCA	30_2	0	80.88605810598
414.285714285714	900	77.5352313624913	0	77.5352313624913	DBCA	30_2	210	91.9558616703506
414.285714285714	933.333333333333	75.5628580058378	0	75.5628580058378	DBCA	30_2	280	88.5903799125803
414.285714285714	966.666666666667	79.3390201391624	0	79.3390201391624	DBCA	30_2	70	87.2458894936505
428.571428571429	666.666666666667	82.4940214409668	0	82.4940214409668	DBCA	31_1	280	95.5215433477093
428.571428571429	700	82.9884863115651	0	82.9884863115651	DBCA	31_1	70	90.8953556660531
428.571428571429	733.333333333333	74.6980945644059	0	74.6980945644059	DBCA	31_1	210	89.1187248722652
428.571428571429	766.666666666667	74.8621524289871	0	74.8621524289871	DBCA	31_1	140	87.5758985527616
428.571428571429	800	78.5091015583469	0	78.5091015583469	DBCA	31_1	0	78.5091015583469
428.571428571429	833.333333333333	81.0979332121173	0	81.0979332121173	DBCA	31_2	0	81.0979332121173
428.571428571429	866.666666666667	80.2427262866554	0	80.2427262866554	DBCA	31_2	70	88.1495956411434
428.571428571429	900	77.9787428929642	0	77.9787428929642	DBCA	31_2	210	92.3993732008234
428.571428571429	933.333333333333	76.5728385251645	0	76.5728385251645	DBCA	31_2	280	89.600360431907
428.571428571429	966.666666666667	75.2425952585876	0	75.2425952585876	DBCA	31_2	140	87.9563413823621
442.857142857143	666.666666666667	79.0386551777182	0	79.0386551777182	DBCA	32_1	140	91.7524013014927
442.857142857143	700	80.3520373857587	0	80.3520373857587	DBCA	32_1	70	88.2589067402467
442.857142857143	733.333333333333	76.0137094861437	0	76.0137094861437	DBCA	32_1	0	76.0137094861437
442.857142857143	766.666666666667	75.0751861571119	0	75.0751861571119	DBCA	32_1	280	88.1027080638544
442.857142857143	800	74.7802225238302	0	74.7802225238302	DBCA	32_1	210	89.2008528316895
442.857142857143	833.333333333333	78.4362677972314	0	78.4362677972314	DBCA	32_2	140	91.1500139210059
442.857142857143	866.666666666667	78.0099551180274	0	78.0099551180274	DBCA	32_2	70	85.9168244725154
442.857142857143	900	78.2217628891052	0	78.2217628891052	DBCA	32_2	280	91.2492847958477
442.857142857143	933.333333333333	74.1585404584272	0	74.1585404584272	DBCA	32_2	0	74.1585404584272
442.857142857143	966.666666666667	75.7388517162179	0	75.7388517162179	DBCA	32_2	210	90.1594820240771
457.142857142857	666.666666666667	78.0245736478143	0	78.0245736478143	DBCA	33_1	0	78.0245736478143
457.142857142857	700	83.1035910255125	0	83.1035910255125	DBCA	33_1	70	91.0104603800005
457.142857142857	733.333333333333	76.9857091213091	0	76.9857091213091	DBCA	33_1	280	90.0132310280516
457.142857142857	766.666666666667	72.5807262330492	0	72.5807262330492	DBCA	33_1	140	85.2944723568236
457.142857142857	800	74.1169958730125	0	74.1169958730125	DBCA	33_1	210	88.5376261808718
457.142857142857	833.333333333333	80.0839983369536	0	80.0839983369536	DBCA	33_2	70	87.9908676914416
457.142857142857	866.666666666667	78.0915352583221	0	78.0915352583221	DBCA	33_2	210	92.5121655661813
457.142857142857	900	74.2186822034069	0	74.2186822034069	DBCA	33_2	280	87.2462041101494
457.142857142857	933.333333333333	76.8574568241907	0	76.8574568241907	DBCA	33_2	0	76.8574568241907
457.142857142857	966.666666666667	76.2708935097967	0	76.2708935097967	DBCA	33_2	140	88.9846396335711
471.428571428571	666.666666666667	78.6965895116188	0	78.6965895116188	DBCA	34_1	140	91.4103356353932
471.428571428571	700	82.7094222149311	0	82.7094222149311	DBCA	34_1	210	97.1300525227904
471.428571428571	733.333333333333	80.313222003266	0	80.313222003266	DBCA	34_1	0	80.313222003266
471.428571428571	766.666666666667	72.4799707844669	0	72.4799707844669	DBCA	34_1	280	85.5074926912094
471.428571428571	800	74.6282275689564	0	74.6282275689564	DBCA	34_1	70	82.5350969234445
471.428571428571	833.333333333333	77.3304124792715	0	77.3304124792715	DBCA	34_2	140	90.0441586030459
471.428571428571	866.666666666667	74.6983496255235	0	74.6983496255235	DBCA	34_2	280	87.725871532266
471.428571428571	900	75.6441451892935	0	75.6441451892935	DBCA	34_2	210	90.0647754971528
471.428571428571	933.333333333333	75.8923130383278	0	75.8923130383278	DBCA	34_2	0	75.8923130383278
471.428571428571	966.666666666667	75.9897390709325	0	75.9897390709325	DBCA	34_2	70	83.8966084254205
485.714285714286	666.666666666667	76.2873092686271	0	76.2873092686271	DBCA	35_1	280	89.3148311753696
485.714285714286	700	73.4461314154707	0	73.4461314154707	DBCA	35_1	210	87.86676172333
485.714285714286	733.333333333333	76.917803569749	0	76.917803569749	DBCA	35_1	140	89.6315496935235
485.714285714286	766.666666666667	77.4338606868065	0	77.4338606868065	DBCA	35_1	0	77.4338606868065
485.714285714286	800	77.9016880708135	0	77.9016880708135	DBCA	35_1	70	85.8085574253016
485.714285714286	833.333333333333	75.3215669252542	0	75.3215669252542	DBCA	35_2	280	88.3490888319967
485.714285714286	866.666666666667	79.1199574818272	0	79.1199574818272	DBCA	35_2	140	91.8337036056017
485.714285714286	900	77.9747322234415	0	77.9747322234415	DBCA	35_2	70	85.8816015779295
485.714285714286	933.333333333333	79.5894361366297	0	79.5894361366297	DBCA	35_2	0	79.5894361366297
485.714285714286	966.666666666667	75.4392306409242	0	75.4392306409242	DBCA	35_2	210	89.8598609487835
500	666.666666666667	75.7246123148399	0	75.7246123148399	DBCA	36_1	280	88.7521342215825
500	700	76.846875794773	0	76.846875794773	DBCA	36_1	140	89.5606219185475
500	733.333333333333	75.0850586916296	0	75.0850586916296	DBCA	36_1	0	75.0850586916296
500	766.666666666667	77.7115591159473	0	77.7115591159473	DBCA	36_1	70	85.6184284704353
500	800	76.0523325840927	0	76.0523325840927	DBCA	36_1	210	90.472962891952
500	833.333333333333	76.2125083303129	0	76.2125083303129	DBCA	36_2	280	89.2400302370554
500	866.666666666667	73.034817450359	0	73.034817450359	DBCA	36_2	0	73.034817450359
500	900	76.077826215561	0	76.077826215561	DBCA	36_2	140	88.7915723393354
500	933.333333333333	76.8392864718703	0	76.8392864718703	DBCA	36_2	210	91.2599167797296
500	966.666666666667	75.7971345232279	0	75.7971345232279	DBCA	36_2	70	83.7040038777159
514.285714285714	666.666666666667	76.2888639841881	24.6	100.888863984188	DBCA	37_1	0	100.888863984188
514.285714285714	700	81.2300441324905	24.6	105.830044132491	DBCA	37_1	140	130.253390256265
514.285714285714	733.333333333333	77.1672092136281	24.6	101.767209213628	DBCA	37_1	280	138.213931120371
514.285714285714	766.666666666667	78.6554047826039	24.6	103.255404782604	DBCA	37_1	210	135.240435090463
514.285714285714	800	75.2848561190961	24.6	99.8848561190961	DBCA	37_1	70	113.646525473584
514.285714285714	833.333333333333	76.1992839664321	24.6	100.799283966432	DBCA	37_2	70	114.56095332092
514.285714285714	866.666666666667	75.1996003895345	24.6	99.7996003895345	DBCA	37_2	280	136.246322296277
514.285714285714	900	78.2179919694802	24.6	102.81799196948	DBCA	37_2	210	134.803022277339
514.285714285714	933.333333333333	74.4105921341207	24.6	99.0105921341207	DBCA	37_2	140	123.433938257895
514.285714285714	966.666666666667	74.6680349008378	24.6	99.2680349008378	DBCA	37_2	0	99.2680349008378
528.571428571429	666.666666666667	80.9355380731332	24.6	105.535538073133	DBCA	38_1	280	141.982259979876
528.571428571429	700	79.1535985865568	24.6	103.753598586557	DBCA	38_1	210	135.738628894416
528.571428571429	733.333333333333	81.8796234300811	24.6	106.479623430081	DBCA	38_1	140	130.902969553856
528.571428571429	766.666666666667	82.7779706791571	24.6	107.377970679157	DBCA	38_1	0	107.377970679157
528.571428571429	800	78.9283923342106	24.6	103.528392334211	DBCA	38_1	70	117.290061688699
528.571428571429	833.333333333333	76.0087337712053	24.6	100.608733771205	DBCA	38_2	70	114.370403125693
528.571428571429	866.666666666667	75.3432742145386	24.6	99.9432742145386	DBCA	38_2	140	124.366620338313
528.571428571429	900	79.7286407333868	24.6	104.328640733387	DBCA	38_2	280	140.775362640129
528.571428571429	933.333333333333	74.0409056370252	24.6	98.6409056370252	DBCA	38_2	0	98.6409056370252
528.571428571429	966.666666666667	78.1232112741411	24.6	102.723211274141	DBCA	38_2	210	134.708241582
542.857142857143	666.666666666667	79.8363035825917	24.6	104.436303582592	DBCA	39_1	280	140.883025489334
542.857142857143	700	79.0289175461129	24.6	103.628917546113	DBCA	39_1	210	135.613947853972
542.857142857143	733.333333333333	77.6721365253287	24.6	102.272136525329	DBCA	39_1	70	116.033805879817
542.857142857143	766.666666666667	83.1312132085916	24.6	107.731213208592	DBCA	39_1	140	132.154559332366
542.857142857143	800	81.0778464675777	24.6	105.677846467578	DBCA	39_1	0	105.677846467578
542.857142857143	833.333333333333	77.06891651524	24.6	101.66891651524	DBCA	39_2	280	138.115638421983
542.857142857143	866.666666666667	79.7640098967051	24.6	104.364009896705	DBCA	39_2	210	136.349040204564
542.857142857143	900	78.4571129528627	24.6	103.057112952863	DBCA	39_2	0	103.057112952863
542.857142857143	933.333333333333	77.6813351191434	24.6	102.281335119143	DBCA	39_2	70	116.043004473631
542.857142857143	966.666666666667	77.2089500822157	24.6	101.808950082216	DBCA	39_2	140	126.23229620599
42.8571428571429	666.666666666667	76.4509699306727	0	76.4509699306727	DBCA	4_1	280	89.4784918374152
42.8571428571429	700	82.282048208427	0	82.282048208427	DBCA	4_1	140	94.9957943322014
42.8571428571429	733.333333333333	83.4506581288548	0	83.4506581288548	DBCA	4_1	70	91.3575274833428
42.8571428571429	766.666666666667	82.3753273279976	0	82.3753273279976	DBCA	4_1	210	96.7959576358569
42.8571428571429	800	85.0171734169267	0	85.0171734169267	DBCA	4_1	0	85.0171734169267
42.8571428571429	833.333333333333	76.9497085927738	0	76.9497085927738	DBCA	4_2	70	84.8565779472619
42.8571428571429	866.666666666667	74.623529017994	0	74.623529017994	DBCA	4_2	0	74.623529017994
42.8571428571429	900	80.9288016946097	0	80.9288016946097	DBCA	4_2	210	95.3494320024689
42.8571428571429	933.333333333333	78.1673247489141	0	78.1673247489141	DBCA	4_2	280	91.1948466556566
42.8571428571429	966.666666666667	77.0117597970314	0	77.0117597970314	DBCA	4_2	140	89.7255059208058
557.142857142857	666.666666666667	82.7116891116222	24.6	107.311689111622	DBCA	40_1	210	139.296719419481
557.142857142857	700	80.27507345619	24.6	104.87507345619	DBCA	40_1	70	118.636742810678
557.142857142857	733.333333333333	80.4667092268905	24.6	105.066709226891	DBCA	40_1	0	105.066709226891
557.142857142857	766.666666666667	82.0125089246511	24.6	106.612508924651	DBCA	40_1	140	131.035855048426
557.142857142857	800	82.4841135549179	24.6	107.084113554918	DBCA	40_1	280	143.53083546166
557.142857142857	833.333333333333	77.807620969176	24.6	102.407620969176	DBCA	40_2	280	138.854342875919
557.142857142857	866.666666666667	79.5278156570655	24.6	104.127815657066	DBCA	40_2	210	136.112845964925
557.142857142857	900	77.2625868696275	24.6	101.862586869627	DBCA	40_2	0	101.862586869627
557.142857142857	933.333333333333	77.9125145512559	24.6	102.512514551256	DBCA	40_2	140	126.93586067503
557.142857142857	966.666666666667	78.438447421377	24.6	103.038447421377	DBCA	40_2	70	116.800116775865
571.428571428571	666.666666666667	81.0763059807895	24.6	105.676305980789	DBCA	41_1	280	142.123027887532
571.428571428571	700	81.8778709914047	24.6	106.477870991405	DBCA	41_1	0	106.477870991405
571.428571428571	733.333333333333	81.0480144790782	24.6	105.648014479078	DBCA	41_1	140	130.071360602853
571.428571428571	766.666666666667	83.3069982322088	24.6	107.906998232209	DBCA	41_1	210	139.892028540068
571.428571428571	800	82.1739162871956	24.6	106.773916287196	DBCA	41_1	70	120.535585641684
571.428571428571	833.333333333333	78.7927357667528	24.6	103.392735766753	DBCA	41_2	280	139.839457673495
571.428571428571	866.666666666667	80.289519193253	24.6	104.889519193253	DBCA	41_2	210	136.874549501112
571.428571428571	900	76.1052826327657	24.6	100.705282632766	DBCA	41_2	0	100.705282632766
571.428571428571	933.333333333333	78.1997772708757	24.6	102.799777270876	DBCA	41_2	140	127.22312339465
571.428571428571	966.666666666667	75.8417732696354	24.6	100.441773269635	DBCA	41_2	70	114.203442624123
585.714285714286	666.666666666667	80.9334631267317	24.6	105.533463126732	DBCA	42_1	70	119.29513248122
585.714285714286	700	82.8656123214871	24.6	107.465612321487	DBCA	42_1	0	107.465612321487
585.714285714286	733.333333333333	83.6196601454852	24.6	108.219660145485	DBCA	42_1	140	132.64300626926
585.714285714286	766.666666666667	83.1381873999692	24.6	107.738187399969	DBCA	42_1	280	144.184909306712
585.714285714286	800	80.6709164701171	24.6	105.270916470117	DBCA	42_1	210	137.255946777976
585.714285714286	833.333333333333	79.7611460000981	24.6	104.361146000098	DBCA	42_2	70	118.122815354586
585.714285714286	866.666666666667	79.9408641928831	24.6	104.540864192883	DBCA	42_2	0	104.540864192883
585.714285714286	900	81.4255313370881	24.6	106.025531337088	DBCA	42_2	140	130.448877460862
585.714285714286	933.333333333333	77.4773983937528	24.6	102.077398393753	DBCA	42_2	280	138.524120300495
585.714285714286	966.666666666667	78.0135229569598	24.6	102.61352295696	DBCA	42_2	210	134.598553264819
600	666.666666666667	80.4016904966309	24.6	105.001690496631	DBCA	43_1	0	105.001690496631
600	700	81.0585888371416	24.6	105.658588837142	DBCA	43_1	70	119.42025819163
600	733.333333333333	81.3505822952247	24.6	105.950582295225	DBCA	43_1	280	142.397304201967
600	766.666666666667	81.8966386782073	24.6	106.496638678207	DBCA	43_1	140	130.919984801982
600	800	78.7040085159307	24.6	103.304008515931	DBCA	43_1	210	135.28903882379
600	833.333333333333	77.8397718582257	24.6	102.439771858226	DBCA	43_2	70	116.201441212714
600	866.666666666667	78.8054461107779	24.6	103.405446110778	DBCA	43_2	140	127.828792234552
600	900	83.0841963035256	24.6	107.684196303526	DBCA	43_2	280	144.130918210268
600	933.333333333333	79.3574424592618	24.6	103.957442459262	DBCA	43_2	210	135.942472767121
600	966.666666666667	78.5701476247331	24.6	103.170147624733	DBCA	43_2	0	103.170147624733
614.285714285714	666.666666666667	81.9626873604528	24.6	106.562687360453	DBCA	44_1	210	138.547717668312
614.285714285714	700	81.541455755243	24.6	106.141455755243	DBCA	44_1	0	106.141455755243
614.285714285714	733.333333333333	79.7045623065418	24.6	104.304562306542	DBCA	44_1	280	140.751284213284
614.285714285714	766.666666666667	80.1761300558553	24.6	104.776130055855	DBCA	44_1	70	118.537799410343
614.285714285714	800	76.6721620443847	24.6	101.272162044385	DBCA	44_1	140	125.695508168159
614.285714285714	833.333333333333	78.2102210777796	24.6	102.81022107778	DBCA	44_2	280	139.256942984522
614.285714285714	866.666666666667	78.7453905765834	24.6	103.345390576583	DBCA	44_2	140	127.768736700358
614.285714285714	900	78.0023516209892	24.6	102.602351620989	DBCA	44_2	0	102.602351620989
614.285714285714	933.333333333333	81.3514764632046	24.6	105.951476463205	DBCA	44_2	210	137.936506771064
614.285714285714	966.666666666667	82.6887073198007	24.6	107.288707319801	DBCA	44_2	70	121.050376674289
628.571428571429	666.666666666667	82.1416601159378	24.6	106.741660115938	DBCA	45_1	70	120.503329470426
628.571428571429	700	80.6434481506197	24.6	105.24344815062	DBCA	45_1	210	137.228478458479
628.571428571429	733.333333333333	83.6890610942374	24.6	108.289061094237	DBCA	45_1	0	108.289061094237
628.571428571429	766.666666666667	79.9168437443631	24.6	104.516843744363	DBCA	45_1	280	140.963565651106
628.571428571429	800	78.2171213615281	24.6	102.817121361528	DBCA	45_1	140	127.240467485303
628.571428571429	833.333333333333	75.7008345579214	24.6	100.300834557921	DBCA	45_2	280	136.747556464664
628.571428571429	866.666666666667	81.0312380345633	24.6	105.631238034563	DBCA	45_2	70	119.392907389051
628.571428571429	900	79.161009965988	24.6	103.761009965988	DBCA	45_2	210	135.746040273847
628.571428571429	933.333333333333	79.8377942702322	24.6	104.437794270232	DBCA	45_2	140	128.861140394007
628.571428571429	966.666666666667	82.3853900139318	24.6	106.985390013932	DBCA	45_2	0	106.985390013932
642.857142857143	666.666666666667	84.4562090539035	24.6	109.056209053904	DBCA	46_1	70	122.817878408392
642.857142857143	700	83.2328281297672	24.6	107.832828129767	DBCA	46_1	280	144.27955003651
642.857142857143	733.333333333333	82.7195419762142	24.6	107.319541976214	DBCA	46_1	140	131.742888099989
642.857142857143	766.666666666667	79.7474246385935	24.6	104.347424638593	DBCA	46_1	210	136.332454946453
642.857142857143	800	77.5017198961278	24.6	102.101719896128	DBCA	46_1	0	102.101719896128
642.857142857143	833.333333333333	76.369314422119	24.6	100.969314422119	DBCA	46_2	0	100.969314422119
642.857142857143	866.666666666667	82.4519173801742	24.6	107.051917380174	DBCA	46_2	210	139.036947688033
642.857142857143	900	80.9847235184076	24.6	105.584723518408	DBCA	46_2	140	130.008069642182
642.857142857143	933.333333333333	80.4186690166527	24.6	105.018669016653	DBCA	46_2	70	118.780338371141
642.857142857143	966.666666666667	77.8417824638583	24.6	102.441782463858	DBCA	46_2	280	138.888504370601
657.142857142857	666.666666666667	83.0271236666034	24.6	107.627123666603	DBCA	47_1	0	107.627123666603
657.142857142857	700	82.7172761368113	24.6	107.317276136811	DBCA	47_1	280	143.763998043554
657.142857142857	733.333333333333	83.2555190585001	24.6	107.8555190585	DBCA	47_1	140	132.278865182275
657.142857142857	766.666666666667	80.1703947170635	24.6	104.770394717063	DBCA	47_1	210	136.755425024923
657.142857142857	800	76.9703535536562	24.6	101.570353553656	DBCA	47_1	70	115.332022908144
657.142857142857	833.333333333333	77.6622339660842	24.6	102.262233966084	DBCA	47_2	280	138.708955872827
657.142857142857	866.666666666667	79.6597371839871	24.6	104.259737183987	DBCA	47_2	140	128.683083307762
657.142857142857	900	79.1444224643319	24.6	103.744422464332	DBCA	47_2	0	103.744422464332
657.142857142857	933.333333333333	77.3319044180234	24.6	101.931904418023	DBCA	47_2	210	133.916934725883
657.142857142857	966.666666666667	79.6709364202023	24.6	104.270936420202	DBCA	47_2	70	118.03260577469
671.428571428571	666.666666666667	80.9593740518078	24.6	105.559374051808	DBCA	48_1	70	119.321043406296
671.428571428571	700	80.2913480934501	24.6	104.89134809345	DBCA	48_1	0	104.89134809345
671.428571428571	733.333333333333	83.0189530767019	24.6	107.618953076702	DBCA	48_1	140	132.042299200476
671.428571428571	766.666666666667	81.5803211902336	24.6	106.180321190234	DBCA	48_1	280	142.627043096976
671.428571428571	800	79.2236230093721	24.6	103.823623009372	DBCA	48_1	210	135.808653317231
671.428571428571	833.333333333333	79.246772385881	24.6	103.846772385881	DBCA	48_2	0	103.846772385881
671.428571428571	866.666666666667	80.343294167541	24.6	104.943294167541	DBCA	48_2	280	141.390016074284
671.428571428571	900	80.748213679821	24.6	105.348213679821	DBCA	48_2	70	119.109883034309
671.428571428571	933.333333333333	78.451984125102	24.6	103.051984125102	DBCA	48_2	140	127.475330248876
671.428571428571	966.666666666667	82.193271726327	24.6	106.793271726327	DBCA	48_2	210	138.778302034186
685.714285714286	666.666666666667	80.4606523266871	24.6	105.060652326687	DBCA	49_1	280	141.50737423343
685.714285714286	700	79.2290770469043	24.6	103.829077046904	DBCA	49_1	210	135.814107354764
685.714285714286	733.333333333333	80.0793192988373	24.6	104.679319298837	DBCA	49_1	140	129.102665422612
685.714285714286	766.666666666667	81.6163250752879	24.6	106.216325075288	DBCA	49_1	0	106.216325075288
685.714285714286	800	79.5999845515401	24.6	104.19998455154	DBCA	49_1	70	117.961653906028
685.714285714286	833.333333333333	78.848579888322	24.6	103.448579888322	DBCA	49_2	280	139.895301795064
685.714285714286	866.666666666667	75.5291469897031	24.6	100.129146989703	DBCA	49_2	70	113.890816344191
685.714285714286	900	76.2882009300206	24.6	100.888200930021	DBCA	49_2	0	100.888200930021
685.714285714286	933.333333333333	75.5518992668896	24.6	100.15189926689	DBCA	49_2	210	132.136929574749
685.714285714286	966.666666666667	79.6978318534982	24.6	104.297831853498	DBCA	49_2	140	128.721177977273
57.1428571428571	666.666666666667	75.0020788260545	0	75.0020788260545	DBCA	5_1	0	75.0020788260545
57.1428571428571	700	77.9406039617007	0	77.9406039617007	DBCA	5_1	140	90.6543500854752
57.1428571428571	733.333333333333	82.0733956241406	0	82.0733956241406	DBCA	5_1	70	89.9802649786287
57.1428571428571	766.666666666667	83.4485003476445	0	83.4485003476445	DBCA	5_1	280	96.476022254387
57.1428571428571	800	81.72073543914	0	81.72073543914	DBCA	5_1	210	96.1413657469993
57.1428571428571	833.333333333333	76.4545547637925	0	76.4545547637925	DBCA	5_2	140	89.1683008875669
57.1428571428571	866.666666666667	76.1872044263545	0	76.1872044263545	DBCA	5_2	210	90.6078347342138
57.1428571428571	900	77.9132896276047	0	77.9132896276047	DBCA	5_2	70	85.8201589820927
57.1428571428571	933.333333333333	78.7861132875733	0	78.7861132875733	DBCA	5_2	0	78.7861132875733
57.1428571428571	966.666666666667	78.9939288981931	0	78.9939288981931	DBCA	5_2	280	92.0214508049357
700	666.666666666667	77.2580480623283	24.6	101.858048062328	DBCA	50_1	70	115.619717416816
700	700	86.7102404083387	24.6	111.310240408339	DBCA	50_1	140	135.733586532113
700	733.333333333333	82.0054249939983	24.6	106.605424993998	DBCA	50_1	210	138.590455301858
700	766.666666666667	85.8484824343653	24.6	110.448482434365	DBCA	50_1	280	146.895204341108
700	800	78.4274680920798	24.6	103.02746809208	DBCA	50_1	0	103.02746809208
700	833.333333333333	83.1243050603071	24.6	107.724305060307	DBCA	50_2	280	144.17102696705
700	866.666666666667	75.043631042874	24.6	99.643631042874	DBCA	50_2	0	99.643631042874
700	900	75.6398295796195	24.6	100.239829579619	DBCA	50_2	140	124.663175703394
700	933.333333333333	76.1701048163227	24.6	100.770104816323	DBCA	50_2	210	132.755135124182
700	966.666666666667	77.0189503888	24.6	101.6189503888	DBCA	50_2	70	115.380619743288
714.285714285714	666.666666666667	80.1042208652933	24.6	104.704220865293	DBCA	51_1	0	104.704220865293
714.285714285714	700	82.764531523752	24.6	107.364531523752	DBCA	51_1	280	143.811253430495
714.285714285714	733.333333333333	81.0793785965983	24.6	105.679378596598	DBCA	51_1	70	119.441047951086
714.285714285714	766.666666666667	80.9976127865765	24.6	105.597612786576	DBCA	51_1	140	130.020958910351
714.285714285714	800	79.062208420981	24.6	103.662208420981	DBCA	51_1	210	135.64723872884
714.285714285714	833.333333333333	83.7336649074531	24.6	108.333664907453	DBCA	51_2	0	108.333664907453
714.285714285714	866.666666666667	75.5887736016449	24.6	100.188773601645	DBCA	51_2	280	136.635495508387
714.285714285714	900	79.4624274718962	24.6	104.062427471896	DBCA	51_2	140	128.485773595671
714.285714285714	933.333333333333	75.5645257561895	24.6	100.16452575619	DBCA	51_2	210	132.149556064049
714.285714285714	966.666666666667	82.9293331371807	24.6	107.529333137181	DBCA	51_2	70	121.291002491669
728.571428571429	666.666666666667	81.1184382223563	24.6	105.718438222356	DBCA	52_1	210	137.703468530216
728.571428571429	700	80.8070971867419	24.6	105.407097186742	DBCA	52_1	280	141.853819093484
728.571428571429	733.333333333333	81.8442266932129	24.6	106.444226693213	DBCA	52_1	0	106.444226693213
728.571428571429	766.666666666667	80.8523966128828	24.6	105.452396612883	DBCA	52_1	70	119.214065967371
728.571428571429	800	80.3494450070181	24.6	104.949445007018	DBCA	52_1	140	129.372791130793
728.571428571429	833.333333333333	80.7705607755375	24.6	105.370560775537	DBCA	52_2	140	129.793906899312
728.571428571429	866.666666666667	78.8049937739942	24.6	103.404993773994	DBCA	52_2	210	135.390024081853
728.571428571429	900	76.8796103801026	24.6	101.479610380103	DBCA	52_2	70	115.241279734591
728.571428571429	933.333333333333	78.4964495710532	24.6	103.096449571053	DBCA	52_2	280	139.543171477796
728.571428571429	966.666666666667	81.4879304769134	24.6	106.087930476913	DBCA	52_2	0	106.087930476913
742.857142857143	666.666666666667	80.2681988949277	24.6	104.868198894928	DBCA	53_1	280	141.31492080167
742.857142857143	700	81.9408760517351	24.6	106.540876051735	DBCA	53_1	70	120.302545406223
742.857142857143	733.333333333333	78.5729085356136	24.6	103.172908535614	DBCA	53_1	140	127.596254659388
742.857142857143	766.666666666667	82.3369200338083	24.6	106.936920033808	DBCA	53_1	0	106.936920033808
742.857142857143	800	83.1689341685631	24.6	107.768934168563	DBCA	53_1	210	139.753964476422
742.857142857143	833.333333333333	78.4075771181462	24.6	103.007577118146	DBCA	53_2	280	139.454299024889
742.857142857143	866.666666666667	79.6463687035478	24.6	104.246368703548	DBCA	53_2	210	136.231399011407
742.857142857143	900	78.9659498389891	24.6	103.565949838989	DBCA	53_2	140	127.989295962764
742.857142857143	933.333333333333	74.5487433364002	24.6	99.1487433364002	DBCA	53_2	0	99.1487433364002
742.857142857143	966.666666666667	82.4125366456414	24.6	107.012536645641	DBCA	53_2	70	120.774206000129
757.142857142857	666.666666666667	81.3364803495073	24.6	105.936480349507	DBCA	54_1	70	119.698149703995
757.142857142857	700	80.5885531807438	24.6	105.188553180744	DBCA	54_1	0	105.188553180744
757.142857142857	733.333333333333	77.7476908124237	24.6	102.347690812424	DBCA	54_1	210	134.332721120283
757.142857142857	766.666666666667	81.8869216333075	24.6	106.486921633308	DBCA	54_1	280	142.93364354005
757.142857142857	800	82.1866852508852	24.6	106.786685250885	DBCA	54_1	140	131.21003137466
757.142857142857	833.333333333333	78.3656018974643	24.6	102.965601897464	DBCA	54_2	280	139.412323804207
757.142857142857	866.666666666667	79.1502895425269	24.6	103.750289542527	DBCA	54_2	140	128.173635666301
757.142857142857	900	76.8947930182664	24.6	101.494793018266	DBCA	54_2	210	133.479823326126
757.142857142857	933.333333333333	81.9173142404018	24.6	106.517314240402	DBCA	54_2	70	120.27898359489
757.142857142857	966.666666666667	81.7429913127629	24.6	106.342991312763	DBCA	54_2	0	106.342991312763
771.428571428571	666.666666666667	84.9174259261401	24.6	109.51742592614	DBCA	55_1	210	141.502456233999
771.428571428571	700	82.0872320009291	24.6	106.687232000929	DBCA	55_1	0	106.687232000929
771.428571428571	733.333333333333	77.7597154870158	24.6	102.359715487016	DBCA	55_1	70	116.121384841504
771.428571428571	766.666666666667	82.0222068536315	24.6	106.622206853632	DBCA	55_1	280	143.068928760374
771.428571428571	800	81.1463278097126	24.6	105.746327809713	DBCA	55_1	140	130.169673933487
771.428571428571	833.333333333333	78.2182515090431	24.6	102.818251509043	DBCA	55_2	210	134.803281816902
771.428571428571	866.666666666667	80.3379441336698	24.6	104.93794413367	DBCA	55_2	0	104.93794413367
771.428571428571	900	76.0116200226057	24.6	100.611620022606	DBCA	55_2	70	114.373289377094
771.428571428571	933.333333333333	79.1230712517106	24.6	103.723071251711	DBCA	55_2	140	128.146417375485
771.428571428571	966.666666666667	81.7856457168776	24.6	106.385645716878	DBCA	55_2	280	142.83236762362
785.714285714286	666.666666666667	83.6687801535183	24.6	108.268780153518	DBCA	56_1	0	108.268780153518
785.714285714286	700	84.2136735536037	24.6	108.813673553604	DBCA	56_1	210	140.798703861463
785.714285714286	733.333333333333	81.3858079059191	24.6	105.985807905919	DBCA	56_1	280	142.432529812662
785.714285714286	766.666666666667	79.8887464925905	24.6	104.48874649259	DBCA	56_1	140	128.912092616365
785.714285714286	800	78.146959374547	24.6	102.746959374547	DBCA	56_1	70	116.508628729035
785.714285714286	833.333333333333	79.2190257192247	24.6	103.819025719225	DBCA	56_2	210	135.804056027084
785.714285714286	866.666666666667	80.8178936698274	24.6	105.417893669827	DBCA	56_2	140	129.841239793602
785.714285714286	900	79.0804795526413	24.6	103.680479552641	DBCA	56_2	280	140.127201459384
785.714285714286	933.333333333333	75.9393860117081	24.6	100.539386011708	DBCA	56_2	0	100.539386011708
785.714285714286	966.666666666667	84.7404705142122	24.6	109.340470514212	DBCA	56_2	70	123.1021398687
800	666.666666666667	81.7773478567344	24.6	106.377347856734	DBCA	57_1	0	106.377347856734
800	700	83.2877574379232	24.6	107.887757437923	DBCA	57_1	210	139.872787745782
800	733.333333333333	81.51556969105	24.6	106.11556969105	DBCA	57_1	280	142.562291597792
800	766.666666666667	79.1350535575183	24.6	103.735053557518	DBCA	57_1	140	128.158399681293
800	800	78.8106579604621	24.6	103.410657960462	DBCA	57_1	70	117.17232731495
800	833.333333333333	78.8994669056619	24.6	103.499466905662	DBCA	57_2	70	117.26113626015
800	866.666666666667	81.5088038608754	24.6	106.108803860875	DBCA	57_2	140	130.53214998465
800	900	79.6192576710806	24.6	104.219257671081	DBCA	57_2	0	104.219257671081
800	933.333333333333	77.6830959713198	24.6	102.28309597132	DBCA	57_2	280	138.729817878062
800	966.666666666667	81.8945430475841	24.6	106.494543047584	DBCA	57_2	210	138.479573355443
814.285714285714	666.666666666667	79.3844905695699	24.6	103.98449056957	DBCA	58_1	140	128.407836693344
814.285714285714	700	82.9749664901202	24.6	107.57496649012	DBCA	58_1	70	121.336635844608
814.285714285714	733.333333333333	82.9630171263991	24.6	107.563017126399	DBCA	58_1	0	107.563017126399
814.285714285714	766.666666666667	78.4942196553075	24.6	103.094219655307	DBCA	58_1	280	139.54094156205
814.285714285714	800	78.3163904662457	24.6	102.916390466246	DBCA	58_1	210	134.901420774105
814.285714285714	833.333333333333	77.8377954472837	24.6	102.437795447284	DBCA	58_2	140	126.861141571058
814.285714285714	866.666666666667	83.200561912784	24.6	107.800561912784	DBCA	58_2	280	144.247283819526
814.285714285714	900	78.1713741329211	24.6	102.771374132921	DBCA	58_2	70	116.533043487409
814.285714285714	933.333333333333	77.2793332472584	24.6	101.879333247258	DBCA	58_2	210	133.864363555118
814.285714285714	966.666666666667	83.1332961799231	24.6	107.733296179923	DBCA	58_2	0	107.733296179923
828.571428571429	666.666666666667	76.2000914785098	24.6	100.80009147851	DBCA	59_1	0	100.80009147851
828.571428571429	700	81.2594078491037	24.6	105.859407849104	DBCA	59_1	140	130.282753972878
828.571428571429	733.333333333333	77.7848950102992	24.6	102.384895010299	DBCA	59_1	280	138.831616917042
828.571428571429	766.666666666667	76.5375524394537	24.6	101.137552439454	DBCA	59_1	70	114.899221793942
828.571428571429	800	76.3308886424796	24.6	100.93088864248	DBCA	59_1	210	132.915918950339
828.571428571429	833.333333333333	80.9647622595004	24.6	105.5647622595	DBCA	59_2	70	119.326431613988
828.571428571429	866.666666666667	80.295717206856	24.6	104.895717206856	DBCA	59_2	140	129.31906333063
828.571428571429	900	81.0155963548368	24.6	105.615596354837	DBCA	59_2	0	105.615596354837
828.571428571429	933.333333333333	78.4096978763686	24.6	103.009697876369	DBCA	59_2	280	139.456419783111
828.571428571429	966.666666666667	79.8112600142071	24.6	104.411260014207	DBCA	59_2	210	136.396290322066
71.4285714285714	666.666666666667	79.7358968322839	0	79.7358968322839	DBCA	6_1	70	87.6427661867719
71.4285714285714	700	79.4523581677557	0	79.4523581677557	DBCA	6_1	280	92.4798800744982
71.4285714285714	733.333333333333	79.0635137247046	0	79.0635137247046	DBCA	6_1	0	79.0635137247046
71.4285714285714	766.666666666667	81.297964587669	0	81.297964587669	DBCA	6_1	210	95.7185948955283
71.4285714285714	800	79.2352461765416	0	79.2352461765416	DBCA	6_1	140	91.9489923003161
71.4285714285714	833.333333333333	77.7396157761997	0	77.7396157761997	DBCA	6_2	280	90.7671376829421
71.4285714285714	866.666666666667	75.2349324498362	0	75.2349324498362	DBCA	6_2	140	87.9486785736106
71.4285714285714	900	77.8085828203948	0	77.8085828203948	DBCA	6_2	210	92.2292131282541
71.4285714285714	933.333333333333	77.4266329806908	0	77.4266329806908	DBCA	6_2	70	85.3335023351789
71.4285714285714	966.666666666667	82.455844033431	0	82.455844033431	DBCA	6_2	0	82.455844033431
842.857142857143	666.666666666667	80.9100701162176	24.6	105.510070116218	DBCA	60_1	70	119.271739470706
842.857142857143	700	79.1230927455186	24.6	103.723092745519	DBCA	60_1	280	140.169814652261
842.857142857143	733.333333333333	77.6709830927785	24.6	102.270983092779	DBCA	60_1	210	134.256013400638
842.857142857143	766.666666666667	77.5417899763168	24.6	102.141789976317	DBCA	60_1	140	126.565136100091
842.857142857143	800	75.443371101025	24.6	100.043371101025	DBCA	60_1	0	100.043371101025
842.857142857143	833.333333333333	83.2927817677024	24.6	107.892781767702	DBCA	60_2	140	132.316127891477
842.857142857143	866.666666666667	81.960142751082	24.6	106.560142751082	DBCA	60_2	0	106.560142751082
842.857142857143	900	83.8361050024505	24.6	108.436105002451	DBCA	60_2	70	122.197774356939
842.857142857143	933.333333333333	74.3910128855997	24.6	98.9910128855996	DBCA	60_2	280	135.437734792342
842.857142857143	966.666666666667	76.2895103156049	24.6	100.889510315605	DBCA	60_2	210	132.874540623464
857.142857142857	666.666666666667	80.1965089894876	24.6	104.796508989488	DBCA	61_1	280	141.24323089623
857.142857142857	700	77.3402876908444	24.6	101.940287690844	DBCA	61_1	140	126.363633814619
857.142857142857	733.333333333333	81.4491297581524	24.6	106.049129758152	DBCA	61_1	210	138.034160066012
857.142857142857	766.666666666667	74.6397552692746	24.6	99.2397552692746	DBCA	61_1	0	99.2397552692746
857.142857142857	800	79.747299206482	24.6	104.347299206482	DBCA	61_1	70	118.10896856097
857.142857142857	833.333333333333	79.8073256134431	24.6	104.407325613443	DBCA	61_2	210	136.392355921302
857.142857142857	866.666666666667	82.4185695053956	24.6	107.018569505396	DBCA	61_2	0	107.018569505396
857.142857142857	900	79.9004241851396	24.6	104.50042418514	DBCA	61_2	280	140.947146091882
857.142857142857	933.333333333333	76.9356547645177	24.6	101.535654764518	DBCA	61_2	140	125.959000888292
857.142857142857	966.666666666667	77.8297992104447	24.6	102.429799210445	DBCA	61_2	70	116.191468564933
871.428571428571	666.666666666667	77.1049998223369	24.6	101.704999822337	DBCA	62_1	140	126.128345946111
871.428571428571	700	79.5651507524701	24.6	104.16515075247	DBCA	62_1	70	117.926820106958
871.428571428571	733.333333333333	79.4542165775408	24.6	104.054216577541	DBCA	62_1	0	104.054216577541
871.428571428571	766.666666666667	74.9200938432276	24.6	99.5200938432276	DBCA	62_1	280	135.96681574997
871.428571428571	800	76.3671358588896	24.6	100.96713585889	DBCA	62_1	210	132.952166166749
871.428571428571	833.333333333333	79.4844348419227	24.6	104.084434841923	DBCA	62_2	140	128.507780965697
871.428571428571	866.666666666667	78.2464970150122	24.6	102.846497015012	DBCA	62_2	70	116.6081663695
871.428571428571	900	74.7147029978762	24.6	99.3147029978762	DBCA	62_2	280	135.761424904619
871.428571428571	933.333333333333	78.7875362704996	24.6	103.3875362705	DBCA	62_2	0	103.3875362705
871.428571428571	966.666666666667	79.2947543438398	24.6	103.89475434384	DBCA	62_2	210	135.879784651699
885.714285714286	666.666666666667	78.0211834900218	24.6	102.621183490022	DBCA	63_1	280	139.067905396764
885.714285714286	700	79.4853028006213	24.6	104.085302800621	DBCA	63_1	140	128.508648924396
885.714285714286	733.333333333333	80.8980969630108	24.6	105.498096963011	DBCA	63_1	0	105.498096963011
885.714285714286	766.666666666667	73.236745121539	24.6	97.836745121539	DBCA	63_1	210	129.821775429398
885.714285714286	800	76.1567419997827	24.6	100.756741999783	DBCA	63_1	70	114.518411354271
885.714285714286	833.333333333333	79.7438812010375	24.6	104.343881201037	DBCA	63_2	280	140.79060310778
885.714285714286	866.666666666667	76.9906816717102	24.6	101.59068167171	DBCA	63_2	140	126.014027795485
885.714285714286	900	76.5272956611409	24.6	101.127295661141	DBCA	63_2	0	101.127295661141
885.714285714286	933.333333333333	77.1210864909367	24.6	101.721086490937	DBCA	63_2	210	133.706116798796
885.714285714286	966.666666666667	74.6032923342268	24.6	99.2032923342268	DBCA	63_2	70	112.964961688715
900	666.666666666667	77.6715503687254	24.6	102.271550368725	DBCA	64_1	210	134.256580676585
900	700	80.4981968022516	24.6	105.098196802252	DBCA	64_1	280	141.544918708994
900	733.333333333333	78.6619852558215	24.6	103.261985255822	DBCA	64_1	0	103.261985255822
900	766.666666666667	72.4324784962338	24.6	97.0324784962338	DBCA	64_1	140	121.455824620008
900	800	74.7275993704207	24.6	99.3275993704207	DBCA	64_1	70	113.089268724909
900	833.333333333333	77.6576779618326	24.6	102.257677961833	DBCA	64_2	210	134.242708269692
900	866.666666666667	80.5725197832777	24.6	105.172519783278	DBCA	64_2	280	141.61924169002
900	900	76.3913258064567	24.6	100.991325806457	DBCA	64_2	70	114.752995160945
900	933.333333333333	76.0859990050347	24.6	100.685999005035	DBCA	64_2	0	100.685999005035
900	966.666666666667	77.3870260039101	24.6	101.98702600391	DBCA	64_2	140	126.410372127685
914.285714285714	666.666666666667	75.8623455183491	24.6	100.462345518349	DBCA	65_1	140	124.885691642124
914.285714285714	700	79.3143633126142	24.6	103.914363312614	DBCA	65_1	280	140.361085219357
914.285714285714	733.333333333333	81.5920697238244	24.6	106.192069723824	DBCA	65_1	210	138.177100031684
914.285714285714	766.666666666667	73.8747247234559	24.6	98.4747247234559	DBCA	65_1	70	112.236394077944
914.285714285714	800	72.9928415030162	24.6	97.5928415030162	DBCA	65_1	0	97.5928415030162
914.285714285714	833.333333333333	77.1235956853991	24.6	101.723595685399	DBCA	65_2	140	126.146941809174
914.285714285714	866.666666666667	77.167983921854	24.6	101.767983921854	DBCA	65_2	280	138.214705828596
914.285714285714	900	80.9396446166864	24.6	105.539644616686	DBCA	65_2	0	105.539644616686
914.285714285714	933.333333333333	79.2521855476902	24.6	103.85218554769	DBCA	65_2	210	135.837215855549
914.285714285714	966.666666666667	78.1106572167236	24.6	102.710657216724	DBCA	65_2	70	116.472326571212
928.571428571429	666.666666666667	78.2661860669128	24.6	102.866186066913	DBCA	66_1	210	134.851216374772
928.571428571429	700	78.7339148992758	24.6	103.333914899276	DBCA	66_1	140	127.75726102305
928.571428571429	733.333333333333	77.3448879076136	24.6	101.944887907614	DBCA	66_1	0	101.944887907614
928.571428571429	766.666666666667	76.5576989062734	24.6	101.157698906273	DBCA	66_1	280	137.604420813016
928.571428571429	800	74.6650708313171	24.6	99.2650708313171	DBCA	66_1	70	113.026740185805
928.571428571429	833.333333333333	74.1084469713754	24.6	98.7084469713754	DBCA	66_2	210	130.693477279235
928.571428571429	866.666666666667	78.7851544307238	24.6	103.385154430724	DBCA	66_2	280	139.831876337466
928.571428571429	900	78.5614019665901	24.6	103.16140196659	DBCA	66_2	140	127.584748090364
928.571428571429	933.333333333333	82.8665235743784	24.6	107.466523574378	DBCA	66_2	70	121.228192928866
928.571428571429	966.666666666667	81.5989328643295	24.6	106.19893286433	DBCA	66_2	0	106.19893286433
942.857142857143	666.666666666667	80.8870069870001	24.6	105.487006987	DBCA	67_1	280	141.933728893743
942.857142857143	700	81.5013584330322	24.6	106.101358433032	DBCA	67_1	70	119.86302778752
942.857142857143	733.333333333333	78.6827860509923	24.6	103.282786050992	DBCA	67_1	0	103.282786050992
942.857142857143	766.666666666667	75.3576246124828	24.6	99.9576246124828	DBCA	67_1	140	124.380970736257
942.857142857143	800	77.5897070167002	24.6	102.1897070167	DBCA	67_1	210	134.174737324559
942.857142857143	833.333333333333	75.4533733541519	24.6	100.053373354152	DBCA	67_2	140	124.476719477926
942.857142857143	866.666666666667	78.1647441360667	24.6	102.764744136067	DBCA	67_2	0	102.764744136067
942.857142857143	900	82.1742257205237	24.6	106.774225720524	DBCA	67_2	70	120.535895075012
942.857142857143	933.333333333333	82.7801230581037	24.6	107.380123058104	DBCA	67_2	280	143.826844964846
942.857142857143	966.666666666667	85.4553159421894	24.6	110.055315942189	DBCA	67_2	210	142.040346250049
957.142857142857	666.666666666667	81.6350497459565	24.6	106.235049745957	DBCA	68_1	140	130.658395869731
957.142857142857	700	77.7641604074677	24.6	102.364160407468	DBCA	68_1	0	102.364160407468
957.142857142857	733.333333333333	79.6889044656664	24.6	104.288904465666	DBCA	68_1	280	140.735626372409
957.142857142857	766.666666666667	75.6781241173559	24.6	100.278124117356	DBCA	68_1	70	114.039793471844
957.142857142857	800	78.5015165277791	24.6	103.101516527779	DBCA	68_1	210	135.086546835638
957.142857142857	833.333333333333	78.0186830320694	24.6	102.618683032069	DBCA	68_2	70	116.380352386557
957.142857142857	866.666666666667	76.1743840995806	24.6	100.774384099581	DBCA	68_2	280	137.221106006323
957.142857142857	900	78.0587774254747	24.6	102.658777425475	DBCA	68_2	210	134.643807733334
957.142857142857	933.333333333333	82.9264047439307	24.6	107.526404743931	DBCA	68_2	0	107.526404743931
957.142857142857	966.666666666667	80.8337879559156	24.6	105.433787955916	DBCA	68_2	140	129.85713407969
971.428571428571	666.666666666667	85.0263979890674	24.6	109.626397989067	DBCA	69_1	210	141.611428296927
971.428571428571	700	85.7048492168051	24.6	110.304849216805	DBCA	69_1	280	146.751571123548
971.428571428571	733.333333333333	81.3997388034294	24.6	105.999738803429	DBCA	69_1	70	119.761408157917
971.428571428571	766.666666666667	73.7349364501123	24.6	98.3349364501123	DBCA	69_1	140	122.758282573887
971.428571428571	800	82.4663392598216	24.6	107.066339259822	DBCA	69_1	0	107.066339259822
971.428571428571	833.333333333333	79.1642179453385	24.6	103.764217945339	DBCA	69_2	140	128.187564069113
971.428571428571	866.666666666667	77.1202551710034	24.6	101.720255171003	DBCA	69_2	70	115.481924525491
971.428571428571	900	77.1357388080609	24.6	101.735738808061	DBCA	69_2	280	138.182460714803
971.428571428571	933.333333333333	78.5543340984303	24.6	103.15433409843	DBCA	69_2	210	135.13936440629
971.428571428571	966.666666666667	76.8908256045177	24.6	101.490825604518	DBCA	69_2	0	101.490825604518
85.7142857142857	666.666666666667	78.657584167606	0	78.657584167606	DBCA	7_1	0	78.657584167606
85.7142857142857	700	76.7442038721873	0	76.7442038721873	DBCA	7_1	280	89.7717257789298
85.7142857142857	733.333333333333	76.8267965322175	0	76.8267965322175	DBCA	7_1	70	84.7336658867055
85.7142857142857	766.666666666667	78.1827984539295	0	78.1827984539295	DBCA	7_1	140	90.896544577704
85.7142857142857	800	82.4249750725608	0	82.4249750725608	DBCA	7_1	210	96.8456053804201
85.7142857142857	833.333333333333	75.3153022399896	0	75.3153022399896	DBCA	7_2	140	88.029048363764
85.7142857142857	866.666666666667	76.9675532367652	0	76.9675532367652	DBCA	7_2	70	84.8744225912532
85.7142857142857	900	75.6351034824901	0	75.6351034824901	DBCA	7_2	0	75.6351034824901
85.7142857142857	933.333333333333	79.2064959748273	0	79.2064959748273	DBCA	7_2	210	93.6271262826866
85.7142857142857	966.666666666667	83.0151039796005	0	83.0151039796005	DBCA	7_2	280	96.042625886343
985.714285714286	666.666666666667	89.6712098417712	24.6	114.271209841771	DBCA	70_1	210	146.25624014963
985.714285714286	700	85.2019595079836	24.6	109.801959507984	DBCA	70_1	70	123.563628862472
985.714285714286	733.333333333333	81.7829589622516	24.6	106.382958962252	DBCA	70_1	0	106.382958962252
985.714285714286	766.666666666667	75.102024501017	24.6	99.702024501017	DBCA	70_1	280	136.14874640776
985.714285714286	800	79.086413014684	24.6	103.686413014684	DBCA	70_1	140	128.109759138458
985.714285714286	833.333333333333	75.6472065628882	24.6	100.247206562888	DBCA	70_2	70	114.008875917376
985.714285714286	866.666666666667	76.175352634756	24.6	100.775352634756	DBCA	70_2	210	132.760382942615
985.714285714286	900	78.1674641252058	24.6	102.767464125206	DBCA	70_2	140	127.19081024898
985.714285714286	933.333333333333	76.4099999635295	24.6	101.009999963529	DBCA	70_2	280	137.456721870272
985.714285714286	966.666666666667	79.7333786324586	24.6	104.333378632459	DBCA	70_2	0	104.333378632459
1000	666.666666666667	86.3636161423417	24.6	110.963616142342	DBCA	71_1	0	110.963616142342
1000	700	82.8175910736941	24.6	107.417591073694	DBCA	71_1	210	139.402621381553
1000	733.333333333333	84.2176941305589	24.6	108.817694130559	DBCA	71_1	280	145.264416037301
1000	766.666666666667	77.2193392132604	24.6	101.81933921326	DBCA	71_1	70	115.581008567748
1000	800	77.7707457146791	24.6	102.370745714679	DBCA	71_1	140	126.794091838454
1000	833.333333333333	80.0637353163683	24.6	104.663735316368	DBCA	71_2	140	129.087081440143
1000	866.666666666667	77.7452904617258	24.6	102.345290461726	DBCA	71_2	210	134.330320769585
1000	900	77.9787637311633	24.6	102.578763731163	DBCA	71_2	280	139.025485637906
1000	933.333333333333	74.7242717432123	24.6	99.3242717432123	DBCA	71_2	70	113.0859410977
1000	966.666666666667	79.3648958171734	24.6	103.964895817173	DBCA	71_2	0	103.964895817173
100	666.666666666667	80.4246989458275	0	80.4246989458275	DBCA	8_1	70	88.3315683003155
100	700	78.1747455371693	0	78.1747455371693	DBCA	8_1	210	92.5953758450286
100	733.333333333333	77.1580558753782	0	77.1580558753782	DBCA	8_1	280	90.1855777821207
100	766.666666666667	80.5028207480251	0	80.5028207480251	DBCA	8_1	140	93.2165668717995
100	800	81.9416477148623	0	81.9416477148623	DBCA	8_1	0	81.9416477148623
100	833.333333333333	78.6793668355722	0	78.6793668355722	DBCA	8_2	0	78.6793668355722
100	866.666666666667	80.5045256358751	0	80.5045256358751	DBCA	8_2	70	88.4113949903631
100	900	73.7405204953034	0	73.7405204953034	DBCA	8_2	210	88.1611508031626
100	933.333333333333	79.8128803236427	0	79.8128803236427	DBCA	8_2	140	92.5266264474172
100	966.666666666667	82.243610997862	0	82.243610997862	DBCA	8_2	280	95.2711329046045
114.285714285714	666.666666666667	78.4583381255211	0	78.4583381255211	DBCA	9_1	0	78.4583381255211
114.285714285714	700	75.4705378523018	0	75.4705378523018	DBCA	9_1	210	89.891168160161
114.285714285714	733.333333333333	76.5284056976248	0	76.5284056976248	DBCA	9_1	280	89.5559276043674
114.285714285714	766.666666666667	81.8853434675001	0	81.8853434675001	DBCA	9_1	70	89.7922128219882
114.285714285714	800	78.8660500142498	0	78.8660500142498	DBCA	9_1	140	91.5797961380242
114.285714285714	833.333333333333	81.236103751608	0	81.236103751608	DBCA	9_2	210	95.6567340594673
114.285714285714	866.666666666667	79.8353929985385	0	79.8353929985385	DBCA	9_2	70	87.7422623530265
114.285714285714	900	76.1003598227621	0	76.1003598227621	DBCA	9_2	280	89.1278817295046
114.285714285714	933.333333333333	80.2020611150242	0	80.2020611150242	DBCA	9_2	140	92.9158072387987
114.285714285714	966.666666666667	83.4436598199081	0	83.4436598199081	DBCA	9_2	0	83.4436598199081
0	1000	79.1285121996679	0	79.1285121996679	DBCA	1_3	NA	NA
14.2857142857143	1000	79.1901987407145	0	79.1901987407145	DBCA	2_3	NA	NA
28.5714285714286	1000	76.6754717234192	0	76.6754717234192	DBCA	3_3	NA	NA
42.8571428571429	1000	79.6397521233211	0	79.6397521233211	DBCA	4_3	NA	NA
57.1428571428571	1000	82.1118791836727	0	82.1118791836727	DBCA	5_3	NA	NA
71.4285714285714	1000	82.8082665897971	0	82.8082665897971	DBCA	6_3	NA	NA
85.7142857142857	1000	82.4777339126364	0	82.4777339126364	DBCA	7_3	NA	NA
100	1000	80.8661811018435	0	80.8661811018435	DBCA	8_3	NA	NA
114.285714285714	1000	80.9195168575244	0	80.9195168575244	DBCA	9_3	NA	NA
128.571428571429	1000	80.9784129201865	0	80.9784129201865	DBCA	10_3	NA	NA
142.857142857143	1000	80.736920694331	0	80.736920694331	DBCA	11_3	NA	NA
157.142857142857	1000	85.2894616103099	0	85.2894616103099	DBCA	12_3	NA	NA
171.428571428571	1000	83.1869264357284	0	83.1869264357284	DBCA	13_3	NA	NA
185.714285714286	1000	82.790300902212	0	82.790300902212	DBCA	14_3	NA	NA
200	1000	79.5779588999252	0	79.5779588999252	DBCA	15_3	NA	NA
214.285714285714	1000	77.5210139596013	0	77.5210139596013	DBCA	16_3	NA	NA
228.571428571429	1000	78.7659433531147	0	78.7659433531147	DBCA	17_3	NA	NA
242.857142857143	1000	80.1126697570471	0	80.1126697570471	DBCA	18_3	NA	NA
257.142857142857	1000	80.9160754618388	0	80.9160754618388	DBCA	19_3	NA	NA
271.428571428571	1000	82.00688603823	0	82.00688603823	DBCA	20_3	NA	NA
285.714285714286	1000	80.2554128907337	0	80.2554128907337	DBCA	21_3	NA	NA
300	1000	81.7029859281791	0	81.7029859281791	DBCA	22_3	NA	NA
314.285714285714	1000	76.6568605892108	0	76.6568605892108	DBCA	23_3	NA	NA
328.571428571429	1000	79.6979667663748	0	79.6979667663748	DBCA	24_3	NA	NA
342.857142857143	1000	80.6522444704811	0	80.6522444704811	DBCA	25_3	NA	NA
357.142857142857	1000	78.5979071540471	0	78.5979071540471	DBCA	26_3	NA	NA
371.428571428571	1000	81.0855157514358	0	81.0855157514358	DBCA	27_3	NA	NA
385.714285714286	1000	83.9815082506498	0	83.9815082506498	DBCA	28_3	NA	NA
400	1000	82.1168230839782	0	82.1168230839782	DBCA	29_3	NA	NA
414.285714285714	1000	78.1018906463508	0	78.1018906463508	DBCA	30_3	NA	NA
428.571428571429	1000	77.185652480579	0	77.185652480579	DBCA	31_3	NA	NA
442.857142857143	1000	73.7921701819517	0	73.7921701819517	DBCA	32_3	NA	NA
457.142857142857	1000	76.2131282774064	0	76.2131282774064	DBCA	33_3	NA	NA
471.428571428571	1000	80.5491780948457	0	80.5491780948457	DBCA	34_3	NA	NA
485.714285714286	1000	78.0611250135597	0	78.0611250135597	DBCA	35_3	NA	NA
500	1000	75.8774626252901	0	75.8774626252901	DBCA	36_3	NA	NA
514.285714285714	1000	77.4536020954885	24.6	102.053602095488	DBCA	37_3	NA	NA
528.571428571429	1000	75.3709634918341	24.6	99.9709634918341	DBCA	38_3	NA	NA
542.857142857143	1000	73.1354250678325	24.6	97.7354250678325	DBCA	39_3	NA	NA
557.142857142857	1000	74.954953916504	24.6	99.5549539165039	DBCA	40_3	NA	NA
571.428571428571	1000	76.3238003654851	24.6	100.923800365485	DBCA	41_3	NA	NA
585.714285714286	1000	79.0190895604572	24.6	103.619089560457	DBCA	42_3	NA	NA
600	1000	78.4079859114976	24.6	103.007985911498	DBCA	43_3	NA	NA
614.285714285714	1000	75.3409344759391	24.6	99.940934475939	DBCA	44_3	NA	NA
628.571428571429	1000	74.1279375614819	24.6	98.7279375614819	DBCA	45_3	NA	NA
642.857142857143	1000	75.1675762980741	24.6	99.7675762980741	DBCA	46_3	NA	NA
657.142857142857	1000	78.7119434646935	24.6	103.311943464693	DBCA	47_3	NA	NA
671.428571428571	1000	78.0333716391225	24.6	102.633371639122	DBCA	48_3	NA	NA
685.714285714286	1000	77.8367926077199	24.6	102.43679260772	DBCA	49_3	NA	NA
700	1000	76.5837157462749	24.6	101.183715746275	DBCA	50_3	NA	NA
714.285714285714	1000	78.0468724426293	24.6	102.646872442629	DBCA	51_3	NA	NA
728.571428571429	1000	80.8649835081923	24.6	105.464983508192	DBCA	52_3	NA	NA
742.857142857143	1000	86.1020889943049	24.6	110.702088994305	DBCA	53_3	NA	NA
757.142857142857	1000	83.8790775999662	24.6	108.479077599966	DBCA	54_3	NA	NA
771.428571428571	1000	89.5225787614349	24.6	114.122578761435	DBCA	55_3	NA	NA
785.714285714286	1000	85.2892679470842	24.6	109.889267947084	DBCA	56_3	NA	NA
800	1000	83.6738250549085	24.6	108.273825054908	DBCA	57_3	NA	NA
814.285714285714	1000	79.1718555529503	24.6	103.77185555295	DBCA	58_3	NA	NA
828.571428571429	1000	81.1925943459332	24.6	105.792594345933	DBCA	59_3	NA	NA
842.857142857143	1000	79.7868872178941	24.6	104.386887217894	DBCA	60_3	NA	NA
857.142857142857	1000	80.2380141261438	24.6	104.838014126144	DBCA	61_3	NA	NA
871.428571428571	1000	79.262071407815	24.6	103.862071407815	DBCA	62_3	NA	NA
885.714285714286	1000	79.5880508023683	24.6	104.188050802368	DBCA	63_3	NA	NA
900	1000	80.48047097803	24.6	105.08047097803	DBCA	64_3	NA	NA
914.285714285714	1000	80.2795822719398	24.6	104.87958227194	DBCA	65_3	NA	NA
928.571428571429	1000	81.5096350233183	24.6	106.109635023318	DBCA	66_3	NA	NA
942.857142857143	1000	85.3503282571637	24.6	109.950328257164	DBCA	67_3	NA	NA
957.142857142857	1000	78.8852175696932	24.6	103.485217569693	DBCA	68_3	NA	NA
971.428571428571	1000	81.6198776107287	24.6	106.219877610729	DBCA	69_3	NA	NA
985.714285714286	1000	82.0893046356145	24.6	106.689304635615	DBCA	70_3	NA	NA
1000	1000	77.3311688403632	24.6	101.931168840363	DBCA	71_3	NA	NA
