x	y	variable1	Zona	ErrorConEfecto	Disenio	Bloque	AsigTrat	MiRto
0	666.666666666667	78.0012882516649	0	78.0012882516649	DBCA	1_1	0	78.0012882516649
0	700	78.2123904302747	0	78.2123904302747	DBCA	1_1	210	80.8075193570425
0	733.333333333333	82.1563764366187	0	82.1563764366187	DBCA	1_1	280	73.7266628722476
0	766.666666666667	79.1723593025858	0	79.1723593025858	DBCA	1_1	70	85.9823450115392
0	800	77.331780980978	0	77.331780980978	DBCA	1_1	140	85.0068096655206
0	833.333333333333	74.5788981153004	0	74.5788981153004	DBCA	1_2	140	82.2539267998431
0	866.666666666667	77.2124804691836	0	77.2124804691836	DBCA	1_2	210	79.8076093959514
0	900	75.9691470540439	0	75.9691470540439	DBCA	1_2	0	75.9691470540439
0	933.333333333333	78.0045189522697	0	78.0045189522697	DBCA	1_2	70	84.8145046612231
0	966.666666666667	79.9355836122024	0	79.9355836122024	DBCA	1_2	280	71.5058700478312
128.571428571429	666.666666666667	81.3856377498938	0	81.3856377498938	DBCA	10_1	210	83.9807666766616
128.571428571429	700	78.5599462962151	0	78.5599462962151	DBCA	10_1	70	85.3699320051685
128.571428571429	733.333333333333	81.377226175149	0	81.377226175149	DBCA	10_1	280	72.9475126107778
128.571428571429	766.666666666667	80.8910907195412	0	80.8910907195412	DBCA	10_1	0	80.8910907195412
128.571428571429	800	78.0726868591592	0	78.0726868591592	DBCA	10_1	140	85.7477155437019
128.571428571429	833.333333333333	81.4585397773327	0	81.4585397773327	DBCA	10_2	0	81.4585397773327
128.571428571429	866.666666666667	82.3758487685385	0	82.3758487685385	DBCA	10_2	70	89.1858344774919
128.571428571429	900	79.6526161197909	0	79.6526161197909	DBCA	10_2	140	87.3276448043335
128.571428571429	933.333333333333	78.4951618394563	0	78.4951618394563	DBCA	10_2	280	70.0654482750852
128.571428571429	966.666666666667	82.6150024727441	0	82.6150024727441	DBCA	10_2	210	85.2101313995119
142.857142857143	666.666666666667	83.1328385919306	0	83.1328385919306	DBCA	11_1	280	74.7031250275595
142.857142857143	700	78.2109446720553	0	78.2109446720553	DBCA	11_1	140	85.885973356598
142.857142857143	733.333333333333	82.9485717791626	0	82.9485717791626	DBCA	11_1	70	89.758557488116
142.857142857143	766.666666666667	81.1504920064906	0	81.1504920064906	DBCA	11_1	0	81.1504920064906
142.857142857143	800	77.809534757358	0	77.809534757358	DBCA	11_1	210	80.4046636841259
142.857142857143	833.333333333333	77.7810663814075	0	77.7810663814075	DBCA	11_2	0	77.7810663814075
142.857142857143	866.666666666667	79.3470624263704	0	79.3470624263704	DBCA	11_2	280	70.9173488619993
142.857142857143	900	78.7482069192699	0	78.7482069192699	DBCA	11_2	210	81.3433358460377
142.857142857143	933.333333333333	77.8792403632744	0	77.8792403632744	DBCA	11_2	140	85.5542690478171
142.857142857143	966.666666666667	86.2598872209683	0	86.2598872209683	DBCA	11_2	70	93.0698729299216
157.142857142857	666.666666666667	79.7783441353049	0	79.7783441353049	DBCA	12_1	140	87.4533728198475
157.142857142857	700	77.6705204830158	0	77.6705204830158	DBCA	12_1	210	80.2656494097836
157.142857142857	733.333333333333	77.7702432099761	0	77.7702432099761	DBCA	12_1	280	69.340529645605
157.142857142857	766.666666666667	80.1712524004051	0	80.1712524004051	DBCA	12_1	70	86.9812381093584
157.142857142857	800	79.7790505288357	0	79.7790505288357	DBCA	12_1	0	79.7790505288357
157.142857142857	833.333333333333	77.0370986989006	0	77.0370986989006	DBCA	12_2	140	84.7121273834432
157.142857142857	866.666666666667	74.6758884543213	0	74.6758884543213	DBCA	12_2	0	74.6758884543213
157.142857142857	900	79.9061522289903	0	79.9061522289903	DBCA	12_2	280	71.4764386646191
157.142857142857	933.333333333333	79.95387160881	0	79.95387160881	DBCA	12_2	70	86.7638573177634
157.142857142857	966.666666666667	80.9317226957648	0	80.9317226957648	DBCA	12_2	210	83.5268516225326
171.428571428571	666.666666666667	80.7938482808868	0	80.7938482808868	DBCA	13_1	140	88.4688769654295
171.428571428571	700	81.9917440439181	0	81.9917440439181	DBCA	13_1	280	73.562030479547
171.428571428571	733.333333333333	77.4603949667372	0	77.4603949667372	DBCA	13_1	70	84.2703806756906
171.428571428571	766.666666666667	78.8240402841785	0	78.8240402841785	DBCA	13_1	210	81.4191692109463
171.428571428571	800	79.2683713296977	0	79.2683713296977	DBCA	13_1	0	79.2683713296977
171.428571428571	833.333333333333	76.277751431979	0	76.277751431979	DBCA	13_2	70	83.0877371409324
171.428571428571	866.666666666667	76.3255777533058	0	76.3255777533058	DBCA	13_2	140	84.0006064378485
171.428571428571	900	79.1325570236367	0	79.1325570236367	DBCA	13_2	210	81.7276859504045
171.428571428571	933.333333333333	79.5657636326	0	79.5657636326	DBCA	13_2	280	71.1360500682289
171.428571428571	966.666666666667	79.1141638319443	0	79.1141638319443	DBCA	13_2	0	79.1141638319443
185.714285714286	666.666666666667	81.4971971011503	0	81.4971971011503	DBCA	14_1	0	81.4971971011503
185.714285714286	700	79.4356313606607	0	79.4356313606607	DBCA	14_1	280	71.0059177962896
185.714285714286	733.333333333333	75.6727052809475	0	75.6727052809475	DBCA	14_1	140	83.3477339654902
185.714285714286	766.666666666667	75.6392582536319	0	75.6392582536319	DBCA	14_1	70	82.4492439625853
185.714285714286	800	78.4499312386921	0	78.4499312386921	DBCA	14_1	210	81.0450601654599
185.714285714286	833.333333333333	77.1486713179247	0	77.1486713179247	DBCA	14_2	140	84.8237000024674
185.714285714286	866.666666666667	77.8618742689587	0	77.8618742689587	DBCA	14_2	280	69.4321607045876
185.714285714286	900	78.0602123848499	0	78.0602123848499	DBCA	14_2	70	84.8701980938033
185.714285714286	933.333333333333	81.5473959510134	0	81.5473959510134	DBCA	14_2	210	84.1425248777813
185.714285714286	966.666666666667	81.1938300727782	0	81.1938300727782	DBCA	14_2	0	81.1938300727782
200	666.666666666667	78.9545416261353	0	78.9545416261353	DBCA	15_1	70	85.7645273350887
200	700	79.250902679952	0	79.250902679952	DBCA	15_1	140	86.9259313644947
200	733.333333333333	74.3766142355824	0	74.3766142355824	DBCA	15_1	0	74.3766142355824
200	766.666666666667	73.2174167643632	0	73.2174167643632	DBCA	15_1	280	64.7877031999921
200	800	79.0435109901472	0	79.0435109901472	DBCA	15_1	210	81.638639916915
200	833.333333333333	79.3709302387102	0	79.3709302387102	DBCA	15_2	70	86.1809159476636
200	866.666666666667	77.7996447811221	0	77.7996447811221	DBCA	15_2	210	80.3947737078899
200	900	77.865894157812	0	77.865894157812	DBCA	15_2	0	77.865894157812
200	933.333333333333	79.96020745179	0	79.96020745179	DBCA	15_2	140	87.6352361363327
200	966.666666666667	81.2849065699399	0	81.2849065699399	DBCA	15_2	280	72.8551930055688
214.285714285714	666.666666666667	79.6616251944643	0	79.6616251944643	DBCA	16_1	280	71.2319116300932
214.285714285714	700	75.7523905012586	0	75.7523905012586	DBCA	16_1	0	75.7523905012586
214.285714285714	733.333333333333	76.5768651707665	0	76.5768651707665	DBCA	16_1	70	83.3868508797199
214.285714285714	766.666666666667	73.6856119702671	0	73.6856119702671	DBCA	16_1	140	81.3606406548098
214.285714285714	800	74.0525594857434	0	74.0525594857434	DBCA	16_1	210	76.6476884125112
214.285714285714	833.333333333333	77.5010947993951	0	77.5010947993951	DBCA	16_2	70	84.3110805083485
214.285714285714	866.666666666667	82.7700075104265	0	82.7700075104265	DBCA	16_2	280	74.3402939460554
214.285714285714	900	79.4523054337589	0	79.4523054337589	DBCA	16_2	140	87.1273341183015
214.285714285714	933.333333333333	78.8679575965203	0	78.8679575965203	DBCA	16_2	0	78.8679575965203
214.285714285714	966.666666666667	81.0541989434781	0	81.0541989434781	DBCA	16_2	210	83.6493278702459
228.571428571429	666.666666666667	79.9526382130024	0	79.9526382130024	DBCA	17_1	70	86.7626239219558
228.571428571429	700	79.9754832556598	0	79.9754832556598	DBCA	17_1	140	87.6505119402024
228.571428571429	733.333333333333	77.9883730971094	0	77.9883730971094	DBCA	17_1	0	77.9883730971094
228.571428571429	766.666666666667	70.9563242627248	0	70.9563242627248	DBCA	17_1	210	73.5514531894927
228.571428571429	800	74.214635800082	0	74.214635800082	DBCA	17_1	280	65.7849222357108
228.571428571429	833.333333333333	79.3554469381282	0	79.3554469381282	DBCA	17_2	70	86.1654326470816
228.571428571429	866.666666666667	76.9836049370404	0	76.9836049370404	DBCA	17_2	0	76.9836049370404
228.571428571429	900	78.7383800339403	0	78.7383800339403	DBCA	17_2	140	86.4134087184829
228.571428571429	933.333333333333	78.1629239972213	0	78.1629239972213	DBCA	17_2	210	80.7580529239892
228.571428571429	966.666666666667	82.3530625735311	0	82.3530625735311	DBCA	17_2	280	73.92334900916
242.857142857143	666.666666666667	79.3659183946173	0	79.3659183946173	DBCA	18_1	210	81.9610473213851
242.857142857143	700	80.6808059218681	0	80.6808059218681	DBCA	18_1	140	88.3558346064107
242.857142857143	733.333333333333	80.460185632434	0	80.460185632434	DBCA	18_1	0	80.460185632434
242.857142857143	766.666666666667	73.312074763088	0	73.312074763088	DBCA	18_1	280	64.8823611987169
242.857142857143	800	75.2493779553802	0	75.2493779553802	DBCA	18_1	70	82.0593636643336
242.857142857143	833.333333333333	73.9398658566821	0	73.9398658566821	DBCA	18_2	140	81.6148945412247
242.857142857143	866.666666666667	80.395569390248	0	80.395569390248	DBCA	18_2	70	87.2055550992014
242.857142857143	900	75.259990402594	0	75.259990402594	DBCA	18_2	0	75.259990402594
242.857142857143	933.333333333333	74.4142856280729	0	74.4142856280729	DBCA	18_2	280	65.9845720637017
242.857142857143	966.666666666667	78.9258361221417	0	78.9258361221417	DBCA	18_2	210	81.5209650489095
257.142857142857	666.666666666667	83.1383555399852	0	83.1383555399852	DBCA	19_1	210	85.7334844667531
257.142857142857	700	79.703998948667	0	79.703998948667	DBCA	19_1	0	79.703998948667
257.142857142857	733.333333333333	78.6442567474284	0	78.6442567474284	DBCA	19_1	280	70.2145431830572
257.142857142857	766.666666666667	74.2632460174786	0	74.2632460174786	DBCA	19_1	140	81.9382747020212
257.142857142857	800	74.6455486715679	0	74.6455486715679	DBCA	19_1	70	81.4555343805213
257.142857142857	833.333333333333	76.7934993631181	0	76.7934993631181	DBCA	19_2	70	83.6034850720715
257.142857142857	866.666666666667	82.2991442814434	0	82.2991442814434	DBCA	19_2	0	82.2991442814434
257.142857142857	900	75.2661391838003	0	75.2661391838003	DBCA	19_2	140	82.941167868343
257.142857142857	933.333333333333	75.0069514306739	0	75.0069514306739	DBCA	19_2	210	77.6020803574417
257.142857142857	966.666666666667	76.3541241406199	0	76.3541241406199	DBCA	19_2	280	67.9244105762488
14.2857142857143	666.666666666667	78.835872495689	0	78.835872495689	DBCA	2_1	210	81.4310014224568
14.2857142857143	700	79.0376862869015	0	79.0376862869015	DBCA	2_1	0	79.0376862869015
14.2857142857143	733.333333333333	83.1214303709441	0	83.1214303709441	DBCA	2_1	70	89.9314160798975
14.2857142857143	766.666666666667	78.5724084971411	0	78.5724084971411	DBCA	2_1	140	86.2474371816838
14.2857142857143	800	76.3152571888478	0	76.3152571888478	DBCA	2_1	280	67.8855436244766
14.2857142857143	833.333333333333	77.3862492411958	0	77.3862492411958	DBCA	2_2	0	77.3862492411958
14.2857142857143	866.666666666667	80.7191642708938	0	80.7191642708938	DBCA	2_2	140	88.3941929554365
14.2857142857143	900	75.8281231178676	0	75.8281231178676	DBCA	2_2	210	78.4232520446355
14.2857142857143	933.333333333333	79.4337155635594	0	79.4337155635594	DBCA	2_2	70	86.2437012725128
14.2857142857143	966.666666666667	77.79943432968	0	77.79943432968	DBCA	2_2	280	69.3697207653088
271.428571428571	666.666666666667	80.3439821468322	0	80.3439821468322	DBCA	20_1	280	71.914268582461
271.428571428571	700	81.1048166136266	0	81.1048166136266	DBCA	20_1	70	87.91480232258
271.428571428571	733.333333333333	77.34056213389	0	77.34056213389	DBCA	20_1	210	79.9356910606578
271.428571428571	766.666666666667	73.9465068072996	0	73.9465068072996	DBCA	20_1	140	81.6215354918423
271.428571428571	800	70.2366334642402	0	70.2366334642402	DBCA	20_1	0	70.2366334642402
271.428571428571	833.333333333333	73.6877050725626	0	73.6877050725626	DBCA	20_2	140	81.3627337571053
271.428571428571	866.666666666667	81.7003280777136	0	81.7003280777136	DBCA	20_2	210	84.2954570044814
271.428571428571	900	78.6817791806594	0	78.6817791806594	DBCA	20_2	280	70.2520656162882
271.428571428571	933.333333333333	78.2345658061921	0	78.2345658061921	DBCA	20_2	70	85.0445515151455
271.428571428571	966.666666666667	78.1993924176683	0	78.1993924176683	DBCA	20_2	0	78.1993924176683
285.714285714286	666.666666666667	80.5722588177217	0	80.5722588177217	DBCA	21_1	0	80.5722588177217
285.714285714286	700	76.3083588464905	0	76.3083588464905	DBCA	21_1	280	67.8786452821193
285.714285714286	733.333333333333	74.6031060211319	0	74.6031060211319	DBCA	21_1	140	82.2781347056746
285.714285714286	766.666666666667	75.3640771691147	0	75.3640771691147	DBCA	21_1	210	77.9592060958825
285.714285714286	800	77.5792380967198	0	77.5792380967198	DBCA	21_1	70	84.3892238056732
285.714285714286	833.333333333333	72.9811991445903	0	72.9811991445903	DBCA	21_2	210	75.5763280713581
285.714285714286	866.666666666667	80.0836433904673	0	80.0836433904673	DBCA	21_2	0	80.0836433904673
285.714285714286	900	78.4003889544423	0	78.4003889544423	DBCA	21_2	280	69.9706753900712
285.714285714286	933.333333333333	81.1984389637608	0	81.1984389637608	DBCA	21_2	70	88.0084246727142
285.714285714286	966.666666666667	78.0230934431892	0	78.0230934431892	DBCA	21_2	140	85.6981221277319
300	666.666666666667	79.6095495435828	0	79.6095495435828	DBCA	22_1	70	86.4195352525362
300	700	76.5094915927155	0	76.5094915927155	DBCA	22_1	210	79.1046205194833
300	733.333333333333	74.3763379587337	0	74.3763379587337	DBCA	22_1	0	74.3763379587337
300	766.666666666667	76.7192411327983	0	76.7192411327983	DBCA	22_1	140	84.3942698173409
300	800	77.8914815607913	0	77.8914815607913	DBCA	22_1	280	69.4617679964202
300	833.333333333333	73.4512937482824	0	73.4512937482824	DBCA	22_2	140	81.126322432825
300	866.666666666667	78.2995328590215	0	78.2995328590215	DBCA	22_2	210	80.8946617857893
300	900	78.5328760945468	0	78.5328760945468	DBCA	22_2	70	85.3428618035002
300	933.333333333333	79.9833656050549	0	79.9833656050549	DBCA	22_2	280	71.5536520406837
300	966.666666666667	82.4871679347862	0	82.4871679347862	DBCA	22_2	0	82.4871679347862
314.285714285714	666.666666666667	80.0700810202479	0	80.0700810202479	DBCA	23_1	280	71.6403674558768
314.285714285714	700	76.4567969678007	0	76.4567969678007	DBCA	23_1	210	79.0519258945685
314.285714285714	733.333333333333	74.8727645106803	0	74.8727645106803	DBCA	23_1	0	74.8727645106803
314.285714285714	766.666666666667	76.7263476410161	0	76.7263476410161	DBCA	23_1	140	84.4013763255588
314.285714285714	800	77.1737287397646	0	77.1737287397646	DBCA	23_1	70	83.983714448718
314.285714285714	833.333333333333	76.5007020599626	0	76.5007020599626	DBCA	23_2	70	83.310687768916
314.285714285714	866.666666666667	79.5786120007732	0	79.5786120007732	DBCA	23_2	0	79.5786120007732
314.285714285714	900	78.798107077059	0	78.798107077059	DBCA	23_2	210	81.3932360038268
314.285714285714	933.333333333333	80.2133255754902	0	80.2133255754902	DBCA	23_2	280	71.783612011119
314.285714285714	966.666666666667	77.3183189730181	0	77.3183189730181	DBCA	23_2	140	84.9933476575608
328.571428571429	666.666666666667	76.8308120189881	0	76.8308120189881	DBCA	24_1	280	68.4010984546169
328.571428571429	700	74.6513640930496	0	74.6513640930496	DBCA	24_1	0	74.6513640930496
328.571428571429	733.333333333333	77.2046348651247	0	77.2046348651247	DBCA	24_1	210	79.7997637918925
328.571428571429	766.666666666667	77.7282880717694	0	77.7282880717694	DBCA	24_1	70	84.5382737807228
328.571428571429	800	78.095926828994	0	78.095926828994	DBCA	24_1	140	85.7709555135366
328.571428571429	833.333333333333	75.7210846076225	0	75.7210846076225	DBCA	24_2	70	82.5310703165758
328.571428571429	866.666666666667	77.8202376993127	0	77.8202376993127	DBCA	24_2	210	80.4153666260805
328.571428571429	900	76.4190136263931	0	76.4190136263931	DBCA	24_2	280	67.989300062022
328.571428571429	933.333333333333	77.8224072250852	0	77.8224072250852	DBCA	24_2	0	77.8224072250852
328.571428571429	966.666666666667	77.5876015124747	0	77.5876015124747	DBCA	24_2	140	85.2626301970174
342.857142857143	666.666666666667	77.3642400847034	0	77.3642400847034	DBCA	25_1	70	84.1742257936568
342.857142857143	700	74.8227090926757	0	74.8227090926757	DBCA	25_1	210	77.4178380194435
342.857142857143	733.333333333333	78.1225687571354	0	78.1225687571354	DBCA	25_1	0	78.1225687571354
342.857142857143	766.666666666667	80.4655930400968	0	80.4655930400968	DBCA	25_1	140	88.1406217246395
342.857142857143	800	80.2468272170458	0	80.2468272170458	DBCA	25_1	280	71.8171136526746
342.857142857143	833.333333333333	74.2152164051808	0	74.2152164051808	DBCA	25_2	280	65.7855028408097
342.857142857143	866.666666666667	76.0112640255827	0	76.0112640255827	DBCA	25_2	210	78.6063929523506
342.857142857143	900	76.6053404996891	0	76.6053404996891	DBCA	25_2	140	84.2803691842318
342.857142857143	933.333333333333	78.2614800642593	0	78.2614800642593	DBCA	25_2	70	85.0714657732127
342.857142857143	966.666666666667	77.7233013266872	0	77.7233013266872	DBCA	25_2	0	77.7233013266872
357.142857142857	666.666666666667	76.4123338661775	0	76.4123338661775	DBCA	26_1	280	67.9826203018063
357.142857142857	700	80.4799413771855	0	80.4799413771855	DBCA	26_1	0	80.4799413771855
357.142857142857	733.333333333333	79.9543316952969	0	79.9543316952969	DBCA	26_1	210	82.5494606220647
357.142857142857	766.666666666667	80.0007159848524	0	80.0007159848524	DBCA	26_1	140	87.6757446693951
357.142857142857	800	79.3187812751134	0	79.3187812751134	DBCA	26_1	70	86.1287669840668
357.142857142857	833.333333333333	77.8760348870652	0	77.8760348870652	DBCA	26_2	0	77.8760348870652
357.142857142857	866.666666666667	77.0212101069979	0	77.0212101069979	DBCA	26_2	210	79.6163390337658
357.142857142857	900	77.7582008856453	0	77.7582008856453	DBCA	26_2	280	69.3284873212742
357.142857142857	933.333333333333	79.3427896745346	0	79.3427896745346	DBCA	26_2	70	86.152775383488
357.142857142857	966.666666666667	79.8931821508482	0	79.8931821508482	DBCA	26_2	140	87.5682108353909
371.428571428571	666.666666666667	76.9732250503716	0	76.9732250503716	DBCA	27_1	140	84.6482537349142
371.428571428571	700	79.8111840847216	0	79.8111840847216	DBCA	27_1	70	86.621169793675
371.428571428571	733.333333333333	77.7976127664611	0	77.7976127664611	DBCA	27_1	0	77.7976127664611
371.428571428571	766.666666666667	76.5773578781206	0	76.5773578781206	DBCA	27_1	210	79.1724868048884
371.428571428571	800	80.6987239875287	0	80.6987239875287	DBCA	27_1	280	72.2690104231576
371.428571428571	833.333333333333	80.2637538382158	0	80.2637538382158	DBCA	27_2	210	82.8588827649836
371.428571428571	866.666666666667	82.0125327842267	0	82.0125327842267	DBCA	27_2	70	88.8225184931801
371.428571428571	900	81.7249220404611	0	81.7249220404611	DBCA	27_2	280	73.29520847609
371.428571428571	933.333333333333	79.9188584881562	0	79.9188584881562	DBCA	27_2	0	79.9188584881562
371.428571428571	966.666666666667	80.2800931635545	0	80.2800931635545	DBCA	27_2	140	87.9551218480971
385.714285714286	666.666666666667	76.4628982737549	0	76.4628982737549	DBCA	28_1	280	68.0331847093838
385.714285714286	700	79.3232506568843	0	79.3232506568843	DBCA	28_1	210	81.9183795836521
385.714285714286	733.333333333333	80.2377272413823	0	80.2377272413823	DBCA	28_1	70	87.0477129503357
385.714285714286	766.666666666667	76.4520530355401	0	76.4520530355401	DBCA	28_1	0	76.4520530355401
385.714285714286	800	81.0826260651083	0	81.0826260651083	DBCA	28_1	140	88.757654749651
385.714285714286	833.333333333333	81.5398030058142	0	81.5398030058142	DBCA	28_2	0	81.5398030058142
385.714285714286	866.666666666667	81.1765420691299	0	81.1765420691299	DBCA	28_2	280	72.7468285047587
385.714285714286	900	79.8374074746066	0	79.8374074746066	DBCA	28_2	210	82.4325364013744
385.714285714286	933.333333333333	76.5869722175649	0	76.5869722175649	DBCA	28_2	70	83.3969579265183
385.714285714286	966.666666666667	78.9261934665767	0	78.9261934665767	DBCA	28_2	140	86.6012221511194
400	666.666666666667	74.4719796709941	0	74.4719796709941	DBCA	29_1	210	77.0671085977619
400	700	79.1750770974594	0	79.1750770974594	DBCA	29_1	70	85.9850628064128
400	733.333333333333	80.0605901429976	0	80.0605901429976	DBCA	29_1	0	80.0605901429976
400	766.666666666667	80.0082366539942	0	80.0082366539942	DBCA	29_1	140	87.6832653385369
400	800	84.0080763966872	0	84.0080763966872	DBCA	29_1	280	75.5783628323161
400	833.333333333333	89.0339702095364	0	89.0339702095364	DBCA	29_2	140	96.708998894079
400	866.666666666667	81.4674439374523	0	81.4674439374523	DBCA	29_2	210	84.0625728642201
400	900	79.364962242123	0	79.364962242123	DBCA	29_2	280	70.9352486777519
400	933.333333333333	77.1075012569201	0	77.1075012569201	DBCA	29_2	0	77.1075012569201
400	966.666666666667	81.9327116208009	0	81.9327116208009	DBCA	29_2	70	88.7426973297543
28.5714285714286	666.666666666667	78.502655346821	0	78.502655346821	DBCA	3_1	70	85.3126410557744
28.5714285714286	700	78.2998232830496	0	78.2998232830496	DBCA	3_1	140	85.9748519675922
28.5714285714286	733.333333333333	79.9320359785421	0	79.9320359785421	DBCA	3_1	0	79.9320359785421
28.5714285714286	766.666666666667	79.3602179664646	0	79.3602179664646	DBCA	3_1	280	70.9305044020935
28.5714285714286	800	78.6907727348841	0	78.6907727348841	DBCA	3_1	210	81.2859016616519
28.5714285714286	833.333333333333	76.2432514029267	0	76.2432514029267	DBCA	3_2	0	76.2432514029267
28.5714285714286	866.666666666667	80.3689931566275	0	80.3689931566275	DBCA	3_2	140	88.0440218411702
28.5714285714286	900	77.7170454480524	0	77.7170454480524	DBCA	3_2	210	80.3121743748202
28.5714285714286	933.333333333333	77.5063501151107	0	77.5063501151107	DBCA	3_2	280	69.0766365507395
28.5714285714286	966.666666666667	76.8935422373159	0	76.8935422373159	DBCA	3_2	70	83.7035279462693
414.285714285714	666.666666666667	79.5090397429805	0	79.5090397429805	DBCA	30_1	210	82.1041686697483
414.285714285714	700	83.1795153120598	0	83.1795153120598	DBCA	30_1	280	74.7498017476886
414.285714285714	733.333333333333	77.7705261519714	0	77.7705261519714	DBCA	30_1	140	85.4455548365141
414.285714285714	766.666666666667	81.3022964829569	0	81.3022964829569	DBCA	30_1	70	88.1122821919103
414.285714285714	800	82.5017404625365	0	82.5017404625365	DBCA	30_1	0	82.5017404625365
414.285714285714	833.333333333333	84.4853708861868	0	84.4853708861868	DBCA	30_2	280	76.0556573218157
414.285714285714	866.666666666667	82.3634465265978	0	82.3634465265978	DBCA	30_2	210	84.9585754533657
414.285714285714	900	78.36088583194	0	78.36088583194	DBCA	30_2	140	86.0359145164827
414.285714285714	933.333333333333	78.7146646697004	0	78.7146646697004	DBCA	30_2	0	78.7146646697004
414.285714285714	966.666666666667	81.4361774276129	0	81.4361774276129	DBCA	30_2	70	88.2461631365663
428.571428571429	666.666666666667	75.7386224050571	0	75.7386224050571	DBCA	31_1	70	82.5486081140105
428.571428571429	700	76.8121071345432	0	76.8121071345432	DBCA	31_1	140	84.4871358190859
428.571428571429	733.333333333333	79.4832263037819	0	79.4832263037819	DBCA	31_1	280	71.0535127394108
428.571428571429	766.666666666667	80.7104636012979	0	80.7104636012979	DBCA	31_1	210	83.3055925280657
428.571428571429	800	85.2235919504641	0	85.2235919504641	DBCA	31_1	0	85.2235919504641
428.571428571429	833.333333333333	80.9791578204608	0	80.9791578204608	DBCA	31_2	70	87.7891435294142
428.571428571429	866.666666666667	82.1062232459423	0	82.1062232459423	DBCA	31_2	0	82.1062232459423
428.571428571429	900	78.8051684996	0	78.8051684996	DBCA	31_2	140	86.4801971841426
428.571428571429	933.333333333333	78.713111143789	0	78.713111143789	DBCA	31_2	280	70.2833975794178
428.571428571429	966.666666666667	78.7011396433107	0	78.7011396433107	DBCA	31_2	210	81.2962685700785
442.857142857143	666.666666666667	81.0947850924198	0	81.0947850924198	DBCA	32_1	0	81.0947850924198
442.857142857143	700	75.9638643387246	0	75.9638643387246	DBCA	32_1	280	67.5341507743535
442.857142857143	733.333333333333	78.6264451886844	0	78.6264451886844	DBCA	32_1	210	81.2215741154523
442.857142857143	766.666666666667	79.0577160822713	0	79.0577160822713	DBCA	32_1	140	86.7327447668139
442.857142857143	800	80.6908011256011	0	80.6908011256011	DBCA	32_1	70	87.5007868345545
442.857142857143	833.333333333333	83.558266430729	0	83.558266430729	DBCA	32_2	0	83.558266430729
442.857142857143	866.666666666667	81.9795043008189	0	81.9795043008189	DBCA	32_2	210	84.5746332275867
442.857142857143	900	79.7842451048755	0	79.7842451048755	DBCA	32_2	280	71.3545315405043
442.857142857143	933.333333333333	76.7666859378151	0	76.7666859378151	DBCA	32_2	140	84.4417146223578
442.857142857143	966.666666666667	78.1088023703201	0	78.1088023703201	DBCA	32_2	70	84.9187880792735
457.142857142857	666.666666666667	86.5724046335048	0	86.5724046335048	DBCA	33_1	0	86.5724046335048
457.142857142857	700	78.7204920531727	0	78.7204920531727	DBCA	33_1	210	81.3156209799405
457.142857142857	733.333333333333	81.1771242302797	0	81.1771242302797	DBCA	33_1	140	88.8521529148223
457.142857142857	766.666666666667	77.9773087423993	0	77.9773087423993	DBCA	33_1	70	84.7872944513527
457.142857142857	800	83.17735163443	0	83.17735163443	DBCA	33_1	280	74.7476380700588
457.142857142857	833.333333333333	84.9421604778306	0	84.9421604778306	DBCA	33_2	70	91.752146186784
457.142857142857	866.666666666667	82.743605792671	0	82.743605792671	DBCA	33_2	210	85.3387347194388
457.142857142857	900	79.1010769289609	0	79.1010769289609	DBCA	33_2	0	79.1010769289609
457.142857142857	933.333333333333	76.0231375016396	0	76.0231375016396	DBCA	33_2	140	83.6981661861823
457.142857142857	966.666666666667	79.5087514569164	0	79.5087514569164	DBCA	33_2	280	71.0790378925453
471.428571428571	666.666666666667	83.5258965851297	0	83.5258965851297	DBCA	34_1	140	91.2009252696723
471.428571428571	700	77.1063095533017	0	77.1063095533017	DBCA	34_1	280	68.6765959889305
471.428571428571	733.333333333333	77.5962619862088	0	77.5962619862088	DBCA	34_1	0	77.5962619862088
471.428571428571	766.666666666667	79.5428284617317	0	79.5428284617317	DBCA	34_1	210	82.1379573884995
471.428571428571	800	81.1732432878405	0	81.1732432878405	DBCA	34_1	70	87.9832289967939
471.428571428571	833.333333333333	84.4293120076359	0	84.4293120076359	DBCA	34_2	280	75.9995984432648
471.428571428571	866.666666666667	81.7996852089755	0	81.7996852089755	DBCA	34_2	210	84.3948141357433
471.428571428571	900	81.2779504953974	0	81.2779504953974	DBCA	34_2	70	88.0879362043508
471.428571428571	933.333333333333	75.1695051971376	0	75.1695051971376	DBCA	34_2	0	75.1695051971376
471.428571428571	966.666666666667	78.3654732601955	0	78.3654732601955	DBCA	34_2	140	86.0405019447382
485.714285714286	666.666666666667	83.5031906082269	0	83.5031906082269	DBCA	35_1	210	86.0983195349947
485.714285714286	700	81.8090641632557	0	81.8090641632557	DBCA	35_1	0	81.8090641632557
485.714285714286	733.333333333333	78.5584942071387	0	78.5584942071387	DBCA	35_1	280	70.1287806427676
485.714285714286	766.666666666667	81.2826128213843	0	81.2826128213843	DBCA	35_1	140	88.9576415059269
485.714285714286	800	79.8299885569128	0	79.8299885569128	DBCA	35_1	70	86.6399742658662
485.714285714286	833.333333333333	81.2025974671018	0	81.2025974671018	DBCA	35_2	0	81.2025974671018
485.714285714286	866.666666666667	76.7509925900925	0	76.7509925900925	DBCA	35_2	70	83.5609782990459
485.714285714286	900	79.4378237731961	0	79.4378237731961	DBCA	35_2	140	87.1128524577388
485.714285714286	933.333333333333	77.7640050685833	0	77.7640050685833	DBCA	35_2	280	69.3342915042121
485.714285714286	966.666666666667	77.5306354265121	0	77.5306354265121	DBCA	35_2	210	80.12576435328
500	666.666666666667	83.6113394863478	0	83.6113394863478	DBCA	36_1	210	86.2064684131156
500	700	84.4217296155186	0	84.4217296155186	DBCA	36_1	140	92.0967583000613
500	733.333333333333	80.7367750512836	0	80.7367750512836	DBCA	36_1	0	80.7367750512836
500	766.666666666667	80.2181632087104	0	80.2181632087104	DBCA	36_1	280	71.7884496443393
500	800	78.6908243802825	0	78.6908243802825	DBCA	36_1	70	85.5008100892359
500	833.333333333333	79.0390834696764	0	79.0390834696764	DBCA	36_2	140	86.714112154219
500	866.666666666667	76.1236258557511	0	76.1236258557511	DBCA	36_2	280	67.6939122913799
500	900	80.9489752354521	0	80.9489752354521	DBCA	36_2	0	80.9489752354521
500	933.333333333333	80.1010394430359	0	80.1010394430359	DBCA	36_2	70	86.9110251519893
500	966.666666666667	77.584240786572	0	77.584240786572	DBCA	36_2	210	80.1793697133398
514.285714285714	666.666666666667	85.5501706136822	24.6	110.150170613682	DBCA	37_1	280	125.139657049311
514.285714285714	700	84.5380805432279	24.6	109.138080543228	DBCA	37_1	210	129.297609469996
514.285714285714	733.333333333333	80.6263416764154	24.6	105.226341676415	DBCA	37_1	70	117.891127385369
514.285714285714	766.666666666667	79.0928136832108	24.6	103.692813683211	DBCA	37_1	0	103.692813683211
514.285714285714	800	78.8892501743509	24.6	103.489250174351	DBCA	37_1	140	122.873878858894
514.285714285714	833.333333333333	75.432612646287	24.6	100.032612646287	DBCA	37_2	280	115.022099081916
514.285714285714	866.666666666667	75.9380751837261	24.6	100.538075183726	DBCA	37_2	0	100.538075183726
514.285714285714	900	79.0807896519551	24.6	103.680789651955	DBCA	37_2	210	123.840318578723
514.285714285714	933.333333333333	81.4627302435169	24.6	106.062730243517	DBCA	37_2	70	118.72751595247
514.285714285714	966.666666666667	76.534471910338	24.6	101.134471910338	DBCA	37_2	140	120.519100594881
528.571428571429	666.666666666667	85.376251399367	24.6	109.976251399367	DBCA	38_1	140	129.36088008391
528.571428571429	700	84.1508059660432	24.6	108.750805966043	DBCA	38_1	280	123.740292401672
528.571428571429	733.333333333333	80.3871688300895	24.6	104.98716883009	DBCA	38_1	0	104.98716883009
528.571428571429	766.666666666667	78.7636025539872	24.6	103.363602553987	DBCA	38_1	210	123.523131480755
528.571428571429	800	78.3622718184629	24.6	102.962271818463	DBCA	38_1	70	115.627057527416
528.571428571429	833.333333333333	78.0810228080588	24.6	102.681022808059	DBCA	38_2	210	122.840551734827
528.571428571429	866.666666666667	74.8766928241466	24.6	99.4766928241466	DBCA	38_2	140	118.861321508689
528.571428571429	900	80.2972494904371	24.6	104.897249490437	DBCA	38_2	70	117.56203519939
528.571428571429	933.333333333333	81.1165589220924	24.6	105.716558922092	DBCA	38_2	0	105.716558922092
528.571428571429	966.666666666667	77.9511571100113	24.6	102.551157110011	DBCA	38_2	280	117.54064354564
542.857142857143	666.666666666667	83.5807092597291	24.6	108.180709259729	DBCA	39_1	70	120.845494968682
542.857142857143	700	83.8037932295756	24.6	108.403793229576	DBCA	39_1	0	108.403793229576
542.857142857143	733.333333333333	81.4787542644766	24.6	106.078754264477	DBCA	39_1	140	125.463382949019
542.857142857143	766.666666666667	78.8623515201924	24.6	103.462351520192	DBCA	39_1	280	118.451837955821
542.857142857143	800	81.7060677351947	24.6	106.306067735195	DBCA	39_1	210	126.465596661962
542.857142857143	833.333333333333	77.0841786044705	24.6	101.68417860447	DBCA	39_2	280	116.673665040099
542.857142857143	866.666666666667	74.5691433204935	24.6	99.1691433204935	DBCA	39_2	70	111.833929029447
542.857142857143	900	78.3807645699397	24.6	102.98076456994	DBCA	39_2	210	123.140293496707
542.857142857143	933.333333333333	81.4705572408666	24.6	106.070557240867	DBCA	39_2	0	106.070557240867
542.857142857143	966.666666666667	76.270468355661	24.6	100.870468355661	DBCA	39_2	140	120.255097040204
42.8571428571429	666.666666666667	79.3180671137463	0	79.3180671137463	DBCA	4_1	70	86.1280528226997
42.8571428571429	700	80.8104639936843	0	80.8104639936843	DBCA	4_1	140	88.485492678227
42.8571428571429	733.333333333333	77.69785712426	0	77.69785712426	DBCA	4_1	0	77.69785712426
42.8571428571429	766.666666666667	79.491026804125	0	79.491026804125	DBCA	4_1	280	71.0613132397538
42.8571428571429	800	77.1509143162479	0	77.1509143162479	DBCA	4_1	210	79.7460432430158
42.8571428571429	833.333333333333	77.0955694837604	0	77.0955694837604	DBCA	4_2	0	77.0955694837604
42.8571428571429	866.666666666667	77.8472183590734	0	77.8472183590734	DBCA	4_2	140	85.522247043616
42.8571428571429	900	78.2835337277061	0	78.2835337277061	DBCA	4_2	210	80.8786626544739
42.8571428571429	933.333333333333	78.6072276184685	0	78.6072276184685	DBCA	4_2	280	70.1775140540974
42.8571428571429	966.666666666667	76.2201236039317	0	76.2201236039317	DBCA	4_2	70	83.0301093128851
557.142857142857	666.666666666667	83.0625296535588	24.6	107.662529653559	DBCA	40_1	140	127.047158338101
557.142857142857	700	80.0959193705424	24.6	104.695919370542	DBCA	40_1	280	119.685405806171
557.142857142857	733.333333333333	83.7392779729399	24.6	108.33927797294	DBCA	40_1	210	128.498806899708
557.142857142857	766.666666666667	78.69502759928	24.6	103.29502759928	DBCA	40_1	70	115.959813308233
557.142857142857	800	78.1419223219677	24.6	102.741922321968	DBCA	40_1	0	102.741922321968
557.142857142857	833.333333333333	76.9614729777126	24.6	101.561472977713	DBCA	40_2	210	121.72100190448
557.142857142857	866.666666666667	73.2500782829987	24.6	97.8500782829987	DBCA	40_2	280	112.839564718628
557.142857142857	900	78.1930702398498	24.6	102.79307023985	DBCA	40_2	70	115.457855948803
557.142857142857	933.333333333333	79.5006248782027	24.6	104.100624878203	DBCA	40_2	140	123.485253562745
557.142857142857	966.666666666667	80.1714975813264	24.6	104.771497581326	DBCA	40_2	0	104.771497581326
571.428571428571	666.666666666667	83.8224881401812	24.6	108.422488140181	DBCA	41_1	280	123.41197457581
571.428571428571	700	79.9096505581604	24.6	104.50965055816	DBCA	41_1	210	124.669179484928
571.428571428571	733.333333333333	82.4434989186313	24.6	107.043498918631	DBCA	41_1	0	107.043498918631
571.428571428571	766.666666666667	78.9405474624162	24.6	103.540547462416	DBCA	41_1	140	122.925176146959
571.428571428571	800	78.6583270124727	24.6	103.258327012473	DBCA	41_1	70	115.923112721426
571.428571428571	833.333333333333	76.8013556958261	24.6	101.401355695826	DBCA	41_2	70	114.066141404779
571.428571428571	866.666666666667	75.2368853015658	24.6	99.8368853015658	DBCA	41_2	0	99.8368853015658
571.428571428571	900	76.6463639462833	24.6	101.246363946283	DBCA	41_2	280	116.235850381912
571.428571428571	933.333333333333	78.7125668686916	24.6	103.312566868692	DBCA	41_2	140	122.697195553234
571.428571428571	966.666666666667	80.1678688629961	24.6	104.767868862996	DBCA	41_2	210	124.927397789764
585.714285714286	666.666666666667	83.7798131126981	24.6	108.379813112698	DBCA	42_1	280	123.369299548327
585.714285714286	700	82.5153487421306	24.6	107.115348742131	DBCA	42_1	0	107.115348742131
585.714285714286	733.333333333333	83.2194877078339	24.6	107.819487707834	DBCA	42_1	70	120.484273416787
585.714285714286	766.666666666667	81.0076254635979	24.6	105.607625463598	DBCA	42_1	210	125.767154390366
585.714285714286	800	77.5229372385203	24.6	102.12293723852	DBCA	42_1	140	121.507565923063
585.714285714286	833.333333333333	74.8306088739639	24.6	99.4306088739639	DBCA	42_2	210	119.590137800732
585.714285714286	866.666666666667	75.8949102057014	24.6	100.494910205701	DBCA	42_2	280	115.48439664133
585.714285714286	900	77.4690616515118	24.6	102.069061651512	DBCA	42_2	70	114.733847360465
585.714285714286	933.333333333333	81.5482662590252	24.6	106.148266259025	DBCA	42_2	140	125.532894943568
585.714285714286	966.666666666667	80.8832723734417	24.6	105.483272373442	DBCA	42_2	0	105.483272373442
600	666.666666666667	79.8226066450405	24.6	104.422606645041	DBCA	43_1	210	124.582135571808
600	700	81.8918872306984	24.6	106.491887230698	DBCA	43_1	70	119.156672939652
600	733.333333333333	83.8185233636201	24.6	108.41852336362	DBCA	43_1	280	123.408009799249
600	766.666666666667	80.3900560110297	24.6	104.99005601103	DBCA	43_1	0	104.99005601103
600	800	77.9044792765105	24.6	102.504479276511	DBCA	43_1	140	121.889107961053
600	833.333333333333	77.0639486113706	24.6	101.663948611371	DBCA	43_2	210	121.823477538138
600	866.666666666667	78.1777865130746	24.6	102.777786513075	DBCA	43_2	70	115.442572222028
600	900	74.0416227339502	24.6	98.6416227339502	DBCA	43_2	0	98.6416227339502
600	933.333333333333	78.1651098602996	24.6	102.7651098603	DBCA	43_2	140	122.149738544842
600	966.666666666667	79.0097070327208	24.6	103.609707032721	DBCA	43_2	280	118.59919346835
614.285714285714	666.666666666667	81.2606801116737	24.6	105.860680111674	DBCA	44_1	140	125.245308796216
614.285714285714	700	85.266684500147	24.6	109.866684500147	DBCA	44_1	280	124.856170935776
614.285714285714	733.333333333333	82.9750880394837	24.6	107.575088039484	DBCA	44_1	210	127.734616966252
614.285714285714	766.666666666667	83.2924793767665	24.6	107.892479376766	DBCA	44_1	0	107.892479376766
614.285714285714	800	77.8863100571299	24.6	102.48631005713	DBCA	44_1	70	115.151095766083
614.285714285714	833.333333333333	76.560453093374	24.6	101.160453093374	DBCA	44_2	70	113.825238802327
614.285714285714	866.666666666667	78.5438837802331	24.6	103.143883780233	DBCA	44_2	140	122.528512464776
614.285714285714	900	74.2516804831108	24.6	98.8516804831108	DBCA	44_2	0	98.8516804831108
614.285714285714	933.333333333333	80.0346972656129	24.6	104.634697265613	DBCA	44_2	280	119.624183701242
614.285714285714	966.666666666667	81.8770483509252	24.6	106.477048350925	DBCA	44_2	210	126.636577277693
628.571428571429	666.666666666667	78.7106387760227	24.6	103.310638776023	DBCA	45_1	0	103.310638776023
628.571428571429	700	88.3130094237977	24.6	112.913009423798	DBCA	45_1	140	132.29763810834
628.571428571429	733.333333333333	80.2344893615492	24.6	104.834489361549	DBCA	45_1	70	117.499275070503
628.571428571429	766.666666666667	79.6384672692121	24.6	104.238467269212	DBCA	45_1	280	119.227953704841
628.571428571429	800	77.9086665548082	24.6	102.508666554808	DBCA	45_1	210	122.668195481576
628.571428571429	833.333333333333	76.407363972568	24.6	101.007363972568	DBCA	45_2	210	121.166892899336
628.571428571429	866.666666666667	77.2173229125855	24.6	101.817322912586	DBCA	45_2	0	101.817322912586
628.571428571429	900	79.0207528219932	24.6	103.620752821993	DBCA	45_2	280	118.610239257622
628.571428571429	933.333333333333	78.0663442755675	24.6	102.666344275567	DBCA	45_2	70	115.331129984521
628.571428571429	966.666666666667	82.0433992557908	24.6	106.643399255791	DBCA	45_2	140	126.028027940333
642.857142857143	666.666666666667	80.6504575319471	24.6	105.250457531947	DBCA	46_1	70	117.9152432409
642.857142857143	700	84.697198830979	24.6	109.297198830979	DBCA	46_1	210	129.456727757747
642.857142857143	733.333333333333	81.2888453362758	24.6	105.888845336276	DBCA	46_1	140	125.273474020818
642.857142857143	766.666666666667	81.6491914701207	24.6	106.249191470121	DBCA	46_1	280	121.23867790575
642.857142857143	800	77.6281550883036	24.6	102.228155088304	DBCA	46_1	0	102.228155088304
642.857142857143	833.333333333333	78.420079736582	24.6	103.020079736582	DBCA	46_2	140	122.404708421125
642.857142857143	866.666666666667	79.6637899005527	24.6	104.263789900553	DBCA	46_2	0	104.263789900553
642.857142857143	900	80.6960811188729	24.6	105.296081118873	DBCA	46_2	280	120.285567554502
642.857142857143	933.333333333333	82.2483986208089	24.6	106.848398620809	DBCA	46_2	210	127.007927547577
642.857142857143	966.666666666667	82.2701767503186	24.6	106.870176750319	DBCA	46_2	70	119.534962459272
657.142857142857	666.666666666667	83.0085420063148	24.6	107.608542006315	DBCA	47_1	140	126.993170690857
657.142857142857	700	83.5673615029751	24.6	108.167361502975	DBCA	47_1	70	120.832147211929
657.142857142857	733.333333333333	79.7656009578869	24.6	104.365600957887	DBCA	47_1	0	104.365600957887
657.142857142857	766.666666666667	77.1580646197972	24.6	101.758064619797	DBCA	47_1	280	116.747551055426
657.142857142857	800	77.0578028642538	24.6	101.657802864254	DBCA	47_1	210	121.817331791022
657.142857142857	833.333333333333	77.9413388913229	24.6	102.541338891323	DBCA	47_2	210	122.700867818091
657.142857142857	866.666666666667	77.8391624300721	24.6	102.439162430072	DBCA	47_2	280	117.428648865701
657.142857142857	900	79.0129995316786	24.6	103.612999531679	DBCA	47_2	0	103.612999531679
657.142857142857	933.333333333333	81.4412936857437	24.6	106.041293685744	DBCA	47_2	70	118.706079394697
657.142857142857	966.666666666667	81.2919328790824	24.6	105.891932879082	DBCA	47_2	140	125.276561563625
671.428571428571	666.666666666667	82.2992670175863	24.6	106.899267017586	DBCA	48_1	140	126.283895702129
671.428571428571	700	80.0652870773466	24.6	104.665287077347	DBCA	48_1	0	104.665287077347
671.428571428571	733.333333333333	79.9272252566084	24.6	104.527225256608	DBCA	48_1	210	124.686754183376
671.428571428571	766.666666666667	76.9023413933197	24.6	101.50234139332	DBCA	48_1	280	116.491827828949
671.428571428571	800	77.5494184463442	24.6	102.149418446344	DBCA	48_1	70	114.814204155298
671.428571428571	833.333333333333	75.267426469147	24.6	99.867426469147	DBCA	48_2	0	99.867426469147
671.428571428571	866.666666666667	76.4216872505796	24.6	101.02168725058	DBCA	48_2	210	121.181216177347
671.428571428571	900	77.3453126622022	24.6	101.945312662202	DBCA	48_2	280	116.934799097831
671.428571428571	933.333333333333	79.4884795357088	24.6	104.088479535709	DBCA	48_2	70	116.753265244662
671.428571428571	966.666666666667	83.8906636489309	24.6	108.490663648931	DBCA	48_2	140	127.875292333474
685.714285714286	666.666666666667	82.5946265847859	24.6	107.194626584786	DBCA	49_1	70	119.859412293739
685.714285714286	700	81.0840210733339	24.6	105.684021073334	DBCA	49_1	210	125.843550000102
685.714285714286	733.333333333333	78.669677595367	24.6	103.269677595367	DBCA	49_1	0	103.269677595367
685.714285714286	766.666666666667	76.4926436967968	24.6	101.092643696797	DBCA	49_1	140	120.477272381339
685.714285714286	800	79.6768422746108	24.6	104.276842274611	DBCA	49_1	280	119.26632871024
685.714285714286	833.333333333333	75.9934632538069	24.6	100.593463253807	DBCA	49_2	210	120.752992180575
685.714285714286	866.666666666667	76.9582168904795	24.6	101.558216890479	DBCA	49_2	0	101.558216890479
685.714285714286	900	77.0170692610165	24.6	101.617069261016	DBCA	49_2	140	121.001697945559
685.714285714286	933.333333333333	80.1729550171785	24.6	104.772955017179	DBCA	49_2	280	119.762441452807
685.714285714286	966.666666666667	81.730962179202	24.6	106.330962179202	DBCA	49_2	70	118.995747888155
57.1428571428571	666.666666666667	79.4635871471229	0	79.4635871471229	DBCA	5_1	280	71.0338735827517
57.1428571428571	700	81.5083747199706	0	81.5083747199706	DBCA	5_1	210	84.1035036467384
57.1428571428571	733.333333333333	80.7925078319117	0	80.7925078319117	DBCA	5_1	140	88.4675365164544
57.1428571428571	766.666666666667	77.3800734219588	0	77.3800734219588	DBCA	5_1	70	84.1900591309122
57.1428571428571	800	76.6728658453476	0	76.6728658453476	DBCA	5_1	0	76.6728658453476
57.1428571428571	833.333333333333	78.4614790179038	0	78.4614790179038	DBCA	5_2	210	81.0566079446716
57.1428571428571	866.666666666667	78.002705310354	0	78.002705310354	DBCA	5_2	140	85.6777339948967
57.1428571428571	900	79.8895821453979	0	79.8895821453979	DBCA	5_2	70	86.6995678543513
57.1428571428571	933.333333333333	81.2288806380006	0	81.2288806380006	DBCA	5_2	0	81.2288806380006
57.1428571428571	966.666666666667	79.7387023835047	0	79.7387023835047	DBCA	5_2	280	71.3089888191335
700	666.666666666667	79.9374990844497	24.6	104.53749908445	DBCA	50_1	0	104.53749908445
700	700	80.1763223880463	24.6	104.776322388046	DBCA	50_1	70	117.441108097
700	733.333333333333	76.6863678733127	24.6	101.286367873313	DBCA	50_1	280	116.275854308942
700	766.666666666667	74.0294235554345	24.6	98.6294235554345	DBCA	50_1	140	118.014052239977
700	800	77.3472564340737	24.6	101.947256434074	DBCA	50_1	210	122.106785360842
700	833.333333333333	76.8577354460856	24.6	101.457735446086	DBCA	50_2	210	121.617264372853
700	866.666666666667	74.928148153052	24.6	99.528148153052	DBCA	50_2	140	118.912776837595
700	900	72.0693439425824	24.6	96.6693439425824	DBCA	50_2	70	109.334129651536
700	933.333333333333	82.1563531276329	24.6	106.756353127633	DBCA	50_2	280	121.745839563262
700	966.666666666667	82.1005635876133	24.6	106.700563587613	DBCA	50_2	0	106.700563587613
714.285714285714	666.666666666667	82.4457801668258	24.6	107.045780166826	DBCA	51_1	210	127.205309093594
714.285714285714	700	76.817222789706	24.6	101.417222789706	DBCA	51_1	140	120.801851474249
714.285714285714	733.333333333333	79.3633480229373	24.6	103.963348022937	DBCA	51_1	280	118.952834458566
714.285714285714	766.666666666667	76.5031293890229	24.6	101.103129389023	DBCA	51_1	0	101.103129389023
714.285714285714	800	74.5318558320962	24.6	99.1318558320962	DBCA	51_1	70	111.79664154105
714.285714285714	833.333333333333	77.1452307802767	24.6	101.745230780277	DBCA	51_2	0	101.745230780277
714.285714285714	866.666666666667	75.350889269982	24.6	99.950889269982	DBCA	51_2	210	120.11041819675
714.285714285714	900	80.4542902933526	24.6	105.054290293353	DBCA	51_2	140	124.438918977895
714.285714285714	933.333333333333	80.9948520147164	24.6	105.594852014716	DBCA	51_2	70	118.25963772367
714.285714285714	966.666666666667	80.1453512792102	24.6	104.74535127921	DBCA	51_2	280	119.734837714839
728.571428571429	666.666666666667	82.500119877846	24.6	107.100119877846	DBCA	52_1	210	127.259648804614
728.571428571429	700	78.3194836637307	24.6	102.919483663731	DBCA	52_1	140	122.304112348273
728.571428571429	733.333333333333	76.491532286832	24.6	101.091532286832	DBCA	52_1	0	101.091532286832
728.571428571429	766.666666666667	75.3240272252209	24.6	99.9240272252209	DBCA	52_1	280	114.91351366085
728.571428571429	800	72.4970728308452	24.6	97.0970728308452	DBCA	52_1	70	109.761858539799
728.571428571429	833.333333333333	76.7560151660986	24.6	101.356015166099	DBCA	52_2	0	101.356015166099
728.571428571429	866.666666666667	74.8366345894104	24.6	99.4366345894104	DBCA	52_2	140	118.821263273953
728.571428571429	900	80.4875589093511	24.6	105.087558909351	DBCA	52_2	280	120.07704534498
728.571428571429	933.333333333333	81.8004512717115	24.6	106.400451271712	DBCA	52_2	70	119.065236980665
728.571428571429	966.666666666667	80.0530189887873	24.6	104.653018988787	DBCA	52_2	210	124.812547915555
742.857142857143	666.666666666667	85.6128841853109	24.6	110.212884185311	DBCA	53_1	70	122.877669894264
742.857142857143	700	75.2583271872626	24.6	99.8583271872626	DBCA	53_1	0	99.8583271872626
742.857142857143	733.333333333333	80.4683418689885	24.6	105.068341868989	DBCA	53_1	280	120.057828304617
742.857142857143	766.666666666667	75.0358279865094	24.6	99.6358279865094	DBCA	53_1	210	119.795356913277
742.857142857143	800	76.5927277578106	24.6	101.192727757811	DBCA	53_1	140	120.577356442353
742.857142857143	833.333333333333	77.8709587431598	24.6	102.47095874316	DBCA	53_2	70	115.135744452113
742.857142857143	866.666666666667	78.9460014544506	24.6	103.546001454451	DBCA	53_2	280	118.535487890079
742.857142857143	900	80.5437428523979	24.6	105.143742852398	DBCA	53_2	0	105.143742852398
742.857142857143	933.333333333333	82.9688520027054	24.6	107.568852002705	DBCA	53_2	210	127.728380929473
742.857142857143	966.666666666667	76.8012732947292	24.6	101.401273294729	DBCA	53_2	140	120.785901979272
757.142857142857	666.666666666667	83.71154995927	24.6	108.31154995927	DBCA	54_1	280	123.301036394899
757.142857142857	700	77.5167922577361	24.6	102.116792257736	DBCA	54_1	0	102.116792257736
757.142857142857	733.333333333333	72.5788393591487	24.6	97.1788393591487	DBCA	54_1	210	117.338368285916
757.142857142857	766.666666666667	74.2907211340897	24.6	98.8907211340897	DBCA	54_1	140	118.275349818632
757.142857142857	800	76.9607358340838	24.6	101.560735834084	DBCA	54_1	70	114.225521543037
757.142857142857	833.333333333333	80.2501864541769	24.6	104.850186454177	DBCA	54_2	70	117.51497216313
757.142857142857	866.666666666667	82.0447466907905	24.6	106.64474669079	DBCA	54_2	280	121.634233126419
757.142857142857	900	82.9929255767107	24.6	107.592925576711	DBCA	54_2	140	126.977554261253
757.142857142857	933.333333333333	79.8291914567114	24.6	104.429191456711	DBCA	54_2	210	124.588720383479
757.142857142857	966.666666666667	70.4193231425007	24.6	95.0193231425007	DBCA	54_2	0	95.0193231425007
771.428571428571	666.666666666667	81.7525969426726	24.6	106.352596942673	DBCA	55_1	70	119.017382651626
771.428571428571	700	78.4692747063798	24.6	103.06927470638	DBCA	55_1	0	103.06927470638
771.428571428571	733.333333333333	74.0394465398541	24.6	98.6394465398541	DBCA	55_1	280	113.628932975483
771.428571428571	766.666666666667	74.4050618861898	24.6	99.0050618861898	DBCA	55_1	140	118.389690570732
771.428571428571	800	76.9034306743064	24.6	101.503430674306	DBCA	55_1	210	121.662959601074
771.428571428571	833.333333333333	80.5385777111094	24.6	105.138577711109	DBCA	55_2	210	125.298106637877
771.428571428571	866.666666666667	83.1701004393965	24.6	107.770100439396	DBCA	55_2	70	120.43488614835
771.428571428571	900	80.9313519834907	24.6	105.531351983491	DBCA	55_2	0	105.531351983491
771.428571428571	933.333333333333	78.8645815859145	24.6	103.464581585914	DBCA	55_2	280	118.454068021543
771.428571428571	966.666666666667	76.0923581048835	24.6	100.692358104883	DBCA	55_2	140	120.076986789426
785.714285714286	666.666666666667	82.0628319436634	24.6	106.662831943663	DBCA	56_1	140	126.047460628206
785.714285714286	700	76.1984290230976	24.6	100.798429023098	DBCA	56_1	0	100.798429023098
785.714285714286	733.333333333333	76.6173384600104	24.6	101.21733846001	DBCA	56_1	280	116.206824895639
785.714285714286	766.666666666667	76.7069985272726	24.6	101.306998527273	DBCA	56_1	70	113.971784236226
785.714285714286	800	81.6991008361711	24.6	106.299100836171	DBCA	56_1	210	126.458629762939
785.714285714286	833.333333333333	82.2768230429932	24.6	106.876823042993	DBCA	56_2	70	119.541608751947
785.714285714286	866.666666666667	82.9913590777492	24.6	107.591359077749	DBCA	56_2	210	127.750888004517
785.714285714286	900	79.8856872062522	24.6	104.485687206252	DBCA	56_2	280	119.475173641881
785.714285714286	933.333333333333	80.0257689552562	24.6	104.625768955256	DBCA	56_2	0	104.625768955256
785.714285714286	966.666666666667	78.3437012757968	24.6	102.943701275797	DBCA	56_2	140	122.328329960339
800	666.666666666667	79.5664872846716	24.6	104.166487284672	DBCA	57_1	140	123.551115969214
800	700	79.4830588578643	24.6	104.083058857864	DBCA	57_1	0	104.083058857864
800	733.333333333333	79.4390235972109	24.6	104.039023597211	DBCA	57_1	210	124.198552523979
800	766.666666666667	78.2874442892615	24.6	102.887444289261	DBCA	57_1	280	117.87693072489
800	800	81.5425143107095	24.6	106.14251431071	DBCA	57_1	70	118.807300019663
800	833.333333333333	80.089246971878	24.6	104.689246971878	DBCA	57_2	280	119.678733407507
800	866.666666666667	82.052589422616	24.6	106.652589422616	DBCA	57_2	0	106.652589422616
800	900	78.8092970147514	24.6	103.409297014751	DBCA	57_2	70	116.074082723705
800	933.333333333333	80.2325656346083	24.6	104.832565634608	DBCA	57_2	140	124.217194319151
800	966.666666666667	81.355902564645	24.6	105.955902564645	DBCA	57_2	210	126.115431491413
814.285714285714	666.666666666667	80.9605529915448	24.6	105.560552991545	DBCA	58_1	70	118.225338700498
814.285714285714	700	79.7616496203558	24.6	104.361649620356	DBCA	58_1	280	119.351136055985
814.285714285714	733.333333333333	76.0423318659684	24.6	100.642331865968	DBCA	58_1	210	120.801860792736
814.285714285714	766.666666666667	75.6776763634276	24.6	100.277676363428	DBCA	58_1	0	100.277676363428
814.285714285714	800	80.8545366798848	24.6	105.454536679885	DBCA	58_1	140	124.839165364428
814.285714285714	833.333333333333	79.0597383691559	24.6	103.659738369156	DBCA	58_2	280	118.649224804785
814.285714285714	866.666666666667	82.4575234151275	24.6	107.057523415128	DBCA	58_2	70	119.722309124081
814.285714285714	900	79.829568107864	24.6	104.429568107864	DBCA	58_2	210	124.589097034632
814.285714285714	933.333333333333	77.5402614275968	24.6	102.140261427597	DBCA	58_2	0	102.140261427597
814.285714285714	966.666666666667	79.7626702527329	24.6	104.362670252733	DBCA	58_2	140	123.747298937276
828.571428571429	666.666666666667	79.3572496971235	24.6	103.957249697123	DBCA	59_1	140	123.341878381666
828.571428571429	700	78.5900253685991	24.6	103.190025368599	DBCA	59_1	210	123.349554295367
828.571428571429	733.333333333333	76.1244016085929	24.6	100.724401608593	DBCA	59_1	280	115.713888044222
828.571428571429	766.666666666667	78.4175973747455	24.6	103.017597374745	DBCA	59_1	0	103.017597374745
828.571428571429	800	81.0485500817424	24.6	105.648550081742	DBCA	59_1	70	118.313335790696
828.571428571429	833.333333333333	76.8698110761236	24.6	101.469811076124	DBCA	59_2	210	121.629340002891
828.571428571429	866.666666666667	77.7387319748696	24.6	102.33873197487	DBCA	59_2	0	102.33873197487
828.571428571429	900	82.1082394705206	24.6	106.708239470521	DBCA	59_2	140	126.092868155063
828.571428571429	933.333333333333	80.0760534844859	24.6	104.676053484486	DBCA	59_2	70	117.340839193439
828.571428571429	966.666666666667	79.8073716468284	24.6	104.407371646828	DBCA	59_2	280	119.396858082457
71.4285714285714	666.666666666667	76.953602638811	0	76.953602638811	DBCA	6_1	70	83.7635883477644
71.4285714285714	700	79.2166889231369	0	79.2166889231369	DBCA	6_1	280	70.7869753587657
71.4285714285714	733.333333333333	80.3184921575569	0	80.3184921575569	DBCA	6_1	0	80.3184921575569
71.4285714285714	766.666666666667	79.2334439230468	0	79.2334439230468	DBCA	6_1	210	81.8285728498146
71.4285714285714	800	77.5257148036629	0	77.5257148036629	DBCA	6_1	140	85.2007434882056
71.4285714285714	833.333333333333	78.5758469281046	0	78.5758469281046	DBCA	6_2	0	78.5758469281046
71.4285714285714	866.666666666667	76.0688096550628	0	76.0688096550628	DBCA	6_2	70	82.8787953640162
71.4285714285714	900	76.4215318938966	0	76.4215318938966	DBCA	6_2	280	67.9918183295254
71.4285714285714	933.333333333333	78.468392180707	0	78.468392180707	DBCA	6_2	140	86.1434208652496
71.4285714285714	966.666666666667	80.907399342173	0	80.907399342173	DBCA	6_2	210	83.5025282689408
842.857142857143	666.666666666667	75.2342745131729	24.6	99.8342745131729	DBCA	60_1	210	119.993803439941
842.857142857143	700	73.3358555285019	24.6	97.9358555285018	DBCA	60_1	140	117.320484213045
842.857142857143	733.333333333333	76.1511490452715	24.6	100.751149045271	DBCA	60_1	280	115.7406354809
842.857142857143	766.666666666667	74.8943918479927	24.6	99.4943918479927	DBCA	60_1	70	112.159177556946
842.857142857143	800	78.1572429441899	24.6	102.75724294419	DBCA	60_1	0	102.75724294419
842.857142857143	833.333333333333	76.5856657962776	24.6	101.185665796278	DBCA	60_2	0	101.185665796278
842.857142857143	866.666666666667	75.8288636988508	24.6	100.428863698851	DBCA	60_2	140	119.813492383393
842.857142857143	900	79.7323858738255	24.6	104.332385873825	DBCA	60_2	70	116.997171582779
842.857142857143	933.333333333333	77.4802092061319	24.6	102.080209206132	DBCA	60_2	210	122.2397381329
842.857142857143	966.666666666667	82.4823731076092	24.6	107.082373107609	DBCA	60_2	280	122.071859543238
857.142857142857	666.666666666667	78.6216395126467	24.6	103.221639512647	DBCA	61_1	280	118.211125948276
857.142857142857	700	76.787956126942	24.6	101.387956126942	DBCA	61_1	70	114.052741835895
857.142857142857	733.333333333333	78.9689245151602	24.6	103.56892451516	DBCA	61_1	210	123.728453441928
857.142857142857	766.666666666667	76.6537966188802	24.6	101.25379661888	DBCA	61_1	0	101.25379661888
857.142857142857	800	75.4727261946335	24.6	100.072726194633	DBCA	61_1	140	119.457354879176
857.142857142857	833.333333333333	75.8527617925105	24.6	100.45276179251	DBCA	61_2	210	120.612290719278
857.142857142857	866.666666666667	75.2995156148951	24.6	99.8995156148951	DBCA	61_2	140	119.284144299438
857.142857142857	900	81.5365020616134	24.6	106.136502061613	DBCA	61_2	280	121.125988497242
857.142857142857	933.333333333333	75.8226820327782	24.6	100.422682032778	DBCA	61_2	0	100.422682032778
857.142857142857	966.666666666667	85.3259590627892	24.6	109.925959062789	DBCA	61_2	70	122.590744771743
871.428571428571	666.666666666667	78.1748130222285	24.6	102.774813022228	DBCA	62_1	0	102.774813022228
871.428571428571	700	77.3542955608492	24.6	101.954295560849	DBCA	62_1	140	121.338924245392
871.428571428571	733.333333333333	77.188565850557	24.6	101.788565850557	DBCA	62_1	210	121.948094777325
871.428571428571	766.666666666667	76.2789862296681	24.6	100.878986229668	DBCA	62_1	70	113.543771938622
871.428571428571	800	76.2667813963887	24.6	100.866781396389	DBCA	62_1	280	115.856267832018
871.428571428571	833.333333333333	77.2599482281576	24.6	101.859948228158	DBCA	62_2	140	121.2445769127
871.428571428571	866.666666666667	78.323856319729	24.6	102.923856319729	DBCA	62_2	280	117.913342755358
871.428571428571	900	85.0978117007821	24.6	109.697811700782	DBCA	62_2	70	122.362597409735
871.428571428571	933.333333333333	80.1914907909834	24.6	104.791490790983	DBCA	62_2	0	104.791490790983
871.428571428571	966.666666666667	85.8760244779672	24.6	110.476024477967	DBCA	62_2	210	130.635553404735
885.714285714286	666.666666666667	75.2131841455724	24.6	99.8131841455724	DBCA	63_1	280	114.802670581201
885.714285714286	700	81.5108272250077	24.6	106.110827225008	DBCA	63_1	140	125.49545590955
885.714285714286	733.333333333333	78.8785183217995	24.6	103.478518321799	DBCA	63_1	0	103.478518321799
885.714285714286	766.666666666667	79.3097593815712	24.6	103.909759381571	DBCA	63_1	210	124.069288308339
885.714285714286	800	77.961624877278	24.6	102.561624877278	DBCA	63_1	70	115.226410586231
885.714285714286	833.333333333333	81.1475551305112	24.6	105.747555130511	DBCA	63_2	140	125.132183815054
885.714285714286	866.666666666667	78.845736101511	24.6	103.445736101511	DBCA	63_2	70	116.110521810464
885.714285714286	900	80.206664609401	24.6	104.806664609401	DBCA	63_2	210	124.966193536169
885.714285714286	933.333333333333	81.8080048345076	24.6	106.408004834508	DBCA	63_2	0	106.408004834508
885.714285714286	966.666666666667	83.218579707183	24.6	107.818579707183	DBCA	63_2	280	122.808066142812
900	666.666666666667	75.3834776699083	24.6	99.9834776699083	DBCA	64_1	210	120.143006596676
900	700	81.9989068652564	24.6	106.598906865256	DBCA	64_1	140	125.983535549799
900	733.333333333333	79.0016079797131	24.6	103.601607979713	DBCA	64_1	0	103.601607979713
900	766.666666666667	79.6411197260058	24.6	104.241119726006	DBCA	64_1	280	119.230606161635
900	800	79.9986431212015	24.6	104.598643121201	DBCA	64_1	70	117.263428830155
900	833.333333333333	76.8630775641024	24.6	101.463077564102	DBCA	64_2	70	114.127863273056
900	866.666666666667	78.3376806328361	24.6	102.937680632836	DBCA	64_2	140	122.322309317379
900	900	84.3104122225376	24.6	108.910412222538	DBCA	64_2	280	123.899898658166
900	933.333333333333	82.0526620841201	24.6	106.65266208412	DBCA	64_2	0	106.65266208412
900	966.666666666667	81.6363957454379	24.6	106.236395745438	DBCA	64_2	210	126.395924672206
914.285714285714	666.666666666667	76.3600702450782	24.6	100.960070245078	DBCA	65_1	280	115.949556680707
914.285714285714	700	80.3208037254404	24.6	104.92080372544	DBCA	65_1	70	117.585589434394
914.285714285714	733.333333333333	77.5217393292104	24.6	102.12173932921	DBCA	65_1	210	122.281268255978
914.285714285714	766.666666666667	79.2119467470987	24.6	103.811946747099	DBCA	65_1	140	123.196575431641
914.285714285714	800	78.1158395078592	24.6	102.715839507859	DBCA	65_1	0	102.715839507859
914.285714285714	833.333333333333	78.3885354368488	24.6	102.988535436849	DBCA	65_2	280	117.978021872478
914.285714285714	866.666666666667	78.2653639652031	24.6	102.865363965203	DBCA	65_2	140	122.249992649746
914.285714285714	900	77.502693950362	24.6	102.102693950362	DBCA	65_2	70	114.767479659315
914.285714285714	933.333333333333	81.2158837176709	24.6	105.815883717671	DBCA	65_2	0	105.815883717671
914.285714285714	966.666666666667	81.0042388423007	24.6	105.604238842301	DBCA	65_2	210	125.763767769069
928.571428571429	666.666666666667	79.8493105198168	24.6	104.449310519817	DBCA	66_1	140	123.833939204359
928.571428571429	700	77.1207454766195	24.6	101.720745476619	DBCA	66_1	210	121.880274403387
928.571428571429	733.333333333333	76.0331003918964	24.6	100.633100391896	DBCA	66_1	0	100.633100391896
928.571428571429	766.666666666667	80.3514898506234	24.6	104.951489850623	DBCA	66_1	70	117.616275559577
928.571428571429	800	80.4268025981548	24.6	105.026802598155	DBCA	66_1	280	120.016289033784
928.571428571429	833.333333333333	79.4723643415091	24.6	104.072364341509	DBCA	66_2	70	116.737150050462
928.571428571429	866.666666666667	78.3326968518102	24.6	102.93269685181	DBCA	66_2	210	123.092225778578
928.571428571429	900	82.4507492904676	24.6	107.050749290468	DBCA	66_2	0	107.050749290468
928.571428571429	933.333333333333	80.4273216631006	24.6	105.027321663101	DBCA	66_2	140	124.411950347643
928.571428571429	966.666666666667	78.4295978957515	24.6	103.029597895751	DBCA	66_2	280	118.01908433138
942.857142857143	666.666666666667	79.9463334652085	24.6	104.546333465209	DBCA	67_1	210	124.705862391976
942.857142857143	700	81.741743998644	24.6	106.341743998644	DBCA	67_1	70	119.006529707597
942.857142857143	733.333333333333	80.2616295656858	24.6	104.861629565686	DBCA	67_1	0	104.861629565686
942.857142857143	766.666666666667	81.3368296143011	24.6	105.936829614301	DBCA	67_1	280	120.92631604993
942.857142857143	800	83.3104493092776	24.6	107.910449309278	DBCA	67_1	140	127.29507799382
942.857142857143	833.333333333333	78.6965636939625	24.6	103.296563693962	DBCA	67_2	210	123.45609262073
942.857142857143	866.666666666667	77.8121704013692	24.6	102.412170401369	DBCA	67_2	280	117.401656836998
942.857142857143	900	85.6295103117456	24.6	110.229510311746	DBCA	67_2	0	110.229510311746
942.857142857143	933.333333333333	84.2277689743969	24.6	108.827768974397	DBCA	67_2	70	121.49255468335
942.857142857143	966.666666666667	79.6669991530104	24.6	104.26699915301	DBCA	67_2	140	123.651627837553
957.142857142857	666.666666666667	81.1568221619124	24.6	105.756822161912	DBCA	68_1	0	105.756822161912
957.142857142857	700	77.7615171914048	24.6	102.361517191405	DBCA	68_1	70	115.026302900358
957.142857142857	733.333333333333	84.393240711063	24.6	108.993240711063	DBCA	68_1	280	123.982727146692
957.142857142857	766.666666666667	81.6692367841017	24.6	106.269236784102	DBCA	68_1	210	126.42876571087
957.142857142857	800	81.5764179203218	24.6	106.176417920322	DBCA	68_1	140	125.561046604864
957.142857142857	833.333333333333	79.6331950026961	24.6	104.233195002696	DBCA	68_2	70	116.897980711649
957.142857142857	866.666666666667	80.9589796080853	24.6	105.558979608085	DBCA	68_2	210	125.718508534853
957.142857142857	900	80.0488549047483	24.6	104.648854904748	DBCA	68_2	0	104.648854904748
957.142857142857	933.333333333333	81.3695345076879	24.6	105.969534507688	DBCA	68_2	280	120.959020943317
957.142857142857	966.666666666667	81.114478031992	24.6	105.714478031992	DBCA	68_2	140	125.099106716535
971.428571428571	666.666666666667	85.246729101518	24.6	109.846729101518	DBCA	69_1	70	122.511514810471
971.428571428571	700	80.6196250145899	24.6	105.21962501459	DBCA	69_1	280	120.209111450219
971.428571428571	733.333333333333	82.2763232223441	24.6	106.876323222344	DBCA	69_1	210	127.035852149112
971.428571428571	766.666666666667	82.2872967537563	24.6	106.887296753756	DBCA	69_1	0	106.887296753756
971.428571428571	800	85.5456815056612	24.6	110.145681505661	DBCA	69_1	140	129.530310190204
971.428571428571	833.333333333333	79.3169027877526	24.6	103.916902787753	DBCA	69_2	70	116.581688496706
971.428571428571	866.666666666667	81.3116622916936	24.6	105.911662291694	DBCA	69_2	210	126.071191218461
971.428571428571	900	83.0026477657532	24.6	107.602647765753	DBCA	69_2	140	126.987276450296
971.428571428571	933.333333333333	78.4834720913714	24.6	103.083472091371	DBCA	69_2	280	118.072958527
971.428571428571	966.666666666667	78.1995530674037	24.6	102.799553067404	DBCA	69_2	0	102.799553067404
85.7142857142857	666.666666666667	79.5936683559435	0	79.5936683559435	DBCA	7_1	140	87.2686970404861
85.7142857142857	700	82.6538288408868	0	82.6538288408868	DBCA	7_1	210	85.2489577676546
85.7142857142857	733.333333333333	78.5090731638184	0	78.5090731638184	DBCA	7_1	70	85.3190588727718
85.7142857142857	766.666666666667	78.4289712636981	0	78.4289712636981	DBCA	7_1	280	69.999257699327
85.7142857142857	800	79.6281402496746	0	79.6281402496746	DBCA	7_1	0	79.6281402496746
85.7142857142857	833.333333333333	77.9092944566604	0	77.9092944566604	DBCA	7_2	0	77.9092944566604
85.7142857142857	866.666666666667	74.8267298655618	0	74.8267298655618	DBCA	7_2	140	82.5017585501044
85.7142857142857	900	81.0970335985638	0	81.0970335985638	DBCA	7_2	210	83.6921625253316
85.7142857142857	933.333333333333	77.5272577141595	0	77.5272577141595	DBCA	7_2	70	84.3372434231129
85.7142857142857	966.666666666667	75.9946198500031	0	75.9946198500031	DBCA	7_2	280	67.564906285632
985.714285714286	666.666666666667	80.8391530071968	24.6	105.439153007197	DBCA	70_1	210	125.598681933965
985.714285714286	700	83.1203820377789	24.6	107.720382037779	DBCA	70_1	70	120.385167746732
985.714285714286	733.333333333333	80.1730578426014	24.6	104.773057842601	DBCA	70_1	280	119.76254427823
985.714285714286	766.666666666667	84.9340517069923	24.6	109.534051706992	DBCA	70_1	140	128.918680391535
985.714285714286	800	86.0284642875006	24.6	110.628464287501	DBCA	70_1	0	110.628464287501
985.714285714286	833.333333333333	79.3776204145687	24.6	103.977620414569	DBCA	70_2	280	118.967106850198
985.714285714286	866.666666666667	80.0784010205006	24.6	104.678401020501	DBCA	70_2	70	117.343186729454
985.714285714286	900	79.5296496703331	24.6	104.129649670333	DBCA	70_2	0	104.129649670333
985.714285714286	933.333333333333	83.4435340206658	24.6	108.043534020666	DBCA	70_2	140	127.428162705208
985.714285714286	966.666666666667	77.8712571487748	24.6	102.471257148775	DBCA	70_2	210	122.630786075543
1000	666.666666666667	79.2437630569532	24.6	103.843763056953	DBCA	71_1	70	116.508548765907
1000	700	78.962703131771	24.6	103.562703131771	DBCA	71_1	0	103.562703131771
1000	733.333333333333	82.4276104087179	24.6	107.027610408718	DBCA	71_1	280	122.017096844347
1000	766.666666666667	80.523351447246	24.6	105.123351447246	DBCA	71_1	210	125.282880374014
1000	800	83.5432170765468	24.6	108.143217076547	DBCA	71_1	140	127.527845761089
1000	833.333333333333	78.6690413308876	24.6	103.269041330888	DBCA	71_2	70	115.933827039841
1000	866.666666666667	79.3176743602131	24.6	103.917674360213	DBCA	71_2	140	123.302303044756
1000	900	81.7343057635185	24.6	106.334305763519	DBCA	71_2	280	121.323792199147
1000	933.333333333333	81.4451576169175	24.6	106.045157616917	DBCA	71_2	210	126.204686543685
1000	966.666666666667	78.3987343477958	24.6	102.998734347796	DBCA	71_2	0	102.998734347796
100	666.666666666667	79.2159710845154	0	79.2159710845154	DBCA	8_1	140	86.890999769058
100	700	84.4665750771664	0	84.4665750771664	DBCA	8_1	0	84.4665750771664
100	733.333333333333	79.5611422974948	0	79.5611422974948	DBCA	8_1	280	71.1314287331236
100	766.666666666667	81.1947718928293	0	81.1947718928293	DBCA	8_1	210	83.7899008195971
100	800	79.406305373925	0	79.406305373925	DBCA	8_1	70	86.2162910828784
100	833.333333333333	78.3828686939532	0	78.3828686939532	DBCA	8_2	280	69.953155129582
100	866.666666666667	80.9616525313029	0	80.9616525313029	DBCA	8_2	210	83.5567814580708
100	900	80.9226486287301	0	80.9226486287301	DBCA	8_2	70	87.7326343376835
100	933.333333333333	79.4844932655345	0	79.4844932655345	DBCA	8_2	0	79.4844932655345
100	966.666666666667	78.528797572886	0	78.528797572886	DBCA	8_2	140	86.2038262574287
114.285714285714	666.666666666667	82.6567797954536	0	82.6567797954536	DBCA	9_1	0	82.6567797954536
114.285714285714	700	80.5115342415028	0	80.5115342415028	DBCA	9_1	70	87.3215199504561
114.285714285714	733.333333333333	80.7501865773017	0	80.7501865773017	DBCA	9_1	140	88.4252152618444
114.285714285714	766.666666666667	80.968283145628	0	80.968283145628	DBCA	9_1	210	83.5634120723958
114.285714285714	800	76.7389933680438	0	76.7389933680438	DBCA	9_1	280	68.3092798036727
114.285714285714	833.333333333333	78.4374925955987	0	78.4374925955987	DBCA	9_2	70	85.2474783045521
114.285714285714	866.666666666667	79.7383490023242	0	79.7383490023242	DBCA	9_2	210	82.3334779290921
114.285714285714	900	83.6943701441829	0	83.6943701441829	DBCA	9_2	0	83.6943701441829
114.285714285714	933.333333333333	77.8630232892928	0	77.8630232892928	DBCA	9_2	140	85.5380519738355
114.285714285714	966.666666666667	80.4963186217363	0	80.4963186217363	DBCA	9_2	280	72.0666050573652
0	1000	77.5268661785895	0	77.5268661785895	DBCA	1_3	NA	NA
14.2857142857143	1000	77.8540804022936	0	77.8540804022936	DBCA	2_3	NA	NA
28.5714285714286	1000	79.9669166714617	0	79.9669166714617	DBCA	3_3	NA	NA
42.8571428571429	1000	77.6308875981798	0	77.6308875981798	DBCA	4_3	NA	NA
57.1428571428571	1000	78.6186771886794	0	78.6186771886794	DBCA	5_3	NA	NA
71.4285714285714	1000	79.3815110038083	0	79.3815110038083	DBCA	6_3	NA	NA
85.7142857142857	1000	78.9911133745516	0	78.9911133745516	DBCA	7_3	NA	NA
100	1000	80.7215922084028	0	80.7215922084028	DBCA	8_3	NA	NA
114.285714285714	1000	85.2359010566175	0	85.2359010566175	DBCA	9_3	NA	NA
128.571428571429	1000	79.7487202300644	0	79.7487202300644	DBCA	10_3	NA	NA
142.857142857143	1000	79.0783866930811	0	79.0783866930811	DBCA	11_3	NA	NA
157.142857142857	1000	80.6879168018952	0	80.6879168018952	DBCA	12_3	NA	NA
171.428571428571	1000	80.714821832645	0	80.714821832645	DBCA	13_3	NA	NA
185.714285714286	1000	82.2865310424396	0	82.2865310424396	DBCA	14_3	NA	NA
200	1000	84.0183604877084	0	84.0183604877084	DBCA	15_3	NA	NA
214.285714285714	1000	80.7588987648257	0	80.7588987648257	DBCA	16_3	NA	NA
228.571428571429	1000	80.2168350355095	0	80.2168350355095	DBCA	17_3	NA	NA
242.857142857143	1000	80.9659136105428	0	80.9659136105428	DBCA	18_3	NA	NA
257.142857142857	1000	80.4501694814939	0	80.4501694814939	DBCA	19_3	NA	NA
271.428571428571	1000	79.9407517336685	0	79.9407517336685	DBCA	20_3	NA	NA
285.714285714286	1000	79.7931013938689	0	79.7931013938689	DBCA	21_3	NA	NA
300	1000	77.9403590132678	0	77.9403590132678	DBCA	22_3	NA	NA
314.285714285714	1000	80.0670148786673	0	80.0670148786673	DBCA	23_3	NA	NA
328.571428571429	1000	76.6734523874987	0	76.6734523874987	DBCA	24_3	NA	NA
342.857142857143	1000	79.4251935788463	0	79.4251935788463	DBCA	25_3	NA	NA
357.142857142857	1000	83.0542842302258	0	83.0542842302258	DBCA	26_3	NA	NA
371.428571428571	1000	83.6127755080929	0	83.6127755080929	DBCA	27_3	NA	NA
385.714285714286	1000	84.5940821729516	0	84.5940821729516	DBCA	28_3	NA	NA
400	1000	84.0667652585007	0	84.0667652585007	DBCA	29_3	NA	NA
414.285714285714	1000	80.8890613659171	0	80.8890613659171	DBCA	30_3	NA	NA
428.571428571429	1000	82.2965401296638	0	82.2965401296638	DBCA	31_3	NA	NA
442.857142857143	1000	85.4123391017647	0	85.4123391017647	DBCA	32_3	NA	NA
457.142857142857	1000	80.9004382789189	0	80.9004382789189	DBCA	33_3	NA	NA
471.428571428571	1000	81.9927191958447	0	81.9927191958447	DBCA	34_3	NA	NA
485.714285714286	1000	77.1326533315857	0	77.1326533315857	DBCA	35_3	NA	NA
500	1000	79.1309061190194	0	79.1309061190194	DBCA	36_3	NA	NA
514.285714285714	1000	76.8215106162263	24.6	101.421510616226	DBCA	37_3	NA	NA
528.571428571429	1000	76.9073171993157	24.6	101.507317199316	DBCA	38_3	NA	NA
542.857142857143	1000	76.2163521267409	24.6	100.816352126741	DBCA	39_3	NA	NA
557.142857142857	1000	77.7013836737861	24.6	102.301383673786	DBCA	40_3	NA	NA
571.428571428571	1000	74.0245639452936	24.6	98.6245639452936	DBCA	41_3	NA	NA
585.714285714286	1000	76.0436025101529	24.6	100.643602510153	DBCA	42_3	NA	NA
600	1000	79.5784679674796	24.6	104.17846796748	DBCA	43_3	NA	NA
614.285714285714	1000	77.3303181975114	24.6	101.930318197511	DBCA	44_3	NA	NA
628.571428571429	1000	80.9704119591831	24.6	105.570411959183	DBCA	45_3	NA	NA
642.857142857143	1000	78.8281707654654	24.6	103.428170765465	DBCA	46_3	NA	NA
657.142857142857	1000	80.165053869206	24.6	104.765053869206	DBCA	47_3	NA	NA
671.428571428571	1000	78.7995832330625	24.6	103.399583233062	DBCA	48_3	NA	NA
685.714285714286	1000	74.5942128382897	24.6	99.1942128382897	DBCA	49_3	NA	NA
700	1000	74.5536798882591	24.6	99.153679888259	DBCA	50_3	NA	NA
714.285714285714	1000	77.4887129432242	24.6	102.088712943224	DBCA	51_3	NA	NA
728.571428571429	1000	74.2761806680904	24.6	98.8761806680904	DBCA	52_3	NA	NA
742.857142857143	1000	80.5143176636938	24.6	105.114317663694	DBCA	53_3	NA	NA
757.142857142857	1000	77.7296020185377	24.6	102.329602018538	DBCA	54_3	NA	NA
771.428571428571	1000	79.3567345973881	24.6	103.956734597388	DBCA	55_3	NA	NA
785.714285714286	1000	80.5720931313591	24.6	105.172093131359	DBCA	56_3	NA	NA
800	1000	78.8541616012036	24.6	103.454161601204	DBCA	57_3	NA	NA
814.285714285714	1000	77.0074783019776	24.6	101.607478301978	DBCA	58_3	NA	NA
828.571428571429	1000	80.0630932361414	24.6	104.663093236141	DBCA	59_3	NA	NA
842.857142857143	1000	78.0066935088492	24.6	102.606693508849	DBCA	60_3	NA	NA
857.142857142857	1000	85.0404950878568	24.6	109.640495087857	DBCA	61_3	NA	NA
871.428571428571	1000	82.6620730295129	24.6	107.262073029513	DBCA	62_3	NA	NA
885.714285714286	1000	83.5236844368558	24.6	108.123684436856	DBCA	63_3	NA	NA
900	1000	82.4158972296359	24.6	107.015897229636	DBCA	64_3	NA	NA
914.285714285714	1000	80.7147649136239	24.6	105.314764913624	DBCA	65_3	NA	NA
928.571428571429	1000	79.2941701348565	24.6	103.894170134857	DBCA	66_3	NA	NA
942.857142857143	1000	75.668870281042	24.6	100.268870281042	DBCA	67_3	NA	NA
957.142857142857	1000	83.2960174695108	24.6	107.896017469511	DBCA	68_3	NA	NA
971.428571428571	1000	80.3497938631855	24.6	104.949793863186	DBCA	69_3	NA	NA
985.714285714286	1000	76.5701695884114	24.6	101.170169588411	DBCA	70_3	NA	NA
1000	1000	81.2874731710791	24.6	105.887473171079	DBCA	71_3	NA	NA
