x	y	variable1	Zona	ErrorConEfecto	Disenio	Bloque	AsigTrat	MiRto
0	666.666666666667	80.1642240295478	0	80.1642240295478	DBCA	1_1	280	81.5640951328137
0	700	80.0048150133775	0	80.0048150133775	DBCA	1_1	70	86.5533300799328
0	733.333333333333	79.7588400579472	0	79.7588400579472	DBCA	1_1	0	79.7588400579472
0	766.666666666667	75.7899232075621	0	75.7899232075621	DBCA	1_1	210	83.0383738257504
0	800	73.2908237541739	0	73.2908237541739	DBCA	1_1	140	82.2554890267919
0	833.333333333333	77.457829122445	0	77.457829122445	DBCA	1_2	140	86.422494395063
0	866.666666666667	77.2197082760405	0	77.2197082760405	DBCA	1_2	70	83.7682233425958
0	900	76.2861624306607	0	76.2861624306607	DBCA	1_2	280	77.6860335339267
0	933.333333333333	79.7025299054302	0	79.7025299054302	DBCA	1_2	210	86.9509805236185
0	966.666666666667	79.6151645871666	0	79.6151645871666	DBCA	1_2	0	79.6151645871666
128.571428571429	666.666666666667	76.5184456267216	0	76.5184456267216	DBCA	10_1	210	83.7668962449099
128.571428571429	700	78.0267921909216	0	78.0267921909216	DBCA	10_1	280	79.4266632941876
128.571428571429	733.333333333333	79.8806230485678	0	79.8806230485678	DBCA	10_1	140	88.8452883211859
128.571428571429	766.666666666667	80.4645859823349	0	80.4645859823349	DBCA	10_1	0	80.4645859823349
128.571428571429	800	78.0699941125791	0	78.0699941125791	DBCA	10_1	70	84.6185091791344
128.571428571429	833.333333333333	75.4478840133244	0	75.4478840133244	DBCA	10_2	70	81.9963990798797
128.571428571429	866.666666666667	78.297743551658	0	78.297743551658	DBCA	10_2	280	79.697614654924
128.571428571429	900	71.8061237316062	0	71.8061237316062	DBCA	10_2	0	71.8061237316062
128.571428571429	933.333333333333	76.9167648836169	0	76.9167648836169	DBCA	10_2	210	84.1652155018052
128.571428571429	966.666666666667	77.9558477122586	0	77.9558477122586	DBCA	10_2	140	86.9205129848766
142.857142857143	666.666666666667	72.1196986289305	0	72.1196986289305	DBCA	11_1	280	73.5195697321965
142.857142857143	700	79.0905673257479	0	79.0905673257479	DBCA	11_1	0	79.0905673257479
142.857142857143	733.333333333333	78.7627772397038	0	78.7627772397038	DBCA	11_1	210	86.0112278578921
142.857142857143	766.666666666667	77.3696409297692	0	77.3696409297692	DBCA	11_1	70	83.9181559963245
142.857142857143	800	80.0996081835234	0	80.0996081835234	DBCA	11_1	140	89.0642734561415
142.857142857143	833.333333333333	74.2840365817174	0	74.2840365817174	DBCA	11_2	140	83.2487018543355
142.857142857143	866.666666666667	81.0783651858606	0	81.0783651858606	DBCA	11_2	70	87.6268802524159
142.857142857143	900	72.4669910145299	0	72.4669910145299	DBCA	11_2	210	79.7154416327182
142.857142857143	933.333333333333	72.9072354674369	0	72.9072354674369	DBCA	11_2	280	74.3071065707029
142.857142857143	966.666666666667	77.7515238642794	0	77.7515238642794	DBCA	11_2	0	77.7515238642794
157.142857142857	666.666666666667	74.2927032823489	0	74.2927032823489	DBCA	12_1	70	80.8412183489042
157.142857142857	700	79.7624099651993	0	79.7624099651993	DBCA	12_1	140	88.7270752378173
157.142857142857	733.333333333333	82.8621254045929	0	82.8621254045929	DBCA	12_1	210	90.1105760227812
157.142857142857	766.666666666667	83.1170590132914	0	83.1170590132914	DBCA	12_1	0	83.1170590132914
157.142857142857	800	76.5480264142445	0	76.5480264142445	DBCA	12_1	280	77.9478975175105
157.142857142857	833.333333333333	74.4128867255908	0	74.4128867255908	DBCA	12_2	280	75.8127578288568
157.142857142857	866.666666666667	78.2675233165817	0	78.2675233165817	DBCA	12_2	70	84.816038383137
157.142857142857	900	72.022210248535	0	72.022210248535	DBCA	12_2	210	79.2706608667233
157.142857142857	933.333333333333	72.8946168098208	0	72.8946168098208	DBCA	12_2	0	72.8946168098208
157.142857142857	966.666666666667	77.4403862226787	0	77.4403862226787	DBCA	12_2	140	86.4050514952967
171.428571428571	666.666666666667	78.7039047015669	0	78.7039047015669	DBCA	13_1	140	87.668569974185
171.428571428571	700	80.4442475788493	0	80.4442475788493	DBCA	13_1	0	80.4442475788493
171.428571428571	733.333333333333	82.7374443581304	0	82.7374443581304	DBCA	13_1	210	89.9858949763187
171.428571428571	766.666666666667	84.4219428714612	0	84.4219428714612	DBCA	13_1	70	90.9704579380165
171.428571428571	800	80.8966452336648	0	80.8966452336648	DBCA	13_1	280	82.2965163369308
171.428571428571	833.333333333333	74.9464542062331	0	74.9464542062331	DBCA	13_2	70	81.4949692727884
171.428571428571	866.666666666667	79.0187598089435	0	79.0187598089435	DBCA	13_2	140	87.9834250815616
171.428571428571	900	74.8813634393649	0	74.8813634393649	DBCA	13_2	0	74.8813634393649
171.428571428571	933.333333333333	76.4628160929462	0	76.4628160929462	DBCA	13_2	210	83.7112667111345
171.428571428571	966.666666666667	80.7951436513765	0	80.7951436513765	DBCA	13_2	280	82.1950147546426
185.714285714286	666.666666666667	79.758928196411	0	79.758928196411	DBCA	14_1	140	88.7235934690291
185.714285714286	700	85.5092721314741	0	85.5092721314741	DBCA	14_1	280	86.9091432347401
185.714285714286	733.333333333333	80.3146624472547	0	80.3146624472547	DBCA	14_1	0	80.3146624472547
185.714285714286	766.666666666667	87.8606534741456	0	87.8606534741456	DBCA	14_1	70	94.4091685407009
185.714285714286	800	83.1691843610573	0	83.1691843610573	DBCA	14_1	210	90.4176349792456
185.714285714286	833.333333333333	81.9770116147073	0	81.9770116147073	DBCA	14_2	140	90.9416768873253
185.714285714286	866.666666666667	81.6336660325419	0	81.6336660325419	DBCA	14_2	210	88.8821166507302
185.714285714286	900	76.8433802782463	0	76.8433802782463	DBCA	14_2	0	76.8433802782463
185.714285714286	933.333333333333	76.5239042800667	0	76.5239042800667	DBCA	14_2	280	77.9237753833327
185.714285714286	966.666666666667	79.8483296635606	0	79.8483296635606	DBCA	14_2	70	86.3968447301159
200	666.666666666667	82.4501927629725	0	82.4501927629725	DBCA	15_1	210	89.6986433811608
200	700	83.5213018781812	0	83.5213018781812	DBCA	15_1	0	83.5213018781812
200	733.333333333333	81.9486853689691	0	81.9486853689691	DBCA	15_1	280	83.3485564722351
200	766.666666666667	80.910923220737	0	80.910923220737	DBCA	15_1	70	87.4594382872923
200	800	83.9732989281412	0	83.9732989281412	DBCA	15_1	140	92.9379642007593
200	833.333333333333	81.5148287434165	0	81.5148287434165	DBCA	15_2	280	82.9146998466825
200	866.666666666667	80.5329776236242	0	80.5329776236242	DBCA	15_2	70	87.0814926901795
200	900	76.7184800933851	0	76.7184800933851	DBCA	15_2	140	85.6831453660031
200	933.333333333333	78.8317809282311	0	78.8317809282311	DBCA	15_2	0	78.8317809282311
200	966.666666666667	78.1682437379558	0	78.1682437379558	DBCA	15_2	210	85.4166943561441
214.285714285714	666.666666666667	79.9496475957025	0	79.9496475957025	DBCA	16_1	280	81.3495186989685
214.285714285714	700	82.8501243197291	0	82.8501243197291	DBCA	16_1	210	90.0985749379174
214.285714285714	733.333333333333	86.0621893711387	0	86.0621893711387	DBCA	16_1	140	95.0268546437567
214.285714285714	766.666666666667	84.1369149949701	0	84.1369149949701	DBCA	16_1	0	84.1369149949701
214.285714285714	800	84.0886600748241	0	84.0886600748241	DBCA	16_1	70	90.6371751413794
214.285714285714	833.333333333333	78.275722918585	0	78.275722918585	DBCA	16_2	280	79.675594021851
214.285714285714	866.666666666667	83.840086468028	0	83.840086468028	DBCA	16_2	210	91.0885370862163
214.285714285714	900	80.9198937974378	0	80.9198937974378	DBCA	16_2	70	87.4684088639931
214.285714285714	933.333333333333	78.7515125932969	0	78.7515125932969	DBCA	16_2	0	78.7515125932969
214.285714285714	966.666666666667	75.649076058469	0	75.649076058469	DBCA	16_2	140	84.613741331087
228.571428571429	666.666666666667	80.2006616986216	0	80.2006616986216	DBCA	17_1	280	81.6005328018876
228.571428571429	700	83.3163404589069	0	83.3163404589069	DBCA	17_1	210	90.5647910770952
228.571428571429	733.333333333333	83.46937402357	0	83.46937402357	DBCA	17_1	70	90.0178890901253
228.571428571429	766.666666666667	84.4889383883288	0	84.4889383883288	DBCA	17_1	140	93.4536036609468
228.571428571429	800	86.145490852245	0	86.145490852245	DBCA	17_1	0	86.145490852245
228.571428571429	833.333333333333	82.3118852483211	0	82.3118852483211	DBCA	17_2	210	89.5603358665094
228.571428571429	866.666666666667	82.9815427360525	0	82.9815427360525	DBCA	17_2	70	89.5300578026078
228.571428571429	900	76.4610982072588	0	76.4610982072588	DBCA	17_2	280	77.8609693105248
228.571428571429	933.333333333333	77.2504423940105	0	77.2504423940105	DBCA	17_2	140	86.2151076666286
228.571428571429	966.666666666667	75.9458093291879	0	75.9458093291879	DBCA	17_2	0	75.9458093291879
242.857142857143	666.666666666667	83.8053108460806	0	83.8053108460806	DBCA	18_1	280	85.2051819493466
242.857142857143	700	81.0517425091804	0	81.0517425091804	DBCA	18_1	140	90.0164077817984
242.857142857143	733.333333333333	83.4742743226186	0	83.4742743226186	DBCA	18_1	0	83.4742743226186
242.857142857143	766.666666666667	87.6124673335803	0	87.6124673335803	DBCA	18_1	210	94.8609179517686
242.857142857143	800	88.4695254253633	0	88.4695254253633	DBCA	18_1	70	95.0180404919186
242.857142857143	833.333333333333	79.9672420644385	0	79.9672420644385	DBCA	18_2	0	79.9672420644385
242.857142857143	866.666666666667	78.8192674566357	0	78.8192674566357	DBCA	18_2	210	86.067718074824
242.857142857143	900	74.2909132548159	0	74.2909132548159	DBCA	18_2	70	80.8394283213712
242.857142857143	933.333333333333	80.5355118680893	0	80.5355118680893	DBCA	18_2	140	89.5001771407074
242.857142857143	966.666666666667	75.3329073308931	0	75.3329073308931	DBCA	18_2	280	76.7327784341591
257.142857142857	666.666666666667	81.4792445763518	0	81.4792445763518	DBCA	19_1	140	90.4439098489699
257.142857142857	700	83.8265055501044	0	83.8265055501044	DBCA	19_1	70	90.3750206166597
257.142857142857	733.333333333333	83.4708759796925	0	83.4708759796925	DBCA	19_1	280	84.8707470829585
257.142857142857	766.666666666667	82.8643654049392	0	82.8643654049392	DBCA	19_1	0	82.8643654049392
257.142857142857	800	87.6299429330429	0	87.6299429330429	DBCA	19_1	210	94.8783935512312
257.142857142857	833.333333333333	80.2555499660296	0	80.2555499660296	DBCA	19_2	70	86.8040650325849
257.142857142857	866.666666666667	79.3537358277368	0	79.3537358277368	DBCA	19_2	140	88.3184011003548
257.142857142857	900	78.8024068675334	0	78.8024068675334	DBCA	19_2	280	80.2022779707994
257.142857142857	933.333333333333	80.6654627260406	0	80.6654627260406	DBCA	19_2	0	80.6654627260406
257.142857142857	966.666666666667	78.4408120867628	0	78.4408120867628	DBCA	19_2	210	85.6892627049511
14.2857142857143	666.666666666667	83.3857093025125	0	83.3857093025125	DBCA	2_1	0	83.3857093025125
14.2857142857143	700	81.212188336289	0	81.212188336289	DBCA	2_1	140	90.1768536089071
14.2857142857143	733.333333333333	79.3819616805555	0	79.3819616805555	DBCA	2_1	210	86.6304122987438
14.2857142857143	766.666666666667	73.2204623687592	0	73.2204623687592	DBCA	2_1	70	79.7689774353145
14.2857142857143	800	77.2259397352947	0	77.2259397352947	DBCA	2_1	280	78.6258108385607
14.2857142857143	833.333333333333	77.0647101620735	0	77.0647101620735	DBCA	2_2	0	77.0647101620735
14.2857142857143	866.666666666667	76.9571127310486	0	76.9571127310486	DBCA	2_2	140	85.9217780036667
14.2857142857143	900	80.0717545778038	0	80.0717545778038	DBCA	2_2	210	87.3202051959921
14.2857142857143	933.333333333333	79.982404915267	0	79.982404915267	DBCA	2_2	280	81.382276018533
14.2857142857143	966.666666666667	76.6341984060549	0	76.6341984060549	DBCA	2_2	70	83.1827134726102
271.428571428571	666.666666666667	80.3177067845995	0	80.3177067845995	DBCA	20_1	70	86.8662218511548
271.428571428571	700	81.7157328695064	0	81.7157328695064	DBCA	20_1	0	81.7157328695064
271.428571428571	733.333333333333	84.7654207929139	0	84.7654207929139	DBCA	20_1	210	92.0138714111022
271.428571428571	766.666666666667	82.4671716587803	0	82.4671716587803	DBCA	20_1	280	83.8670427620463
271.428571428571	800	86.2829447673647	0	86.2829447673647	DBCA	20_1	140	95.2476100399828
271.428571428571	833.333333333333	80.5268953648968	0	80.5268953648968	DBCA	20_2	0	80.5268953648968
271.428571428571	866.666666666667	78.6543720048747	0	78.6543720048747	DBCA	20_2	70	85.20288707143
271.428571428571	900	81.1005354856662	0	81.1005354856662	DBCA	20_2	280	82.5004065889322
271.428571428571	933.333333333333	80.2941525877972	0	80.2941525877972	DBCA	20_2	210	87.5426032059855
271.428571428571	966.666666666667	77.6439940546105	0	77.6439940546105	DBCA	20_2	140	86.6086593272285
285.714285714286	666.666666666667	77.142670801706	0	77.142670801706	DBCA	21_1	280	78.542541904972
285.714285714286	700	81.8828914922132	0	81.8828914922132	DBCA	21_1	0	81.8828914922132
285.714285714286	733.333333333333	83.0859207664833	0	83.0859207664833	DBCA	21_1	70	89.6344358330386
285.714285714286	766.666666666667	82.0790501794446	0	82.0790501794446	DBCA	21_1	140	91.0437154520626
285.714285714286	800	82.0022836494169	0	82.0022836494169	DBCA	21_1	210	89.2507342676052
285.714285714286	833.333333333333	78.2337099763365	0	78.2337099763365	DBCA	21_2	70	84.7822250428918
285.714285714286	866.666666666667	79.9407019769974	0	79.9407019769974	DBCA	21_2	210	87.1891525951857
285.714285714286	900	82.5235764871539	0	82.5235764871539	DBCA	21_2	140	91.488241759772
285.714285714286	933.333333333333	80.9564705010511	0	80.9564705010511	DBCA	21_2	0	80.9564705010511
285.714285714286	966.666666666667	78.4360481992067	0	78.4360481992067	DBCA	21_2	280	79.8359193024727
300	666.666666666667	78.5154191769682	0	78.5154191769682	DBCA	22_1	210	85.7638697951565
300	700	81.0700905974554	0	81.0700905974554	DBCA	22_1	280	82.4699617007214
300	733.333333333333	81.3844888498034	0	81.3844888498034	DBCA	22_1	70	87.9330039163587
300	766.666666666667	83.777046856731	0	83.777046856731	DBCA	22_1	140	92.7417121293491
300	800	80.2105617233724	0	80.2105617233724	DBCA	22_1	0	80.2105617233724
300	833.333333333333	76.8985797680613	0	76.8985797680613	DBCA	22_2	280	78.2984508713272
300	866.666666666667	80.8040346706898	0	80.8040346706898	DBCA	22_2	140	89.7686999433079
300	900	81.7900568034515	0	81.7900568034515	DBCA	22_2	210	89.0385074216398
300	933.333333333333	79.2817813242888	0	79.2817813242888	DBCA	22_2	70	85.8302963908441
300	966.666666666667	76.8880324546624	0	76.8880324546624	DBCA	22_2	0	76.8880324546624
314.285714285714	666.666666666667	77.1660297685917	0	77.1660297685917	DBCA	23_1	70	83.714544835147
314.285714285714	700	78.1410179660429	0	78.1410179660429	DBCA	23_1	0	78.1410179660429
314.285714285714	733.333333333333	81.6861656369003	0	81.6861656369003	DBCA	23_1	140	90.6508309095184
314.285714285714	766.666666666667	81.6729229712389	0	81.6729229712389	DBCA	23_1	210	88.9213735894272
314.285714285714	800	81.5004264345559	0	81.5004264345559	DBCA	23_1	280	82.9002975378219
314.285714285714	833.333333333333	77.9255140737373	0	77.9255140737373	DBCA	23_2	280	79.3253851770033
314.285714285714	866.666666666667	79.8174535820202	0	79.8174535820202	DBCA	23_2	210	87.0659042002085
314.285714285714	900	82.8410793378347	0	82.8410793378347	DBCA	23_2	140	91.8057446104528
314.285714285714	933.333333333333	79.359808743191	0	79.359808743191	DBCA	23_2	70	85.9083238097463
314.285714285714	966.666666666667	77.6127539208799	0	77.6127539208799	DBCA	23_2	0	77.6127539208799
328.571428571429	666.666666666667	78.448676485085	0	78.448676485085	DBCA	24_1	210	85.6971271032733
328.571428571429	700	80.1520948377497	0	80.1520948377497	DBCA	24_1	70	86.700609904305
328.571428571429	733.333333333333	76.9940070945783	0	76.9940070945783	DBCA	24_1	140	85.9586723671964
328.571428571429	766.666666666667	83.2584329335743	0	83.2584329335743	DBCA	24_1	0	83.2584329335743
328.571428571429	800	81.6897752399519	0	81.6897752399519	DBCA	24_1	280	83.0896463432179
328.571428571429	833.333333333333	79.4565842155586	0	79.4565842155586	DBCA	24_2	140	88.4212494881766
328.571428571429	866.666666666667	76.4339074848105	0	76.4339074848105	DBCA	24_2	280	77.8337785880765
328.571428571429	900	80.7618913775213	0	80.7618913775213	DBCA	24_2	210	88.0103419957096
328.571428571429	933.333333333333	82.1080999394191	0	82.1080999394191	DBCA	24_2	70	88.6566150059744
328.571428571429	966.666666666667	79.1122162143181	0	79.1122162143181	DBCA	24_2	0	79.1122162143181
342.857142857143	666.666666666667	79.0882667665203	0	79.0882667665203	DBCA	25_1	70	85.6367818330756
342.857142857143	700	77.923998174891	0	77.923998174891	DBCA	25_1	280	79.323869278157
342.857142857143	733.333333333333	81.4406473008543	0	81.4406473008543	DBCA	25_1	210	88.6890979190426
342.857142857143	766.666666666667	83.9429333626659	0	83.9429333626659	DBCA	25_1	0	83.9429333626659
342.857142857143	800	81.9450908872498	0	81.9450908872498	DBCA	25_1	140	90.9097561598678
342.857142857143	833.333333333333	81.7163908382667	0	81.7163908382667	DBCA	25_2	70	88.264905904822
342.857142857143	866.666666666667	77.3387959456884	0	77.3387959456884	DBCA	25_2	210	84.5872465638767
342.857142857143	900	77.9638725062408	0	77.9638725062408	DBCA	25_2	140	86.9285377788589
342.857142857143	933.333333333333	81.6169119640522	0	81.6169119640522	DBCA	25_2	0	81.6169119640522
342.857142857143	966.666666666667	78.4789456740565	0	78.4789456740565	DBCA	25_2	280	79.8788167773225
357.142857142857	666.666666666667	78.3897615298667	0	78.3897615298667	DBCA	26_1	210	85.638212148055
357.142857142857	700	78.5855972909676	0	78.5855972909676	DBCA	26_1	0	78.5855972909676
357.142857142857	733.333333333333	81.4190728143376	0	81.4190728143376	DBCA	26_1	280	82.8189439176036
357.142857142857	766.666666666667	79.758745417182	0	79.758745417182	DBCA	26_1	140	88.7234106898
357.142857142857	800	85.4228423243705	0	85.4228423243705	DBCA	26_1	70	91.9713573909258
357.142857142857	833.333333333333	84.1569224431396	0	84.1569224431396	DBCA	26_2	70	90.7054375096949
357.142857142857	866.666666666667	81.5507257863574	0	81.5507257863574	DBCA	26_2	280	82.9505968896235
357.142857142857	900	82.022113523486	0	82.022113523486	DBCA	26_2	140	90.986778796104
357.142857142857	933.333333333333	78.3511488483445	0	78.3511488483445	DBCA	26_2	0	78.3511488483445
357.142857142857	966.666666666667	80.181304868068	0	80.181304868068	DBCA	26_2	210	87.4297554862563
371.428571428571	666.666666666667	78.3593572066719	0	78.3593572066719	DBCA	27_1	0	78.3593572066719
371.428571428571	700	80.6104740630479	0	80.6104740630479	DBCA	27_1	280	82.0103451663139
371.428571428571	733.333333333333	80.0280424981332	0	80.0280424981332	DBCA	27_1	140	88.9927077707513
371.428571428571	766.666666666667	80.0284703087613	0	80.0284703087613	DBCA	27_1	210	87.2769209269496
371.428571428571	800	83.0410312250692	0	83.0410312250692	DBCA	27_1	70	89.5895462916245
371.428571428571	833.333333333333	84.6735008730513	0	84.6735008730513	DBCA	27_2	0	84.6735008730513
371.428571428571	866.666666666667	80.3352837205359	0	80.3352837205359	DBCA	27_2	140	89.2999489931539
371.428571428571	900	81.7332432659417	0	81.7332432659417	DBCA	27_2	210	88.98169388413
371.428571428571	933.333333333333	79.4374822170445	0	79.4374822170445	DBCA	27_2	70	85.9859972835998
371.428571428571	966.666666666667	79.2523087613059	0	79.2523087613059	DBCA	27_2	280	80.6521798645719
385.714285714286	666.666666666667	78.4753650224121	0	78.4753650224121	DBCA	28_1	0	78.4753650224121
385.714285714286	700	76.0076935145496	0	76.0076935145496	DBCA	28_1	70	82.5562085811049
385.714285714286	733.333333333333	80.3589517579595	0	80.3589517579595	DBCA	28_1	210	87.6074023761478
385.714285714286	766.666666666667	82.5082338792538	0	82.5082338792538	DBCA	28_1	280	83.9081049825198
385.714285714286	800	83.9424524810292	0	83.9424524810292	DBCA	28_1	140	92.9071177536472
385.714285714286	833.333333333333	85.02935061248	0	85.02935061248	DBCA	28_2	140	93.9940158850981
385.714285714286	866.666666666667	82.671278826051	0	82.671278826051	DBCA	28_2	70	89.2197938926063
385.714285714286	900	84.0603085692834	0	84.0603085692834	DBCA	28_2	210	91.3087591874718
385.714285714286	933.333333333333	80.2411466092525	0	80.2411466092525	DBCA	28_2	280	81.6410177125184
385.714285714286	966.666666666667	80.2077526625802	0	80.2077526625802	DBCA	28_2	0	80.2077526625802
400	666.666666666667	75.5439385514037	0	75.5439385514037	DBCA	29_1	210	82.792389169592
400	700	77.1743428877763	0	77.1743428877763	DBCA	29_1	70	83.7228579543316
400	733.333333333333	77.8357844725043	0	77.8357844725043	DBCA	29_1	0	77.8357844725043
400	766.666666666667	81.871545644317	0	81.871545644317	DBCA	29_1	140	90.836210916935
400	800	78.178170670644	0	78.178170670644	DBCA	29_1	280	79.57804177391
400	833.333333333333	85.7799429664577	0	85.7799429664577	DBCA	29_2	280	87.1798140697237
400	866.666666666667	83.1160033432945	0	83.1160033432945	DBCA	29_2	70	89.6645184098498
400	900	82.8423852855919	0	82.8423852855919	DBCA	29_2	210	90.0908359037802
400	933.333333333333	78.1324584808126	0	78.1324584808126	DBCA	29_2	0	78.1324584808126
400	966.666666666667	82.781462608284	0	82.781462608284	DBCA	29_2	140	91.746127880902
28.5714285714286	666.666666666667	82.1886302280781	0	82.1886302280781	DBCA	3_1	140	91.1532955006962
28.5714285714286	700	78.7763425623428	0	78.7763425623428	DBCA	3_1	210	86.0247931805311
28.5714285714286	733.333333333333	79.2893411658787	0	79.2893411658787	DBCA	3_1	0	79.2893411658787
28.5714285714286	766.666666666667	77.8218455682465	0	77.8218455682465	DBCA	3_1	70	84.3703606348018
28.5714285714286	800	76.6508308787061	0	76.6508308787061	DBCA	3_1	280	78.0507019819721
28.5714285714286	833.333333333333	78.3947613547178	0	78.3947613547178	DBCA	3_2	280	79.7946324579838
28.5714285714286	866.666666666667	76.0449716746857	0	76.0449716746857	DBCA	3_2	140	85.0096369473038
28.5714285714286	900	76.9100235964748	0	76.9100235964748	DBCA	3_2	210	84.1584742146631
28.5714285714286	933.333333333333	83.4124364066342	0	83.4124364066342	DBCA	3_2	70	89.9609514731895
28.5714285714286	966.666666666667	78.4331116567185	0	78.4331116567185	DBCA	3_2	0	78.4331116567185
414.285714285714	666.666666666667	77.0344208315998	0	77.0344208315998	DBCA	30_1	210	84.2828714497881
414.285714285714	700	75.8571930232734	0	75.8571930232734	DBCA	30_1	70	82.4057080898287
414.285714285714	733.333333333333	77.2403928336703	0	77.2403928336703	DBCA	30_1	280	78.6402639369363
414.285714285714	766.666666666667	81.3005015862349	0	81.3005015862349	DBCA	30_1	0	81.3005015862349
414.285714285714	800	78.2542597685345	0	78.2542597685345	DBCA	30_1	140	87.2189250411526
414.285714285714	833.333333333333	82.4130093493368	0	82.4130093493368	DBCA	30_2	140	91.3776746219549
414.285714285714	866.666666666667	82.2521217303699	0	82.2521217303699	DBCA	30_2	70	88.8006367969252
414.285714285714	900	84.9262321206885	0	84.9262321206885	DBCA	30_2	0	84.9262321206885
414.285714285714	933.333333333333	81.9638166166907	0	81.9638166166907	DBCA	30_2	280	83.3636877199567
414.285714285714	966.666666666667	82.7802058770702	0	82.7802058770702	DBCA	30_2	210	90.0286564952585
428.571428571429	666.666666666667	80.164292570155	0	80.164292570155	DBCA	31_1	0	80.164292570155
428.571428571429	700	77.4507421607392	0	77.4507421607392	DBCA	31_1	70	83.9992572272945
428.571428571429	733.333333333333	76.7617597059309	0	76.7617597059309	DBCA	31_1	280	78.1616308091969
428.571428571429	766.666666666667	82.2056963166487	0	82.2056963166487	DBCA	31_1	140	91.1703615892668
428.571428571429	800	83.218448738408	0	83.218448738408	DBCA	31_1	210	90.4668993565963
428.571428571429	833.333333333333	82.0713823535378	0	82.0713823535378	DBCA	31_2	70	88.6198974200931
428.571428571429	866.666666666667	81.0866733708152	0	81.0866733708152	DBCA	31_2	140	90.0513386434333
428.571428571429	900	80.4298472612484	0	80.4298472612484	DBCA	31_2	210	87.6782978794367
428.571428571429	933.333333333333	81.2043115126719	0	81.2043115126719	DBCA	31_2	280	82.6041826159379
428.571428571429	966.666666666667	81.0018913086802	0	81.0018913086802	DBCA	31_2	0	81.0018913086802
442.857142857143	666.666666666667	79.0494184345051	0	79.0494184345051	DBCA	32_1	140	88.0140837071231
442.857142857143	700	75.7702838822725	0	75.7702838822725	DBCA	32_1	280	77.1701549855385
442.857142857143	733.333333333333	77.2204100811664	0	77.2204100811664	DBCA	32_1	70	83.7689251477217
442.857142857143	766.666666666667	77.7965354913443	0	77.7965354913443	DBCA	32_1	210	85.0449861095326
442.857142857143	800	80.2122522792337	0	80.2122522792337	DBCA	32_1	0	80.2122522792337
442.857142857143	833.333333333333	79.0522720958457	0	79.0522720958457	DBCA	32_2	70	85.600787162401
442.857142857143	866.666666666667	80.4595243086872	0	80.4595243086872	DBCA	32_2	280	81.8593954119532
442.857142857143	900	79.387236242951	0	79.387236242951	DBCA	32_2	210	86.6356868611393
442.857142857143	933.333333333333	81.1875956733434	0	81.1875956733434	DBCA	32_2	0	81.1875956733434
442.857142857143	966.666666666667	80.2413746896765	0	80.2413746896765	DBCA	32_2	140	89.2060399622946
457.142857142857	666.666666666667	80.4793246634586	0	80.4793246634586	DBCA	33_1	70	87.0278397300139
457.142857142857	700	78.878679008747	0	78.878679008747	DBCA	33_1	0	78.878679008747
457.142857142857	733.333333333333	79.2265524354512	0	79.2265524354512	DBCA	33_1	210	86.4750030536395
457.142857142857	766.666666666667	76.4651297672833	0	76.4651297672833	DBCA	33_1	140	85.4297950399013
457.142857142857	800	82.1670120273401	0	82.1670120273401	DBCA	33_1	280	83.5668831306061
457.142857142857	833.333333333333	84.3267657456787	0	84.3267657456787	DBCA	33_2	70	90.875280812234
457.142857142857	866.666666666667	81.7932484063998	0	81.7932484063998	DBCA	33_2	210	89.0416990245881
457.142857142857	900	83.4369858078063	0	83.4369858078063	DBCA	33_2	280	84.8368569110723
457.142857142857	933.333333333333	80.9215481168537	0	80.9215481168537	DBCA	33_2	0	80.9215481168537
457.142857142857	966.666666666667	77.3099044062413	0	77.3099044062413	DBCA	33_2	140	86.2745696788593
471.428571428571	666.666666666667	78.5750446056692	0	78.5750446056692	DBCA	34_1	70	85.1235596722245
471.428571428571	700	76.1710025661206	0	76.1710025661206	DBCA	34_1	140	85.1356678387387
471.428571428571	733.333333333333	80.9456346779615	0	80.9456346779615	DBCA	34_1	210	88.1940852961498
471.428571428571	766.666666666667	75.1052115409734	0	75.1052115409734	DBCA	34_1	280	76.5050826442394
471.428571428571	800	82.7249799863329	0	82.7249799863329	DBCA	34_1	0	82.7249799863329
471.428571428571	833.333333333333	82.6863137081139	0	82.6863137081139	DBCA	34_2	280	84.0861848113799
471.428571428571	866.666666666667	84.3017903203535	0	84.3017903203535	DBCA	34_2	70	90.8503053869088
471.428571428571	900	82.2903712615148	0	82.2903712615148	DBCA	34_2	140	91.2550365341328
471.428571428571	933.333333333333	79.7931567943815	0	79.7931567943815	DBCA	34_2	0	79.7931567943815
471.428571428571	966.666666666667	75.0816244406427	0	75.0816244406427	DBCA	34_2	210	82.330075058831
485.714285714286	666.666666666667	79.5740668312586	0	79.5740668312586	DBCA	35_1	70	86.1225818978139
485.714285714286	700	77.9041800442357	0	77.9041800442357	DBCA	35_1	210	85.152630662424
485.714285714286	733.333333333333	79.8219561386873	0	79.8219561386873	DBCA	35_1	280	81.2218272419533
485.714285714286	766.666666666667	75.3573471018806	0	75.3573471018806	DBCA	35_1	0	75.3573471018806
485.714285714286	800	78.9956008022427	0	78.9956008022427	DBCA	35_1	140	87.9602660748608
485.714285714286	833.333333333333	82.8097057156974	0	82.8097057156974	DBCA	35_2	140	91.7743709883155
485.714285714286	866.666666666667	79.937413320732	0	79.937413320732	DBCA	35_2	210	87.1858639389203
485.714285714286	900	80.2719927825324	0	80.2719927825324	DBCA	35_2	70	86.8205078490876
485.714285714286	933.333333333333	78.4940184453469	0	78.4940184453469	DBCA	35_2	0	78.4940184453469
485.714285714286	966.666666666667	80.3518903012811	0	80.3518903012811	DBCA	35_2	280	81.7517614045472
500	666.666666666667	81.8673286186128	0	81.8673286186128	DBCA	36_1	70	88.4158436851681
500	700	79.4944543142555	0	79.4944543142555	DBCA	36_1	0	79.4944543142555
500	733.333333333333	77.4697157103489	0	77.4697157103489	DBCA	36_1	140	86.434380982967
500	766.666666666667	79.3441855917035	0	79.3441855917035	DBCA	36_1	280	80.7440566949695
500	800	79.4014344303052	0	79.4014344303052	DBCA	36_1	210	86.6498850484935
500	833.333333333333	84.4911469350097	0	84.4911469350097	DBCA	36_2	70	91.039662001565
500	866.666666666667	81.9402413319883	0	81.9402413319883	DBCA	36_2	0	81.9402413319883
500	900	81.2476802319952	0	81.2476802319952	DBCA	36_2	140	90.2123455046132
500	933.333333333333	75.7938100114893	0	75.7938100114893	DBCA	36_2	280	77.1936811147553
500	966.666666666667	77.2763954574344	0	77.2763954574344	DBCA	36_2	210	84.5248460756227
514.285714285714	666.666666666667	81.0381409345558	24.6	105.638140934556	DBCA	37_1	280	130.457212037822
514.285714285714	700	80.4992921690376	24.6	105.099292169038	DBCA	37_1	70	117.502607235593
514.285714285714	733.333333333333	80.1346523486439	24.6	104.734652348644	DBCA	37_1	210	129.547502966832
514.285714285714	766.666666666667	76.87375313928	24.6	101.47375313928	DBCA	37_1	0	101.47375313928
514.285714285714	800	77.4194940537063	24.6	102.019494053706	DBCA	37_1	140	122.693759326324
514.285714285714	833.333333333333	85.6458834975777	24.6	110.245883497578	DBCA	37_2	70	122.649198564133
514.285714285714	866.666666666667	80.2088769818563	24.6	104.808876981856	DBCA	37_2	280	129.627948085122
514.285714285714	900	82.8949513605642	24.6	107.494951360564	DBCA	37_2	140	128.169216633182
514.285714285714	933.333333333333	78.1337073271565	24.6	102.733707327157	DBCA	37_2	210	127.546557945345
514.285714285714	966.666666666667	77.2459578729063	24.6	101.845957872906	DBCA	37_2	0	101.845957872906
528.571428571429	666.666666666667	81.8341746197453	24.6	106.434174619745	DBCA	38_1	140	127.108439892363
528.571428571429	700	80.4629430085244	24.6	105.062943008524	DBCA	38_1	280	129.88201411179
528.571428571429	733.333333333333	76.1820072566552	24.6	100.782007256655	DBCA	38_1	0	100.782007256655
528.571428571429	766.666666666667	75.3025407455724	24.6	99.9025407455724	DBCA	38_1	70	112.305855812128
528.571428571429	800	76.5750623580588	24.6	101.175062358059	DBCA	38_1	210	125.987912976247
528.571428571429	833.333333333333	83.8802598108785	24.6	108.480259810878	DBCA	38_2	280	133.299330914144
528.571428571429	866.666666666667	76.3113713999994	24.6	100.911371399999	DBCA	38_2	210	125.724222018188
528.571428571429	900	81.1794167120128	24.6	105.779416712013	DBCA	38_2	0	105.779416712013
528.571428571429	933.333333333333	78.8776605759226	24.6	103.477660575923	DBCA	38_2	70	115.880975642478
528.571428571429	966.666666666667	78.0800229400208	24.6	102.680022940021	DBCA	38_2	140	123.354288212639
542.857142857143	666.666666666667	79.6297842651853	24.6	104.229784265185	DBCA	39_1	210	129.042634883374
542.857142857143	700	77.5414800008327	24.6	102.141480000833	DBCA	39_1	0	102.141480000833
542.857142857143	733.333333333333	76.801347534336	24.6	101.401347534336	DBCA	39_1	70	113.804662600891
542.857142857143	766.666666666667	75.2883266238616	24.6	99.8883266238616	DBCA	39_1	280	124.707397727128
542.857142857143	800	76.010145848907	24.6	100.610145848907	DBCA	39_1	140	121.284411121525
542.857142857143	833.333333333333	77.4193057662672	24.6	102.019305766267	DBCA	39_2	140	122.693571038885
542.857142857143	866.666666666667	78.5782317805016	24.6	103.178231780502	DBCA	39_2	280	127.997302883768
542.857142857143	900	79.2988208180289	24.6	103.898820818029	DBCA	39_2	0	103.898820818029
542.857142857143	933.333333333333	80.8702820717906	24.6	105.470282071791	DBCA	39_2	210	130.283132689979
542.857142857143	966.666666666667	74.5218219340474	24.6	99.1218219340474	DBCA	39_2	70	111.525137000603
42.8571428571429	666.666666666667	82.0291011414501	0	82.0291011414501	DBCA	4_1	140	90.9937664140682
42.8571428571429	700	75.6837239672705	0	75.6837239672705	DBCA	4_1	0	75.6837239672705
42.8571428571429	733.333333333333	77.2349585944093	0	77.2349585944093	DBCA	4_1	70	83.7834736609646
42.8571428571429	766.666666666667	73.3436354504526	0	73.3436354504526	DBCA	4_1	210	80.5920860686409
42.8571428571429	800	74.4698786487864	0	74.4698786487864	DBCA	4_1	280	75.8697497520524
42.8571428571429	833.333333333333	75.0598025983107	0	75.0598025983107	DBCA	4_2	210	82.308253216499
42.8571428571429	866.666666666667	82.689301254755	0	82.689301254755	DBCA	4_2	70	89.2378163213103
42.8571428571429	900	79.4003978132697	0	79.4003978132697	DBCA	4_2	0	79.4003978132697
42.8571428571429	933.333333333333	81.4650900199588	0	81.4650900199588	DBCA	4_2	280	82.8649611232248
42.8571428571429	966.666666666667	78.8381822384234	0	78.8381822384234	DBCA	4_2	140	87.8028475110414
557.142857142857	666.666666666667	77.9075041310103	24.6	102.50750413101	DBCA	40_1	280	127.326575234276
557.142857142857	700	77.6574330851667	24.6	102.257433085167	DBCA	40_1	210	127.070283703355
557.142857142857	733.333333333333	75.6289548471815	24.6	100.228954847181	DBCA	40_1	140	120.9032201198
557.142857142857	766.666666666667	73.9673573738051	24.6	98.5673573738051	DBCA	40_1	0	98.5673573738051
557.142857142857	800	77.4988849658248	24.6	102.098884965825	DBCA	40_1	70	114.50220003238
557.142857142857	833.333333333333	79.7400648966931	24.6	104.340064896693	DBCA	40_2	280	129.159135999959
557.142857142857	866.666666666667	80.9871053820867	24.6	105.587105382087	DBCA	40_2	0	105.587105382087
557.142857142857	900	79.7323140120415	24.6	104.332314012042	DBCA	40_2	70	116.735629078597
557.142857142857	933.333333333333	82.1426652299661	24.6	106.742665229966	DBCA	40_2	140	127.416930502584
557.142857142857	966.666666666667	77.8413858011712	24.6	102.441385801171	DBCA	40_2	210	127.254236419359
571.428571428571	666.666666666667	77.3728029121442	24.6	101.972802912144	DBCA	41_1	280	126.79187401541
571.428571428571	700	77.0219056381004	24.6	101.6219056381	DBCA	41_1	140	122.296170910719
571.428571428571	733.333333333333	75.9760696723345	24.6	100.576069672334	DBCA	41_1	0	100.576069672334
571.428571428571	766.666666666667	75.7123070770734	24.6	100.312307077073	DBCA	41_1	70	112.715622143629
571.428571428571	800	74.5651007578938	24.6	99.1651007578938	DBCA	41_1	210	123.977951376082
571.428571428571	833.333333333333	81.4798012450816	24.6	106.079801245082	DBCA	41_2	280	130.898872348348
571.428571428571	866.666666666667	81.8392259653487	24.6	106.439225965349	DBCA	41_2	70	118.842541031904
571.428571428571	900	79.7516507948906	24.6	104.351650794891	DBCA	41_2	140	125.025916067509
571.428571428571	933.333333333333	76.5868012520965	24.6	101.186801252097	DBCA	41_2	210	125.999651870285
571.428571428571	966.666666666667	79.1378504614042	24.6	103.737850461404	DBCA	41_2	0	103.737850461404
585.714285714286	666.666666666667	78.7257137884311	24.6	103.325713788431	DBCA	42_1	280	128.144784891697
585.714285714286	700	80.1185275732154	24.6	104.718527573215	DBCA	42_1	210	129.531378191404
585.714285714286	733.333333333333	78.1335443627627	24.6	102.733544362763	DBCA	42_1	0	102.733544362763
585.714285714286	766.666666666667	72.8763212023211	24.6	97.4763212023211	DBCA	42_1	140	118.150586474939
585.714285714286	800	76.0633259930676	24.6	100.663325993068	DBCA	42_1	70	113.066641059623
585.714285714286	833.333333333333	80.565875382185	24.6	105.165875382185	DBCA	42_2	70	117.56919044874
585.714285714286	866.666666666667	79.0480291961123	24.6	103.648029196112	DBCA	42_2	210	128.460879814301
585.714285714286	900	81.8969453250157	24.6	106.496945325016	DBCA	42_2	140	127.171210597634
585.714285714286	933.333333333333	76.0097192515556	24.6	100.609719251556	DBCA	42_2	0	100.609719251556
585.714285714286	966.666666666667	76.8419643103112	24.6	101.441964310311	DBCA	42_2	280	126.261035413577
600	666.666666666667	80.1538745149373	24.6	104.753874514937	DBCA	43_1	210	129.566725133126
600	700	78.5317897048151	24.6	103.131789704815	DBCA	43_1	0	103.131789704815
600	733.333333333333	77.8298048338843	24.6	102.429804833884	DBCA	43_1	140	123.104070106502
600	766.666666666667	76.4276437860368	24.6	101.027643786037	DBCA	43_1	70	113.430958852592
600	800	76.4433252525284	24.6	101.043325252528	DBCA	43_1	280	125.862396355794
600	833.333333333333	74.8053562878789	24.6	99.4053562878789	DBCA	43_2	0	99.4053562878789
600	866.666666666667	79.3514044944811	24.6	103.951404494481	DBCA	43_2	210	128.764255112669
600	900	78.2162665307383	24.6	102.816266530738	DBCA	43_2	140	123.490531803356
600	933.333333333333	81.2266544959014	24.6	105.826654495901	DBCA	43_2	70	118.229969562457
600	966.666666666667	74.3502548761235	24.6	98.9502548761235	DBCA	43_2	280	123.769325979389
614.285714285714	666.666666666667	83.7893915309298	24.6	108.38939153093	DBCA	44_1	210	133.202242149118
614.285714285714	700	77.396115565113	24.6	101.996115565113	DBCA	44_1	70	114.399430631668
614.285714285714	733.333333333333	78.0095469118855	24.6	102.609546911886	DBCA	44_1	0	102.609546911886
614.285714285714	766.666666666667	77.9511987116037	24.6	102.551198711604	DBCA	44_1	140	123.225463984222
614.285714285714	800	81.3593310217783	24.6	105.959331021778	DBCA	44_1	280	130.778402125044
614.285714285714	833.333333333333	79.0614447932966	24.6	103.661444793297	DBCA	44_2	0	103.661444793297
614.285714285714	866.666666666667	78.4044197669994	24.6	103.004419766999	DBCA	44_2	210	127.817270385188
614.285714285714	900	80.1101441246068	24.6	104.710144124607	DBCA	44_2	140	125.384409397225
614.285714285714	933.333333333333	77.4020927953811	24.6	102.002092795381	DBCA	44_2	70	114.405407861936
614.285714285714	966.666666666667	77.4826845090313	24.6	102.082684509031	DBCA	44_2	280	126.901755612297
628.571428571429	666.666666666667	82.3766796818849	24.6	106.976679681885	DBCA	45_1	0	106.976679681885
628.571428571429	700	82.3543843914562	24.6	106.954384391456	DBCA	45_1	280	131.773455494722
628.571428571429	733.333333333333	78.3720289023249	24.6	102.972028902325	DBCA	45_1	70	115.37534396888
628.571428571429	766.666666666667	76.4591851428971	24.6	101.059185142897	DBCA	45_1	210	125.872035761085
628.571428571429	800	80.2332495492351	24.6	104.833249549235	DBCA	45_1	140	125.507514821853
628.571428571429	833.333333333333	75.3278750067038	24.6	99.9278750067038	DBCA	45_2	140	120.602140279322
628.571428571429	866.666666666667	78.3582472523694	24.6	102.958247252369	DBCA	45_2	0	102.958247252369
628.571428571429	900	81.6002811263344	24.6	106.200281126334	DBCA	45_2	210	131.013131744523
628.571428571429	933.333333333333	79.1282775094633	24.6	103.728277509463	DBCA	45_2	70	116.131592576019
628.571428571429	966.666666666667	75.8657824387612	24.6	100.465782438761	DBCA	45_2	280	125.284853542027
642.857142857143	666.666666666667	78.3810904677325	24.6	102.981090467733	DBCA	46_1	0	102.981090467733
642.857142857143	700	83.1699694580141	24.6	107.769969458014	DBCA	46_1	210	132.582820076202
642.857142857143	733.333333333333	77.7730724594802	24.6	102.37307245948	DBCA	46_1	140	123.047337732098
642.857142857143	766.666666666667	79.0672637044518	24.6	103.667263704452	DBCA	46_1	280	128.486334807718
642.857142857143	800	78.1376734229275	24.6	102.737673422927	DBCA	46_1	70	115.140988489483
642.857142857143	833.333333333333	79.1270645873544	24.6	103.727064587354	DBCA	46_2	0	103.727064587354
642.857142857143	866.666666666667	80.9823678473073	24.6	105.582367847307	DBCA	46_2	140	126.256633119925
642.857142857143	900	80.0800909485137	24.6	104.680090948514	DBCA	46_2	280	129.49916205178
642.857142857143	933.333333333333	76.8893329519659	24.6	101.489332951966	DBCA	46_2	70	113.892648018521
642.857142857143	966.666666666667	76.0279562397858	24.6	100.627956239786	DBCA	46_2	210	125.440806857974
657.142857142857	666.666666666667	81.3711479816497	24.6	105.97114798165	DBCA	47_1	280	130.790219084916
657.142857142857	700	81.55409643949	24.6	106.15409643949	DBCA	47_1	210	130.966947057678
657.142857142857	733.333333333333	73.3589265763665	24.6	97.9589265763665	DBCA	47_1	140	118.633191848985
657.142857142857	766.666666666667	79.6441962720185	24.6	104.244196272018	DBCA	47_1	0	104.244196272018
657.142857142857	800	81.9454325450106	24.6	106.545432545011	DBCA	47_1	70	118.948747611566
657.142857142857	833.333333333333	75.2974082931261	24.6	99.8974082931261	DBCA	47_2	0	99.8974082931261
657.142857142857	866.666666666667	79.3162338174957	24.6	103.916233817496	DBCA	47_2	140	124.590499090114
657.142857142857	900	78.6784462528825	24.6	103.278446252882	DBCA	47_2	280	128.097517356148
657.142857142857	933.333333333333	75.5485291648445	24.6	100.148529164844	DBCA	47_2	210	124.961379783033
657.142857142857	966.666666666667	74.0203000108522	24.6	98.6203000108522	DBCA	47_2	70	111.023615077407
671.428571428571	666.666666666667	79.7391704277816	24.6	104.339170427782	DBCA	48_1	210	129.15202104597
671.428571428571	700	79.2933779496264	24.6	103.893377949626	DBCA	48_1	0	103.893377949626
671.428571428571	733.333333333333	71.9509645398388	24.6	96.5509645398388	DBCA	48_1	70	108.954279606394
671.428571428571	766.666666666667	77.9666445158443	24.6	102.566644515844	DBCA	48_1	280	127.38571561911
671.428571428571	800	78.3936179370198	24.6	102.99361793702	DBCA	48_1	140	123.667883209638
671.428571428571	833.333333333333	76.6827113293836	24.6	101.282711329384	DBCA	48_2	140	121.956976602002
671.428571428571	866.666666666667	76.6384695634199	24.6	101.23846956342	DBCA	48_2	280	126.057540666686
671.428571428571	900	81.3549733372514	24.6	105.954973337251	DBCA	48_2	70	118.358288403807
671.428571428571	933.333333333333	72.473048573336	24.6	97.073048573336	DBCA	48_2	210	121.885899191524
671.428571428571	966.666666666667	77.0222616627658	24.6	101.622261662766	DBCA	48_2	0	101.622261662766
685.714285714286	666.666666666667	84.1164065429617	24.6	108.716406542962	DBCA	49_1	0	108.716406542962
685.714285714286	700	78.9741506451013	24.6	103.574150645101	DBCA	49_1	140	124.248415917719
685.714285714286	733.333333333333	76.5186080374518	24.6	101.118608037452	DBCA	49_1	210	125.93145865564
685.714285714286	766.666666666667	79.2618845694522	24.6	103.861884569452	DBCA	49_1	70	116.265199636007
685.714285714286	800	79.5380809346902	24.6	104.13808093469	DBCA	49_1	280	128.957152037956
685.714285714286	833.333333333333	79.9877594898498	24.6	104.58775948985	DBCA	49_2	210	129.400610108038
685.714285714286	866.666666666667	80.1881182664065	24.6	104.788118266407	DBCA	49_2	0	104.788118266407
685.714285714286	900	81.4886130704542	24.6	106.088613070454	DBCA	49_2	140	126.762878343072
685.714285714286	933.333333333333	79.0753583603856	24.6	103.675358360386	DBCA	49_2	280	128.494429463652
685.714285714286	966.666666666667	78.842531577577	24.6	103.442531577577	DBCA	49_2	70	115.845846644132
57.1428571428571	666.666666666667	74.8674247911262	0	74.8674247911262	DBCA	5_1	210	82.1158754093145
57.1428571428571	700	73.618964969982	0	73.618964969982	DBCA	5_1	0	73.618964969982
57.1428571428571	733.333333333333	77.0204660654017	0	77.0204660654017	DBCA	5_1	70	83.568981131957
57.1428571428571	766.666666666667	77.2847100436743	0	77.2847100436743	DBCA	5_1	280	78.6845811469403
57.1428571428571	800	74.1359779850443	0	74.1359779850443	DBCA	5_1	140	83.1006432576624
57.1428571428571	833.333333333333	80.8243833752701	0	80.8243833752701	DBCA	5_2	0	80.8243833752701
57.1428571428571	866.666666666667	76.1882662200086	0	76.1882662200086	DBCA	5_2	140	85.1529314926266
57.1428571428571	900	80.3852440368145	0	80.3852440368145	DBCA	5_2	70	86.9337591033698
57.1428571428571	933.333333333333	78.9891894159008	0	78.9891894159008	DBCA	5_2	210	86.2376400340891
57.1428571428571	966.666666666667	81.6358640718297	0	81.6358640718297	DBCA	5_2	280	83.0357351750957
700	666.666666666667	81.1440802895171	24.6	105.744080289517	DBCA	50_1	140	126.418345562135
700	700	80.5552501219327	24.6	105.155250121933	DBCA	50_1	280	129.974321225199
700	733.333333333333	78.2211393265587	24.6	102.821139326559	DBCA	50_1	70	115.224454393114
700	766.666666666667	78.9495718397172	24.6	103.549571839717	DBCA	50_1	210	128.362422457905
700	800	80.7366439914937	24.6	105.336643991494	DBCA	50_1	0	105.336643991494
700	833.333333333333	81.1465609150156	24.6	105.746560915016	DBCA	50_2	0	105.746560915016
700	866.666666666667	82.6004688086306	24.6	107.200468808631	DBCA	50_2	280	132.019539911897
700	900	80.9112677301033	24.6	105.511267730103	DBCA	50_2	70	117.914582796659
700	933.333333333333	80.0583070153875	24.6	104.658307015387	DBCA	50_2	140	125.332572288006
700	966.666666666667	76.8282322725047	24.6	101.428232272505	DBCA	50_2	210	126.241082890693
714.285714285714	666.666666666667	82.7456200702949	24.6	107.345620070295	DBCA	51_1	140	128.019885342913
714.285714285714	700	79.3814506207619	24.6	103.981450620762	DBCA	51_1	280	128.800521724028
714.285714285714	733.333333333333	77.5513845965255	24.6	102.151384596526	DBCA	51_1	0	102.151384596526
714.285714285714	766.666666666667	80.7072525411149	24.6	105.307252541115	DBCA	51_1	210	130.120103159303
714.285714285714	800	77.6454596008803	24.6	102.24545960088	DBCA	51_1	70	114.648774667436
714.285714285714	833.333333333333	77.4697898670929	24.6	102.069789867093	DBCA	51_2	280	126.888860970359
714.285714285714	866.666666666667	79.1811935127336	24.6	103.781193512734	DBCA	51_2	0	103.781193512734
714.285714285714	900	82.2455939486507	24.6	106.845593948651	DBCA	51_2	210	131.658444566839
714.285714285714	933.333333333333	77.33718089273	24.6	101.93718089273	DBCA	51_2	140	122.611446165348
714.285714285714	966.666666666667	76.3906783396338	24.6	100.990678339634	DBCA	51_2	70	113.393993406189
728.571428571429	666.666666666667	79.3012398867123	24.6	103.901239886712	DBCA	52_1	0	103.901239886712
728.571428571429	700	79.6406712682881	24.6	104.240671268288	DBCA	52_1	210	129.053521886476
728.571428571429	733.333333333333	79.3325698569117	24.6	103.932569856912	DBCA	52_1	70	116.335884923467
728.571428571429	766.666666666667	77.5301837473522	24.6	102.130183747352	DBCA	52_1	140	122.80444901997
728.571428571429	800	79.9710817636569	24.6	104.571081763657	DBCA	52_1	280	129.390152866923
728.571428571429	833.333333333333	80.3675226652507	24.6	104.967522665251	DBCA	52_2	0	104.967522665251
728.571428571429	866.666666666667	80.3779991944509	24.6	104.977999194451	DBCA	52_2	210	129.790849812639
728.571428571429	900	86.7636766255049	24.6	111.363676625505	DBCA	52_2	280	136.182747728771
728.571428571429	933.333333333333	75.8658901604138	24.6	100.465890160414	DBCA	52_2	70	112.869205226969
728.571428571429	966.666666666667	75.8489222663517	24.6	100.448922266352	DBCA	52_2	140	121.12318753897
742.857142857143	666.666666666667	79.2991668303989	24.6	103.899166830399	DBCA	53_1	280	128.718237933665
742.857142857143	700	84.5507888131436	24.6	109.150788813144	DBCA	53_1	70	121.554103879699
742.857142857143	733.333333333333	82.6461158745215	24.6	107.246115874522	DBCA	53_1	210	132.05896649271
742.857142857143	766.666666666667	77.1591831520605	24.6	101.759183152061	DBCA	53_1	140	122.433448424679
742.857142857143	800	78.8669658834271	24.6	103.466965883427	DBCA	53_1	0	103.466965883427
742.857142857143	833.333333333333	83.476732043942	24.6	108.076732043942	DBCA	53_2	280	132.895803147208
742.857142857143	866.666666666667	81.8627247198979	24.6	106.462724719898	DBCA	53_2	210	131.275575338086
742.857142857143	900	83.297755917333	24.6	107.897755917333	DBCA	53_2	0	107.897755917333
742.857142857143	933.333333333333	77.6112688466256	24.6	102.211268846626	DBCA	53_2	140	122.885534119244
742.857142857143	966.666666666667	78.275913615347	24.6	102.875913615347	DBCA	53_2	70	115.279228681902
757.142857142857	666.666666666667	85.0440350970475	24.6	109.644035097047	DBCA	54_1	280	134.463106200313
757.142857142857	700	82.4857846833474	24.6	107.085784683347	DBCA	54_1	140	127.760049955965
757.142857142857	733.333333333333	82.2058862320841	24.6	106.805886232084	DBCA	54_1	210	131.618736850272
757.142857142857	766.666666666667	79.1385081184982	24.6	103.738508118498	DBCA	54_1	70	116.141823185053
757.142857142857	800	77.1000659119541	24.6	101.700065911954	DBCA	54_1	0	101.700065911954
757.142857142857	833.333333333333	87.4237396685398	24.6	112.02373966854	DBCA	54_2	280	136.842810771806
757.142857142857	866.666666666667	83.8886808007562	24.6	108.488680800756	DBCA	54_2	140	129.162946073374
757.142857142857	900	83.8763735673658	24.6	108.476373567366	DBCA	54_2	210	133.289224185554
757.142857142857	933.333333333333	81.0789109558875	24.6	105.678910955888	DBCA	54_2	70	118.082226022443
757.142857142857	966.666666666667	80.8270052208019	24.6	105.427005220802	DBCA	54_2	0	105.427005220802
771.428571428571	666.666666666667	84.7437217882101	24.6	109.34372178821	DBCA	55_1	0	109.34372178821
771.428571428571	700	80.4663737488217	24.6	105.066373748822	DBCA	55_1	280	129.885444852088
771.428571428571	733.333333333333	82.158266882642	24.6	106.758266882642	DBCA	55_1	70	119.161581949197
771.428571428571	766.666666666667	81.9426107489937	24.6	106.542610748994	DBCA	55_1	210	131.355461367182
771.428571428571	800	79.5547983723385	24.6	104.154798372339	DBCA	55_1	140	124.829063644957
771.428571428571	833.333333333333	83.478813140933	24.6	108.078813140933	DBCA	55_2	280	132.897884244199
771.428571428571	866.666666666667	80.742882984714	24.6	105.342882984714	DBCA	55_2	140	126.017148257332
771.428571428571	900	83.1391646109389	24.6	107.739164610939	DBCA	55_2	210	132.552015229127
771.428571428571	933.333333333333	80.6148961841118	24.6	105.214896184112	DBCA	55_2	70	117.618211250667
771.428571428571	966.666666666667	76.766722164373	24.6	101.366722164373	DBCA	55_2	0	101.366722164373
785.714285714286	666.666666666667	85.3679217134902	24.6	109.96792171349	DBCA	56_1	210	134.780772331678
785.714285714286	700	80.5032152727984	24.6	105.103215272798	DBCA	56_1	70	117.506530339354
785.714285714286	733.333333333333	83.8627065778414	24.6	108.462706577841	DBCA	56_1	0	108.462706577841
785.714285714286	766.666666666667	79.8001851081538	24.6	104.400185108154	DBCA	56_1	140	125.074450380772
785.714285714286	800	82.0285095707668	24.6	106.628509570767	DBCA	56_1	280	131.447580674033
785.714285714286	833.333333333333	81.7031684054854	24.6	106.303168405485	DBCA	56_2	280	131.122239508751
785.714285714286	866.666666666667	86.4027589081742	24.6	111.002758908174	DBCA	56_2	210	135.815609526363
785.714285714286	900	81.3770635159111	24.6	105.977063515911	DBCA	56_2	0	105.977063515911
785.714285714286	933.333333333333	81.8388709117596	24.6	106.43887091176	DBCA	56_2	70	118.842185978315
785.714285714286	966.666666666667	83.0603248382948	24.6	107.660324838295	DBCA	56_2	140	128.334590110913
800	666.666666666667	86.304277151698	24.6	110.904277151698	DBCA	57_1	70	123.307592218253
800	700	83.1285943126546	24.6	107.728594312655	DBCA	57_1	0	107.728594312655
800	733.333333333333	84.9484162372125	24.6	109.548416237212	DBCA	57_1	280	134.367487340478
800	766.666666666667	81.1316377240131	24.6	105.731637724013	DBCA	57_1	210	130.544488342201
800	800	81.8251046978684	24.6	106.425104697868	DBCA	57_1	140	127.099369970486
800	833.333333333333	84.6401338837244	24.6	109.240133883724	DBCA	57_2	70	121.64344895028
800	866.666666666667	83.19801414605	24.6	107.79801414605	DBCA	57_2	140	128.472279418668
800	900	83.7031780031052	24.6	108.303178003105	DBCA	57_2	210	133.116028621293
800	933.333333333333	81.0142221710669	24.6	105.614222171067	DBCA	57_2	0	105.614222171067
800	966.666666666667	81.83688363005	24.6	106.43688363005	DBCA	57_2	280	131.255954733316
814.285714285714	666.666666666667	84.2526672182539	24.6	108.852667218254	DBCA	58_1	280	133.67173832152
814.285714285714	700	84.0057178154618	24.6	108.605717815462	DBCA	58_1	0	108.605717815462
814.285714285714	733.333333333333	83.9104788399899	24.6	108.51047883999	DBCA	58_1	70	120.913793906545
814.285714285714	766.666666666667	81.0600809272159	24.6	105.660080927216	DBCA	58_1	210	130.472931545404
814.285714285714	800	80.3032428657695	24.6	104.903242865769	DBCA	58_1	140	125.577508138388
814.285714285714	833.333333333333	79.8293752551031	24.6	104.429375255103	DBCA	58_2	280	129.248446358369
814.285714285714	866.666666666667	80.8201086535392	24.6	105.420108653539	DBCA	58_2	210	130.232959271728
814.285714285714	900	79.0538897094625	24.6	103.653889709462	DBCA	58_2	70	116.057204776018
814.285714285714	933.333333333333	80.7198223245157	24.6	105.319822324516	DBCA	58_2	140	125.994087597134
814.285714285714	966.666666666667	82.2238085794014	24.6	106.823808579401	DBCA	58_2	0	106.823808579401
828.571428571429	666.666666666667	84.510228125896	24.6	109.110228125896	DBCA	59_1	280	133.929299229162
828.571428571429	700	84.5322289836749	24.6	109.132228983675	DBCA	59_1	70	121.53554405023
828.571428571429	733.333333333333	83.7444715785308	24.6	108.344471578531	DBCA	59_1	210	133.157322196719
828.571428571429	766.666666666667	83.4925210902961	24.6	108.092521090296	DBCA	59_1	140	128.766786362914
828.571428571429	800	81.9192590618161	24.6	106.519259061816	DBCA	59_1	0	106.519259061816
828.571428571429	833.333333333333	80.8020334232141	24.6	105.402033423214	DBCA	59_2	140	126.076298695832
828.571428571429	866.666666666667	76.8723893756877	24.6	101.472389375688	DBCA	59_2	0	101.472389375688
828.571428571429	900	80.6733096499411	24.6	105.273309649941	DBCA	59_2	70	117.676624716496
828.571428571429	933.333333333333	86.4717339442144	24.6	111.071733944214	DBCA	59_2	280	135.89080504748
828.571428571429	966.666666666667	80.5142859414194	24.6	105.114285941419	DBCA	59_2	210	129.927136559608
71.4285714285714	666.666666666667	74.1087974129557	0	74.1087974129557	DBCA	6_1	70	80.657312479511
71.4285714285714	700	79.0560522558658	0	79.0560522558658	DBCA	6_1	0	79.0560522558658
71.4285714285714	733.333333333333	77.0427901948983	0	77.0427901948983	DBCA	6_1	280	78.4426612981643
71.4285714285714	766.666666666667	77.3783638321444	0	77.3783638321444	DBCA	6_1	210	84.6268144503327
71.4285714285714	800	78.4952963649021	0	78.4952963649021	DBCA	6_1	140	87.4599616375202
71.4285714285714	833.333333333333	78.7781150819459	0	78.7781150819459	DBCA	6_2	280	80.1779861852119
71.4285714285714	866.666666666667	77.7594928359219	0	77.7594928359219	DBCA	6_2	70	84.3080079024772
71.4285714285714	900	72.3989655552062	0	72.3989655552062	DBCA	6_2	140	81.3636308278242
71.4285714285714	933.333333333333	79.7635731135605	0	79.7635731135605	DBCA	6_2	0	79.7635731135605
71.4285714285714	966.666666666667	79.773688150757	0	79.773688150757	DBCA	6_2	210	87.0221387689453
842.857142857143	666.666666666667	86.6874402372645	24.6	111.287440237265	DBCA	60_1	210	136.100290855453
842.857142857143	700	83.8246401669475	24.6	108.424640166947	DBCA	60_1	140	129.098905439566
842.857142857143	733.333333333333	79.9246897860554	24.6	104.524689786055	DBCA	60_1	70	116.928004852611
842.857142857143	766.666666666667	82.9306592543777	24.6	107.530659254378	DBCA	60_1	0	107.530659254378
842.857142857143	800	78.5570209902824	24.6	103.157020990282	DBCA	60_1	280	127.976092093548
842.857142857143	833.333333333333	78.3423299466657	24.6	102.942329946666	DBCA	60_2	140	123.616595219284
842.857142857143	866.666666666667	75.5603740789205	24.6	100.160374078921	DBCA	60_2	0	100.160374078921
842.857142857143	900	84.3681338053621	24.6	108.968133805362	DBCA	60_2	280	133.787204908628
842.857142857143	933.333333333333	83.4646948000304	24.6	108.06469480003	DBCA	60_2	210	132.877545418219
842.857142857143	966.666666666667	84.9834590421082	24.6	109.583459042108	DBCA	60_2	70	121.986774108663
857.142857142857	666.666666666667	82.2606505796713	24.6	106.860650579671	DBCA	61_1	280	131.679721682937
857.142857142857	700	80.3978001335869	24.6	104.997800133587	DBCA	61_1	70	117.401115200142
857.142857142857	733.333333333333	80.615525742101	24.6	105.215525742101	DBCA	61_1	0	105.215525742101
857.142857142857	766.666666666667	79.0302166983118	24.6	103.630216698312	DBCA	61_1	140	124.30448197093
857.142857142857	800	80.6215070319364	24.6	105.221507031936	DBCA	61_1	210	130.034357650125
857.142857142857	833.333333333333	78.7351345178507	24.6	103.335134517851	DBCA	61_2	70	115.738449584406
857.142857142857	866.666666666667	82.4161829001156	24.6	107.016182900116	DBCA	61_2	140	127.690448172734
857.142857142857	900	84.9493966249477	24.6	109.549396624948	DBCA	61_2	210	134.362247243136
857.142857142857	933.333333333333	85.0566366312981	24.6	109.656636631298	DBCA	61_2	280	134.475707734564
857.142857142857	966.666666666667	85.9009697155125	24.6	110.500969715512	DBCA	61_2	0	110.500969715512
871.428571428571	666.666666666667	79.9735911864671	24.6	104.573591186467	DBCA	62_1	140	125.247856459085
871.428571428571	700	83.4993767563752	24.6	108.099376756375	DBCA	62_1	70	120.502691822931
871.428571428571	733.333333333333	76.302199452574	24.6	100.902199452574	DBCA	62_1	0	100.902199452574
871.428571428571	766.666666666667	79.2329011066252	24.6	103.832901106625	DBCA	62_1	210	128.645751724813
871.428571428571	800	83.6279980368661	24.6	108.227998036866	DBCA	62_1	280	133.047069140132
871.428571428571	833.333333333333	80.8259764579506	24.6	105.425976457951	DBCA	62_2	0	105.425976457951
871.428571428571	866.666666666667	81.5839392382165	24.6	106.183939238217	DBCA	62_2	70	118.587254304772
871.428571428571	900	83.9213056667738	24.6	108.521305666774	DBCA	62_2	210	133.334156284962
871.428571428571	933.333333333333	85.4460767098821	24.6	110.046076709882	DBCA	62_2	280	134.865147813148
871.428571428571	966.666666666667	84.3952528148931	24.6	108.995252814893	DBCA	62_2	140	129.669518087511
885.714285714286	666.666666666667	79.6104231334881	24.6	104.210423133488	DBCA	63_1	280	129.029494236754
885.714285714286	700	81.4817255139647	24.6	106.081725513965	DBCA	63_1	70	118.48504058052
885.714285714286	733.333333333333	79.9026081936537	24.6	104.502608193654	DBCA	63_1	140	125.176873466272
885.714285714286	766.666666666667	81.6494928174936	24.6	106.249492817494	DBCA	63_1	210	131.062343435682
885.714285714286	800	76.8819959139584	24.6	101.481995913958	DBCA	63_1	0	101.481995913958
885.714285714286	833.333333333333	82.903648619402	24.6	107.503648619402	DBCA	63_2	140	128.17791389202
885.714285714286	866.666666666667	82.4318591742945	24.6	107.031859174295	DBCA	63_2	280	131.850930277561
885.714285714286	900	83.2185152337473	24.6	107.818515233747	DBCA	63_2	0	107.818515233747
885.714285714286	933.333333333333	84.4213180824637	24.6	109.021318082464	DBCA	63_2	210	133.834168700652
885.714285714286	966.666666666667	84.830282877023	24.6	109.430282877023	DBCA	63_2	70	121.833597943578
900	666.666666666667	81.9776155547194	24.6	106.577615554719	DBCA	64_1	210	131.390466172908
900	700	80.1516242521463	24.6	104.751624252146	DBCA	64_1	0	104.751624252146
900	733.333333333333	76.4116548149893	24.6	101.011654814989	DBCA	64_1	280	125.830725918255
900	766.666666666667	79.8920507679056	24.6	104.492050767906	DBCA	64_1	70	116.895365834461
900	800	82.1395370053093	24.6	106.739537005309	DBCA	64_1	140	127.413802277927
900	833.333333333333	81.588636558498	24.6	106.188636558498	DBCA	64_2	280	131.007707661764
900	866.666666666667	83.0801246943583	24.6	107.680124694358	DBCA	64_2	210	132.492975312547
900	900	85.1160032538489	24.6	109.716003253849	DBCA	64_2	140	130.390268526467
900	933.333333333333	88.7537260435012	24.6	113.353726043501	DBCA	64_2	0	113.353726043501
900	966.666666666667	87.4788885553092	24.6	112.078888555309	DBCA	64_2	70	124.482203621864
914.285714285714	666.666666666667	84.4179884074371	24.6	109.017988407437	DBCA	65_1	70	121.421303473992
914.285714285714	700	83.1900688311846	24.6	107.790068831185	DBCA	65_1	280	132.609139934451
914.285714285714	733.333333333333	76.384919052709	24.6	100.984919052709	DBCA	65_1	140	121.659184325327
914.285714285714	766.666666666667	78.4785350998142	24.6	103.078535099814	DBCA	65_1	0	103.078535099814
914.285714285714	800	80.2553855032625	24.6	104.855385503262	DBCA	65_1	210	129.668236121451
914.285714285714	833.333333333333	78.6671867269633	24.6	103.267186726963	DBCA	65_2	0	103.267186726963
914.285714285714	866.666666666667	83.1649933757319	24.6	107.764993375732	DBCA	65_2	70	120.168308442287
914.285714285714	900	85.7349787353723	24.6	110.334978735372	DBCA	65_2	280	135.154049838638
914.285714285714	933.333333333333	82.4723964452069	24.6	107.072396445207	DBCA	65_2	210	131.885247063395
914.285714285714	966.666666666667	81.4119313341188	24.6	106.011931334119	DBCA	65_2	140	126.686196606737
928.571428571429	666.666666666667	82.2542904235172	24.6	106.854290423517	DBCA	66_1	140	127.528555696135
928.571428571429	700	83.0590407085302	24.6	107.65904070853	DBCA	66_1	70	120.062355775085
928.571428571429	733.333333333333	78.3172050816261	24.6	102.917205081626	DBCA	66_1	280	127.736276184892
928.571428571429	766.666666666667	77.0171028973445	24.6	101.617102897344	DBCA	66_1	210	126.429953515533
928.571428571429	800	76.1210875533809	24.6	100.721087553381	DBCA	66_1	0	100.721087553381
928.571428571429	833.333333333333	78.0024732708452	24.6	102.602473270845	DBCA	66_2	140	123.276738543463
928.571428571429	866.666666666667	81.8955455804474	24.6	106.495545580447	DBCA	66_2	70	118.898860647003
928.571428571429	900	82.1457137100791	24.6	106.745713710079	DBCA	66_2	0	106.745713710079
928.571428571429	933.333333333333	82.0943933259044	24.6	106.694393325904	DBCA	66_2	280	131.51346442917
928.571428571429	966.666666666667	82.0657845700297	24.6	106.66578457003	DBCA	66_2	210	131.478635188218
942.857142857143	666.666666666667	81.5338752018383	24.6	106.133875201838	DBCA	67_1	0	106.133875201838
942.857142857143	700	81.5224350148739	24.6	106.122435014874	DBCA	67_1	280	130.94150611814
942.857142857143	733.333333333333	77.8881005205491	24.6	102.488100520549	DBCA	67_1	70	114.891415587104
942.857142857143	766.666666666667	79.1207385955742	24.6	103.720738595574	DBCA	67_1	210	128.533589213762
942.857142857143	800	78.6563963243158	24.6	103.256396324316	DBCA	67_1	140	123.930661596934
942.857142857143	833.333333333333	74.4286123380245	24.6	99.0286123380245	DBCA	67_2	210	123.841462956213
942.857142857143	866.666666666667	77.2041920355729	24.6	101.804192035573	DBCA	67_2	280	126.623263138839
942.857142857143	900	75.4267532840623	24.6	100.026753284062	DBCA	67_2	0	100.026753284062
942.857142857143	933.333333333333	82.4909316479826	24.6	107.090931647983	DBCA	67_2	140	127.765196920601
942.857142857143	966.666666666667	80.8667834012968	24.6	105.466783401297	DBCA	67_2	70	117.870098467852
957.142857142857	666.666666666667	79.6716480320859	24.6	104.271648032086	DBCA	68_1	280	129.090719135352
957.142857142857	700	77.7142555109412	24.6	102.314255510941	DBCA	68_1	210	127.12710612913
957.142857142857	733.333333333333	79.6533029578412	24.6	104.253302957841	DBCA	68_1	70	116.656618024397
957.142857142857	766.666666666667	77.2182087782997	24.6	101.8182087783	DBCA	68_1	0	101.8182087783
957.142857142857	800	79.7154437310803	24.6	104.31544373108	DBCA	68_1	140	124.989709003698
957.142857142857	833.333333333333	74.6111663849171	24.6	99.2111663849171	DBCA	68_2	0	99.2111663849171
957.142857142857	866.666666666667	78.1053813103584	24.6	102.705381310358	DBCA	68_2	210	127.518231928547
957.142857142857	900	76.2481253015415	24.6	100.848125301541	DBCA	68_2	140	121.52239057416
957.142857142857	933.333333333333	79.5636615165387	24.6	104.163661516539	DBCA	68_2	70	116.566976583094
957.142857142857	966.666666666667	76.7749688206619	24.6	101.374968820662	DBCA	68_2	280	126.194039923928
971.428571428571	666.666666666667	81.4774287237031	24.6	106.077428723703	DBCA	69_1	0	106.077428723703
971.428571428571	700	76.0170342101432	24.6	100.617034210143	DBCA	69_1	140	121.291299482761
971.428571428571	733.333333333333	81.415448338604	24.6	106.015448338604	DBCA	69_1	210	130.828298956792
971.428571428571	766.666666666667	76.8451651547828	24.6	101.445165154783	DBCA	69_1	280	126.264236258049
971.428571428571	800	75.7655747077724	24.6	100.365574707772	DBCA	69_1	70	112.768889774328
971.428571428571	833.333333333333	74.217587710286	24.6	98.817587710286	DBCA	69_2	140	119.491852982904
971.428571428571	866.666666666667	77.3292048346417	24.6	101.929204834642	DBCA	69_2	210	126.74205545283
971.428571428571	900	77.0829917883926	24.6	101.682991788393	DBCA	69_2	0	101.682991788393
971.428571428571	933.333333333333	82.0454303906876	24.6	106.645430390688	DBCA	69_2	280	131.464501493954
971.428571428571	966.666666666667	79.2901789906684	24.6	103.890178990668	DBCA	69_2	70	116.293494057224
85.7142857142857	666.666666666667	72.8284841334532	0	72.8284841334532	DBCA	7_1	210	80.0769347516415
85.7142857142857	700	79.8826511087743	0	79.8826511087743	DBCA	7_1	280	81.2825222120402
85.7142857142857	733.333333333333	80.4575537041014	0	80.4575537041014	DBCA	7_1	0	80.4575537041014
85.7142857142857	766.666666666667	79.4339443300194	0	79.4339443300194	DBCA	7_1	70	85.9824593965747
85.7142857142857	800	77.5731324297942	0	77.5731324297942	DBCA	7_1	140	86.5377977024123
85.7142857142857	833.333333333333	78.5227209052887	0	78.5227209052887	DBCA	7_2	140	87.4873861779068
85.7142857142857	866.666666666667	77.2742608946602	0	77.2742608946602	DBCA	7_2	210	84.5227115128485
85.7142857142857	900	75.6735672389023	0	75.6735672389023	DBCA	7_2	0	75.6735672389023
85.7142857142857	933.333333333333	75.8373300753671	0	75.8373300753671	DBCA	7_2	280	77.2372011786331
85.7142857142857	966.666666666667	76.8487490165231	0	76.8487490165231	DBCA	7_2	70	83.3972640830784
985.714285714286	666.666666666667	80.5195192459527	24.6	105.119519245953	DBCA	70_1	140	125.793784518571
985.714285714286	700	77.2871569774534	24.6	101.887156977453	DBCA	70_1	0	101.887156977453
985.714285714286	733.333333333333	81.0760362525419	24.6	105.676036252542	DBCA	70_1	280	130.495107355808
985.714285714286	766.666666666667	76.0296586253654	24.6	100.629658625365	DBCA	70_1	70	113.032973691921
985.714285714286	800	72.096355260366	24.6	96.696355260366	DBCA	70_1	210	121.509205878554
985.714285714286	833.333333333333	74.2914809013704	24.6	98.8914809013704	DBCA	70_2	70	111.294795967926
985.714285714286	866.666666666667	75.7732423395047	24.6	100.373242339505	DBCA	70_2	140	121.047507612123
985.714285714286	900	78.6840523030992	24.6	103.284052303099	DBCA	70_2	0	103.284052303099
985.714285714286	933.333333333333	77.7797098382524	24.6	102.379709838252	DBCA	70_2	210	127.192560456441
985.714285714286	966.666666666667	77.4127677602256	24.6	102.012767760226	DBCA	70_2	280	126.831838863492
1000	666.666666666667	79.2162155933982	24.6	103.816215593398	DBCA	71_1	280	128.635286696664
1000	700	77.3132338176098	24.6	101.91323381761	DBCA	71_1	210	126.726084435798
1000	733.333333333333	78.8398024699674	24.6	103.439802469967	DBCA	71_1	140	124.114067742585
1000	766.666666666667	78.7008542569188	24.6	103.300854256919	DBCA	71_1	0	103.300854256919
1000	800	72.7355632623469	24.6	97.3355632623469	DBCA	71_1	70	109.738878328902
1000	833.333333333333	70.8777668628021	24.6	95.4777668628021	DBCA	71_2	70	107.881081929357
1000	866.666666666667	78.0207942873805	24.6	102.620794287381	DBCA	71_2	0	102.620794287381
1000	900	77.799619170437	24.6	102.399619170437	DBCA	71_2	210	127.212469788625
1000	933.333333333333	75.5581407072161	24.6	100.158140707216	DBCA	71_2	280	124.977211810482
1000	966.666666666667	79.4226660656736	24.6	104.022666065674	DBCA	71_2	140	124.696931338292
100	666.666666666667	74.2772037738711	0	74.2772037738711	DBCA	8_1	210	81.5256543920594
100	700	75.5025003455672	0	75.5025003455672	DBCA	8_1	70	82.0510154121225
100	733.333333333333	83.9716092777116	0	83.9716092777116	DBCA	8_1	140	92.9362745503296
100	766.666666666667	77.7087698223058	0	77.7087698223058	DBCA	8_1	0	77.7087698223058
100	800	76.9517043309201	0	76.9517043309201	DBCA	8_1	280	78.3515754341861
100	833.333333333333	78.4949567941447	0	78.4949567941447	DBCA	8_2	210	85.743407412333
100	866.666666666667	79.287638220623	0	79.287638220623	DBCA	8_2	0	79.287638220623
100	900	77.9381274421737	0	77.9381274421737	DBCA	8_2	280	79.3379985454397
100	933.333333333333	74.882998830154	0	74.882998830154	DBCA	8_2	70	81.4315138967093
100	966.666666666667	77.2555732877486	0	77.2555732877486	DBCA	8_2	140	86.2202385603666
114.285714285714	666.666666666667	76.7620607246652	0	76.7620607246652	DBCA	9_1	0	76.7620607246652
114.285714285714	700	77.5940559145288	0	77.5940559145288	DBCA	9_1	210	84.8425065327171
114.285714285714	733.333333333333	79.3099024431018	0	79.3099024431018	DBCA	9_1	280	80.7097735463678
114.285714285714	766.666666666667	79.4413696469048	0	79.4413696469048	DBCA	9_1	140	88.4060349195229
114.285714285714	800	73.9517756749284	0	73.9517756749284	DBCA	9_1	70	80.5002907414837
114.285714285714	833.333333333333	74.1554962095574	0	74.1554962095574	DBCA	9_2	70	80.7040112761127
114.285714285714	866.666666666667	80.0077271758102	0	80.0077271758102	DBCA	9_2	280	81.4075982790762
114.285714285714	900	75.0955438267603	0	75.0955438267603	DBCA	9_2	210	82.3439944449486
114.285714285714	933.333333333333	74.0428242902889	0	74.0428242902889	DBCA	9_2	0	74.0428242902889
114.285714285714	966.666666666667	78.2044707769683	0	78.2044707769683	DBCA	9_2	140	87.1691360495863
0	1000	78.5484146790599	0	78.5484146790599	DBCA	1_3	NA	NA
14.2857142857143	1000	78.3370411842543	0	78.3370411842543	DBCA	2_3	NA	NA
28.5714285714286	1000	78.5568330677738	0	78.5568330677738	DBCA	3_3	NA	NA
42.8571428571429	1000	80.214740973127	0	80.214740973127	DBCA	4_3	NA	NA
57.1428571428571	1000	82.3434918496787	0	82.3434918496787	DBCA	5_3	NA	NA
71.4285714285714	1000	78.4929178186258	0	78.4929178186258	DBCA	6_3	NA	NA
85.7142857142857	1000	80.9744537782725	0	80.9744537782725	DBCA	7_3	NA	NA
100	1000	79.8980873999381	0	79.8980873999381	DBCA	8_3	NA	NA
114.285714285714	1000	79.372497504849	0	79.372497504849	DBCA	9_3	NA	NA
128.571428571429	1000	79.8472289420489	0	79.8472289420489	DBCA	10_3	NA	NA
142.857142857143	1000	80.2074206613634	0	80.2074206613634	DBCA	11_3	NA	NA
157.142857142857	1000	76.9524937356714	0	76.9524937356714	DBCA	12_3	NA	NA
171.428571428571	1000	78.7182575918429	0	78.7182575918429	DBCA	13_3	NA	NA
185.714285714286	1000	73.3789750620706	0	73.3789750620706	DBCA	14_3	NA	NA
200	1000	74.9663514732172	0	74.9663514732172	DBCA	15_3	NA	NA
214.285714285714	1000	74.9639452008274	0	74.9639452008274	DBCA	16_3	NA	NA
228.571428571429	1000	74.8025103501664	0	74.8025103501664	DBCA	17_3	NA	NA
242.857142857143	1000	75.3750780617789	0	75.3750780617789	DBCA	18_3	NA	NA
257.142857142857	1000	75.5726675528062	0	75.5726675528062	DBCA	19_3	NA	NA
271.428571428571	1000	79.2173828459161	0	79.2173828459161	DBCA	20_3	NA	NA
285.714285714286	1000	79.9747946735028	0	79.9747946735028	DBCA	21_3	NA	NA
300	1000	76.5989239705225	0	76.5989239705225	DBCA	22_3	NA	NA
314.285714285714	1000	81.6527707639197	0	81.6527707639197	DBCA	23_3	NA	NA
328.571428571429	1000	79.3228066694346	0	79.3228066694346	DBCA	24_3	NA	NA
342.857142857143	1000	82.8876048699132	0	82.8876048699132	DBCA	25_3	NA	NA
357.142857142857	1000	79.4120723171938	0	79.4120723171938	DBCA	26_3	NA	NA
371.428571428571	1000	80.2906470427781	0	80.2906470427781	DBCA	27_3	NA	NA
385.714285714286	1000	80.5370504732492	0	80.5370504732492	DBCA	28_3	NA	NA
400	1000	81.4884250870938	0	81.4884250870938	DBCA	29_3	NA	NA
414.285714285714	1000	82.1058515784793	0	82.1058515784793	DBCA	30_3	NA	NA
428.571428571429	1000	82.468306221482	0	82.468306221482	DBCA	31_3	NA	NA
442.857142857143	1000	76.6824325643066	0	76.6824325643066	DBCA	32_3	NA	NA
457.142857142857	1000	74.1377493206634	0	74.1377493206634	DBCA	33_3	NA	NA
471.428571428571	1000	77.5010381167809	0	77.5010381167809	DBCA	34_3	NA	NA
485.714285714286	1000	75.8237187699313	0	75.8237187699313	DBCA	35_3	NA	NA
500	1000	78.9910073563666	0	78.9910073563666	DBCA	36_3	NA	NA
514.285714285714	1000	82.1675093609345	24.6	106.767509360935	DBCA	37_3	NA	NA
528.571428571429	1000	73.08311887192	24.6	97.68311887192	DBCA	38_3	NA	NA
542.857142857143	1000	75.157285534698	24.6	99.757285534698	DBCA	39_3	NA	NA
557.142857142857	1000	77.1884466555969	24.6	101.788446655597	DBCA	40_3	NA	NA
571.428571428571	1000	74.6932497763652	24.6	99.2932497763652	DBCA	41_3	NA	NA
585.714285714286	1000	74.7937301327805	24.6	99.3937301327805	DBCA	42_3	NA	NA
600	1000	78.9195896152642	24.6	103.519589615264	DBCA	43_3	NA	NA
614.285714285714	1000	77.8449624610238	24.6	102.444962461024	DBCA	44_3	NA	NA
628.571428571429	1000	77.0879911226234	24.6	101.687991122623	DBCA	45_3	NA	NA
642.857142857143	1000	76.4146839195015	24.6	101.014683919501	DBCA	46_3	NA	NA
657.142857142857	1000	78.0787981846957	24.6	102.678798184696	DBCA	47_3	NA	NA
671.428571428571	1000	80.1509315649506	24.6	104.750931564951	DBCA	48_3	NA	NA
685.714285714286	1000	80.4890954342167	24.6	105.089095434217	DBCA	49_3	NA	NA
700	1000	79.5505046764549	24.6	104.150504676455	DBCA	50_3	NA	NA
714.285714285714	1000	76.731823925846	24.6	101.331823925846	DBCA	51_3	NA	NA
728.571428571429	1000	77.2032783071963	24.6	101.803278307196	DBCA	52_3	NA	NA
742.857142857143	1000	79.7727715968353	24.6	104.372771596835	DBCA	53_3	NA	NA
757.142857142857	1000	78.9078987606586	24.6	103.507898760659	DBCA	54_3	NA	NA
771.428571428571	1000	80.312476997811	24.6	104.912476997811	DBCA	55_3	NA	NA
785.714285714286	1000	82.0139111327797	24.6	106.61391113278	DBCA	56_3	NA	NA
800	1000	79.1781696554415	24.6	103.778169655441	DBCA	57_3	NA	NA
814.285714285714	1000	81.4990781576234	24.6	106.099078157623	DBCA	58_3	NA	NA
828.571428571429	1000	81.4910761089579	24.6	106.091076108958	DBCA	59_3	NA	NA
842.857142857143	1000	79.4397260148528	24.6	104.039726014853	DBCA	60_3	NA	NA
857.142857142857	1000	77.8439366288067	24.6	102.443936628807	DBCA	61_3	NA	NA
871.428571428571	1000	83.095826687561	24.6	107.695826687561	DBCA	62_3	NA	NA
885.714285714286	1000	80.7230721312512	24.6	105.323072131251	DBCA	63_3	NA	NA
900	1000	82.9697753012141	24.6	107.569775301214	DBCA	64_3	NA	NA
914.285714285714	1000	80.4056958225904	24.6	105.00569582259	DBCA	65_3	NA	NA
928.571428571429	1000	81.4884197529361	24.6	106.088419752936	DBCA	66_3	NA	NA
942.857142857143	1000	80.3897110955438	24.6	104.989711095544	DBCA	67_3	NA	NA
957.142857142857	1000	75.580783959256	24.6	100.180783959256	DBCA	68_3	NA	NA
971.428571428571	1000	77.4322893523453	24.6	102.032289352345	DBCA	69_3	NA	NA
985.714285714286	1000	81.5813755143407	24.6	106.181375514341	DBCA	70_3	NA	NA
1000	1000	80.983457041067	24.6	105.583457041067	DBCA	71_3	NA	NA
