x	y	variable1	Zona	ErrorConEfecto	Disenio	Bloque	AsigTrat	MiRto
0	666.666666666667	78.1776433276478	0	78.1776433276478	DBCA	1_1	0	78.1776433276478
0	700	79.6341379114667	0	79.6341379114667	DBCA	1_1	140	91.8497908426491
0	733.333333333333	80.5064347733358	0	80.5064347733358	DBCA	1_1	70	87.9368408995628
0	766.666666666667	77.1595576965275	0	77.1595576965275	DBCA	1_1	210	91.5152981113939
0	800	74.6422147771204	0	74.6422147771204	DBCA	1_1	280	88.4928833543993
0	833.333333333333	82.3563693955918	0	82.3563693955918	DBCA	1_2	140	94.5720223267743
0	866.666666666667	83.0574487984012	0	83.0574487984012	DBCA	1_2	210	97.4131892132676
0	900	81.0883056721556	0	81.0883056721556	DBCA	1_2	70	88.5187117983826
0	933.333333333333	80.403191911094	0	80.403191911094	DBCA	1_2	280	94.2538604883729
0	966.666666666667	79.4073461683924	0	79.4073461683924	DBCA	1_2	0	79.4073461683924
128.571428571429	666.666666666667	76.9139970559063	0	76.9139970559063	DBCA	10_1	280	90.7646656331852
128.571428571429	700	81.0165056594572	0	81.0165056594572	DBCA	10_1	0	81.0165056594572
128.571428571429	733.333333333333	78.5380829406297	0	78.5380829406297	DBCA	10_1	70	85.9684890668567
128.571428571429	766.666666666667	79.0710480011855	0	79.0710480011855	DBCA	10_1	210	93.4267884160519
128.571428571429	800	78.5421281174756	0	78.5421281174756	DBCA	10_1	140	90.7577810486581
128.571428571429	833.333333333333	73.7574333736303	0	73.7574333736303	DBCA	10_2	0	73.7574333736303
128.571428571429	866.666666666667	76.7069803204986	0	76.7069803204986	DBCA	10_2	70	84.1373864467256
128.571428571429	900	78.031627232642	0	78.031627232642	DBCA	10_2	280	91.8822958099209
128.571428571429	933.333333333333	78.0341927603808	0	78.0341927603808	DBCA	10_2	140	90.2498456915633
128.571428571429	966.666666666667	79.6273820291279	0	79.6273820291279	DBCA	10_2	210	93.9831224439943
142.857142857143	666.666666666667	80.5380700886301	0	80.5380700886301	DBCA	11_1	210	94.8938105034965
142.857142857143	700	79.3880693232328	0	79.3880693232328	DBCA	11_1	0	79.3880693232328
142.857142857143	733.333333333333	77.697858012449	0	77.697858012449	DBCA	11_1	280	91.5485265897279
142.857142857143	766.666666666667	78.4871585088153	0	78.4871585088153	DBCA	11_1	70	85.9175646350423
142.857142857143	800	78.0035515542421	0	78.0035515542421	DBCA	11_1	140	90.2192044854246
142.857142857143	833.333333333333	78.5199514903307	0	78.5199514903307	DBCA	11_2	280	92.3706200676095
142.857142857143	866.666666666667	75.884694234665	0	75.884694234665	DBCA	11_2	140	88.1003471658475
142.857142857143	900	79.6811020290537	0	79.6811020290537	DBCA	11_2	210	94.0368424439201
142.857142857143	933.333333333333	75.2690886300705	0	75.2690886300705	DBCA	11_2	0	75.2690886300705
142.857142857143	966.666666666667	78.3574599252453	0	78.3574599252453	DBCA	11_2	70	85.7878660514723
157.142857142857	666.666666666667	83.8778600641399	0	83.8778600641399	DBCA	12_1	210	98.2336004790064
157.142857142857	700	87.644384681368	0	87.644384681368	DBCA	12_1	280	101.495053258647
157.142857142857	733.333333333333	84.539704624401	0	84.539704624401	DBCA	12_1	0	84.539704624401
157.142857142857	766.666666666667	79.678083836742	0	79.678083836742	DBCA	12_1	70	87.108489962969
157.142857142857	800	79.9929333703349	0	79.9929333703349	DBCA	12_1	140	92.2085863015174
157.142857142857	833.333333333333	75.0471429940967	0	75.0471429940967	DBCA	12_2	70	82.4775491203237
157.142857142857	866.666666666667	76.4641481580375	0	76.4641481580375	DBCA	12_2	0	76.4641481580375
157.142857142857	900	75.5391684532685	0	75.5391684532685	DBCA	12_2	210	89.894908868135
157.142857142857	933.333333333333	74.394145362199	0	74.394145362199	DBCA	12_2	280	88.2448139394779
157.142857142857	966.666666666667	76.5834643368874	0	76.5834643368874	DBCA	12_2	140	88.7991172680698
171.428571428571	666.666666666667	81.152700701538	0	81.152700701538	DBCA	13_1	140	93.3683536327204
171.428571428571	700	88.1259266649778	0	88.1259266649778	DBCA	13_1	280	101.976595242257
171.428571428571	733.333333333333	83.748589865283	0	83.748589865283	DBCA	13_1	210	98.1043302801494
171.428571428571	766.666666666667	79.7222337428692	0	79.7222337428692	DBCA	13_1	70	87.1526398690962
171.428571428571	800	79.4823777770729	0	79.4823777770729	DBCA	13_1	0	79.4823777770729
171.428571428571	833.333333333333	79.9989651865197	0	79.9989651865197	DBCA	13_2	210	94.3547056013861
171.428571428571	866.666666666667	78.3371264834624	0	78.3371264834624	DBCA	13_2	70	85.7675326096894
171.428571428571	900	78.1482351198215	0	78.1482351198215	DBCA	13_2	0	78.1482351198215
171.428571428571	933.333333333333	76.4569915694562	0	76.4569915694562	DBCA	13_2	280	90.3076601467351
171.428571428571	966.666666666667	80.398507113425	0	80.398507113425	DBCA	13_2	140	92.6141600446075
185.714285714286	666.666666666667	80.0791494749359	0	80.0791494749359	DBCA	14_1	70	87.5095556011629
185.714285714286	700	84.5011908525923	0	84.5011908525923	DBCA	14_1	280	98.3518594298712
185.714285714286	733.333333333333	85.5378746311073	0	85.5378746311073	DBCA	14_1	0	85.5378746311073
185.714285714286	766.666666666667	78.7333566370658	0	78.7333566370658	DBCA	14_1	140	90.9490095682483
185.714285714286	800	75.7196117778775	0	75.7196117778775	DBCA	14_1	210	90.075352192744
185.714285714286	833.333333333333	76.9277287463514	0	76.9277287463514	DBCA	14_2	70	84.3581348725784
185.714285714286	866.666666666667	79.2395760821916	0	79.2395760821916	DBCA	14_2	210	93.595316497058
185.714285714286	900	78.3913583929688	0	78.3913583929688	DBCA	14_2	0	78.3913583929688
185.714285714286	933.333333333333	75.4624128733234	0	75.4624128733234	DBCA	14_2	140	87.6780658045059
185.714285714286	966.666666666667	79.7212543481049	0	79.7212543481049	DBCA	14_2	280	93.5719229253838
200	666.666666666667	82.2231213995435	0	82.2231213995435	DBCA	15_1	70	89.6535275257705
200	700	82.7038919179231	0	82.7038919179231	DBCA	15_1	210	97.0596323327895
200	733.333333333333	82.421039174701	0	82.421039174701	DBCA	15_1	0	82.421039174701
200	766.666666666667	81.3719458197772	0	81.3719458197772	DBCA	15_1	140	93.5875987509596
200	800	80.4257181602285	0	80.4257181602285	DBCA	15_1	280	94.2763867375074
200	833.333333333333	82.6065652996093	0	82.6065652996093	DBCA	15_2	70	90.0369714258363
200	866.666666666667	75.8287840438788	0	75.8287840438788	DBCA	15_2	140	88.0444369750613
200	900	78.315138028079	0	78.315138028079	DBCA	15_2	0	78.315138028079
200	933.333333333333	78.1222524016238	0	78.1222524016238	DBCA	15_2	210	92.4779928164903
200	966.666666666667	79.0996275704066	0	79.0996275704066	DBCA	15_2	280	92.9502961476855
214.285714285714	666.666666666667	76.2938566802667	0	76.2938566802667	DBCA	16_1	210	90.6495970951331
214.285714285714	700	82.4251767904485	0	82.4251767904485	DBCA	16_1	140	94.640829721631
214.285714285714	733.333333333333	78.3082579968104	0	78.3082579968104	DBCA	16_1	0	78.3082579968104
214.285714285714	766.666666666667	82.2773749752693	0	82.2773749752693	DBCA	16_1	70	89.7077811014963
214.285714285714	800	80.6775157417321	0	80.6775157417321	DBCA	16_1	280	94.528184319011
214.285714285714	833.333333333333	83.8322897572875	0	83.8322897572875	DBCA	16_2	210	98.1880301721539
214.285714285714	866.666666666667	79.2817196907617	0	79.2817196907617	DBCA	16_2	280	93.1323882680406
214.285714285714	900	78.5764821935382	0	78.5764821935382	DBCA	16_2	140	90.7921351247207
214.285714285714	933.333333333333	76.2038213573313	0	76.2038213573313	DBCA	16_2	70	83.6342274835583
214.285714285714	966.666666666667	78.5402386047223	0	78.5402386047223	DBCA	16_2	0	78.5402386047223
228.571428571429	666.666666666667	75.6416188255337	0	75.6416188255337	DBCA	17_1	140	87.8572717567161
228.571428571429	700	78.7955816234238	0	78.7955816234238	DBCA	17_1	280	92.6462502007026
228.571428571429	733.333333333333	77.1944223981845	0	77.1944223981845	DBCA	17_1	0	77.1944223981845
228.571428571429	766.666666666667	81.2859880952353	0	81.2859880952353	DBCA	17_1	70	88.7163942214623
228.571428571429	800	80.8982633323731	0	80.8982633323731	DBCA	17_1	210	95.2540037472395
228.571428571429	833.333333333333	83.3983835570456	0	83.3983835570456	DBCA	17_2	280	97.2490521343245
228.571428571429	866.666666666667	79.5603781354316	0	79.5603781354316	DBCA	17_2	0	79.5603781354316
228.571428571429	900	78.4992828042533	0	78.4992828042533	DBCA	17_2	210	92.8550232191197
228.571428571429	933.333333333333	77.4701895133387	0	77.4701895133387	DBCA	17_2	140	89.6858424445211
228.571428571429	966.666666666667	77.8965600998481	0	77.8965600998481	DBCA	17_2	70	85.3269662260751
242.857142857143	666.666666666667	77.8890888974526	0	77.8890888974526	DBCA	18_1	140	90.1047418286351
242.857142857143	700	77.5901871067017	0	77.5901871067017	DBCA	18_1	280	91.4408556839806
242.857142857143	733.333333333333	74.621013402877	0	74.621013402877	DBCA	18_1	70	82.051419529104
242.857142857143	766.666666666667	79.6049284899503	0	79.6049284899503	DBCA	18_1	210	93.9606689048168
242.857142857143	800	82.1927823603374	0	82.1927823603374	DBCA	18_1	0	82.1927823603374
242.857142857143	833.333333333333	82.2251053326923	0	82.2251053326923	DBCA	18_2	70	89.6555114589193
242.857142857143	866.666666666667	79.9411982129915	0	79.9411982129915	DBCA	18_2	210	94.296938627858
242.857142857143	900	79.3309980425822	0	79.3309980425822	DBCA	18_2	280	93.181666619861
242.857142857143	933.333333333333	80.7176214138786	0	80.7176214138786	DBCA	18_2	0	80.7176214138786
242.857142857143	966.666666666667	76.9417367417267	0	76.9417367417267	DBCA	18_2	140	89.1573896729092
257.142857142857	666.666666666667	75.4168342943763	0	75.4168342943763	DBCA	19_1	210	89.7725747092427
257.142857142857	700	76.7310657519072	0	76.7310657519072	DBCA	19_1	70	84.1614718781342
257.142857142857	733.333333333333	77.0637344793484	0	77.0637344793484	DBCA	19_1	140	89.2793874105308
257.142857142857	766.666666666667	77.1149854096931	0	77.1149854096931	DBCA	19_1	280	90.965653986972
257.142857142857	800	76.7075071288856	0	76.7075071288856	DBCA	19_1	0	76.7075071288856
257.142857142857	833.333333333333	79.1392323682092	0	79.1392323682092	DBCA	19_2	70	86.5696384944362
257.142857142857	866.666666666667	77.5062236600152	0	77.5062236600152	DBCA	19_2	0	77.5062236600152
257.142857142857	900	82.5752682077829	0	82.5752682077829	DBCA	19_2	140	94.7909211389653
257.142857142857	933.333333333333	79.0359097258281	0	79.0359097258281	DBCA	19_2	280	92.8865783031069
257.142857142857	966.666666666667	76.8843578866163	0	76.8843578866163	DBCA	19_2	210	91.2400983014827
14.2857142857143	666.666666666667	78.8435937776751	0	78.8435937776751	DBCA	2_1	210	93.1993341925415
14.2857142857143	700	80.9352801366541	0	80.9352801366541	DBCA	2_1	0	80.9352801366541
14.2857142857143	733.333333333333	82.2366578018281	0	82.2366578018281	DBCA	2_1	70	89.6670639280551
14.2857142857143	766.666666666667	76.3958895025855	0	76.3958895025855	DBCA	2_1	140	88.611542433768
14.2857142857143	800	74.6002862529862	0	74.6002862529862	DBCA	2_1	280	88.450954830265
14.2857142857143	833.333333333333	84.5534618998474	0	84.5534618998474	DBCA	2_2	210	98.9092023147138
14.2857142857143	866.666666666667	78.8048700669832	0	78.8048700669832	DBCA	2_2	70	86.2352761932102
14.2857142857143	900	77.427165060135	0	77.427165060135	DBCA	2_2	140	89.6428179913175
14.2857142857143	933.333333333333	80.665249326616	0	80.665249326616	DBCA	2_2	0	80.665249326616
14.2857142857143	966.666666666667	80.1894328140876	0	80.1894328140876	DBCA	2_2	280	94.0401013913665
271.428571428571	666.666666666667	80.517891608893	0	80.517891608893	DBCA	20_1	0	80.517891608893
271.428571428571	700	75.4404340518476	0	75.4404340518476	DBCA	20_1	210	89.796174466714
271.428571428571	733.333333333333	78.212310481246	0	78.212310481246	DBCA	20_1	140	90.4279634124285
271.428571428571	766.666666666667	75.58653447881	0	75.58653447881	DBCA	20_1	70	83.016940605037
271.428571428571	800	77.7403871152645	0	77.7403871152645	DBCA	20_1	280	91.5910556925434
271.428571428571	833.333333333333	79.3532248954625	0	79.3532248954625	DBCA	20_2	280	93.2038934727414
271.428571428571	866.666666666667	79.2789363689344	0	79.2789363689344	DBCA	20_2	0	79.2789363689344
271.428571428571	900	85.0068814967044	0	85.0068814967044	DBCA	20_2	210	99.3626219115708
271.428571428571	933.333333333333	78.7035562269859	0	78.7035562269859	DBCA	20_2	140	90.9192091581684
271.428571428571	966.666666666667	81.1922917519432	0	81.1922917519432	DBCA	20_2	70	88.6226978781702
285.714285714286	666.666666666667	79.6694967814303	0	79.6694967814303	DBCA	21_1	140	91.8851497126127
285.714285714286	700	78.907145334947	0	78.907145334947	DBCA	21_1	210	93.2628857498134
285.714285714286	733.333333333333	76.7928166734251	0	76.7928166734251	DBCA	21_1	280	90.6434852507039
285.714285714286	766.666666666667	77.2073258954319	0	77.2073258954319	DBCA	21_1	70	84.6377320216589
285.714285714286	800	78.6072582592473	0	78.6072582592473	DBCA	21_1	0	78.6072582592473
285.714285714286	833.333333333333	79.1763109984309	0	79.1763109984309	DBCA	21_2	280	93.0269795757098
285.714285714286	866.666666666667	83.247170037502	0	83.247170037502	DBCA	21_2	210	97.6029104523684
285.714285714286	900	85.5273011608739	0	85.5273011608739	DBCA	21_2	140	97.7429540920564
285.714285714286	933.333333333333	82.2188355655064	0	82.2188355655064	DBCA	21_2	70	89.6492416917334
285.714285714286	966.666666666667	81.186278144729	0	81.186278144729	DBCA	21_2	0	81.186278144729
300	666.666666666667	80.7673671364713	0	80.7673671364713	DBCA	22_1	70	88.1977732626982
300	700	81.4203067936635	0	81.4203067936635	DBCA	22_1	280	95.2709753709423
300	733.333333333333	75.3521688919393	0	75.3521688919393	DBCA	22_1	140	87.5678218231218
300	766.666666666667	73.3795488174318	0	73.3795488174318	DBCA	22_1	210	87.7352892322982
300	800	75.829628741304	0	75.829628741304	DBCA	22_1	0	75.829628741304
300	833.333333333333	77.8965912707555	0	77.8965912707555	DBCA	22_2	140	90.112244201938
300	866.666666666667	78.8610456449476	0	78.8610456449476	DBCA	22_2	280	92.7117142222264
300	900	79.6969744854264	0	79.6969744854264	DBCA	22_2	0	79.6969744854264
300	933.333333333333	84.0912608808377	0	84.0912608808377	DBCA	22_2	210	98.4470012957041
300	966.666666666667	79.6313012024657	0	79.6313012024657	DBCA	22_2	70	87.0617073286927
314.285714285714	666.666666666667	80.9259126029283	0	80.9259126029283	DBCA	23_1	70	88.3563187291553
314.285714285714	700	84.3565259363378	0	84.3565259363378	DBCA	23_1	0	84.3565259363378
314.285714285714	733.333333333333	75.3945908198882	0	75.3945908198882	DBCA	23_1	280	89.2452593971671
314.285714285714	766.666666666667	77.8224355479958	0	77.8224355479958	DBCA	23_1	210	92.1781759628622
314.285714285714	800	75.5163420919344	0	75.5163420919344	DBCA	23_1	140	87.7319950231168
314.285714285714	833.333333333333	78.4856931383199	0	78.4856931383199	DBCA	23_2	0	78.4856931383199
314.285714285714	866.666666666667	78.8067428518636	0	78.8067428518636	DBCA	23_2	140	91.0223957830461
314.285714285714	900	80.9793345304711	0	80.9793345304711	DBCA	23_2	280	94.8300031077499
314.285714285714	933.333333333333	80.4135824626959	0	80.4135824626959	DBCA	23_2	210	94.7693228775623
314.285714285714	966.666666666667	77.085900882363	0	77.085900882363	DBCA	23_2	70	84.51630700859
328.571428571429	666.666666666667	76.8187985402403	0	76.8187985402403	DBCA	24_1	70	84.2492046664673
328.571428571429	700	78.5631431159486	0	78.5631431159486	DBCA	24_1	0	78.5631431159486
328.571428571429	733.333333333333	79.825139564563	0	79.825139564563	DBCA	24_1	280	93.6758081418418
328.571428571429	766.666666666667	79.5350431667595	0	79.5350431667595	DBCA	24_1	140	91.750696097942
328.571428571429	800	75.7872495457218	0	75.7872495457218	DBCA	24_1	210	90.1429899605882
328.571428571429	833.333333333333	78.9599809288578	0	78.9599809288578	DBCA	24_2	280	92.8106495061367
328.571428571429	866.666666666667	79.4233848632865	0	79.4233848632865	DBCA	24_2	140	91.639037794469
328.571428571429	900	78.2515482379369	0	78.2515482379369	DBCA	24_2	210	92.6072886528033
328.571428571429	933.333333333333	83.6809442777962	0	83.6809442777962	DBCA	24_2	70	91.1113504040232
328.571428571429	966.666666666667	75.2101965828378	0	75.2101965828378	DBCA	24_2	0	75.2101965828378
342.857142857143	666.666666666667	79.1720091476515	0	79.1720091476515	DBCA	25_1	140	91.3876620788339
342.857142857143	700	81.2221901621055	0	81.2221901621055	DBCA	25_1	210	95.577930576972
342.857142857143	733.333333333333	81.8893191867776	0	81.8893191867776	DBCA	25_1	70	89.3197253130046
342.857142857143	766.666666666667	82.3381904099305	0	82.3381904099305	DBCA	25_1	280	96.1888589872094
342.857142857143	800	76.1516832068908	0	76.1516832068908	DBCA	25_1	0	76.1516832068908
342.857142857143	833.333333333333	78.8657579184348	0	78.8657579184348	DBCA	25_2	70	86.2961640446618
342.857142857143	866.666666666667	78.6841000957884	0	78.6841000957884	DBCA	25_2	210	93.0398405106548
342.857142857143	900	79.5867554414706	0	79.5867554414706	DBCA	25_2	280	93.4374240187494
342.857142857143	933.333333333333	79.8695986855849	0	79.8695986855849	DBCA	25_2	0	79.8695986855849
342.857142857143	966.666666666667	77.168116747114	0	77.168116747114	DBCA	25_2	140	89.3837696782964
357.142857142857	666.666666666667	80.6533177817863	0	80.6533177817863	DBCA	26_1	280	94.5039863590651
357.142857142857	700	81.3945832890164	0	81.3945832890164	DBCA	26_1	0	81.3945832890164
357.142857142857	733.333333333333	83.0011208169829	0	83.0011208169829	DBCA	26_1	210	97.3568612318493
357.142857142857	766.666666666667	81.2183944341157	0	81.2183944341157	DBCA	26_1	140	93.4340473652982
357.142857142857	800	77.8574625682244	0	77.8574625682244	DBCA	26_1	70	85.2878686944514
357.142857142857	833.333333333333	76.7234317271151	0	76.7234317271151	DBCA	26_2	280	90.574100304394
357.142857142857	866.666666666667	75.7319255014189	0	75.7319255014189	DBCA	26_2	140	87.9475784326013
357.142857142857	900	79.9971311472187	0	79.9971311472187	DBCA	26_2	70	87.4275372734457
357.142857142857	933.333333333333	80.9317045367723	0	80.9317045367723	DBCA	26_2	0	80.9317045367723
357.142857142857	966.666666666667	77.6112042867372	0	77.6112042867372	DBCA	26_2	210	91.9669447016037
371.428571428571	666.666666666667	81.3580792893419	0	81.3580792893419	DBCA	27_1	210	95.7138197042083
371.428571428571	700	83.7232330087575	0	83.7232330087575	DBCA	27_1	0	83.7232330087575
371.428571428571	733.333333333333	82.0133579743872	0	82.0133579743872	DBCA	27_1	140	94.2290109055697
371.428571428571	766.666666666667	81.6850947757009	0	81.6850947757009	DBCA	27_1	70	89.1155009019279
371.428571428571	800	80.1251063560316	0	80.1251063560316	DBCA	27_1	280	93.9757749333104
371.428571428571	833.333333333333	80.6495828456099	0	80.6495828456099	DBCA	27_2	0	80.6495828456099
371.428571428571	866.666666666667	78.2143674182776	0	78.2143674182776	DBCA	27_2	280	92.0650359955565
371.428571428571	900	78.8120505814655	0	78.8120505814655	DBCA	27_2	70	86.2424567076925
371.428571428571	933.333333333333	74.8122476267927	0	74.8122476267927	DBCA	27_2	210	89.1679880416592
371.428571428571	966.666666666667	79.4553550045258	0	79.4553550045258	DBCA	27_2	140	91.6710079357082
385.714285714286	666.666666666667	82.3629576833314	0	82.3629576833314	DBCA	28_1	70	89.7933638095584
385.714285714286	700	84.8115491335879	0	84.8115491335879	DBCA	28_1	0	84.8115491335879
385.714285714286	733.333333333333	80.4221990945278	0	80.4221990945278	DBCA	28_1	140	92.6378520257103
385.714285714286	766.666666666667	80.296746297764	0	80.296746297764	DBCA	28_1	280	94.1474148750429
385.714285714286	800	77.6851816435434	0	77.6851816435434	DBCA	28_1	210	92.0409220584098
385.714285714286	833.333333333333	79.1272083121077	0	79.1272083121077	DBCA	28_2	0	79.1272083121077
385.714285714286	866.666666666667	76.9237900124197	0	76.9237900124197	DBCA	28_2	140	89.1394429436022
385.714285714286	900	76.9404772624303	0	76.9404772624303	DBCA	28_2	280	90.7911458397092
385.714285714286	933.333333333333	81.5105386799175	0	81.5105386799175	DBCA	28_2	210	95.8662790947839
385.714285714286	966.666666666667	78.8066045007074	0	78.8066045007074	DBCA	28_2	70	86.2370106269344
400	666.666666666667	80.1208701659343	0	80.1208701659343	DBCA	29_1	70	87.5512762921613
400	700	84.9233255439005	0	84.9233255439005	DBCA	29_1	140	97.1389784750829
400	733.333333333333	83.6877420044256	0	83.6877420044256	DBCA	29_1	0	83.6877420044256
400	766.666666666667	81.4666247105231	0	81.4666247105231	DBCA	29_1	280	95.3172932878019
400	800	77.9073346665228	0	77.9073346665228	DBCA	29_1	210	92.2630750813892
400	833.333333333333	75.6657218775236	0	75.6657218775236	DBCA	29_2	140	87.881374808706
400	866.666666666667	80.7840894268198	0	80.7840894268198	DBCA	29_2	210	95.1398298416862
400	900	76.7561281463907	0	76.7561281463907	DBCA	29_2	280	90.6067967236696
400	933.333333333333	80.3544675117218	0	80.3544675117218	DBCA	29_2	70	87.7848736379487
400	966.666666666667	80.7111757215096	0	80.7111757215096	DBCA	29_2	0	80.7111757215096
28.5714285714286	666.666666666667	77.5552031314518	0	77.5552031314518	DBCA	3_1	140	89.7708560626343
28.5714285714286	700	77.4960828713659	0	77.4960828713659	DBCA	3_1	0	77.4960828713659
28.5714285714286	733.333333333333	81.1221901463485	0	81.1221901463485	DBCA	3_1	210	95.4779305612149
28.5714285714286	766.666666666667	79.789541491436	0	79.789541491436	DBCA	3_1	280	93.6402100687149
28.5714285714286	800	75.6104115520872	0	75.6104115520872	DBCA	3_1	70	83.0408176783142
28.5714285714286	833.333333333333	82.4252212037305	0	82.4252212037305	DBCA	3_2	70	89.8556273299575
28.5714285714286	866.666666666667	79.7141640992533	0	79.7141640992533	DBCA	3_2	280	93.5648326765322
28.5714285714286	900	79.862970430235	0	79.862970430235	DBCA	3_2	0	79.862970430235
28.5714285714286	933.333333333333	80.4527640078487	0	80.4527640078487	DBCA	3_2	210	94.8085044227151
28.5714285714286	966.666666666667	80.0258523804038	0	80.0258523804038	DBCA	3_2	140	92.2415053115863
414.285714285714	666.666666666667	82.1084155847939	0	82.1084155847939	DBCA	30_1	210	96.4641559996603
414.285714285714	700	84.004915263063	0	84.004915263063	DBCA	30_1	280	97.8555838403418
414.285714285714	733.333333333333	84.3033935236453	0	84.3033935236453	DBCA	30_1	0	84.3033935236453
414.285714285714	766.666666666667	83.1652583519384	0	83.1652583519384	DBCA	30_1	140	95.3809112831209
414.285714285714	800	76.8482977637062	0	76.8482977637062	DBCA	30_1	70	84.2787038899332
414.285714285714	833.333333333333	77.3663453568584	0	77.3663453568584	DBCA	30_2	140	89.5819982880409
414.285714285714	866.666666666667	80.4164017240391	0	80.4164017240391	DBCA	30_2	280	94.2670703013179
414.285714285714	900	78.6399726802528	0	78.6399726802528	DBCA	30_2	210	92.9957130951192
414.285714285714	933.333333333333	78.7866988601032	0	78.7866988601032	DBCA	30_2	0	78.7866988601032
414.285714285714	966.666666666667	77.7369224671745	0	77.7369224671745	DBCA	30_2	70	85.1673285934015
428.571428571429	666.666666666667	80.817799797704	0	80.817799797704	DBCA	31_1	280	94.6684683749829
428.571428571429	700	84.7247822720917	0	84.7247822720917	DBCA	31_1	70	92.1551883983187
428.571428571429	733.333333333333	82.915812256159	0	82.915812256159	DBCA	31_1	140	95.1314651873415
428.571428571429	766.666666666667	83.0350715302943	0	83.0350715302943	DBCA	31_1	0	83.0350715302943
428.571428571429	800	78.4309468312709	0	78.4309468312709	DBCA	31_1	210	92.7866872461373
428.571428571429	833.333333333333	81.7501291656836	0	81.7501291656836	DBCA	31_2	0	81.7501291656836
428.571428571429	866.666666666667	84.2505404070632	0	84.2505404070632	DBCA	31_2	280	98.1012089843421
428.571428571429	900	81.154810811804	0	81.154810811804	DBCA	31_2	70	88.585216938031
428.571428571429	933.333333333333	82.5511131025651	0	82.5511131025651	DBCA	31_2	140	94.7667660337476
428.571428571429	966.666666666667	76.8121001092676	0	76.8121001092676	DBCA	31_2	210	91.167840524134
442.857142857143	666.666666666667	84.5641277400456	0	84.5641277400456	DBCA	32_1	0	84.5641277400456
442.857142857143	700	88.7871371025229	0	88.7871371025229	DBCA	32_1	70	96.2175432287499
442.857142857143	733.333333333333	87.9932538863388	0	87.9932538863388	DBCA	32_1	280	101.843922463618
442.857142857143	766.666666666667	81.4375826397558	0	81.4375826397558	DBCA	32_1	140	93.6532355709383
442.857142857143	800	81.7110213530507	0	81.7110213530507	DBCA	32_1	210	96.0667617679172
442.857142857143	833.333333333333	82.6973593071917	0	82.6973593071917	DBCA	32_2	70	90.1277654334187
442.857142857143	866.666666666667	81.9947180450411	0	81.9947180450411	DBCA	32_2	140	94.2103709762235
442.857142857143	900	80.1374586714645	0	80.1374586714645	DBCA	32_2	210	94.4931990863309
442.857142857143	933.333333333333	80.276725612807	0	80.276725612807	DBCA	32_2	280	94.1273941900859
442.857142857143	966.666666666667	76.3869717639629	0	76.3869717639629	DBCA	32_2	0	76.3869717639629
457.142857142857	666.666666666667	82.3985986045	0	82.3985986045	DBCA	33_1	140	94.6142515356824
457.142857142857	700	88.4318174333832	0	88.4318174333832	DBCA	33_1	210	102.78755784825
457.142857142857	733.333333333333	84.0578741866136	0	84.0578741866136	DBCA	33_1	0	84.0578741866136
457.142857142857	766.666666666667	82.8347590473811	0	82.8347590473811	DBCA	33_1	70	90.2651651736081
457.142857142857	800	83.4477604088559	0	83.4477604088559	DBCA	33_1	280	97.2984289861348
457.142857142857	833.333333333333	86.1956411446862	0	86.1956411446862	DBCA	33_2	280	100.046309721965
457.142857142857	866.666666666667	83.4161054997394	0	83.4161054997394	DBCA	33_2	140	95.6317584309219
457.142857142857	900	81.7702849847732	0	81.7702849847732	DBCA	33_2	210	96.1260253996396
457.142857142857	933.333333333333	74.8615525779052	0	74.8615525779052	DBCA	33_2	70	82.2919587041322
457.142857142857	966.666666666667	78.2483146760801	0	78.2483146760801	DBCA	33_2	0	78.2483146760801
471.428571428571	666.666666666667	84.5504097795093	0	84.5504097795093	DBCA	34_1	210	98.9061501943757
471.428571428571	700	86.9385005217893	0	86.9385005217893	DBCA	34_1	140	99.1541534529718
471.428571428571	733.333333333333	84.7080185132361	0	84.7080185132361	DBCA	34_1	280	98.5586870905149
471.428571428571	766.666666666667	85.3799240009753	0	85.3799240009753	DBCA	34_1	70	92.8103301272023
471.428571428571	800	82.476364481668	0	82.476364481668	DBCA	34_1	0	82.476364481668
471.428571428571	833.333333333333	86.6951978672339	0	86.6951978672339	DBCA	34_2	140	98.9108507984164
471.428571428571	866.666666666667	86.9245370766676	0	86.9245370766676	DBCA	34_2	210	101.280277491534
471.428571428571	900	76.7824644547546	0	76.7824644547546	DBCA	34_2	280	90.6331330320334
471.428571428571	933.333333333333	75.923246906667	0	75.923246906667	DBCA	34_2	0	75.923246906667
471.428571428571	966.666666666667	78.046049348517	0	78.046049348517	DBCA	34_2	70	85.476455474744
485.714285714286	666.666666666667	82.6004028020586	0	82.6004028020586	DBCA	35_1	280	96.4510713793375
485.714285714286	700	85.3985291485724	0	85.3985291485724	DBCA	35_1	0	85.3985291485724
485.714285714286	733.333333333333	85.0589066799829	0	85.0589066799829	DBCA	35_1	70	92.4893128062099
485.714285714286	766.666666666667	83.2983947753952	0	83.2983947753952	DBCA	35_1	140	95.5140477065777
485.714285714286	800	82.0366095104324	0	82.0366095104324	DBCA	35_1	210	96.3923499252988
485.714285714286	833.333333333333	85.3479783597033	0	85.3479783597033	DBCA	35_2	0	85.3479783597033
485.714285714286	866.666666666667	82.4629396731616	0	82.4629396731616	DBCA	35_2	280	96.3136082504404
485.714285714286	900	78.5029990864592	0	78.5029990864592	DBCA	35_2	140	90.7186520176417
485.714285714286	933.333333333333	78.7050228917809	0	78.7050228917809	DBCA	35_2	70	86.1354290180079
485.714285714286	966.666666666667	79.609613503524	0	79.609613503524	DBCA	35_2	210	93.9653539183904
500	666.666666666667	85.2821140279589	0	85.2821140279589	DBCA	36_1	210	99.6378544428254
500	700	85.8935887927875	0	85.8935887927875	DBCA	36_1	70	93.3239949190145
500	733.333333333333	83.2281381111725	0	83.2281381111725	DBCA	36_1	140	95.443791042355
500	766.666666666667	81.9904212757216	0	81.9904212757216	DBCA	36_1	0	81.9904212757216
500	800	84.0551863402145	0	84.0551863402145	DBCA	36_1	280	97.9058549174934
500	833.333333333333	82.4462298234961	0	82.4462298234961	DBCA	36_2	140	94.6618827546786
500	866.666666666667	80.8263791952542	0	80.8263791952542	DBCA	36_2	0	80.8263791952542
500	900	77.2239688096447	0	77.2239688096447	DBCA	36_2	210	91.5797092245112
500	933.333333333333	77.8960488725405	0	77.8960488725405	DBCA	36_2	280	91.7467174498194
500	966.666666666667	78.7917280565454	0	78.7917280565454	DBCA	36_2	70	86.2221341827724
514.285714285714	666.666666666667	86.2129770617099	24.6	110.81297706171	DBCA	37_1	0	110.81297706171
514.285714285714	700	82.4025121185093	24.6	107.002512118509	DBCA	37_1	210	138.922652533376
514.285714285714	733.333333333333	82.9514761220052	24.6	107.551476122005	DBCA	37_1	140	131.476729053188
514.285714285714	766.666666666667	82.2297226791328	24.6	106.829722679133	DBCA	37_1	70	120.11492880536
514.285714285714	800	81.842387714345	24.6	106.442387714345	DBCA	37_1	280	143.712256291624
514.285714285714	833.333333333333	80.1172179130406	24.6	104.717217913041	DBCA	37_2	0	104.717217913041
514.285714285714	866.666666666667	77.1347111224709	24.6	101.734711122471	DBCA	37_2	280	139.00457969975
514.285714285714	900	75.696659578145	24.6	100.296659578145	DBCA	37_2	140	124.221912509327
514.285714285714	933.333333333333	79.4938048045938	24.6	104.093804804594	DBCA	37_2	210	136.01394521946
514.285714285714	966.666666666667	83.7811682956756	24.6	108.381168295676	DBCA	37_2	70	121.666374421903
528.571428571429	666.666666666667	84.5633717224047	24.6	109.163371722405	DBCA	38_1	280	146.433240299684
528.571428571429	700	83.7636280669268	24.6	108.363628066927	DBCA	38_1	210	140.283768481793
528.571428571429	733.333333333333	86.1680880003902	24.6	110.76808800039	DBCA	38_1	140	134.693340931573
528.571428571429	766.666666666667	79.5487958436213	24.6	104.148795843621	DBCA	38_1	70	117.434001969848
528.571428571429	800	79.6137661609406	24.6	104.213766160941	DBCA	38_1	0	104.213766160941
528.571428571429	833.333333333333	79.2922051593816	24.6	103.892205159382	DBCA	38_2	0	103.892205159382
528.571428571429	866.666666666667	77.1054674709593	24.6	101.705467470959	DBCA	38_2	210	133.625607885826
528.571428571429	900	80.1371284809239	24.6	104.737128480924	DBCA	38_2	280	142.006997058203
528.571428571429	933.333333333333	81.4328755699311	24.6	106.032875569931	DBCA	38_2	140	129.958128501114
528.571428571429	966.666666666667	86.2401223870627	24.6	110.840122387063	DBCA	38_2	70	124.12532851329
542.857142857143	666.666666666667	83.0287739834833	24.6	107.628773983483	DBCA	39_1	0	107.628773983483
542.857142857143	700	85.0001279407963	24.6	109.600127940796	DBCA	39_1	210	141.520268355663
542.857142857143	733.333333333333	83.9342856356334	24.6	108.534285635633	DBCA	39_1	140	132.459538566816
542.857142857143	766.666666666667	82.6188740678607	24.6	107.218874067861	DBCA	39_1	280	144.48874264514
542.857142857143	800	79.3717787586714	24.6	103.971778758671	DBCA	39_1	70	117.256984884898
542.857142857143	833.333333333333	81.2173513149477	24.6	105.817351314948	DBCA	39_2	70	119.102557441175
542.857142857143	866.666666666667	76.8056809831386	24.6	101.405680983139	DBCA	39_2	210	133.325821398005
542.857142857143	900	81.0341693422559	24.6	105.634169342256	DBCA	39_2	0	105.634169342256
542.857142857143	933.333333333333	83.8211909305485	24.6	108.421190930548	DBCA	39_2	140	132.346443861731
542.857142857143	966.666666666667	84.1473956138886	24.6	108.747395613889	DBCA	39_2	280	146.017264191167
42.8571428571429	666.666666666667	76.1967569772687	0	76.1967569772687	DBCA	4_1	140	88.4124099084512
42.8571428571429	700	76.2302766903981	0	76.2302766903981	DBCA	4_1	210	90.5860171052645
42.8571428571429	733.333333333333	80.3751692299742	0	80.3751692299742	DBCA	4_1	0	80.3751692299742
42.8571428571429	766.666666666667	81.1993338870701	0	81.1993338870701	DBCA	4_1	280	95.050002464349
42.8571428571429	800	78.0020220843987	0	78.0020220843987	DBCA	4_1	70	85.4324282106257
42.8571428571429	833.333333333333	83.4013806394103	0	83.4013806394103	DBCA	4_2	280	97.2520492166891
42.8571428571429	866.666666666667	83.1104147068899	0	83.1104147068899	DBCA	4_2	70	90.5408208331169
42.8571428571429	900	76.4353742292018	0	76.4353742292018	DBCA	4_2	140	88.6510271603843
42.8571428571429	933.333333333333	83.1778010865809	0	83.1778010865809	DBCA	4_2	0	83.1778010865809
42.8571428571429	966.666666666667	79.9684363332202	0	79.9684363332202	DBCA	4_2	210	94.3241767480866
557.142857142857	666.666666666667	79.790979463753	24.6	104.390979463753	DBCA	40_1	140	128.316232394935
557.142857142857	700	82.592073716691	24.6	107.192073716691	DBCA	40_1	70	120.477279842918
557.142857142857	733.333333333333	82.1688430667403	24.6	106.76884306674	DBCA	40_1	210	138.688983481607
557.142857142857	766.666666666667	83.220179319447	24.6	107.820179319447	DBCA	40_1	0	107.820179319447
557.142857142857	800	79.6625066318349	24.6	104.262506631835	DBCA	40_1	280	141.532375209114
557.142857142857	833.333333333333	80.7432744647412	24.6	105.343274464741	DBCA	40_2	210	137.263414879608
557.142857142857	866.666666666667	75.8537149355116	24.6	100.453714935512	DBCA	40_2	140	124.378967866694
557.142857142857	900	84.0905233358254	24.6	108.690523335825	DBCA	40_2	280	145.960391913104
557.142857142857	933.333333333333	81.4966757953218	24.6	106.096675795322	DBCA	40_2	70	119.381881921549
557.142857142857	966.666666666667	84.8243715138595	24.6	109.42437151386	DBCA	40_2	0	109.42437151386
571.428571428571	666.666666666667	82.3827548049701	24.6	106.98275480497	DBCA	41_1	140	130.908007736153
571.428571428571	700	81.0120017712341	24.6	105.612001771234	DBCA	41_1	210	137.532142186101
571.428571428571	733.333333333333	80.6851980931487	24.6	105.285198093149	DBCA	41_1	0	105.285198093149
571.428571428571	766.666666666667	83.5880906726236	24.6	108.188090672624	DBCA	41_1	70	121.473296798851
571.428571428571	800	83.2115798094385	24.6	107.811579809438	DBCA	41_1	280	145.081448386717
571.428571428571	833.333333333333	79.7842539354915	24.6	104.384253935491	DBCA	41_2	210	136.304394350358
571.428571428571	866.666666666667	81.2332818033358	24.6	105.833281803336	DBCA	41_2	140	129.758534734518
571.428571428571	900	83.2490919038932	24.6	107.849091903893	DBCA	41_2	0	107.849091903893
571.428571428571	933.333333333333	82.1629359935387	24.6	106.762935993539	DBCA	41_2	280	144.032804570818
571.428571428571	966.666666666667	85.5334856464339	24.6	110.133485646434	DBCA	41_2	70	123.418691772661
585.714285714286	666.666666666667	83.5028450154696	24.6	108.10284501547	DBCA	42_1	210	140.022985430336
585.714285714286	700	81.2677436602104	24.6	105.86774366021	DBCA	42_1	0	105.86774366021
585.714285714286	733.333333333333	81.3427478365549	24.6	105.942747836555	DBCA	42_1	70	119.227953962782
585.714285714286	766.666666666667	82.4385786875816	24.6	107.038578687582	DBCA	42_1	140	130.963831618764
585.714285714286	800	84.2780031830478	24.6	108.878003183048	DBCA	42_1	280	146.147871760327
585.714285714286	833.333333333333	81.8900984006779	24.6	106.490098400678	DBCA	42_2	140	130.41535133186
585.714285714286	866.666666666667	80.1736061124689	24.6	104.773606112469	DBCA	42_2	0	104.773606112469
585.714285714286	900	84.88350227695	24.6	109.48350227695	DBCA	42_2	210	141.403642691816
585.714285714286	933.333333333333	83.2118602220655	24.6	107.811860222066	DBCA	42_2	280	145.081728799344
585.714285714286	966.666666666667	85.6081443214735	24.6	110.208144321474	DBCA	42_2	70	123.493350447701
600	666.666666666667	77.9957434795683	24.6	102.595743479568	DBCA	43_1	70	115.880949605795
600	700	82.3169640624256	24.6	106.916964062426	DBCA	43_1	140	130.842216993608
600	733.333333333333	81.5092989658169	24.6	106.109298965817	DBCA	43_1	210	138.029439380683
600	766.666666666667	84.4853554611642	24.6	109.085355461164	DBCA	43_1	280	146.355224038443
600	800	80.7831679833673	24.6	105.383167983367	DBCA	43_1	0	105.383167983367
600	833.333333333333	83.3959699009792	24.6	107.995969900979	DBCA	43_2	280	145.265838478258
600	866.666666666667	81.8235611118955	24.6	106.423561111896	DBCA	43_2	0	106.423561111896
600	900	86.4784913169532	24.6	111.078491316953	DBCA	43_2	70	124.36369744318
600	933.333333333333	83.4720975074551	24.6	108.072097507455	DBCA	43_2	210	139.992237922322
600	966.666666666667	78.8418028005003	24.6	103.4418028005	DBCA	43_2	140	127.367055731683
614.285714285714	666.666666666667	80.1611041952838	24.6	104.761104195284	DBCA	44_1	0	104.761104195284
614.285714285714	700	82.2263617670331	24.6	106.826361767033	DBCA	44_1	280	144.096230344312
614.285714285714	733.333333333333	83.3126543761603	24.6	107.91265437616	DBCA	44_1	70	121.197860502387
614.285714285714	766.666666666667	78.4276563263893	24.6	103.027656326389	DBCA	44_1	140	126.952909257572
614.285714285714	800	79.9817850165546	24.6	104.581785016555	DBCA	44_1	210	136.501925431421
614.285714285714	833.333333333333	82.6733596764257	24.6	107.273359676426	DBCA	44_2	280	144.543228253705
614.285714285714	866.666666666667	80.3178110132121	24.6	104.917811013212	DBCA	44_2	140	128.843063944395
614.285714285714	900	84.745918684001	24.6	109.345918684001	DBCA	44_2	0	109.345918684001
614.285714285714	933.333333333333	83.2977648644893	24.6	107.897764864489	DBCA	44_2	70	121.182970990716
614.285714285714	966.666666666667	76.8272453507645	24.6	101.427245350765	DBCA	44_2	210	133.347385765631
628.571428571429	666.666666666667	76.7807236520571	24.6	101.380723652057	DBCA	45_1	140	125.30597658324
628.571428571429	700	76.3772872430982	24.6	100.977287243098	DBCA	45_1	280	138.247155820377
628.571428571429	733.333333333333	82.0464116647447	24.6	106.646411664745	DBCA	45_1	70	119.931617790972
628.571428571429	766.666666666667	80.4878406701481	24.6	105.087840670148	DBCA	45_1	0	105.087840670148
628.571428571429	800	81.4831965869441	24.6	106.083196586944	DBCA	45_1	210	138.00333700181
628.571428571429	833.333333333333	83.2314548544059	24.6	107.831454854406	DBCA	45_2	280	145.101323431685
628.571428571429	866.666666666667	81.1326286776451	24.6	105.732628677645	DBCA	45_2	210	137.652769092512
628.571428571429	900	82.9637821140083	24.6	107.563782114008	DBCA	45_2	70	120.848988240235
628.571428571429	933.333333333333	77.7791264646608	24.6	102.379126464661	DBCA	45_2	140	126.304379395843
628.571428571429	966.666666666667	78.8692166605589	24.6	103.469216660559	DBCA	45_2	0	103.469216660559
642.857142857143	666.666666666667	79.8686917827465	24.6	104.468691782746	DBCA	46_1	210	136.388832197613
642.857142857143	700	79.0576622888122	24.6	103.657662288812	DBCA	46_1	280	140.927530866091
642.857142857143	733.333333333333	81.6500703949826	24.6	106.250070394983	DBCA	46_1	140	130.175323326165
642.857142857143	766.666666666667	82.406909025501	24.6	107.006909025501	DBCA	46_1	0	107.006909025501
642.857142857143	800	81.6920709957748	24.6	106.292070995775	DBCA	46_1	70	119.577277122002
642.857142857143	833.333333333333	83.3859175200518	24.6	107.985917520052	DBCA	46_2	140	131.911170451234
642.857142857143	866.666666666667	81.5740555082777	24.6	106.174055508278	DBCA	46_2	70	119.459261634505
642.857142857143	900	83.4159227727347	24.6	108.015922772735	DBCA	46_2	280	145.285791350014
642.857142857143	933.333333333333	79.3601732501359	24.6	103.960173250136	DBCA	46_2	210	135.880313665002
642.857142857143	966.666666666667	81.2662904012324	24.6	105.866290401232	DBCA	46_2	0	105.866290401232
657.142857142857	666.666666666667	79.9769349187368	24.6	104.576934918737	DBCA	47_1	0	104.576934918737
657.142857142857	700	82.231045983466	24.6	106.831045983466	DBCA	47_1	280	144.100914560745
657.142857142857	733.333333333333	81.6906138092783	24.6	106.290613809278	DBCA	47_1	70	119.575819935505
657.142857142857	766.666666666667	83.2238544074291	24.6	107.823854407429	DBCA	47_1	140	131.749107338612
657.142857142857	800	81.5012143501179	24.6	106.101214350118	DBCA	47_1	210	138.021354764984
657.142857142857	833.333333333333	82.3962523464677	24.6	106.996252346468	DBCA	47_2	70	120.281458472695
657.142857142857	866.666666666667	86.3846715294676	24.6	110.984671529468	DBCA	47_2	0	110.984671529468
657.142857142857	900	78.3020296960808	24.6	102.902029696081	DBCA	47_2	210	134.822170110947
657.142857142857	933.333333333333	76.2691545283489	24.6	100.869154528349	DBCA	47_2	280	138.139023105628
657.142857142857	966.666666666667	79.3056541270493	24.6	103.905654127049	DBCA	47_2	140	127.830907058232
671.428571428571	666.666666666667	86.3282146606784	24.6	110.928214660678	DBCA	48_1	280	148.198083237957
671.428571428571	700	82.5983374167143	24.6	107.198337416714	DBCA	48_1	140	131.123590347897
671.428571428571	733.333333333333	84.5178322748276	24.6	109.117832274828	DBCA	48_1	70	122.403038401055
671.428571428571	766.666666666667	81.1248908865127	24.6	105.724890886513	DBCA	48_1	0	105.724890886513
671.428571428571	800	85.0369671553238	24.6	109.636967155324	DBCA	48_1	210	141.55710757019
671.428571428571	833.333333333333	86.3436303985232	24.6	110.943630398523	DBCA	48_2	210	142.86377081339
671.428571428571	866.666666666667	82.9728135186489	24.6	107.572813518649	DBCA	48_2	140	131.498066449831
671.428571428571	900	77.6125960579973	24.6	102.212596057997	DBCA	48_2	70	115.497802184224
671.428571428571	933.333333333333	73.9615655734925	24.6	98.5615655734925	DBCA	48_2	0	98.5615655734925
671.428571428571	966.666666666667	77.5038124732092	24.6	102.103812473209	DBCA	48_2	280	139.373681050488
685.714285714286	666.666666666667	80.6556730834345	24.6	105.255673083435	DBCA	49_1	0	105.255673083435
685.714285714286	700	83.0835109762059	24.6	107.683510976206	DBCA	49_1	70	120.968717102433
685.714285714286	733.333333333333	83.7332241399667	24.6	108.333224139967	DBCA	49_1	140	132.258477071149
685.714285714286	766.666666666667	85.1805111214503	24.6	109.78051112145	DBCA	49_1	210	141.700651536317
685.714285714286	800	84.2454308831694	24.6	108.845430883169	DBCA	49_1	280	146.115299460448
685.714285714286	833.333333333333	86.0489088406684	24.6	110.648908840668	DBCA	49_2	140	134.574161771851
685.714285714286	866.666666666667	79.3761033693851	24.6	103.976103369385	DBCA	49_2	0	103.976103369385
685.714285714286	900	78.5027101132682	24.6	103.102710113268	DBCA	49_2	70	116.387916239495
685.714285714286	933.333333333333	78.0864507567109	24.6	102.686450756711	DBCA	49_2	210	134.606591171577
685.714285714286	966.666666666667	78.9240529980624	24.6	103.524052998062	DBCA	49_2	280	140.793921575341
57.1428571428571	666.666666666667	73.2205683886695	0	73.2205683886695	DBCA	5_1	210	87.5763088035359
57.1428571428571	700	76.5794578543065	0	76.5794578543065	DBCA	5_1	0	76.5794578543065
57.1428571428571	733.333333333333	80.0837459326322	0	80.0837459326322	DBCA	5_1	140	92.2993988638147
57.1428571428571	766.666666666667	82.7323992586573	0	82.7323992586573	DBCA	5_1	280	96.5830678359361
57.1428571428571	800	79.6328042773713	0	79.6328042773713	DBCA	5_1	70	87.0632104035983
57.1428571428571	833.333333333333	76.1115502631844	0	76.1115502631844	DBCA	5_2	140	88.3272031943669
57.1428571428571	866.666666666667	76.9541678798807	0	76.9541678798807	DBCA	5_2	280	90.8048364571596
57.1428571428571	900	77.5412850021147	0	77.5412850021147	DBCA	5_2	210	91.8970254169811
57.1428571428571	933.333333333333	78.4356872775292	0	78.4356872775292	DBCA	5_2	70	85.8660934037562
57.1428571428571	966.666666666667	77.0913554492274	0	77.0913554492274	DBCA	5_2	0	77.0913554492274
700	666.666666666667	80.7436812435783	24.6	105.343681243578	DBCA	50_1	140	129.268934174761
700	700	78.4528180512503	24.6	103.05281805125	DBCA	50_1	210	134.972958466117
700	733.333333333333	85.7232762863387	24.6	110.323276286339	DBCA	50_1	0	110.323276286339
700	766.666666666667	87.4154953345537	24.6	112.015495334554	DBCA	50_1	70	125.300701460781
700	800	84.7443620964335	24.6	109.344362096434	DBCA	50_1	280	146.614230673712
700	833.333333333333	83.9077460285519	24.6	108.507746028552	DBCA	50_2	0	108.507746028552
700	866.666666666667	82.5226747266035	24.6	107.122674726603	DBCA	50_2	210	139.04281514147
700	900	78.2425217280227	24.6	102.842521728023	DBCA	50_2	140	126.767774659205
700	933.333333333333	78.5620252616132	24.6	103.162025261613	DBCA	50_2	280	140.431893838892
700	966.666666666667	80.2106999831713	24.6	104.810699983171	DBCA	50_2	70	118.095906109398
714.285714285714	666.666666666667	78.4255720571638	24.6	103.025572057164	DBCA	51_1	140	126.950824988346
714.285714285714	700	79.8571967973592	24.6	104.457196797359	DBCA	51_1	280	141.727065374638
714.285714285714	733.333333333333	85.9816197098063	24.6	110.581619709806	DBCA	51_1	0	110.581619709806
714.285714285714	766.666666666667	83.7151975860833	24.6	108.315197586083	DBCA	51_1	210	140.23533800095
714.285714285714	800	78.6274324764104	24.6	103.22743247641	DBCA	51_1	70	116.512638602637
714.285714285714	833.333333333333	84.8637643634266	24.6	109.463764363427	DBCA	51_2	280	146.733632940705
714.285714285714	866.666666666667	83.2385501019546	24.6	107.838550101955	DBCA	51_2	0	107.838550101955
714.285714285714	900	78.1721734123465	24.6	102.772173412347	DBCA	51_2	210	134.692313827213
714.285714285714	933.333333333333	85.6971181239049	24.6	110.297118123905	DBCA	51_2	140	134.222371055087
714.285714285714	966.666666666667	77.6738223737948	24.6	102.273822373795	DBCA	51_2	70	115.559028500022
728.571428571429	666.666666666667	81.9407519363915	24.6	106.540751936391	DBCA	52_1	70	119.825958062618
728.571428571429	700	79.519062187951	24.6	104.119062187951	DBCA	52_1	140	128.044315119133
728.571428571429	733.333333333333	82.6945806023335	24.6	107.294580602334	DBCA	52_1	0	107.294580602334
728.571428571429	766.666666666667	85.2241532529257	24.6	109.824153252926	DBCA	52_1	280	147.094021830205
728.571428571429	800	84.8148962314853	24.6	109.414896231485	DBCA	52_1	210	141.335036646352
728.571428571429	833.333333333333	81.8274659320522	24.6	106.427465932052	DBCA	52_2	280	143.697334509331
728.571428571429	866.666666666667	81.8266622674806	24.6	106.426662267481	DBCA	52_2	70	119.711868393708
728.571428571429	900	81.5425402642837	24.6	106.142540264284	DBCA	52_2	0	106.142540264284
728.571428571429	933.333333333333	75.5972913280047	24.6	100.197291328005	DBCA	52_2	210	132.117431742871
728.571428571429	966.666666666667	77.4004354715655	24.6	102.000435471566	DBCA	52_2	140	125.925688402748
742.857142857143	666.666666666667	76.8377644861296	24.6	101.43776448613	DBCA	53_1	70	114.722970612357
742.857142857143	700	80.0730517452282	24.6	104.673051745228	DBCA	53_1	140	128.598304676411
742.857142857143	733.333333333333	85.2914636105293	24.6	109.891463610529	DBCA	53_1	280	147.161332187808
742.857142857143	766.666666666667	84.3141685822221	24.6	108.914168582222	DBCA	53_1	210	140.834308997089
742.857142857143	800	82.5198840717904	24.6	107.11988407179	DBCA	53_1	0	107.11988407179
742.857142857143	833.333333333333	81.0086709411299	24.6	105.60867094113	DBCA	53_2	280	142.878539518409
742.857142857143	866.666666666667	79.6734478731621	24.6	104.273447873162	DBCA	53_2	210	136.193588288028
742.857142857143	900	81.4152016789979	24.6	106.015201678998	DBCA	53_2	0	106.015201678998
742.857142857143	933.333333333333	76.0999538782918	24.6	100.699953878292	DBCA	53_2	140	124.625206809474
742.857142857143	966.666666666667	77.6125099921153	24.6	102.212509992115	DBCA	53_2	70	115.497716118342
757.142857142857	666.666666666667	80.5912805553228	24.6	105.191280555323	DBCA	54_1	280	142.461149132602
757.142857142857	700	77.6310123318616	24.6	102.231012331862	DBCA	54_1	140	126.156265263044
757.142857142857	733.333333333333	85.3778354784616	24.6	109.977835478462	DBCA	54_1	210	141.897975893328
757.142857142857	766.666666666667	79.0037881647011	24.6	103.603788164701	DBCA	54_1	70	116.888994290928
757.142857142857	800	79.2969066387345	24.6	103.896906638735	DBCA	54_1	0	103.896906638735
757.142857142857	833.333333333333	82.9901405541504	24.6	107.59014055415	DBCA	54_2	210	139.510280969017
757.142857142857	866.666666666667	81.0813515912364	24.6	105.681351591236	DBCA	54_2	140	129.606604522419
757.142857142857	900	75.909288237804	24.6	100.509288237804	DBCA	54_2	280	137.779156815083
757.142857142857	933.333333333333	76.5303318542641	24.6	101.130331854264	DBCA	54_2	70	114.415537980491
757.142857142857	966.666666666667	74.8635031293811	24.6	99.4635031293811	DBCA	54_2	0	99.4635031293811
771.428571428571	666.666666666667	78.5114490096028	24.6	103.111449009603	DBCA	55_1	280	140.381317586882
771.428571428571	700	77.6452099170614	24.6	102.245209917061	DBCA	55_1	210	134.165350331928
771.428571428571	733.333333333333	78.9947890081064	24.6	103.594789008106	DBCA	55_1	140	127.520041939289
771.428571428571	766.666666666667	82.2996161414789	24.6	106.899616141479	DBCA	55_1	70	120.184822267706
771.428571428571	800	78.7971326052727	24.6	103.397132605273	DBCA	55_1	0	103.397132605273
771.428571428571	833.333333333333	80.1414118985113	24.6	104.741411898511	DBCA	55_2	70	118.026618024738
771.428571428571	866.666666666667	78.7025316850032	24.6	103.302531685003	DBCA	55_2	140	127.227784616186
771.428571428571	900	76.3329996544748	24.6	100.932999654475	DBCA	55_2	0	100.932999654475
771.428571428571	933.333333333333	74.8064060068845	24.6	99.4064060068845	DBCA	55_2	280	136.676274584163
771.428571428571	966.666666666667	71.1382296289236	24.6	95.7382296289236	DBCA	55_2	210	127.65837004379
785.714285714286	666.666666666667	79.7467347069731	24.6	104.346734706973	DBCA	56_1	210	136.26687512184
785.714285714286	700	81.7605054448764	24.6	106.360505444876	DBCA	56_1	140	130.285758376059
785.714285714286	733.333333333333	81.1716123066253	24.6	105.771612306625	DBCA	56_1	0	105.771612306625
785.714285714286	766.666666666667	82.032398800856	24.6	106.632398800856	DBCA	56_1	280	143.902267378135
785.714285714286	800	74.9803933403248	24.6	99.5803933403248	DBCA	56_1	70	112.865599466552
785.714285714286	833.333333333333	78.512127228787	24.6	103.112127228787	DBCA	56_2	210	135.032267643653
785.714285714286	866.666666666667	76.7652908031498	24.6	101.36529080315	DBCA	56_2	70	114.650496929377
785.714285714286	900	74.4211757614676	24.6	99.0211757614675	DBCA	56_2	280	136.291044338746
785.714285714286	933.333333333333	75.235741170733	24.6	99.8357411707329	DBCA	56_2	140	123.760994101915
785.714285714286	966.666666666667	72.5660611256572	24.6	97.1660611256572	DBCA	56_2	0	97.1660611256572
800	666.666666666667	76.6801944147871	24.6	101.280194414787	DBCA	57_1	280	138.550062992066
800	700	80.204513568897	24.6	104.804513568897	DBCA	57_1	0	104.804513568897
800	733.333333333333	80.8907061092596	24.6	105.49070610926	DBCA	57_1	70	118.775912235487
800	766.666666666667	78.4691950691553	24.6	103.069195069155	DBCA	57_1	210	134.989335484022
800	800	79.2394865660009	24.6	103.839486566001	DBCA	57_1	140	127.764739497183
800	833.333333333333	76.1010955426128	24.6	100.701095542613	DBCA	57_2	210	132.621235957479
800	866.666666666667	77.5654333575422	24.6	102.165433357542	DBCA	57_2	70	115.450639483769
800	900	75.8766547451744	24.6	100.476654745174	DBCA	57_2	140	124.401907676357
800	933.333333333333	77.091043320131	24.6	101.691043320131	DBCA	57_2	280	138.96091189741
800	966.666666666667	72.5961222951332	24.6	97.1961222951332	DBCA	57_2	0	97.1961222951332
814.285714285714	666.666666666667	80.6507668495955	24.6	105.250766849595	DBCA	58_1	140	129.176019780778
814.285714285714	700	80.4810532218496	24.6	105.08105322185	DBCA	58_1	0	105.08105322185
814.285714285714	733.333333333333	80.7727864155406	24.6	105.372786415541	DBCA	58_1	210	137.292926830407
814.285714285714	766.666666666667	78.9063105998695	24.6	103.50631059987	DBCA	58_1	280	140.776179177148
814.285714285714	800	74.5096561253684	24.6	99.1096561253684	DBCA	58_1	70	112.394862251595
814.285714285714	833.333333333333	74.169791348361	24.6	98.769791348361	DBCA	58_2	70	112.054997474588
814.285714285714	866.666666666667	76.6196197482673	24.6	101.219619748267	DBCA	58_2	0	101.219619748267
814.285714285714	900	78.4117410408404	24.6	103.01174104084	DBCA	58_2	210	134.931881455707
814.285714285714	933.333333333333	76.8373506943084	24.6	101.437350694308	DBCA	58_2	140	125.362603625491
814.285714285714	966.666666666667	74.6656208957938	24.6	99.2656208957938	DBCA	58_2	280	136.535489473073
828.571428571429	666.666666666667	79.3232878318951	24.6	103.923287831895	DBCA	59_1	70	117.208493958122
828.571428571429	700	82.0220067611383	24.6	106.622006761138	DBCA	59_1	210	138.542147176005
828.571428571429	733.333333333333	80.0143240557081	24.6	104.614324055708	DBCA	59_1	280	141.884192632987
828.571428571429	766.666666666667	77.4056864273595	24.6	102.005686427359	DBCA	59_1	0	102.005686427359
828.571428571429	800	74.7454296405913	24.6	99.3454296405913	DBCA	59_1	140	123.270682571774
828.571428571429	833.333333333333	75.6066396755023	24.6	100.206639675502	DBCA	59_2	140	124.131892606685
828.571428571429	866.666666666667	78.0322364407004	24.6	102.6322364407	DBCA	59_2	0	102.6322364407
828.571428571429	900	76.1341697894828	24.6	100.734169789483	DBCA	59_2	280	138.004038366762
828.571428571429	933.333333333333	74.9363671391148	24.6	99.5363671391148	DBCA	59_2	70	112.821573265342
828.571428571429	966.666666666667	73.576825099515	24.6	98.176825099515	DBCA	59_2	210	130.096965514381
71.4285714285714	666.666666666667	74.5289461925708	0	74.5289461925708	DBCA	6_1	210	88.8846866074372
71.4285714285714	700	73.5674995906436	0	73.5674995906436	DBCA	6_1	0	73.5674995906436
71.4285714285714	733.333333333333	79.8597964899019	0	79.8597964899019	DBCA	6_1	140	92.0754494210844
71.4285714285714	766.666666666667	81.7317336386559	0	81.7317336386559	DBCA	6_1	280	95.5824022159348
71.4285714285714	800	79.4911579957528	0	79.4911579957528	DBCA	6_1	70	86.9215641219798
71.4285714285714	833.333333333333	76.0510722396956	0	76.0510722396956	DBCA	6_2	70	83.4814783659226
71.4285714285714	866.666666666667	76.8355867584952	0	76.8355867584952	DBCA	6_2	210	91.1913271733616
71.4285714285714	900	79.4207754930943	0	79.4207754930943	DBCA	6_2	280	93.2714440703731
71.4285714285714	933.333333333333	75.8026703108765	0	75.8026703108765	DBCA	6_2	0	75.8026703108765
71.4285714285714	966.666666666667	78.6169645414702	0	78.6169645414702	DBCA	6_2	140	90.8326174726527
842.857142857143	666.666666666667	79.9003657260741	24.6	104.500365726074	DBCA	60_1	140	128.425618657257
842.857142857143	700	83.6324299376374	24.6	108.232429937637	DBCA	60_1	210	140.152570352504
842.857142857143	733.333333333333	80.0392217118359	24.6	104.639221711836	DBCA	60_1	280	141.909090289115
842.857142857143	766.666666666667	76.4085900083673	24.6	101.008590008367	DBCA	60_1	0	101.008590008367
842.857142857143	800	77.0119227224101	24.6	101.61192272241	DBCA	60_1	70	114.897128848637
842.857142857143	833.333333333333	78.530196309168	24.6	103.130196309168	DBCA	60_2	210	135.050336724034
842.857142857143	866.666666666667	74.1825079757858	24.6	98.7825079757857	DBCA	60_2	140	122.707760906968
842.857142857143	900	76.3657011491408	24.6	100.965701149141	DBCA	60_2	70	114.250907275368
842.857142857143	933.333333333333	79.5917900640994	24.6	104.191790064099	DBCA	60_2	280	141.461658641378
842.857142857143	966.666666666667	76.770270308034	24.6	101.370270308034	DBCA	60_2	0	101.370270308034
857.142857142857	666.666666666667	78.8492993791947	24.6	103.449299379195	DBCA	61_1	280	140.719167956474
857.142857142857	700	80.3468161362128	24.6	104.946816136213	DBCA	61_1	70	118.23202226244
857.142857142857	733.333333333333	80.5677264512885	24.6	105.167726451288	DBCA	61_1	0	105.167726451288
857.142857142857	766.666666666667	79.3221930744581	24.6	103.922193074458	DBCA	61_1	140	127.847446005641
857.142857142857	800	78.2379473998824	24.6	102.837947399882	DBCA	61_1	210	134.758087814749
857.142857142857	833.333333333333	74.4234527660314	24.6	99.0234527660314	DBCA	61_2	70	112.308658892258
857.142857142857	866.666666666667	80.7255688993083	24.6	105.325568899308	DBCA	61_2	0	105.325568899308
857.142857142857	900	79.1179287093435	24.6	103.717928709343	DBCA	61_2	280	140.987797286622
857.142857142857	933.333333333333	77.4526575007116	24.6	102.052657500712	DBCA	61_2	210	133.972797915578
857.142857142857	966.666666666667	77.8225583312132	24.6	102.422558331213	DBCA	61_2	140	126.347811262396
871.428571428571	666.666666666667	76.9272340914281	24.6	101.527234091428	DBCA	62_1	70	114.812440217655
871.428571428571	700	78.3454691639022	24.6	102.945469163902	DBCA	62_1	140	126.870722095085
871.428571428571	733.333333333333	80.1887586883439	24.6	104.788758688344	DBCA	62_1	210	136.70889910321
871.428571428571	766.666666666667	80.9707254521281	24.6	105.570725452128	DBCA	62_1	280	142.840594029407
871.428571428571	800	81.694374187462	24.6	106.294374187462	DBCA	62_1	0	106.294374187462
871.428571428571	833.333333333333	80.3202332103485	24.6	104.920233210348	DBCA	62_2	0	104.920233210348
871.428571428571	866.666666666667	80.154484298099	24.6	104.754484298099	DBCA	62_2	280	142.024352875378
871.428571428571	900	83.2361087097682	24.6	107.836108709768	DBCA	62_2	70	121.121314835995
871.428571428571	933.333333333333	80.8858054286369	24.6	105.485805428637	DBCA	62_2	140	129.411058359819
871.428571428571	966.666666666667	77.139101917839	24.6	101.739101917839	DBCA	62_2	210	133.659242332705
885.714285714286	666.666666666667	80.5806869660843	24.6	105.180686966084	DBCA	63_1	210	137.100827380951
885.714285714286	700	81.9235349349791	24.6	106.523534934979	DBCA	63_1	280	143.793403512258
885.714285714286	733.333333333333	78.4647746304572	24.6	103.064774630457	DBCA	63_1	0	103.064774630457
885.714285714286	766.666666666667	79.3874001241157	24.6	103.987400124116	DBCA	63_1	140	127.912653055298
885.714285714286	800	80.7272092422117	24.6	105.327209242212	DBCA	63_1	70	118.612415368439
885.714285714286	833.333333333333	80.0026566974325	24.6	104.602656697433	DBCA	63_2	0	104.602656697433
885.714285714286	866.666666666667	78.2898104533197	24.6	102.88981045332	DBCA	63_2	280	140.159679030599
885.714285714286	900	77.0276857964199	24.6	101.62768579642	DBCA	63_2	210	133.547826211286
885.714285714286	933.333333333333	83.5203548694349	24.6	108.120354869435	DBCA	63_2	70	121.405560995662
885.714285714286	966.666666666667	77.3407128374936	24.6	101.940712837494	DBCA	63_2	140	125.865965768676
900	666.666666666667	79.7095291291775	24.6	104.309529129177	DBCA	64_1	70	117.594735255404
900	700	78.5446680745078	24.6	103.144668074508	DBCA	64_1	280	140.414536651787
900	733.333333333333	77.3597872854579	24.6	101.959787285458	DBCA	64_1	210	133.879927700324
900	766.666666666667	77.3756426642032	24.6	101.975642664203	DBCA	64_1	0	101.975642664203
900	800	75.943501323372	24.6	100.543501323372	DBCA	64_1	140	124.468754254554
900	833.333333333333	79.3886332419138	24.6	103.988633241914	DBCA	64_2	0	103.988633241914
900	866.666666666667	80.0942518507929	24.6	104.694251850793	DBCA	64_2	280	141.964120428072
900	900	77.2507188826983	24.6	101.850718882698	DBCA	64_2	210	133.770859297565
900	933.333333333333	83.426438156857	24.6	108.026438156857	DBCA	64_2	140	131.951691088039
900	966.666666666667	80.2394348121557	24.6	104.839434812156	DBCA	64_2	70	118.124640938383
914.285714285714	666.666666666667	78.5781539744197	24.6	103.17815397442	DBCA	65_1	210	135.098294389286
914.285714285714	700	78.2337720463834	24.6	102.833772046383	DBCA	65_1	0	102.833772046383
914.285714285714	733.333333333333	80.5437933694555	24.6	105.143793369456	DBCA	65_1	280	142.413661946734
914.285714285714	766.666666666667	79.2657555777861	24.6	103.865755577786	DBCA	65_1	140	127.791008508969
914.285714285714	800	78.7240576696578	24.6	103.324057669658	DBCA	65_1	70	116.609263795885
914.285714285714	833.333333333333	78.9595509132045	24.6	103.559550913205	DBCA	65_2	140	127.484803844387
914.285714285714	866.666666666667	80.1259377980905	24.6	104.725937798091	DBCA	65_2	210	136.646078212957
914.285714285714	900	78.6192625985651	24.6	103.219262598565	DBCA	65_2	280	140.489131175844
914.285714285714	933.333333333333	78.5674816327993	24.6	103.167481632799	DBCA	65_2	70	116.452687759026
914.285714285714	966.666666666667	75.3301701403155	24.6	99.9301701403155	DBCA	65_2	0	99.9301701403155
928.571428571429	666.666666666667	79.0788680272582	24.6	103.678868027258	DBCA	66_1	210	135.599008442125
928.571428571429	700	80.8172493664302	24.6	105.41724936643	DBCA	66_1	0	105.41724936643
928.571428571429	733.333333333333	77.6123730943188	24.6	102.212373094319	DBCA	66_1	280	139.482241671598
928.571428571429	766.666666666667	80.9822694017968	24.6	105.582269401797	DBCA	66_1	140	129.507522332979
928.571428571429	800	76.6567506951929	24.6	101.256750695193	DBCA	66_1	70	114.54195682142
928.571428571429	833.333333333333	81.5809367644784	24.6	106.180936764478	DBCA	66_2	0	106.180936764478
928.571428571429	866.666666666667	79.718511902388	24.6	104.318511902388	DBCA	66_2	280	141.588380479667
928.571428571429	900	78.8281849513758	24.6	103.428184951376	DBCA	66_2	140	127.353437882558
928.571428571429	933.333333333333	81.0213318923438	24.6	105.621331892344	DBCA	66_2	70	118.906538018571
928.571428571429	966.666666666667	76.7613727918853	24.6	101.361372791885	DBCA	66_2	210	133.281513206752
942.857142857143	666.666666666667	84.7801508220349	24.6	109.380150822035	DBCA	67_1	280	146.650019399314
942.857142857143	700	84.6041462409851	24.6	109.204146240985	DBCA	67_1	0	109.204146240985
942.857142857143	733.333333333333	81.5224413702069	24.6	106.122441370207	DBCA	67_1	140	130.047694301389
942.857142857143	766.666666666667	79.8277553873844	24.6	104.427755387384	DBCA	67_1	70	117.712961513611
942.857142857143	800	79.1719232719121	24.6	103.771923271912	DBCA	67_1	210	135.692063686779
942.857142857143	833.333333333333	84.5057672925747	24.6	109.105767292575	DBCA	67_2	70	122.390973418802
942.857142857143	866.666666666667	79.5530032899747	24.6	104.153003289975	DBCA	67_2	140	128.078256221157
942.857142857143	900	79.7978851625534	24.6	104.397885162553	DBCA	67_2	0	104.397885162553
942.857142857143	933.333333333333	82.4091437536753	24.6	107.009143753675	DBCA	67_2	280	144.279012330954
942.857142857143	966.666666666667	79.1451240168722	24.6	103.745124016872	DBCA	67_2	210	135.665264431739
957.142857142857	666.666666666667	82.7300177393551	24.6	107.330017739355	DBCA	68_1	140	131.255270670538
957.142857142857	700	83.069600941881	24.6	107.669600941881	DBCA	68_1	0	107.669600941881
957.142857142857	733.333333333333	78.4426928513737	24.6	103.042692851374	DBCA	68_1	70	116.327898977601
957.142857142857	766.666666666667	79.1668176475835	24.6	103.766817647583	DBCA	68_1	280	141.036686224862
957.142857142857	800	84.4691165484825	24.6	109.069116548482	DBCA	68_1	210	140.989256963349
957.142857142857	833.333333333333	80.0118633367557	24.6	104.611863336756	DBCA	68_2	280	141.881731914035
957.142857142857	866.666666666667	79.4136222107473	24.6	104.013622210747	DBCA	68_2	210	135.933762625614
957.142857142857	900	79.0527276018263	24.6	103.652727601826	DBCA	68_2	0	103.652727601826
957.142857142857	933.333333333333	80.6785037837612	24.6	105.278503783761	DBCA	68_2	70	118.563709909988
957.142857142857	966.666666666667	77.8961052068214	24.6	102.496105206821	DBCA	68_2	140	126.421358138004
971.428571428571	666.666666666667	82.3651666437845	24.6	106.965166643785	DBCA	69_1	0	106.965166643785
971.428571428571	700	81.0637189517982	24.6	105.663718951798	DBCA	69_1	70	118.948925078025
971.428571428571	733.333333333333	75.8359529220881	24.6	100.435952922088	DBCA	69_1	140	124.361205853271
971.428571428571	766.666666666667	83.6826356913257	24.6	108.282635691326	DBCA	69_1	280	145.552504268605
971.428571428571	800	81.6712442473846	24.6	106.271244247385	DBCA	69_1	210	138.191384662251
971.428571428571	833.333333333333	82.5981089148551	24.6	107.198108914855	DBCA	69_2	70	120.483315041082
971.428571428571	866.666666666667	81.9934410377692	24.6	106.593441037769	DBCA	69_2	140	130.518693968952
971.428571428571	900	77.9661045113232	24.6	102.566104511323	DBCA	69_2	0	102.566104511323
971.428571428571	933.333333333333	77.1966593134464	24.6	101.796659313446	DBCA	69_2	280	139.066527890725
971.428571428571	966.666666666667	74.3059192684848	24.6	98.9059192684848	DBCA	69_2	210	130.826059683351
85.7142857142857	666.666666666667	75.4788810728223	0	75.4788810728223	DBCA	7_1	140	87.6945340040047
85.7142857142857	700	78.5798407334215	0	78.5798407334215	DBCA	7_1	70	86.0102468596485
85.7142857142857	733.333333333333	80.568840266944	0	80.568840266944	DBCA	7_1	280	94.4195088442229
85.7142857142857	766.666666666667	83.0007563717991	0	83.0007563717991	DBCA	7_1	0	83.0007563717991
85.7142857142857	800	79.9538841890778	0	79.9538841890778	DBCA	7_1	210	94.3096246039442
85.7142857142857	833.333333333333	74.1320003934402	0	74.1320003934402	DBCA	7_2	0	74.1320003934402
85.7142857142857	866.666666666667	73.8826824465456	0	73.8826824465456	DBCA	7_2	70	81.3130885727726
85.7142857142857	900	74.6041055664746	0	74.6041055664746	DBCA	7_2	140	86.8197584976571
85.7142857142857	933.333333333333	79.3196039268161	0	79.3196039268161	DBCA	7_2	210	93.6753443416825
85.7142857142857	966.666666666667	80.607527507591	0	80.607527507591	DBCA	7_2	280	94.4581960848698
985.714285714286	666.666666666667	80.2804409426377	24.6	104.880440942638	DBCA	70_1	70	118.165647068865
985.714285714286	700	79.0528962959625	24.6	103.652896295962	DBCA	70_1	280	140.922764873241
985.714285714286	733.333333333333	79.098774186452	24.6	103.698774186452	DBCA	70_1	0	103.698774186452
985.714285714286	766.666666666667	79.8957636494491	24.6	104.495763649449	DBCA	70_1	140	128.421016580632
985.714285714286	800	81.0999734645191	24.6	105.699973464519	DBCA	70_1	210	137.620113879385
985.714285714286	833.333333333333	81.7149387440674	24.6	106.314938744067	DBCA	70_2	0	106.314938744067
985.714285714286	866.666666666667	77.9410174454775	24.6	102.541017445477	DBCA	70_2	70	115.826223571704
985.714285714286	900	79.3584015902638	24.6	103.958401590264	DBCA	70_2	280	141.228270167543
985.714285714286	933.333333333333	74.4859037054398	24.6	99.0859037054397	DBCA	70_2	140	123.011156636622
985.714285714286	966.666666666667	76.0694390757582	24.6	100.669439075758	DBCA	70_2	210	132.589579490625
1000	666.666666666667	76.7933664718991	24.6	101.393366471899	DBCA	71_1	0	101.393366471899
1000	700	78.0214679011082	24.6	102.621467901108	DBCA	71_1	70	115.906674027335
1000	733.333333333333	81.541234945875	24.6	106.141234945875	DBCA	71_1	210	138.061375360741
1000	766.666666666667	80.6138886550393	24.6	105.213888655039	DBCA	71_1	140	129.139141586222
1000	800	79.2357999650444	24.6	103.835799965044	DBCA	71_1	280	141.105668542323
1000	833.333333333333	82.5937688960547	24.6	107.193768896055	DBCA	71_2	140	131.119021827237
1000	866.666666666667	81.1878451236557	24.6	105.787845123656	DBCA	71_2	70	119.073051249883
1000	900	76.2401686473511	24.6	100.840168647351	DBCA	71_2	210	132.760309062217
1000	933.333333333333	76.8009425580566	24.6	101.400942558057	DBCA	71_2	0	101.400942558057
1000	966.666666666667	77.0909459720166	24.6	101.690945972017	DBCA	71_2	280	138.960814549295
100	666.666666666667	75.6818634215431	0	75.6818634215431	DBCA	8_1	0	75.6818634215431
100	700	77.9700268288949	0	77.9700268288949	DBCA	8_1	280	91.8206954061737
100	733.333333333333	78.1655159280401	0	78.1655159280401	DBCA	8_1	70	85.595922054267
100	766.666666666667	76.8295207813139	0	76.8295207813139	DBCA	8_1	140	89.0451737124963
100	800	77.6221401855867	0	77.6221401855867	DBCA	8_1	210	91.9778806004531
100	833.333333333333	71.7796126221219	0	71.7796126221219	DBCA	8_2	0	71.7796126221219
100	866.666666666667	77.922366467012	0	77.922366467012	DBCA	8_2	210	92.2781068818784
100	900	78.3459634554439	0	78.3459634554439	DBCA	8_2	140	90.5616163866264
100	933.333333333333	80.2379403138329	0	80.2379403138329	DBCA	8_2	70	87.6683464400599
100	966.666666666667	78.6762723990796	0	78.6762723990796	DBCA	8_2	280	92.5269409763585
114.285714285714	666.666666666667	77.1153349815982	0	77.1153349815982	DBCA	9_1	0	77.1153349815982
114.285714285714	700	81.6610118806223	0	81.6610118806223	DBCA	9_1	140	93.8766648118048
114.285714285714	733.333333333333	81.994594635287	0	81.994594635287	DBCA	9_1	70	89.425000761514
114.285714285714	766.666666666667	77.382532460763	0	77.382532460763	DBCA	9_1	210	91.7382728756294
114.285714285714	800	78.6898178656994	0	78.6898178656994	DBCA	9_1	280	92.5404864429782
114.285714285714	833.333333333333	73.3931345373488	0	73.3931345373488	DBCA	9_2	0	73.3931345373488
114.285714285714	866.666666666667	73.9456479621658	0	73.9456479621658	DBCA	9_2	70	81.3760540883928
114.285714285714	900	79.2613912107649	0	79.2613912107649	DBCA	9_2	210	93.6171316256313
114.285714285714	933.333333333333	75.7678697343504	0	75.7678697343504	DBCA	9_2	140	87.9835226655329
114.285714285714	966.666666666667	84.7050012862627	0	84.7050012862627	DBCA	9_2	280	98.5556698635416
0	1000	77.7481706778772	0	77.7481706778772	DBCA	1_3	NA	NA
14.2857142857143	1000	79.087452769117	0	79.087452769117	DBCA	2_3	NA	NA
28.5714285714286	1000	77.8187849804394	0	77.8187849804394	DBCA	3_3	NA	NA
42.8571428571429	1000	76.1876134119773	0	76.1876134119773	DBCA	4_3	NA	NA
57.1428571428571	1000	74.2390687103906	0	74.2390687103906	DBCA	5_3	NA	NA
71.4285714285714	1000	73.715247300522	0	73.715247300522	DBCA	6_3	NA	NA
85.7142857142857	1000	77.4482192949665	0	77.4482192949665	DBCA	7_3	NA	NA
100	1000	78.3059568056839	0	78.3059568056839	DBCA	8_3	NA	NA
114.285714285714	1000	81.3146906736772	0	81.3146906736772	DBCA	9_3	NA	NA
128.571428571429	1000	78.8309555500672	0	78.8309555500672	DBCA	10_3	NA	NA
142.857142857143	1000	82.0299753525083	0	82.0299753525083	DBCA	11_3	NA	NA
157.142857142857	1000	81.3630128003867	0	81.3630128003867	DBCA	12_3	NA	NA
171.428571428571	1000	75.4097208796753	0	75.4097208796753	DBCA	13_3	NA	NA
185.714285714286	1000	77.8947487003558	0	77.8947487003558	DBCA	14_3	NA	NA
200	1000	75.7041259841772	0	75.7041259841772	DBCA	15_3	NA	NA
214.285714285714	1000	76.207060383132	0	76.207060383132	DBCA	16_3	NA	NA
228.571428571429	1000	74.3559408576372	0	74.3559408576372	DBCA	17_3	NA	NA
242.857142857143	1000	78.7674985173861	0	78.7674985173861	DBCA	18_3	NA	NA
257.142857142857	1000	74.8622602728478	0	74.8622602728478	DBCA	19_3	NA	NA
271.428571428571	1000	72.974484517392	0	72.974484517392	DBCA	20_3	NA	NA
285.714285714286	1000	75.9603219784629	0	75.9603219784629	DBCA	21_3	NA	NA
300	1000	77.2761745266096	0	77.2761745266096	DBCA	22_3	NA	NA
314.285714285714	1000	78.7342527131729	0	78.7342527131729	DBCA	23_3	NA	NA
328.571428571429	1000	79.1914295688701	0	79.1914295688701	DBCA	24_3	NA	NA
342.857142857143	1000	80.2312076178563	0	80.2312076178563	DBCA	25_3	NA	NA
357.142857142857	1000	76.3924523563729	0	76.3924523563729	DBCA	26_3	NA	NA
371.428571428571	1000	77.2838378977039	0	77.2838378977039	DBCA	27_3	NA	NA
385.714285714286	1000	77.0835401928639	0	77.0835401928639	DBCA	28_3	NA	NA
400	1000	77.5505199331014	0	77.5505199331014	DBCA	29_3	NA	NA
414.285714285714	1000	74.590235604587	0	74.590235604587	DBCA	30_3	NA	NA
428.571428571429	1000	77.1759375203554	0	77.1759375203554	DBCA	31_3	NA	NA
442.857142857143	1000	77.444106957633	0	77.444106957633	DBCA	32_3	NA	NA
457.142857142857	1000	76.8267346600212	0	76.8267346600212	DBCA	33_3	NA	NA
471.428571428571	1000	76.0986979370221	0	76.0986979370221	DBCA	34_3	NA	NA
485.714285714286	1000	82.5708301239716	0	82.5708301239716	DBCA	35_3	NA	NA
500	1000	80.6914643257839	0	80.6914643257839	DBCA	36_3	NA	NA
514.285714285714	1000	79.2804450275619	24.6	103.880445027562	DBCA	37_3	NA	NA
528.571428571429	1000	78.8991974327238	24.6	103.499197432724	DBCA	38_3	NA	NA
542.857142857143	1000	78.5109337843379	24.6	103.110933784338	DBCA	39_3	NA	NA
557.142857142857	1000	80.4835322842597	24.6	105.08353228426	DBCA	40_3	NA	NA
571.428571428571	1000	84.652204903865	24.6	109.252204903865	DBCA	41_3	NA	NA
585.714285714286	1000	79.2721965821425	24.6	103.872196582142	DBCA	42_3	NA	NA
600	1000	77.7434617858897	24.6	102.34346178589	DBCA	43_3	NA	NA
614.285714285714	1000	78.4397430271173	24.6	103.039743027117	DBCA	44_3	NA	NA
628.571428571429	1000	76.0215925789626	24.6	100.621592578963	DBCA	45_3	NA	NA
642.857142857143	1000	79.4192042485328	24.6	104.019204248533	DBCA	46_3	NA	NA
657.142857142857	1000	79.5350480898829	24.6	104.135048089883	DBCA	47_3	NA	NA
671.428571428571	1000	77.7531870717019	24.6	102.353187071702	DBCA	48_3	NA	NA
685.714285714286	1000	77.2542711708375	24.6	101.854271170837	DBCA	49_3	NA	NA
700	1000	76.4592699026872	24.6	101.059269902687	DBCA	50_3	NA	NA
714.285714285714	1000	78.8150370187308	24.6	103.415037018731	DBCA	51_3	NA	NA
728.571428571429	1000	79.0154038860711	24.6	103.615403886071	DBCA	52_3	NA	NA
742.857142857143	1000	78.9385326747827	24.6	103.538532674783	DBCA	53_3	NA	NA
757.142857142857	1000	76.5547209028046	24.6	101.154720902805	DBCA	54_3	NA	NA
771.428571428571	1000	75.9491216790332	24.6	100.549121679033	DBCA	55_3	NA	NA
785.714285714286	1000	75.8238642993953	24.6	100.423864299395	DBCA	56_3	NA	NA
800	1000	76.5337831177168	24.6	101.133783117717	DBCA	57_3	NA	NA
814.285714285714	1000	76.5654456796442	24.6	101.165445679644	DBCA	58_3	NA	NA
828.571428571429	1000	75.5624972206955	24.6	100.162497220695	DBCA	59_3	NA	NA
842.857142857143	1000	74.9033693375523	24.6	99.5033693375523	DBCA	60_3	NA	NA
857.142857142857	1000	75.9728574357945	24.6	100.572857435795	DBCA	61_3	NA	NA
871.428571428571	1000	80.3043287422607	24.6	104.904328742261	DBCA	62_3	NA	NA
885.714285714286	1000	73.7246638115503	24.6	98.3246638115503	DBCA	63_3	NA	NA
900	1000	75.1581684550598	24.6	99.7581684550598	DBCA	64_3	NA	NA
914.285714285714	1000	75.696259744695	24.6	100.296259744695	DBCA	65_3	NA	NA
928.571428571429	1000	76.5811077802308	24.6	101.181107780231	DBCA	66_3	NA	NA
942.857142857143	1000	74.1086043537192	24.6	98.7086043537192	DBCA	67_3	NA	NA
957.142857142857	1000	75.4288624217311	24.6	100.028862421731	DBCA	68_3	NA	NA
971.428571428571	1000	78.8896746882782	24.6	103.489674688278	DBCA	69_3	NA	NA
985.714285714286	1000	80.211309067083	24.6	104.811309067083	DBCA	70_3	NA	NA
1000	1000	76.033528539325	24.6	100.633528539325	DBCA	71_3	NA	NA
