x	y	variable1	Zona	ErrorConEfecto	Disenio	Bloque	AsigTrat	MiRto
0	666.666666666667	74.3357421571504	0	74.3357421571504	DBCA	1_1	0	74.3357421571504
0	700	77.6387366060633	0	77.6387366060633	DBCA	1_1	140	85.0711008488679
0	733.333333333333	78.1786866203472	0	78.1786866203472	DBCA	1_1	280	74.0201192479792
0	766.666666666667	77.3227802378693	0	77.3227802378693	DBCA	1_1	70	83.4168743415188
0	800	79.3087233528252	0	79.3087233528252	DBCA	1_1	210	83.3235337702906
0	833.333333333333	82.7108668564664	0	82.7108668564664	DBCA	1_2	280	78.5522994840984
0	866.666666666667	78.6097889852632	0	78.6097889852632	DBCA	1_2	140	86.0421532280679
0	900	77.0834590069658	0	77.0834590069658	DBCA	1_2	210	81.0982694244312
0	933.333333333333	78.0836578497329	0	78.0836578497329	DBCA	1_2	70	84.1777519533824
0	966.666666666667	79.3334852435194	0	79.3334852435194	DBCA	1_2	0	79.3334852435194
128.571428571429	666.666666666667	81.3132380641464	0	81.3132380641464	DBCA	10_1	0	81.3132380641464
128.571428571429	700	83.3636770581661	0	83.3636770581661	DBCA	10_1	70	89.4577711618156
128.571428571429	733.333333333333	79.5642032466565	0	79.5642032466565	DBCA	10_1	210	83.579013664122
128.571428571429	766.666666666667	80.1383753794575	0	80.1383753794575	DBCA	10_1	280	75.9798080070894
128.571428571429	800	78.6977934208263	0	78.6977934208263	DBCA	10_1	140	86.130157663631
128.571428571429	833.333333333333	77.9048691827565	0	77.9048691827565	DBCA	10_2	70	83.998963286406
128.571428571429	866.666666666667	78.4371197899452	0	78.4371197899452	DBCA	10_2	210	82.4519302074106
128.571428571429	900	81.6552541481527	0	81.6552541481527	DBCA	10_2	0	81.6552541481527
128.571428571429	933.333333333333	78.3290706324324	0	78.3290706324324	DBCA	10_2	140	85.7614348752371
128.571428571429	966.666666666667	72.0548578472735	0	72.0548578472735	DBCA	10_2	280	67.8962904749055
142.857142857143	666.666666666667	79.9260445880481	0	79.9260445880481	DBCA	11_1	210	83.9408550055136
142.857142857143	700	79.6473474914006	0	79.6473474914006	DBCA	11_1	70	85.7414415950501
142.857142857143	733.333333333333	81.4192112980103	0	81.4192112980103	DBCA	11_1	280	77.2606439256422
142.857142857143	766.666666666667	79.080484614553	0	79.080484614553	DBCA	11_1	140	86.5128488573576
142.857142857143	800	74.5967637277716	0	74.5967637277716	DBCA	11_1	0	74.5967637277716
142.857142857143	833.333333333333	77.2650013024364	0	77.2650013024364	DBCA	11_2	280	73.1064339300684
142.857142857143	866.666666666667	75.0291550361957	0	75.0291550361957	DBCA	11_2	140	82.4615192790004
142.857142857143	900	76.9818853890022	0	76.9818853890022	DBCA	11_2	0	76.9818853890022
142.857142857143	933.333333333333	77.6163989031033	0	77.6163989031033	DBCA	11_2	210	81.6312093205688
142.857142857143	966.666666666667	72.5633299581173	0	72.5633299581173	DBCA	11_2	70	78.6574240617668
157.142857142857	666.666666666667	82.479588927009	0	82.479588927009	DBCA	12_1	210	86.4943993444744
157.142857142857	700	79.6523990295412	0	79.6523990295412	DBCA	12_1	70	85.7464931331907
157.142857142857	733.333333333333	81.3651113326593	0	81.3651113326593	DBCA	12_1	140	88.7974755754639
157.142857142857	766.666666666667	78.3386420523512	0	78.3386420523512	DBCA	12_1	0	78.3386420523512
157.142857142857	800	79.6154980332387	0	79.6154980332387	DBCA	12_1	280	75.4569306608707
157.142857142857	833.333333333333	75.2870174737335	0	75.2870174737335	DBCA	12_2	0	75.2870174737335
157.142857142857	866.666666666667	78.1168171856092	0	78.1168171856092	DBCA	12_2	70	84.2109112892586
157.142857142857	900	79.5614603053709	0	79.5614603053709	DBCA	12_2	210	83.5762707228363
157.142857142857	933.333333333333	77.0978678715119	0	77.0978678715119	DBCA	12_2	280	72.9393004991438
157.142857142857	966.666666666667	74.7135369039782	0	74.7135369039782	DBCA	12_2	140	82.1459011467829
171.428571428571	666.666666666667	83.2065262855818	0	83.2065262855818	DBCA	13_1	140	90.6388905283865
171.428571428571	700	79.7812923542863	0	79.7812923542863	DBCA	13_1	210	83.7961027717518
171.428571428571	733.333333333333	81.4760039593829	0	81.4760039593829	DBCA	13_1	70	87.5700980630323
171.428571428571	766.666666666667	80.2210945505735	0	80.2210945505735	DBCA	13_1	280	76.0625271782054
171.428571428571	800	77.5952843419253	0	77.5952843419253	DBCA	13_1	0	77.5952843419253
171.428571428571	833.333333333333	80.9974571735094	0	80.9974571735094	DBCA	13_2	70	87.0915512771589
171.428571428571	866.666666666667	78.4107286605399	0	78.4107286605399	DBCA	13_2	140	85.8430929033446
171.428571428571	900	77.7164927436434	0	77.7164927436434	DBCA	13_2	280	73.5579253712753
171.428571428571	933.333333333333	78.9280019932673	0	78.9280019932673	DBCA	13_2	210	82.9428124107328
171.428571428571	966.666666666667	79.4235085493924	0	79.4235085493924	DBCA	13_2	0	79.4235085493924
185.714285714286	666.666666666667	81.1264408558297	0	81.1264408558297	DBCA	14_1	140	88.5588050986344
185.714285714286	700	76.5324148534367	0	76.5324148534367	DBCA	14_1	0	76.5324148534367
185.714285714286	733.333333333333	78.1735148907647	0	78.1735148907647	DBCA	14_1	280	74.0149475183967
185.714285714286	766.666666666667	80.2358866683939	0	80.2358866683939	DBCA	14_1	70	86.3299807720433
185.714285714286	800	80.9520888799006	0	80.9520888799006	DBCA	14_1	210	84.9668992973661
185.714285714286	833.333333333333	78.2255294082803	0	78.2255294082803	DBCA	14_2	70	84.3196235119297
185.714285714286	866.666666666667	79.3524249486755	0	79.3524249486755	DBCA	14_2	280	75.1938575763075
185.714285714286	900	80.1774688568341	0	80.1774688568341	DBCA	14_2	0	80.1774688568341
185.714285714286	933.333333333333	80.4513412237485	0	80.4513412237485	DBCA	14_2	140	87.8837054665532
185.714285714286	966.666666666667	78.1927652256532	0	78.1927652256532	DBCA	14_2	210	82.2075756431186
200	666.666666666667	77.5139318463395	0	77.5139318463395	DBCA	15_1	70	83.6080259499889
200	700	76.7028776781394	0	76.7028776781394	DBCA	15_1	280	72.5443103057713
200	733.333333333333	76.6909578156719	0	76.6909578156719	DBCA	15_1	210	80.7057682331373
200	766.666666666667	78.2960102432477	0	78.2960102432477	DBCA	15_1	0	78.2960102432477
200	800	79.8752393049374	0	79.8752393049374	DBCA	15_1	140	87.307603547742
200	833.333333333333	77.6481483689255	0	77.6481483689255	DBCA	15_2	70	83.742242472575
200	866.666666666667	80.0081958255974	0	80.0081958255974	DBCA	15_2	280	75.8496284532294
200	900	80.8319506037666	0	80.8319506037666	DBCA	15_2	210	84.8467610212321
200	933.333333333333	80.7691642038145	0	80.7691642038145	DBCA	15_2	0	80.7691642038145
200	966.666666666667	79.7028751763047	0	79.7028751763047	DBCA	15_2	140	87.1352394191093
214.285714285714	666.666666666667	77.039433695008	0	77.039433695008	DBCA	16_1	0	77.039433695008
214.285714285714	700	79.5091807686354	0	79.5091807686354	DBCA	16_1	140	86.9415450114401
214.285714285714	733.333333333333	77.5566768388336	0	77.5566768388336	DBCA	16_1	210	81.5714872562991
214.285714285714	766.666666666667	75.7044334405912	0	75.7044334405912	DBCA	16_1	280	71.5458660682232
214.285714285714	800	82.4352616757251	0	82.4352616757251	DBCA	16_1	70	88.5293557793746
214.285714285714	833.333333333333	79.8461059347462	0	79.8461059347462	DBCA	16_2	70	85.9402000383956
214.285714285714	866.666666666667	78.4857289649922	0	78.4857289649922	DBCA	16_2	210	82.5005393824577
214.285714285714	900	81.5209887035014	0	81.5209887035014	DBCA	16_2	280	77.3624213311333
214.285714285714	933.333333333333	80.2429021943687	0	80.2429021943687	DBCA	16_2	0	80.2429021943687
214.285714285714	966.666666666667	74.8302383687412	0	74.8302383687412	DBCA	16_2	140	82.2626026115459
228.571428571429	666.666666666667	77.7617946656921	0	77.7617946656921	DBCA	17_1	280	73.603227293324
228.571428571429	700	79.4719050535225	0	79.4719050535225	DBCA	17_1	210	83.4867154709879
228.571428571429	733.333333333333	77.9508603432053	0	77.9508603432053	DBCA	17_1	140	85.38322458601
228.571428571429	766.666666666667	81.3235402056782	0	81.3235402056782	DBCA	17_1	0	81.3235402056782
228.571428571429	800	81.6682334434483	0	81.6682334434483	DBCA	17_1	70	87.7623275470978
228.571428571429	833.333333333333	82.0311385315769	0	82.0311385315769	DBCA	17_2	70	88.1252326352264
228.571428571429	866.666666666667	80.5511406704674	0	80.5511406704674	DBCA	17_2	0	80.5511406704674
228.571428571429	900	77.6781502811987	0	77.6781502811987	DBCA	17_2	210	81.6929606986642
228.571428571429	933.333333333333	80.7529042113092	0	80.7529042113092	DBCA	17_2	280	76.5943368389412
228.571428571429	966.666666666667	76.0461747430191	0	76.0461747430191	DBCA	17_2	140	83.4785389858237
242.857142857143	666.666666666667	79.0286795499864	0	79.0286795499864	DBCA	18_1	140	86.461043792791
242.857142857143	700	78.8057822442057	0	78.8057822442057	DBCA	18_1	210	82.8205926616712
242.857142857143	733.333333333333	81.161306709627	0	81.161306709627	DBCA	18_1	0	81.161306709627
242.857142857143	766.666666666667	83.6475836452391	0	83.6475836452391	DBCA	18_1	70	89.7416777488885
242.857142857143	800	84.650038058606	0	84.650038058606	DBCA	18_1	280	80.491470686238
242.857142857143	833.333333333333	82.6170362517136	0	82.6170362517136	DBCA	18_2	210	86.6318466691791
242.857142857143	866.666666666667	84.0007447928059	0	84.0007447928059	DBCA	18_2	140	91.4331090356105
242.857142857143	900	76.6295395401307	0	76.6295395401307	DBCA	18_2	0	76.6295395401307
242.857142857143	933.333333333333	80.3733735918259	0	80.3733735918259	DBCA	18_2	70	86.4674676954753
242.857142857143	966.666666666667	78.2607654836439	0	78.2607654836439	DBCA	18_2	280	74.1021981112759
257.142857142857	666.666666666667	85.1347493920425	0	85.1347493920425	DBCA	19_1	280	80.9761820196745
257.142857142857	700	81.5838150138219	0	81.5838150138219	DBCA	19_1	140	89.0161792566265
257.142857142857	733.333333333333	81.9481545102244	0	81.9481545102244	DBCA	19_1	210	85.9629649276898
257.142857142857	766.666666666667	81.5927448844999	0	81.5927448844999	DBCA	19_1	0	81.5927448844999
257.142857142857	800	84.0775980184747	0	84.0775980184747	DBCA	19_1	70	90.1716921221242
257.142857142857	833.333333333333	85.5535122991187	0	85.5535122991187	DBCA	19_2	140	92.9858765419233
257.142857142857	866.666666666667	86.5260386249909	0	86.5260386249909	DBCA	19_2	0	86.5260386249909
257.142857142857	900	81.665399253373	0	81.665399253373	DBCA	19_2	280	77.506831881005
257.142857142857	933.333333333333	79.7358067875892	0	79.7358067875892	DBCA	19_2	70	85.8299008912387
257.142857142857	966.666666666667	76.9363957314101	0	76.9363957314101	DBCA	19_2	210	80.9512061488756
14.2857142857143	666.666666666667	78.0113906311559	0	78.0113906311559	DBCA	2_1	280	73.8528232587879
14.2857142857143	700	79.1506425547517	0	79.1506425547517	DBCA	2_1	140	86.5830067975564
14.2857142857143	733.333333333333	75.5621711590678	0	75.5621711590678	DBCA	2_1	0	75.5621711590678
14.2857142857143	766.666666666667	73.0758174856445	0	73.0758174856445	DBCA	2_1	70	79.169911589294
14.2857142857143	800	80.1598021201763	0	80.1598021201763	DBCA	2_1	210	84.1746125376418
14.2857142857143	833.333333333333	77.5181142190696	0	77.5181142190696	DBCA	2_2	140	84.9504784618743
14.2857142857143	866.666666666667	79.5940975525633	0	79.5940975525633	DBCA	2_2	280	75.4355301801953
14.2857142857143	900	76.1875132428653	0	76.1875132428653	DBCA	2_2	70	82.2816073465148
14.2857142857143	933.333333333333	78.4739420093816	0	78.4739420093816	DBCA	2_2	0	78.4739420093816
14.2857142857143	966.666666666667	81.0889769900284	0	81.0889769900284	DBCA	2_2	210	85.1037874074939
271.428571428571	666.666666666667	87.6643783588212	0	87.6643783588212	DBCA	20_1	70	93.7584724624706
271.428571428571	700	79.6110447697521	0	79.6110447697521	DBCA	20_1	280	75.4524773973841
271.428571428571	733.333333333333	81.0575354466221	0	81.0575354466221	DBCA	20_1	210	85.0723458640876
271.428571428571	766.666666666667	80.8268528974585	0	80.8268528974585	DBCA	20_1	0	80.8268528974585
271.428571428571	800	86.3812989148238	0	86.3812989148238	DBCA	20_1	140	93.8136631576285
271.428571428571	833.333333333333	87.1807184307776	0	87.1807184307776	DBCA	20_2	280	83.0221510584095
271.428571428571	866.666666666667	87.1820779370157	0	87.1820779370157	DBCA	20_2	210	91.1968883544812
271.428571428571	900	78.4641384794821	0	78.4641384794821	DBCA	20_2	140	85.8965027222868
271.428571428571	933.333333333333	78.904332801617	0	78.904332801617	DBCA	20_2	70	84.9984269052665
271.428571428571	966.666666666667	75.7060808342039	0	75.7060808342039	DBCA	20_2	0	75.7060808342039
285.714285714286	666.666666666667	83.6228777919136	0	83.6228777919136	DBCA	21_1	140	91.0552420347182
285.714285714286	700	81.7145183562624	0	81.7145183562624	DBCA	21_1	280	77.5559509838944
285.714285714286	733.333333333333	78.8864719238203	0	78.8864719238203	DBCA	21_1	210	82.9012823412858
285.714285714286	766.666666666667	83.7663427734569	0	83.7663427734569	DBCA	21_1	0	83.7663427734569
285.714285714286	800	85.6524664120547	0	85.6524664120547	DBCA	21_1	70	91.7465605157042
285.714285714286	833.333333333333	82.6287890362756	0	82.6287890362756	DBCA	21_2	140	90.0611532790803
285.714285714286	866.666666666667	85.8361406686073	0	85.8361406686073	DBCA	21_2	0	85.8361406686073
285.714285714286	900	81.3513371818654	0	81.3513371818654	DBCA	21_2	210	85.3661475993309
285.714285714286	933.333333333333	81.0966679561617	0	81.0966679561617	DBCA	21_2	70	87.1907620598111
285.714285714286	966.666666666667	77.3892773234155	0	77.3892773234155	DBCA	21_2	280	73.2307099510475
300	666.666666666667	81.1631001680986	0	81.1631001680986	DBCA	22_1	0	81.1631001680986
300	700	82.9197520809837	0	82.9197520809837	DBCA	22_1	70	89.0138461846332
300	733.333333333333	78.7246646623917	0	78.7246646623917	DBCA	22_1	140	86.1570289051963
300	766.666666666667	84.3447903334451	0	84.3447903334451	DBCA	22_1	280	80.186222961077
300	800	84.5568115568062	0	84.5568115568062	DBCA	22_1	210	88.5716219742716
300	833.333333333333	82.1055300199062	0	82.1055300199062	DBCA	22_2	70	88.1996241235556
300	866.666666666667	83.7529057027614	0	83.7529057027614	DBCA	22_2	280	79.5943383303933
300	900	80.0903303257435	0	80.0903303257435	DBCA	22_2	140	87.5226945685482
300	933.333333333333	78.8238950678294	0	78.8238950678294	DBCA	22_2	0	78.8238950678294
300	966.666666666667	79.3398479172985	0	79.3398479172985	DBCA	22_2	210	83.3546583347639
314.285714285714	666.666666666667	79.8274337601836	0	79.8274337601836	DBCA	23_1	140	87.2597980029882
314.285714285714	700	82.0502151756258	0	82.0502151756258	DBCA	23_1	210	86.0650255930912
314.285714285714	733.333333333333	83.2687533934228	0	83.2687533934228	DBCA	23_1	280	79.1101860210547
314.285714285714	766.666666666667	82.7217903283883	0	82.7217903283883	DBCA	23_1	0	82.7217903283883
314.285714285714	800	84.8909210995963	0	84.8909210995963	DBCA	23_1	70	90.9850152032458
314.285714285714	833.333333333333	82.5206003298369	0	82.5206003298369	DBCA	23_2	0	82.5206003298369
314.285714285714	866.666666666667	87.3589517897026	0	87.3589517897026	DBCA	23_2	140	94.7913160325072
314.285714285714	900	83.8448697097513	0	83.8448697097513	DBCA	23_2	210	87.8596801272167
314.285714285714	933.333333333333	81.8628992743409	0	81.8628992743409	DBCA	23_2	70	87.9569933779904
314.285714285714	966.666666666667	77.1858366357243	0	77.1858366357243	DBCA	23_2	280	73.0272692633562
328.571428571429	666.666666666667	82.6253683334433	0	82.6253683334433	DBCA	24_1	140	90.0577325762479
328.571428571429	700	81.5464461130656	0	81.5464461130656	DBCA	24_1	280	77.3878787406975
328.571428571429	733.333333333333	82.3437548173127	0	82.3437548173127	DBCA	24_1	0	82.3437548173127
328.571428571429	766.666666666667	80.2940030640261	0	80.2940030640261	DBCA	24_1	70	86.3880971676756
328.571428571429	800	85.5011254910725	0	85.5011254910725	DBCA	24_1	210	89.515935908538
328.571428571429	833.333333333333	84.8389883264835	0	84.8389883264835	DBCA	24_2	70	90.933082430133
328.571428571429	866.666666666667	83.3162517783262	0	83.3162517783262	DBCA	24_2	140	90.7486160211309
328.571428571429	900	83.7960745746446	0	83.7960745746446	DBCA	24_2	280	79.6375072022766
328.571428571429	933.333333333333	79.4753126217917	0	79.4753126217917	DBCA	24_2	210	83.4901230392571
328.571428571429	966.666666666667	80.5807681777363	0	80.5807681777363	DBCA	24_2	0	80.5807681777363
342.857142857143	666.666666666667	80.5980285423363	0	80.5980285423363	DBCA	25_1	280	76.4394611699683
342.857142857143	700	78.677442125991	0	78.677442125991	DBCA	25_1	210	82.6922525434565
342.857142857143	733.333333333333	80.8300549492385	0	80.8300549492385	DBCA	25_1	140	88.2624191920431
342.857142857143	766.666666666667	79.9512935314075	0	79.9512935314075	DBCA	25_1	70	86.045387635057
342.857142857143	800	86.7377180961355	0	86.7377180961355	DBCA	25_1	0	86.7377180961355
342.857142857143	833.333333333333	79.2422039355541	0	79.2422039355541	DBCA	25_2	210	83.2570143530195
342.857142857143	866.666666666667	82.805426161396	0	82.805426161396	DBCA	25_2	70	88.8995202650455
342.857142857143	900	79.708585373106	0	79.708585373106	DBCA	25_2	280	75.550018000738
342.857142857143	933.333333333333	77.1389618571268	0	77.1389618571268	DBCA	25_2	140	84.5713260999315
342.857142857143	966.666666666667	80.6428071415964	0	80.6428071415964	DBCA	25_2	0	80.6428071415964
357.142857142857	666.666666666667	80.6289649538788	0	80.6289649538788	DBCA	26_1	210	84.6437753713443
357.142857142857	700	77.1286154137561	0	77.1286154137561	DBCA	26_1	280	72.9700480413881
357.142857142857	733.333333333333	79.4849248676662	0	79.4849248676662	DBCA	26_1	70	85.5790189713157
357.142857142857	766.666666666667	80.888754094965	0	80.888754094965	DBCA	26_1	140	88.3211183377696
357.142857142857	800	82.5456067296001	0	82.5456067296001	DBCA	26_1	0	82.5456067296001
357.142857142857	833.333333333333	77.1821223417816	0	77.1821223417816	DBCA	26_2	280	73.0235549694135
357.142857142857	866.666666666667	80.7387163199754	0	80.7387163199754	DBCA	26_2	70	86.8328104236249
357.142857142857	900	81.6495144002581	0	81.6495144002581	DBCA	26_2	210	85.6643248177236
357.142857142857	933.333333333333	79.7613295346149	0	79.7613295346149	DBCA	26_2	140	87.1936937774195
357.142857142857	966.666666666667	77.841140143745	0	77.841140143745	DBCA	26_2	0	77.841140143745
371.428571428571	666.666666666667	78.9981261381654	0	78.9981261381654	DBCA	27_1	0	78.9981261381654
371.428571428571	700	76.9729448450747	0	76.9729448450747	DBCA	27_1	210	80.9877552625401
371.428571428571	733.333333333333	79.7573887734049	0	79.7573887734049	DBCA	27_1	140	87.1897530162095
371.428571428571	766.666666666667	81.446547337393	0	81.446547337393	DBCA	27_1	280	77.287979965025
371.428571428571	800	82.4517305135837	0	82.4517305135837	DBCA	27_1	70	88.5458246172332
371.428571428571	833.333333333333	78.0662205886501	0	78.0662205886501	DBCA	27_2	140	85.4985848314547
371.428571428571	866.666666666667	74.3090567744732	0	74.3090567744732	DBCA	27_2	280	70.1504894021052
371.428571428571	900	75.846710026214	0	75.846710026214	DBCA	27_2	0	75.846710026214
371.428571428571	933.333333333333	78.0587012003749	0	78.0587012003749	DBCA	27_2	70	84.1527953040244
371.428571428571	966.666666666667	78.5172366234902	0	78.5172366234902	DBCA	27_2	210	82.5320470409556
385.714285714286	666.666666666667	78.8530861409559	0	78.8530861409559	DBCA	28_1	0	78.8530861409559
385.714285714286	700	76.514207171487	0	76.514207171487	DBCA	28_1	280	72.355639799119
385.714285714286	733.333333333333	84.3434438217388	0	84.3434438217388	DBCA	28_1	70	90.4375379253883
385.714285714286	766.666666666667	81.9405839692399	0	81.9405839692399	DBCA	28_1	140	89.3729482120445
385.714285714286	800	80.2953161216033	0	80.2953161216033	DBCA	28_1	210	84.3101265390688
385.714285714286	833.333333333333	77.2970499617899	0	77.2970499617899	DBCA	28_2	210	81.3118603792554
385.714285714286	866.666666666667	75.1667078799873	0	75.1667078799873	DBCA	28_2	70	81.2608019836368
385.714285714286	900	75.6240447135911	0	75.6240447135911	DBCA	28_2	0	75.6240447135911
385.714285714286	933.333333333333	73.2138869758745	0	73.2138869758745	DBCA	28_2	140	80.6462512186791
385.714285714286	966.666666666667	79.1203323261538	0	79.1203323261538	DBCA	28_2	280	74.9617649537857
400	666.666666666667	78.2157886322535	0	78.2157886322535	DBCA	29_1	140	85.6481528750581
400	700	78.9312999758599	0	78.9312999758599	DBCA	29_1	0	78.9312999758599
400	733.333333333333	83.175981479748	0	83.175981479748	DBCA	29_1	210	87.1907918972135
400	766.666666666667	83.1708080446979	0	83.1708080446979	DBCA	29_1	280	79.0122406723298
400	800	81.5620664692672	0	81.5620664692672	DBCA	29_1	70	87.6561605729167
400	833.333333333333	77.0359829414669	0	77.0359829414669	DBCA	29_2	140	84.4683471842716
400	866.666666666667	76.2915969410279	0	76.2915969410279	DBCA	29_2	70	82.3856910446774
400	900	76.7859856725215	0	76.7859856725215	DBCA	29_2	280	72.6274183001535
400	933.333333333333	76.7475272071361	0	76.7475272071361	DBCA	29_2	0	76.7475272071361
400	966.666666666667	79.2676260184166	0	79.2676260184166	DBCA	29_2	210	83.282436435882
28.5714285714286	666.666666666667	75.872636371147	0	75.872636371147	DBCA	3_1	70	81.9667304747965
28.5714285714286	700	76.2595982802326	0	76.2595982802326	DBCA	3_1	210	80.2744086976981
28.5714285714286	733.333333333333	76.332857400167	0	76.332857400167	DBCA	3_1	140	83.7652216429716
28.5714285714286	766.666666666667	77.5275546075034	0	77.5275546075034	DBCA	3_1	280	73.3689872351354
28.5714285714286	800	80.6819859551482	0	80.6819859551482	DBCA	3_1	0	80.6819859551482
28.5714285714286	833.333333333333	77.3815237464454	0	77.3815237464454	DBCA	3_2	210	81.3963341639109
28.5714285714286	866.666666666667	82.6802451022297	0	82.6802451022297	DBCA	3_2	280	78.5216777298616
28.5714285714286	900	81.8612252343648	0	81.8612252343648	DBCA	3_2	140	89.2935894771694
28.5714285714286	933.333333333333	77.3010228050474	0	77.3010228050474	DBCA	3_2	70	83.3951169086969
28.5714285714286	966.666666666667	80.9127593115227	0	80.9127593115227	DBCA	3_2	0	80.9127593115227
414.285714285714	666.666666666667	75.8775946333792	0	75.8775946333792	DBCA	30_1	70	81.9716887370287
414.285714285714	700	82.6374132601766	0	82.6374132601766	DBCA	30_1	0	82.6374132601766
414.285714285714	733.333333333333	81.4384368565838	0	81.4384368565838	DBCA	30_1	210	85.4532472740492
414.285714285714	766.666666666667	79.7814960897485	0	79.7814960897485	DBCA	30_1	280	75.6229287173805
414.285714285714	800	80.9855672351335	0	80.9855672351335	DBCA	30_1	140	88.4179314779382
414.285714285714	833.333333333333	79.8762587021826	0	79.8762587021826	DBCA	30_2	0	79.8762587021826
414.285714285714	866.666666666667	78.1100546995524	0	78.1100546995524	DBCA	30_2	140	85.542418942357
414.285714285714	900	78.8158680830952	0	78.8158680830952	DBCA	30_2	210	82.8306785005607
414.285714285714	933.333333333333	74.0940099157033	0	74.0940099157033	DBCA	30_2	70	80.1881040193528
414.285714285714	966.666666666667	78.6644193353674	0	78.6644193353674	DBCA	30_2	280	74.5058519629994
428.571428571429	666.666666666667	78.342254437008	0	78.342254437008	DBCA	31_1	70	84.4363485406574
428.571428571429	700	82.6023704477525	0	82.6023704477525	DBCA	31_1	140	90.0347346905571
428.571428571429	733.333333333333	80.3335646268748	0	80.3335646268748	DBCA	31_1	280	76.1749972545068
428.571428571429	766.666666666667	80.0385244671263	0	80.0385244671263	DBCA	31_1	210	84.0533348845918
428.571428571429	800	77.0554457819487	0	77.0554457819487	DBCA	31_1	0	77.0554457819487
428.571428571429	833.333333333333	82.5844222819715	0	82.5844222819715	DBCA	31_2	0	82.5844222819715
428.571428571429	866.666666666667	78.4418570511817	0	78.4418570511817	DBCA	31_2	210	82.4566674686472
428.571428571429	900	77.3714118048712	0	77.3714118048712	DBCA	31_2	280	73.2128444325032
428.571428571429	933.333333333333	75.009400409588	0	75.009400409588	DBCA	31_2	140	82.4417646523927
428.571428571429	966.666666666667	78.2575617969714	0	78.2575617969714	DBCA	31_2	70	84.3516559006209
442.857142857143	666.666666666667	77.8506473596657	0	77.8506473596657	DBCA	32_1	140	85.2830116024704
442.857142857143	700	84.2128087646201	0	84.2128087646201	DBCA	32_1	0	84.2128087646201
442.857142857143	733.333333333333	79.7372208275915	0	79.7372208275915	DBCA	32_1	210	83.752031245057
442.857142857143	766.666666666667	79.8867636542366	0	79.8867636542366	DBCA	32_1	70	85.9808577578861
442.857142857143	800	77.2323902901441	0	77.2323902901441	DBCA	32_1	280	73.0738229177761
442.857142857143	833.333333333333	78.8638364152479	0	78.8638364152479	DBCA	32_2	210	82.8786468327134
442.857142857143	866.666666666667	80.4080745484334	0	80.4080745484334	DBCA	32_2	0	80.4080745484334
442.857142857143	900	80.6626152087996	0	80.6626152087996	DBCA	32_2	280	76.5040478364315
442.857142857143	933.333333333333	74.7016304269166	0	74.7016304269166	DBCA	32_2	70	80.7957245305661
442.857142857143	966.666666666667	79.2664646991195	0	79.2664646991195	DBCA	32_2	140	86.6988289419241
457.142857142857	666.666666666667	79.6062371000929	0	79.6062371000929	DBCA	33_1	210	83.6210475175583
457.142857142857	700	83.9861896741045	0	83.9861896741045	DBCA	33_1	0	83.9861896741045
457.142857142857	733.333333333333	79.8779670724832	0	79.8779670724832	DBCA	33_1	70	85.9720611761327
457.142857142857	766.666666666667	75.497857030554	0	75.497857030554	DBCA	33_1	140	82.9302212733587
457.142857142857	800	74.9798799816591	0	74.9798799816591	DBCA	33_1	280	70.8213126092911
457.142857142857	833.333333333333	81.5832031799618	0	81.5832031799618	DBCA	33_2	280	77.4246358075937
457.142857142857	866.666666666667	78.789881702658	0	78.789881702658	DBCA	33_2	210	82.8046921201234
457.142857142857	900	74.7744563585903	0	74.7744563585903	DBCA	33_2	70	80.8685504622398
457.142857142857	933.333333333333	77.2210788540752	0	77.2210788540752	DBCA	33_2	0	77.2210788540752
457.142857142857	966.666666666667	79.0131769540836	0	79.0131769540836	DBCA	33_2	140	86.4455411968882
471.428571428571	666.666666666667	80.0512164986513	0	80.0512164986513	DBCA	34_1	140	87.4835807414559
471.428571428571	700	77.0812393079825	0	77.0812393079825	DBCA	34_1	280	72.9226719356144
471.428571428571	733.333333333333	79.0413160291288	0	79.0413160291288	DBCA	34_1	0	79.0413160291288
471.428571428571	766.666666666667	77.8220114792844	0	77.8220114792844	DBCA	34_1	70	83.9161055829339
471.428571428571	800	75.9337105390441	0	75.9337105390441	DBCA	34_1	210	79.9485209565095
471.428571428571	833.333333333333	80.9597619613332	0	80.9597619613332	DBCA	34_2	140	88.3921262041378
471.428571428571	866.666666666667	79.5338656368574	0	79.5338656368574	DBCA	34_2	0	79.5338656368574
471.428571428571	900	73.5109001476894	0	73.5109001476894	DBCA	34_2	70	79.6049942513388
471.428571428571	933.333333333333	75.6961487310781	0	75.6961487310781	DBCA	34_2	210	79.7109591485436
471.428571428571	966.666666666667	80.5944013963652	0	80.5944013963652	DBCA	34_2	280	76.4358340239972
485.714285714286	666.666666666667	78.713808759072	0	78.713808759072	DBCA	35_1	140	86.1461730018766
485.714285714286	700	77.5330819582331	0	77.5330819582331	DBCA	35_1	210	81.5478923756986
485.714285714286	733.333333333333	79.8260445257091	0	79.8260445257091	DBCA	35_1	70	85.9201386293585
485.714285714286	766.666666666667	79.9215428396717	0	79.9215428396717	DBCA	35_1	0	79.9215428396717
485.714285714286	800	79.0307102899242	0	79.0307102899242	DBCA	35_1	280	74.8721429175561
485.714285714286	833.333333333333	78.7809282210991	0	78.7809282210991	DBCA	35_2	280	74.622360848731
485.714285714286	866.666666666667	78.2583597171686	0	78.2583597171686	DBCA	35_2	210	82.2731701346341
485.714285714286	900	78.8867270848542	0	78.8867270848542	DBCA	35_2	0	78.8867270848542
485.714285714286	933.333333333333	77.4256597641202	0	77.4256597641202	DBCA	35_2	140	84.8580240069249
485.714285714286	966.666666666667	79.6501642143181	0	79.6501642143181	DBCA	35_2	70	85.7442583179675
500	666.666666666667	82.3341241071925	0	82.3341241071925	DBCA	36_1	70	88.428218210842
500	700	79.3934127665671	0	79.3934127665671	DBCA	36_1	280	75.2348453941991
500	733.333333333333	80.1235534690023	0	80.1235534690023	DBCA	36_1	210	84.1383638864677
500	766.666666666667	76.5824913134777	0	76.5824913134777	DBCA	36_1	140	84.0148555562824
500	800	79.1683542116307	0	79.1683542116307	DBCA	36_1	0	79.1683542116307
500	833.333333333333	78.0441572148474	0	78.0441572148474	DBCA	36_2	0	78.0441572148474
500	866.666666666667	76.1136361284114	0	76.1136361284114	DBCA	36_2	280	71.9550687560434
500	900	75.9268610242199	0	75.9268610242199	DBCA	36_2	70	82.0209551278694
500	933.333333333333	74.4437030930319	0	74.4437030930319	DBCA	36_2	210	78.4585135104974
500	966.666666666667	77.0942287393816	0	77.0942287393816	DBCA	36_2	140	84.5265929821863
514.285714285714	666.666666666667	76.3753450804131	24.6	100.975345080413	DBCA	37_1	0	100.975345080413
514.285714285714	700	79.2711941125358	24.6	103.871194112536	DBCA	37_1	280	123.131826740168
514.285714285714	733.333333333333	79.019414941531	24.6	103.619414941531	DBCA	37_1	140	122.761379184336
514.285714285714	766.666666666667	76.9839730805851	24.6	101.583973080585	DBCA	37_1	210	123.163183498051
514.285714285714	800	80.1107837677558	24.6	104.710783767756	DBCA	37_1	70	116.659677871405
514.285714285714	833.333333333333	82.1689709926448	24.6	106.768970992645	DBCA	37_2	140	125.910935235449
514.285714285714	866.666666666667	76.8639409658731	24.6	101.463940965873	DBCA	37_2	210	123.043151383339
514.285714285714	900	77.0870140337195	24.6	101.687014033719	DBCA	37_2	0	101.687014033719
514.285714285714	933.333333333333	71.8577369707736	24.6	96.4577369707736	DBCA	37_2	280	115.718369598406
514.285714285714	966.666666666667	73.4887700599239	24.6	98.0887700599239	DBCA	37_2	70	110.037664163573
528.571428571429	666.666666666667	81.0264115979704	24.6	105.62641159797	DBCA	38_1	0	105.62641159797
528.571428571429	700	78.8561862523501	24.6	103.45618625235	DBCA	38_1	210	125.035396669816
528.571428571429	733.333333333333	81.0717302089716	24.6	105.671730208972	DBCA	38_1	280	124.932362836604
528.571428571429	766.666666666667	80.4832263734788	24.6	105.083226373479	DBCA	38_1	70	117.032120477128
528.571428571429	800	81.8191364170743	24.6	106.419136417074	DBCA	38_1	140	125.561100659879
528.571428571429	833.333333333333	82.1892929859032	24.6	106.789292985903	DBCA	38_2	0	106.789292985903
528.571428571429	866.666666666667	78.831771990725	24.6	103.431771990725	DBCA	38_2	70	115.380666094375
528.571428571429	900	76.440013256838	24.6	101.040013256838	DBCA	38_2	140	120.181977499643
528.571428571429	933.333333333333	73.3819024092131	24.6	97.9819024092131	DBCA	38_2	280	117.242535036845
528.571428571429	966.666666666667	71.7573920095853	24.6	96.3573920095853	DBCA	38_2	210	117.936602427051
542.857142857143	666.666666666667	80.8457491348997	24.6	105.4457491349	DBCA	39_1	210	127.024959552365
542.857142857143	700	80.5746870644601	24.6	105.17468706446	DBCA	39_1	0	105.17468706446
542.857142857143	733.333333333333	81.4265367674955	24.6	106.026536767496	DBCA	39_1	70	117.975430871145
542.857142857143	766.666666666667	82.8579001744467	24.6	107.457900174447	DBCA	39_1	140	126.599864417251
542.857142857143	800	82.3547968561312	24.6	106.954796856131	DBCA	39_1	280	126.215429483763
542.857142857143	833.333333333333	82.1849267320019	24.6	106.784926732002	DBCA	39_2	70	118.733820835651
542.857142857143	866.666666666667	78.7803079977554	24.6	103.380307997755	DBCA	39_2	140	122.52227224056
542.857142857143	900	77.4076683336677	24.6	102.007668333668	DBCA	39_2	210	123.586878751133
542.857142857143	933.333333333333	77.1517330898823	24.6	101.751733089882	DBCA	39_2	0	101.751733089882
542.857142857143	966.666666666667	75.8978241349036	24.6	100.497824134904	DBCA	39_2	280	119.758456762536
42.8571428571429	666.666666666667	75.5265751698747	0	75.5265751698747	DBCA	4_1	70	81.6206692735242
42.8571428571429	700	77.0542433179291	0	77.0542433179291	DBCA	4_1	0	77.0542433179291
42.8571428571429	733.333333333333	79.3531422733116	0	79.3531422733116	DBCA	4_1	140	86.7855065161162
42.8571428571429	766.666666666667	80.9476634079566	0	80.9476634079566	DBCA	4_1	210	84.9624738254221
42.8571428571429	800	80.567782497455	0	80.567782497455	DBCA	4_1	280	76.409215125087
42.8571428571429	833.333333333333	81.3703192966644	0	81.3703192966644	DBCA	4_2	140	88.8026835394691
42.8571428571429	866.666666666667	86.7349088070877	0	86.7349088070877	DBCA	4_2	70	92.8290029107372
42.8571428571429	900	82.0178408169745	0	82.0178408169745	DBCA	4_2	280	77.8592734446065
42.8571428571429	933.333333333333	81.3033093523191	0	81.3033093523191	DBCA	4_2	210	85.3181197697846
42.8571428571429	966.666666666667	83.9162880863918	0	83.9162880863918	DBCA	4_2	0	83.9162880863918
557.142857142857	666.666666666667	78.3190384620017	24.6	102.919038462002	DBCA	40_1	280	122.179671089634
557.142857142857	700	81.7359960685511	24.6	106.335996068551	DBCA	40_1	210	127.915206486017
557.142857142857	733.333333333333	80.4969442897639	24.6	105.096944289764	DBCA	40_1	70	117.045838393413
557.142857142857	766.666666666667	79.8553759952471	24.6	104.455375995247	DBCA	40_1	140	123.597340238052
557.142857142857	800	83.426826831613	24.6	108.026826831613	DBCA	40_1	0	108.026826831613
557.142857142857	833.333333333333	81.5649716602151	24.6	106.164971660215	DBCA	40_2	0	106.164971660215
557.142857142857	866.666666666667	79.5917501210565	24.6	104.191750121057	DBCA	40_2	70	116.140644224706
557.142857142857	900	76.3849204998297	24.6	100.98492049983	DBCA	40_2	210	122.564130917295
557.142857142857	933.333333333333	77.9112679430311	24.6	102.511267943031	DBCA	40_2	280	121.771900570663
557.142857142857	966.666666666667	74.6343419897496	24.6	99.2343419897496	DBCA	40_2	140	118.376306232554
571.428571428571	666.666666666667	81.4194406977821	24.6	106.019440697782	DBCA	41_1	280	125.280073325414
571.428571428571	700	82.194939086628	24.6	106.794939086628	DBCA	41_1	0	106.794939086628
571.428571428571	733.333333333333	81.0467995356827	24.6	105.646799535683	DBCA	41_1	210	127.226009953148
571.428571428571	766.666666666667	84.6655490202647	24.6	109.265549020265	DBCA	41_1	140	128.407513263069
571.428571428571	800	83.155109776271	24.6	107.755109776271	DBCA	41_1	70	119.704003879921
571.428571428571	833.333333333333	81.3645779617335	24.6	105.964577961733	DBCA	41_2	140	125.106542204538
571.428571428571	866.666666666667	79.4517125833993	24.6	104.051712583399	DBCA	41_2	280	123.312345211031
571.428571428571	900	79.2268266104316	24.6	103.826826610432	DBCA	41_2	70	115.775720714081
571.428571428571	933.333333333333	78.1791623706059	24.6	102.779162370606	DBCA	41_2	210	124.358372788071
571.428571428571	966.666666666667	80.6175181626778	24.6	105.217518162678	DBCA	41_2	0	105.217518162678
585.714285714286	666.666666666667	77.7940789165266	24.6	102.394078916527	DBCA	42_1	70	114.342973020176
585.714285714286	700	81.5964835579193	24.6	106.196483557919	DBCA	42_1	0	106.196483557919
585.714285714286	733.333333333333	84.0262444663842	24.6	108.626244466384	DBCA	42_1	280	127.886877094016
585.714285714286	766.666666666667	83.7408014704785	24.6	108.340801470479	DBCA	42_1	210	129.920011887944
585.714285714286	800	83.8365477613526	24.6	108.436547761353	DBCA	42_1	140	127.578512004157
585.714285714286	833.333333333333	83.2368248625817	24.6	107.836824862582	DBCA	42_2	280	127.097457490214
585.714285714286	866.666666666667	78.5512787402733	24.6	103.151278740273	DBCA	42_2	210	124.730489157739
585.714285714286	900	73.9978281187243	24.6	98.5978281187243	DBCA	42_2	140	117.739792361529
585.714285714286	933.333333333333	77.8591983261003	24.6	102.4591983261	DBCA	42_2	0	102.4591983261
585.714285714286	966.666666666667	80.0917011888626	24.6	104.691701188863	DBCA	42_2	70	116.640595292512
600	666.666666666667	77.3211736954578	24.6	101.921173695458	DBCA	43_1	280	121.18180632309
600	700	82.4381648463848	24.6	107.038164846385	DBCA	43_1	210	128.61737526385
600	733.333333333333	84.3306255821862	24.6	108.930625582186	DBCA	43_1	140	128.072589824991
600	766.666666666667	83.4077127572973	24.6	108.007712757297	DBCA	43_1	0	108.007712757297
600	800	83.7208330993747	24.6	108.320833099375	DBCA	43_1	70	120.269727203024
600	833.333333333333	83.5446608166827	24.6	108.144660816683	DBCA	43_2	0	108.144660816683
600	866.666666666667	80.0618922854508	24.6	104.661892285451	DBCA	43_2	140	123.803856528255
600	900	74.6356970686554	24.6	99.2356970686554	DBCA	43_2	210	120.814907486121
600	933.333333333333	77.9432462356625	24.6	102.543246235663	DBCA	43_2	70	114.492140339312
600	966.666666666667	80.6288414501832	24.6	105.228841450183	DBCA	43_2	280	124.489474077815
614.285714285714	666.666666666667	77.2010966320623	24.6	101.801096632062	DBCA	44_1	140	120.943060874867
614.285714285714	700	81.2333318109127	24.6	105.833331810913	DBCA	44_1	210	127.412542228378
614.285714285714	733.333333333333	83.4636702514082	24.6	108.063670251408	DBCA	44_1	280	127.32430287904
614.285714285714	766.666666666667	79.449915666259	24.6	104.049915666259	DBCA	44_1	70	115.998809769908
614.285714285714	800	86.9256191946501	24.6	111.52561919465	DBCA	44_1	0	111.52561919465
614.285714285714	833.333333333333	84.6557652294017	24.6	109.255765229402	DBCA	44_2	70	121.204659333051
614.285714285714	866.666666666667	81.4511736171229	24.6	106.051173617123	DBCA	44_2	140	125.193137859928
614.285714285714	900	79.6479035953077	24.6	104.247903595308	DBCA	44_2	280	123.50853622294
614.285714285714	933.333333333333	78.8733933244235	24.6	103.473393324423	DBCA	44_2	210	125.052603741889
614.285714285714	966.666666666667	80.1157172696426	24.6	104.715717269643	DBCA	44_2	0	104.715717269643
628.571428571429	666.666666666667	78.8421771213151	24.6	103.442177121315	DBCA	45_1	210	125.021387538781
628.571428571429	700	82.8712795648113	24.6	107.471279564811	DBCA	45_1	280	126.731912192443
628.571428571429	733.333333333333	83.8131893363785	24.6	108.413189336378	DBCA	45_1	140	127.555153579183
628.571428571429	766.666666666667	83.809584920167	24.6	108.409584920167	DBCA	45_1	70	120.358479023816
628.571428571429	800	87.4001981104832	24.6	112.000198110483	DBCA	45_1	0	112.000198110483
628.571428571429	833.333333333333	86.6621713207349	24.6	111.262171320735	DBCA	45_2	0	111.262171320735
628.571428571429	866.666666666667	79.148764767773	24.6	103.748764767773	DBCA	45_2	140	122.890729010578
628.571428571429	900	77.7965945060728	24.6	102.396594506073	DBCA	45_2	210	123.975804923538
628.571428571429	933.333333333333	80.8768463840989	24.6	105.476846384099	DBCA	45_2	280	124.737479011731
628.571428571429	966.666666666667	79.9720825892699	24.6	104.57208258927	DBCA	45_2	70	116.520976692919
642.857142857143	666.666666666667	80.3570611037589	24.6	104.957061103759	DBCA	46_1	280	124.217693731391
642.857142857143	700	77.1168656712332	24.6	101.716865671233	DBCA	46_1	70	113.665759774883
642.857142857143	733.333333333333	77.4800255658941	24.6	102.080025565894	DBCA	46_1	140	121.221989808699
642.857142857143	766.666666666667	81.5781667107658	24.6	106.178166710766	DBCA	46_1	210	127.757377128231
642.857142857143	800	85.2959823818755	24.6	109.895982381875	DBCA	46_1	0	109.895982381875
642.857142857143	833.333333333333	86.2931099941161	24.6	110.893109994116	DBCA	46_2	70	122.842004097766
642.857142857143	866.666666666667	83.5042822045275	24.6	108.104282204528	DBCA	46_2	210	129.683492621993
642.857142857143	900	81.9218299484021	24.6	106.521829948402	DBCA	46_2	280	125.782462576034
642.857142857143	933.333333333333	78.1181963688201	24.6	102.71819636882	DBCA	46_2	140	121.860160611625
642.857142857143	966.666666666667	79.2359672343206	24.6	103.835967234321	DBCA	46_2	0	103.835967234321
657.142857142857	666.666666666667	76.9189196807655	24.6	101.518919680766	DBCA	47_1	0	101.518919680766
657.142857142857	700	76.9395738071704	24.6	101.53957380717	DBCA	47_1	210	123.118784224636
657.142857142857	733.333333333333	81.2374854235163	24.6	105.837485423516	DBCA	47_1	280	125.098118051148
657.142857142857	766.666666666667	87.1228773556653	24.6	111.722877355665	DBCA	47_1	70	123.671771459315
657.142857142857	800	84.9306527216929	24.6	109.530652721693	DBCA	47_1	140	128.672616964497
657.142857142857	833.333333333333	82.4370777173955	24.6	107.037077717396	DBCA	47_2	210	128.616288134861
657.142857142857	866.666666666667	83.3704422731274	24.6	107.970442273127	DBCA	47_2	140	127.112406515932
657.142857142857	900	79.2633501100134	24.6	103.863350110013	DBCA	47_2	70	115.812244213663
657.142857142857	933.333333333333	75.7963694800308	24.6	100.396369480031	DBCA	47_2	0	100.396369480031
657.142857142857	966.666666666667	78.4133613884823	24.6	103.013361388482	DBCA	47_2	280	122.273994016114
671.428571428571	666.666666666667	75.3375215864994	24.6	99.9375215864994	DBCA	48_1	210	121.516732003965
671.428571428571	700	80.533645188181	24.6	105.133645188181	DBCA	48_1	0	105.133645188181
671.428571428571	733.333333333333	85.2937991988348	24.6	109.893799198835	DBCA	48_1	140	129.035763441639
671.428571428571	766.666666666667	85.1683608025238	24.6	109.768360802524	DBCA	48_1	70	121.717254906173
671.428571428571	800	83.641048712932	24.6	108.241048712932	DBCA	48_1	280	127.501681340564
671.428571428571	833.333333333333	78.0891906883272	24.6	102.689190688327	DBCA	48_2	0	102.689190688327
671.428571428571	866.666666666667	84.1114289811858	24.6	108.711428981186	DBCA	48_2	210	130.290639398651
671.428571428571	900	79.2077405874629	24.6	103.807740587463	DBCA	48_2	280	123.068373215095
671.428571428571	933.333333333333	78.6931727803316	24.6	103.293172780332	DBCA	48_2	70	115.242066883981
671.428571428571	966.666666666667	74.4757346150946	24.6	99.0757346150946	DBCA	48_2	140	118.217698857899
685.714285714286	666.666666666667	77.7011635842216	24.6	102.301163584222	DBCA	49_1	140	121.443127827026
685.714285714286	700	81.3584792644106	24.6	105.958479264411	DBCA	49_1	210	127.537689681876
685.714285714286	733.333333333333	84.7661075235988	24.6	109.366107523599	DBCA	49_1	280	128.626740151231
685.714285714286	766.666666666667	87.0301280835394	24.6	111.630128083539	DBCA	49_1	0	111.630128083539
685.714285714286	800	81.6459771745356	24.6	106.245977174536	DBCA	49_1	70	118.194871278185
685.714285714286	833.333333333333	79.6367160219285	24.6	104.236716021928	DBCA	49_2	0	104.236716021928
685.714285714286	866.666666666667	81.1493251337919	24.6	105.749325133792	DBCA	49_2	70	117.698219237441
685.714285714286	900	77.2654049717917	24.6	101.865404971792	DBCA	49_2	280	121.126037599424
685.714285714286	933.333333333333	80.2252982920605	24.6	104.825298292061	DBCA	49_2	210	126.404508709526
685.714285714286	966.666666666667	78.2102172631239	24.6	102.810217263124	DBCA	49_2	140	121.952181505929
57.1428571428571	666.666666666667	77.3134580491438	0	77.3134580491438	DBCA	5_1	280	73.1548906767758
57.1428571428571	700	76.9543977930591	0	76.9543977930591	DBCA	5_1	140	84.3867620358637
57.1428571428571	733.333333333333	82.0085130649593	0	82.0085130649593	DBCA	5_1	0	82.0085130649593
57.1428571428571	766.666666666667	81.5138819954637	0	81.5138819954637	DBCA	5_1	210	85.5286924129292
57.1428571428571	800	81.4276905759756	0	81.4276905759756	DBCA	5_1	70	87.521784679625
57.1428571428571	833.333333333333	83.2780096724993	0	83.2780096724993	DBCA	5_2	140	90.710373915304
57.1428571428571	866.666666666667	81.6045416941853	0	81.6045416941853	DBCA	5_2	0	81.6045416941853
57.1428571428571	900	79.7527600462135	0	79.7527600462135	DBCA	5_2	210	83.767570463679
57.1428571428571	933.333333333333	79.683781040852	0	79.683781040852	DBCA	5_2	280	75.5252136684839
57.1428571428571	966.666666666667	81.2708507383118	0	81.2708507383118	DBCA	5_2	70	87.3649448419613
700	666.666666666667	77.9412608494263	24.6	102.541260849426	DBCA	50_1	140	121.683225092231
700	700	80.9484811464786	24.6	105.548481146479	DBCA	50_1	280	124.809113774111
700	733.333333333333	85.0671474148103	24.6	109.66714741481	DBCA	50_1	70	121.61604151846
700	766.666666666667	86.2648229623772	24.6	110.864822962377	DBCA	50_1	210	132.444033379843
700	800	83.5497770488281	24.6	108.149777048828	DBCA	50_1	0	108.149777048828
700	833.333333333333	83.3912301687874	24.6	107.991230168787	DBCA	50_2	70	119.940124272437
700	866.666666666667	82.5588101902811	24.6	107.158810190281	DBCA	50_2	140	126.300774433086
700	900	80.5460396368802	24.6	105.14603963688	DBCA	50_2	0	105.14603963688
700	933.333333333333	76.6024237800765	24.6	101.202423780076	DBCA	50_2	280	120.463056407708
700	966.666666666667	77.8290435900669	24.6	102.429043590067	DBCA	50_2	210	124.008254007532
714.285714285714	666.666666666667	77.036173905441	24.6	101.636173905441	DBCA	51_1	0	101.636173905441
714.285714285714	700	78.4062281019624	24.6	103.006228101962	DBCA	51_1	210	124.585438519428
714.285714285714	733.333333333333	85.375218279073	24.6	109.975218279073	DBCA	51_1	280	129.235850906705
714.285714285714	766.666666666667	84.9306997437705	24.6	109.53069974377	DBCA	51_1	70	121.47959384742
714.285714285714	800	82.8726759585703	24.6	107.47267595857	DBCA	51_1	140	126.614640201375
714.285714285714	833.333333333333	81.5081992225361	24.6	106.108199222536	DBCA	51_2	70	118.057093326186
714.285714285714	866.666666666667	81.6992658033292	24.6	106.299265803329	DBCA	51_2	280	125.559898430961
714.285714285714	900	76.302939672243	24.6	100.902939672243	DBCA	51_2	0	100.902939672243
714.285714285714	933.333333333333	79.7397126423544	24.6	104.339712642354	DBCA	51_2	140	123.481676885159
714.285714285714	966.666666666667	78.1429933731013	24.6	102.742993373101	DBCA	51_2	210	124.322203790567
728.571428571429	666.666666666667	77.2402655669537	24.6	101.840265566954	DBCA	52_1	70	113.789159670603
728.571428571429	700	76.332110559284	24.6	100.932110559284	DBCA	52_1	280	120.192743186916
728.571428571429	733.333333333333	81.5212523790084	24.6	106.121252379008	DBCA	52_1	210	127.700462796474
728.571428571429	766.666666666667	85.8549419902869	24.6	110.454941990287	DBCA	52_1	0	110.454941990287
728.571428571429	800	87.0067045184408	24.6	111.606704518441	DBCA	52_1	140	130.748668761245
728.571428571429	833.333333333333	84.659994920267	24.6	109.259994920267	DBCA	52_2	140	128.401959163072
728.571428571429	866.666666666667	81.059521986926	24.6	105.659521986926	DBCA	52_2	70	117.608416090576
728.571428571429	900	79.3186631672594	24.6	103.918663167259	DBCA	52_2	280	123.179295794891
728.571428571429	933.333333333333	82.2052323065603	24.6	106.80523230656	DBCA	52_2	0	106.80523230656
728.571428571429	966.666666666667	79.8174731416194	24.6	104.417473141619	DBCA	52_2	210	125.996683559085
742.857142857143	666.666666666667	78.6743163113525	24.6	103.274316311352	DBCA	53_1	210	124.853526728818
742.857142857143	700	79.7122510370362	24.6	104.312251037036	DBCA	53_1	70	116.261145140686
742.857142857143	733.333333333333	83.3998873654211	24.6	107.999887365421	DBCA	53_1	140	127.141851608226
742.857142857143	766.666666666667	83.7987144553833	24.6	108.398714455383	DBCA	53_1	280	127.659347083015
742.857142857143	800	86.1083487267277	24.6	110.708348726728	DBCA	53_1	0	110.708348726728
742.857142857143	833.333333333333	85.3426939758128	24.6	109.942693975813	DBCA	53_2	70	121.891588079462
742.857142857143	866.666666666667	81.4232380163907	24.6	106.023238016391	DBCA	53_2	210	127.602448433856
742.857142857143	900	80.6414632773183	24.6	105.241463277318	DBCA	53_2	280	124.50209590495
742.857142857143	933.333333333333	79.5865890613896	24.6	104.18658906139	DBCA	53_2	0	104.18658906139
742.857142857143	966.666666666667	79.9662769681	24.6	104.5662769681	DBCA	53_2	140	123.708241210905
757.142857142857	666.666666666667	74.5629530275878	24.6	99.1629530275878	DBCA	54_1	140	118.304917270392
757.142857142857	700	77.2464327341831	24.6	101.846432734183	DBCA	54_1	70	113.795326837833
757.142857142857	733.333333333333	83.3324310422582	24.6	107.932431042258	DBCA	54_1	210	129.511641459724
757.142857142857	766.666666666667	84.0407311697434	24.6	108.640731169743	DBCA	54_1	280	127.901363797375
757.142857142857	800	86.2269118273271	24.6	110.826911827327	DBCA	54_1	0	110.826911827327
757.142857142857	833.333333333333	84.090522281982	24.6	108.690522281982	DBCA	54_2	210	130.269732699448
757.142857142857	866.666666666667	79.6002972280428	24.6	104.200297228043	DBCA	54_2	280	123.460929855675
757.142857142857	900	79.0342232798773	24.6	103.634223279877	DBCA	54_2	0	103.634223279877
757.142857142857	933.333333333333	77.0052615117798	24.6	101.60526151178	DBCA	54_2	140	120.747225754584
757.142857142857	966.666666666667	80.2750778350323	24.6	104.875077835032	DBCA	54_2	70	116.823971938682
771.428571428571	666.666666666667	73.8399086149934	24.6	98.4399086149934	DBCA	55_1	70	110.388802718643
771.428571428571	700	79.2529787235691	24.6	103.852978723569	DBCA	55_1	210	125.432189141035
771.428571428571	733.333333333333	84.3191698976916	24.6	108.919169897692	DBCA	55_1	0	108.919169897692
771.428571428571	766.666666666667	84.6620437101166	24.6	109.262043710117	DBCA	55_1	140	128.404007952921
771.428571428571	800	84.2666016735331	24.6	108.866601673533	DBCA	55_1	280	128.127234301165
771.428571428571	833.333333333333	80.9571177332501	24.6	105.55711773325	DBCA	55_2	280	124.817750360882
771.428571428571	866.666666666667	83.0124097511123	24.6	107.612409751112	DBCA	55_2	70	119.561303854762
771.428571428571	900	80.0112505112274	24.6	104.611250511227	DBCA	55_2	140	123.753214754032
771.428571428571	933.333333333333	82.7690447911554	24.6	107.369044791155	DBCA	55_2	210	128.948255208621
771.428571428571	966.666666666667	80.7129036162078	24.6	105.312903616208	DBCA	55_2	0	105.312903616208
785.714285714286	666.666666666667	77.1213047407005	24.6	101.7213047407	DBCA	56_1	140	120.863268983505
785.714285714286	700	79.1407843597223	24.6	103.740784359722	DBCA	56_1	210	125.319994777188
785.714285714286	733.333333333333	86.0522929682734	24.6	110.652292968273	DBCA	56_1	280	129.912925595905
785.714285714286	766.666666666667	81.8002836476077	24.6	106.400283647608	DBCA	56_1	0	106.400283647608
785.714285714286	800	81.2770334088819	24.6	105.877033408882	DBCA	56_1	70	117.825927512531
785.714285714286	833.333333333333	85.5175463917689	24.6	110.117546391769	DBCA	56_2	0	110.117546391769
785.714285714286	866.666666666667	81.8621698519355	24.6	106.462169851935	DBCA	56_2	140	125.60413409474
785.714285714286	900	81.0951842931005	24.6	105.6951842931	DBCA	56_2	70	117.64407839675
785.714285714286	933.333333333333	83.008773733859	24.6	107.608773733859	DBCA	56_2	210	129.187984151324
785.714285714286	966.666666666667	81.8879560258754	24.6	106.487956025875	DBCA	56_2	280	125.748588653507
800	666.666666666667	78.2178349420855	24.6	102.817834942085	DBCA	57_1	280	122.078467569717
800	700	79.4811949327708	24.6	104.081194932771	DBCA	57_1	0	104.081194932771
800	733.333333333333	80.8097308825486	24.6	105.409730882549	DBCA	57_1	210	126.988941300014
800	766.666666666667	83.9188563627487	24.6	108.518856362749	DBCA	57_1	140	127.660820605553
800	800	79.3824484538926	24.6	103.982448453893	DBCA	57_1	70	115.931342557542
800	833.333333333333	81.2687350241132	24.6	105.868735024113	DBCA	57_2	0	105.868735024113
800	866.666666666667	82.5979987711944	24.6	107.197998771194	DBCA	57_2	70	119.146892874844
800	900	84.7947617591628	24.6	109.394761759163	DBCA	57_2	280	128.655394386795
800	933.333333333333	83.2059512642534	24.6	107.805951264253	DBCA	57_2	140	126.947915507058
800	966.666666666667	84.3107214763742	24.6	108.910721476374	DBCA	57_2	210	130.48993189384
814.285714285714	666.666666666667	76.1928986590827	24.6	100.792898659083	DBCA	58_1	140	119.934862901887
814.285714285714	700	79.2635960812632	24.6	103.863596081263	DBCA	58_1	210	125.442806498729
814.285714285714	733.333333333333	81.9252653463454	24.6	106.525265346345	DBCA	58_1	70	118.474159449995
814.285714285714	766.666666666667	82.324566703553	24.6	106.924566703553	DBCA	58_1	280	126.185199331185
814.285714285714	800	80.4638951163766	24.6	105.063895116377	DBCA	58_1	0	105.063895116377
814.285714285714	833.333333333333	80.1083402884142	24.6	104.708340288414	DBCA	58_2	70	116.657234392064
814.285714285714	866.666666666667	83.5260697763406	24.6	108.126069776341	DBCA	58_2	210	129.705280193806
814.285714285714	900	84.8469359234304	24.6	109.44693592343	DBCA	58_2	280	128.707568551062
814.285714285714	933.333333333333	83.8539655278778	24.6	108.453965527878	DBCA	58_2	0	108.453965527878
814.285714285714	966.666666666667	79.5229510443081	24.6	104.122951044308	DBCA	58_2	140	123.264915287113
828.571428571429	666.666666666667	79.0274893195155	24.6	103.627489319515	DBCA	59_1	210	125.206699736981
828.571428571429	700	79.7502675300488	24.6	104.350267530049	DBCA	59_1	0	104.350267530049
828.571428571429	733.333333333333	79.6386827673471	24.6	104.238682767347	DBCA	59_1	140	123.380647010152
828.571428571429	766.666666666667	77.7012785824272	24.6	102.301278582427	DBCA	59_1	70	114.250172686077
828.571428571429	800	81.1211927186538	24.6	105.721192718654	DBCA	59_1	280	124.981825346286
828.571428571429	833.333333333333	83.6338823776297	24.6	108.23388237763	DBCA	59_2	280	127.494515005262
828.571428571429	866.666666666667	82.2442826072721	24.6	106.844282607272	DBCA	59_2	140	125.986246850077
828.571428571429	900	83.7050467616805	24.6	108.30504676168	DBCA	59_2	210	129.884257179146
828.571428571429	933.333333333333	87.5054261130547	24.6	112.105426113055	DBCA	59_2	70	124.054320216704
828.571428571429	966.666666666667	83.6938605697741	24.6	108.293860569774	DBCA	59_2	0	108.293860569774
71.4285714285714	666.666666666667	82.0859424342739	0	82.0859424342739	DBCA	6_1	280	77.9273750619059
71.4285714285714	700	78.2618455394817	0	78.2618455394817	DBCA	6_1	0	78.2618455394817
71.4285714285714	733.333333333333	78.4664052476312	0	78.4664052476312	DBCA	6_1	70	84.5604993512807
71.4285714285714	766.666666666667	77.1765613019691	0	77.1765613019691	DBCA	6_1	210	81.1913717194346
71.4285714285714	800	77.4707646134483	0	77.4707646134483	DBCA	6_1	140	84.9031288562529
71.4285714285714	833.333333333333	82.6667919518321	0	82.6667919518321	DBCA	6_2	280	78.508224579464
71.4285714285714	866.666666666667	82.1609348056705	0	82.1609348056705	DBCA	6_2	0	82.1609348056705
71.4285714285714	900	79.0882885047475	0	79.0882885047475	DBCA	6_2	140	86.5206527475521
71.4285714285714	933.333333333333	80.2839302921369	0	80.2839302921369	DBCA	6_2	70	86.3780243957864
71.4285714285714	966.666666666667	81.9748561420055	0	81.9748561420055	DBCA	6_2	210	85.989666559471
842.857142857143	666.666666666667	79.7771351035833	24.6	104.377135103583	DBCA	60_1	0	104.377135103583
842.857142857143	700	81.5981055599638	24.6	106.198105559964	DBCA	60_1	70	118.146999663613
842.857142857143	733.333333333333	76.8863853434294	24.6	101.486385343429	DBCA	60_1	280	120.747017971061
842.857142857143	766.666666666667	75.6462668728381	24.6	100.246266872838	DBCA	60_1	140	119.388231115643
842.857142857143	800	79.6801536618624	24.6	104.280153661862	DBCA	60_1	210	125.859364079328
842.857142857143	833.333333333333	81.3677725909736	24.6	105.967772590974	DBCA	60_2	140	125.109736833778
842.857142857143	866.666666666667	84.8615800689934	24.6	109.461580068993	DBCA	60_2	280	128.722212696625
842.857142857143	900	86.8403658844053	24.6	111.440365884405	DBCA	60_2	0	111.440365884405
842.857142857143	933.333333333333	84.2204018896525	24.6	108.820401889653	DBCA	60_2	210	130.399612307118
842.857142857143	966.666666666667	84.0978644047946	24.6	108.697864404795	DBCA	60_2	70	120.646758508444
857.142857142857	666.666666666667	80.5285231524544	24.6	105.128523152454	DBCA	61_1	140	124.270487395259
857.142857142857	700	84.6832945581696	24.6	109.28329455817	DBCA	61_1	280	128.543927185802
857.142857142857	733.333333333333	76.052859493256	24.6	100.652859493256	DBCA	61_1	210	122.232069910721
857.142857142857	766.666666666667	75.2361368023589	24.6	99.8361368023589	DBCA	61_1	0	99.8361368023589
857.142857142857	800	76.0157584656179	24.6	100.615758465618	DBCA	61_1	70	112.564652569267
857.142857142857	833.333333333333	76.2254814468506	24.6	100.825481446851	DBCA	61_2	70	112.7743755505
857.142857142857	866.666666666667	79.5538930598648	24.6	104.153893059865	DBCA	61_2	280	123.414525687497
857.142857142857	900	86.1865251675112	24.6	110.786525167511	DBCA	61_2	210	132.365735584977
857.142857142857	933.333333333333	80.9476004998629	24.6	105.547600499863	DBCA	61_2	140	124.689564742668
857.142857142857	966.666666666667	79.5063490566339	24.6	104.106349056634	DBCA	61_2	0	104.106349056634
871.428571428571	666.666666666667	83.3649932007359	24.6	107.964993200736	DBCA	62_1	0	107.964993200736
871.428571428571	700	82.7770014753648	24.6	107.377001475365	DBCA	62_1	70	119.325895579014
871.428571428571	733.333333333333	75.8144931862897	24.6	100.41449318629	DBCA	62_1	210	121.993703603755
871.428571428571	766.666666666667	77.9958595638181	24.6	102.595859563818	DBCA	62_1	140	121.737823806623
871.428571428571	800	71.9055718461097	24.6	96.5055718461097	DBCA	62_1	280	115.766204473742
871.428571428571	833.333333333333	77.3669757624508	24.6	101.966975762451	DBCA	62_2	70	113.9158698661
871.428571428571	866.666666666667	79.6432466034238	24.6	104.243246603424	DBCA	62_2	140	123.385210846228
871.428571428571	900	85.8383351099711	24.6	110.438335109971	DBCA	62_2	280	129.698967737603
871.428571428571	933.333333333333	83.9001919426523	24.6	108.500191942652	DBCA	62_2	0	108.500191942652
871.428571428571	966.666666666667	79.4350294303147	24.6	104.035029430315	DBCA	62_2	210	125.61423984778
885.714285714286	666.666666666667	79.2626688202757	24.6	103.862668820276	DBCA	63_1	70	115.811562923925
885.714285714286	700	81.4618992995422	24.6	106.061899299542	DBCA	63_1	280	125.322531927174
885.714285714286	733.333333333333	78.0051028717602	24.6	102.60510287176	DBCA	63_1	0	102.60510287176
885.714285714286	766.666666666667	78.5395238602921	24.6	103.139523860292	DBCA	63_1	140	122.281488103097
885.714285714286	800	72.6104314128775	24.6	97.2104314128775	DBCA	63_1	210	118.789641830343
885.714285714286	833.333333333333	82.1638035737238	24.6	106.763803573724	DBCA	63_2	140	125.905767816528
885.714285714286	866.666666666667	78.7028075288144	24.6	103.302807528814	DBCA	63_2	0	103.302807528814
885.714285714286	900	84.6770782751592	24.6	109.277078275159	DBCA	63_2	280	128.537710902791
885.714285714286	933.333333333333	81.7512296831028	24.6	106.351229683103	DBCA	63_2	70	118.300123786752
885.714285714286	966.666666666667	82.0623901813929	24.6	106.662390181393	DBCA	63_2	210	128.241600598858
900	666.666666666667	81.2428820984341	24.6	105.842882098434	DBCA	64_1	210	127.4220925159
900	700	82.5263998657853	24.6	107.126399865785	DBCA	64_1	70	119.075293969435
900	733.333333333333	77.5704223731456	24.6	102.170422373146	DBCA	64_1	280	121.431055000778
900	766.666666666667	78.2725606672702	24.6	102.87256066727	DBCA	64_1	140	122.014524910075
900	800	77.1993305551113	24.6	101.799330555111	DBCA	64_1	0	101.799330555111
900	833.333333333333	72.8865705833618	24.6	97.4865705833618	DBCA	64_2	0	97.4865705833618
900	866.666666666667	76.5703896346206	24.6	101.170389634621	DBCA	64_2	70	113.11928373827
900	900	85.132582754771	24.6	109.732582754771	DBCA	64_2	140	128.874546997576
900	933.333333333333	81.0366156321486	24.6	105.636615632149	DBCA	64_2	280	124.897248259781
900	966.666666666667	81.7392414239643	24.6	106.339241423964	DBCA	64_2	210	127.91845184143
914.285714285714	666.666666666667	77.8360034328732	24.6	102.436003432873	DBCA	65_1	280	121.696636060505
914.285714285714	700	80.5394882436635	24.6	105.139488243664	DBCA	65_1	0	105.139488243664
914.285714285714	733.333333333333	83.0733045361285	24.6	107.673304536128	DBCA	65_1	140	126.815268778933
914.285714285714	766.666666666667	80.1018101197538	24.6	104.701810119754	DBCA	65_1	70	116.650704223403
914.285714285714	800	76.4385836010744	24.6	101.038583601074	DBCA	65_1	210	122.61779401854
914.285714285714	833.333333333333	73.9576665401203	24.6	98.5576665401203	DBCA	65_2	210	120.136876957586
914.285714285714	866.666666666667	79.8105135497063	24.6	104.410513549706	DBCA	65_2	140	123.552477792511
914.285714285714	900	79.7920554672486	24.6	104.392055467249	DBCA	65_2	0	104.392055467249
914.285714285714	933.333333333333	80.1173549790979	24.6	104.717354979098	DBCA	65_2	70	116.666249082747
914.285714285714	966.666666666667	83.2248629530662	24.6	107.824862953066	DBCA	65_2	280	127.085495580698
928.571428571429	666.666666666667	79.0987760824838	24.6	103.698776082484	DBCA	66_1	280	122.959408710116
928.571428571429	700	85.1463179679157	24.6	109.746317967916	DBCA	66_1	0	109.746317967916
928.571428571429	733.333333333333	81.9638642571476	24.6	106.563864257148	DBCA	66_1	210	128.143074674613
928.571428571429	766.666666666667	74.7042238372728	24.6	99.3042238372728	DBCA	66_1	70	111.253117940922
928.571428571429	800	75.5298441342503	24.6	100.12984413425	DBCA	66_1	140	119.271808377055
928.571428571429	833.333333333333	76.9813432956605	24.6	101.58134329566	DBCA	66_2	210	123.160553713126
928.571428571429	866.666666666667	75.5372865248495	24.6	100.137286524849	DBCA	66_2	280	119.397919152481
928.571428571429	900	74.5946451286768	24.6	99.1946451286768	DBCA	66_2	0	99.1946451286768
928.571428571429	933.333333333333	79.1173350599621	24.6	103.717335059962	DBCA	66_2	140	122.859299302767
928.571428571429	966.666666666667	83.6966331234383	24.6	108.296633123438	DBCA	66_2	70	120.245527227088
942.857142857143	666.666666666667	81.4893813495306	24.6	106.089381349531	DBCA	67_1	280	125.350013977163
942.857142857143	700	84.7664118869622	24.6	109.366411886962	DBCA	67_1	210	130.945622304428
942.857142857143	733.333333333333	84.606718934409	24.6	109.206718934409	DBCA	67_1	140	128.348683177214
942.857142857143	766.666666666667	79.3811071480463	24.6	103.981107148046	DBCA	67_1	70	115.930001251696
942.857142857143	800	76.0094307399097	24.6	100.60943073991	DBCA	67_1	0	100.60943073991
942.857142857143	833.333333333333	73.4948587933466	24.6	98.0948587933466	DBCA	67_2	210	119.674069210812
942.857142857143	866.666666666667	73.8143484269288	24.6	98.4143484269288	DBCA	67_2	0	98.4143484269288
942.857142857143	900	71.9744234036396	24.6	96.5744234036396	DBCA	67_2	70	108.523317507289
942.857142857143	933.333333333333	77.5736089133171	24.6	102.173608913317	DBCA	67_2	140	121.315573156122
942.857142857143	966.666666666667	82.3675380922064	24.6	106.967538092206	DBCA	67_2	280	126.228170719838
957.142857142857	666.666666666667	82.6119808099927	24.6	107.211980809993	DBCA	68_1	140	126.353945052797
957.142857142857	700	85.5131845256795	24.6	110.113184525679	DBCA	68_1	280	129.373817153311
957.142857142857	733.333333333333	83.8325358559089	24.6	108.432535855909	DBCA	68_1	210	130.011746273374
957.142857142857	766.666666666667	76.6419476383885	24.6	101.241947638388	DBCA	68_1	70	113.190841742038
957.142857142857	800	77.8363685186945	24.6	102.436368518694	DBCA	68_1	0	102.436368518694
957.142857142857	833.333333333333	77.056630269553	24.6	101.656630269553	DBCA	68_2	0	101.656630269553
957.142857142857	866.666666666667	78.2828674948631	24.6	102.882867494863	DBCA	68_2	140	122.024831737668
957.142857142857	900	74.3908607669654	24.6	98.9908607669654	DBCA	68_2	280	118.251493394597
957.142857142857	933.333333333333	80.359454982459	24.6	104.959454982459	DBCA	68_2	70	116.908349086108
957.142857142857	966.666666666667	80.2952827688671	24.6	104.895282768867	DBCA	68_2	210	126.474493186333
971.428571428571	666.666666666667	81.5390133806668	24.6	106.139013380667	DBCA	69_1	0	106.139013380667
971.428571428571	700	85.8477342884623	24.6	110.447734288462	DBCA	69_1	280	129.708366916094
971.428571428571	733.333333333333	81.6945673117124	24.6	106.294567311712	DBCA	69_1	140	125.436531554517
971.428571428571	766.666666666667	78.2899961385796	24.6	102.88999613858	DBCA	69_1	210	124.469206556045
971.428571428571	800	76.7187059805726	24.6	101.318705980573	DBCA	69_1	70	113.267600084222
971.428571428571	833.333333333333	74.9719096370035	24.6	99.5719096370035	DBCA	69_2	70	111.520803740653
971.428571428571	866.666666666667	77.5886925361104	24.6	102.18869253611	DBCA	69_2	140	121.330656778915
971.428571428571	900	77.1607711772429	24.6	101.760771177243	DBCA	69_2	210	123.339981594708
971.428571428571	933.333333333333	76.1920686714111	24.6	100.792068671411	DBCA	69_2	0	100.792068671411
971.428571428571	966.666666666667	76.8722422353955	24.6	101.472242235395	DBCA	69_2	280	120.732874863027
85.7142857142857	666.666666666667	78.4964003339734	0	78.4964003339734	DBCA	7_1	280	74.3378329616054
85.7142857142857	700	81.3904533943642	0	81.3904533943642	DBCA	7_1	0	81.3904533943642
85.7142857142857	733.333333333333	76.7768793130229	0	76.7768793130229	DBCA	7_1	210	80.7916897304883
85.7142857142857	766.666666666667	80.8425267753637	0	80.8425267753637	DBCA	7_1	70	86.9366208790132
85.7142857142857	800	75.288310332376	0	75.288310332376	DBCA	7_1	140	82.7206745751807
85.7142857142857	833.333333333333	79.3654850315471	0	79.3654850315471	DBCA	7_2	140	86.7978492743517
85.7142857142857	866.666666666667	83.1381224915368	0	83.1381224915368	DBCA	7_2	0	83.1381224915368
85.7142857142857	900	78.4790437801221	0	78.4790437801221	DBCA	7_2	210	82.4938541975875
85.7142857142857	933.333333333333	82.2860344027545	0	82.2860344027545	DBCA	7_2	280	78.1274670303865
85.7142857142857	966.666666666667	79.1881620103987	0	79.1881620103987	DBCA	7_2	70	85.2822561140482
985.714285714286	666.666666666667	83.0713440581765	24.6	107.671344058176	DBCA	70_1	280	126.931976685808
985.714285714286	700	88.8430721062308	24.6	113.443072106231	DBCA	70_1	210	135.022282523696
985.714285714286	733.333333333333	83.4540577364229	24.6	108.054057736423	DBCA	70_1	70	120.002951840072
985.714285714286	766.666666666667	78.4855820516633	24.6	103.085582051663	DBCA	70_1	0	103.085582051663
985.714285714286	800	78.1001379294948	24.6	102.700137929495	DBCA	70_1	140	121.842102172299
985.714285714286	833.333333333333	75.5704808470018	24.6	100.170480847002	DBCA	70_2	0	100.170480847002
985.714285714286	866.666666666667	78.0624746426265	24.6	102.662474642627	DBCA	70_2	280	121.923107270258
985.714285714286	900	74.7641248317691	24.6	99.3641248317691	DBCA	70_2	210	120.943335249235
985.714285714286	933.333333333333	78.001483416852	24.6	102.601483416852	DBCA	70_2	70	114.550377520501
985.714285714286	966.666666666667	76.2240977048364	24.6	100.824097704836	DBCA	70_2	140	119.966061947641
1000	666.666666666667	84.6111307788544	24.6	109.211130778854	DBCA	71_1	140	128.353095021659
1000	700	86.1859475508047	24.6	110.785947550805	DBCA	71_1	280	130.046580178437
1000	733.333333333333	84.875198626996	24.6	109.475198626996	DBCA	71_1	70	121.424092730645
1000	766.666666666667	81.7681036164505	24.6	106.368103616451	DBCA	71_1	0	106.368103616451
1000	800	78.4672615646748	24.6	103.067261564675	DBCA	71_1	210	124.64647198214
1000	833.333333333333	76.3708530613804	24.6	100.97085306138	DBCA	71_2	70	112.91974716503
1000	866.666666666667	73.7201662832018	24.6	98.3201662832018	DBCA	71_2	140	117.462130526006
1000	900	74.7833704975483	24.6	99.3833704975483	DBCA	71_2	210	120.962580915014
1000	933.333333333333	80.6089507916493	24.6	105.208950791649	DBCA	71_2	0	105.208950791649
1000	966.666666666667	81.0560221745999	24.6	105.6560221746	DBCA	71_2	280	124.916654802232
100	666.666666666667	77.9653177525509	0	77.9653177525509	DBCA	8_1	210	81.9801281700164
100	700	78.3135119094147	0	78.3135119094147	DBCA	8_1	70	84.4076060130642
100	733.333333333333	78.6785543659656	0	78.6785543659656	DBCA	8_1	280	74.5199869935976
100	766.666666666667	80.8342161471853	0	80.8342161471853	DBCA	8_1	0	80.8342161471853
100	800	78.2796051354877	0	78.2796051354877	DBCA	8_1	140	85.7119693782923
100	833.333333333333	77.9157605022152	0	77.9157605022152	DBCA	8_2	70	84.0098546058647
100	866.666666666667	83.67472940236	0	83.67472940236	DBCA	8_2	210	87.6895398198254
100	900	75.508058602466	0	75.508058602466	DBCA	8_2	0	75.508058602466
100	933.333333333333	82.9023829549651	0	82.9023829549651	DBCA	8_2	140	90.3347471977698
100	966.666666666667	78.1778761345108	0	78.1778761345108	DBCA	8_2	280	74.0193087621427
114.285714285714	666.666666666667	82.1002636658239	0	82.1002636658239	DBCA	9_1	70	88.1943577694733
114.285714285714	700	80.3462465111541	0	80.3462465111541	DBCA	9_1	140	87.7786107539588
114.285714285714	733.333333333333	82.5642858021103	0	82.5642858021103	DBCA	9_1	210	86.5790962195757
114.285714285714	766.666666666667	81.8527323791217	0	81.8527323791217	DBCA	9_1	0	81.8527323791217
114.285714285714	800	79.0200785028564	0	79.0200785028564	DBCA	9_1	280	74.8615111304883
114.285714285714	833.333333333333	75.6491673598867	0	75.6491673598867	DBCA	9_2	210	79.6639777773521
114.285714285714	866.666666666667	78.4539967453093	0	78.4539967453093	DBCA	9_2	140	85.8863609881139
114.285714285714	900	74.2064400640768	0	74.2064400640768	DBCA	9_2	0	74.2064400640768
114.285714285714	933.333333333333	79.811074883453	0	79.811074883453	DBCA	9_2	70	85.9051689871025
114.285714285714	966.666666666667	77.8440475732645	0	77.8440475732645	DBCA	9_2	280	73.6854802008964
0	1000	81.6098426077006	0	81.6098426077006	DBCA	1_3	NA	NA
14.2857142857143	1000	82.2920916987704	0	82.2920916987704	DBCA	2_3	NA	NA
28.5714285714286	1000	79.5108865333371	0	79.5108865333371	DBCA	3_3	NA	NA
42.8571428571429	1000	79.0805697691366	0	79.0805697691366	DBCA	4_3	NA	NA
57.1428571428571	1000	77.3117409487899	0	77.3117409487899	DBCA	5_3	NA	NA
71.4285714285714	1000	77.9768355563867	0	77.9768355563867	DBCA	6_3	NA	NA
85.7142857142857	1000	82.0901564429808	0	82.0901564429808	DBCA	7_3	NA	NA
100	1000	76.0954872946245	0	76.0954872946245	DBCA	8_3	NA	NA
114.285714285714	1000	75.2384779480761	0	75.2384779480761	DBCA	9_3	NA	NA
128.571428571429	1000	75.2586538566692	0	75.2586538566692	DBCA	10_3	NA	NA
142.857142857143	1000	75.9237122382954	0	75.9237122382954	DBCA	11_3	NA	NA
157.142857142857	1000	75.5223377983813	0	75.5223377983813	DBCA	12_3	NA	NA
171.428571428571	1000	79.8120195781067	0	79.8120195781067	DBCA	13_3	NA	NA
185.714285714286	1000	75.9845833319234	0	75.9845833319234	DBCA	14_3	NA	NA
200	1000	77.1349126943864	0	77.1349126943864	DBCA	15_3	NA	NA
214.285714285714	1000	73.1414355285118	0	73.1414355285118	DBCA	16_3	NA	NA
228.571428571429	1000	80.0046787275313	0	80.0046787275313	DBCA	17_3	NA	NA
242.857142857143	1000	80.3058981359436	0	80.3058981359436	DBCA	18_3	NA	NA
257.142857142857	1000	79.6484998880335	0	79.6484998880335	DBCA	19_3	NA	NA
271.428571428571	1000	81.0160399121437	0	81.0160399121437	DBCA	20_3	NA	NA
285.714285714286	1000	76.9379791986511	0	76.9379791986511	DBCA	21_3	NA	NA
300	1000	75.5783568695703	0	75.5783568695703	DBCA	22_3	NA	NA
314.285714285714	1000	77.4419678687193	0	77.4419678687193	DBCA	23_3	NA	NA
328.571428571429	1000	79.0364568964245	0	79.0364568964245	DBCA	24_3	NA	NA
342.857142857143	1000	76.1243335732885	0	76.1243335732885	DBCA	25_3	NA	NA
357.142857142857	1000	76.4221341021144	0	76.4221341021144	DBCA	26_3	NA	NA
371.428571428571	1000	75.5694490514416	0	75.5694490514416	DBCA	27_3	NA	NA
385.714285714286	1000	76.1088635531337	0	76.1088635531337	DBCA	28_3	NA	NA
400	1000	79.9789014709665	0	79.9789014709665	DBCA	29_3	NA	NA
414.285714285714	1000	82.4298254400594	0	82.4298254400594	DBCA	30_3	NA	NA
428.571428571429	1000	79.5110772180081	0	79.5110772180081	DBCA	31_3	NA	NA
442.857142857143	1000	76.6822561896589	0	76.6822561896589	DBCA	32_3	NA	NA
457.142857142857	1000	78.6514345935342	0	78.6514345935342	DBCA	33_3	NA	NA
471.428571428571	1000	77.6977537781037	0	77.6977537781037	DBCA	34_3	NA	NA
485.714285714286	1000	74.1309410169765	0	74.1309410169765	DBCA	35_3	NA	NA
500	1000	81.4401093038786	0	81.4401093038786	DBCA	36_3	NA	NA
514.285714285714	1000	78.439714581099	24.6	103.039714581099	DBCA	37_3	NA	NA
528.571428571429	1000	80.9680134489277	24.6	105.568013448928	DBCA	38_3	NA	NA
542.857142857143	1000	80.5344895721977	24.6	105.134489572198	DBCA	39_3	NA	NA
557.142857142857	1000	79.5684643159858	24.6	104.168464315986	DBCA	40_3	NA	NA
571.428571428571	1000	77.4794913818803	24.6	102.07949138188	DBCA	41_3	NA	NA
585.714285714286	1000	78.0844696060635	24.6	102.684469606064	DBCA	42_3	NA	NA
600	1000	77.5658445757657	24.6	102.165844575766	DBCA	43_3	NA	NA
614.285714285714	1000	74.9724994081674	24.6	99.5724994081674	DBCA	44_3	NA	NA
628.571428571429	1000	78.143751567671	24.6	102.743751567671	DBCA	45_3	NA	NA
642.857142857143	1000	77.2701041208324	24.6	101.870104120832	DBCA	46_3	NA	NA
657.142857142857	1000	77.9118932363757	24.6	102.511893236376	DBCA	47_3	NA	NA
671.428571428571	1000	76.9695947555626	24.6	101.569594755563	DBCA	48_3	NA	NA
685.714285714286	1000	79.239052413674	24.6	103.839052413674	DBCA	49_3	NA	NA
700	1000	78.5473077743836	24.6	103.147307774384	DBCA	50_3	NA	NA
714.285714285714	1000	81.2964816005214	24.6	105.896481600521	DBCA	51_3	NA	NA
728.571428571429	1000	78.7995763197984	24.6	103.399576319798	DBCA	52_3	NA	NA
742.857142857143	1000	81.4898350953853	24.6	106.089835095385	DBCA	53_3	NA	NA
757.142857142857	1000	83.4784370810788	24.6	108.078437081079	DBCA	54_3	NA	NA
771.428571428571	1000	81.4969495959437	24.6	106.096949595944	DBCA	55_3	NA	NA
785.714285714286	1000	85.0221593971173	24.6	109.622159397117	DBCA	56_3	NA	NA
800	1000	81.2558454960408	24.6	105.855845496041	DBCA	57_3	NA	NA
814.285714285714	1000	79.9116250205205	24.6	104.51162502052	DBCA	58_3	NA	NA
828.571428571429	1000	84.4121452202623	24.6	109.012145220262	DBCA	59_3	NA	NA
842.857142857143	1000	81.6275967451232	24.6	106.227596745123	DBCA	60_3	NA	NA
857.142857142857	1000	83.2391038311765	24.6	107.839103831176	DBCA	61_3	NA	NA
871.428571428571	1000	85.9763158045698	24.6	110.57631580457	DBCA	62_3	NA	NA
885.714285714286	1000	85.0763337865864	24.6	109.676333786586	DBCA	63_3	NA	NA
900	1000	84.1447563529899	24.6	108.74475635299	DBCA	64_3	NA	NA
914.285714285714	1000	85.1307374821688	24.6	109.730737482169	DBCA	65_3	NA	NA
928.571428571429	1000	85.3019587789025	24.6	109.901958778903	DBCA	66_3	NA	NA
942.857142857143	1000	83.5645263573595	24.6	108.164526357359	DBCA	67_3	NA	NA
957.142857142857	1000	84.1305939933422	24.6	108.730593993342	DBCA	68_3	NA	NA
971.428571428571	1000	78.3645544247317	24.6	102.964554424732	DBCA	69_3	NA	NA
985.714285714286	1000	79.6609139550629	24.6	104.260913955063	DBCA	70_3	NA	NA
1000	1000	82.8995577012774	24.6	107.499557701277	DBCA	71_3	NA	NA
