x	y	variable1	Zona	ErrorConEfecto	Disenio	Bloque	AsigTrat	MiRto
0	666.666666666667	78.4910407244118	0	78.4910407244118	DBCA	1_1	280	66.9383972141479
0	700	79.8337420465396	0	79.8337420465396	DBCA	1_1	0	79.8337420465396
0	733.333333333333	80.6395712875743	0	80.6395712875743	DBCA	1_1	210	79.5015368699628
0	766.666666666667	77.9630122068746	0	77.9630122068746	DBCA	1_1	140	82.2219547385246
0	800	81.6354338643368	0	81.6354338643368	DBCA	1_1	70	86.2737212018573
0	833.333333333333	79.9595922709943	0	79.9595922709943	DBCA	1_2	70	84.5978796085148
0	866.666666666667	79.6709784125128	0	79.6709784125128	DBCA	1_2	280	68.1183349022488
0	900	74.2966380109628	0	74.2966380109628	DBCA	1_2	140	78.5555805426128
0	933.333333333333	75.0817024753853	0	75.0817024753853	DBCA	1_2	210	73.9436680577738
0	966.666666666667	78.9472700298886	0	78.9472700298886	DBCA	1_2	0	78.9472700298886
128.571428571429	666.666666666667	77.8558940597372	0	77.8558940597372	DBCA	10_1	210	76.7178596421257
128.571428571429	700	75.6611987834232	0	75.6611987834232	DBCA	10_1	70	80.2994861209437
128.571428571429	733.333333333333	78.5966483889568	0	78.5966483889568	DBCA	10_1	280	67.0440048786929
128.571428571429	766.666666666667	79.7548406002973	0	79.7548406002973	DBCA	10_1	140	84.0137831319473
128.571428571429	800	81.6263313150292	0	81.6263313150292	DBCA	10_1	0	81.6263313150292
128.571428571429	833.333333333333	84.3786729459923	0	84.3786729459923	DBCA	10_2	210	83.2406385283809
128.571428571429	866.666666666667	83.0618346152849	0	83.0618346152849	DBCA	10_2	0	83.0618346152849
128.571428571429	900	79.711523874489	0	79.711523874489	DBCA	10_2	140	83.9704664061391
128.571428571429	933.333333333333	77.8838371956321	0	77.8838371956321	DBCA	10_2	280	66.3311936853681
128.571428571429	966.666666666667	78.0670219680945	0	78.0670219680945	DBCA	10_2	70	82.705309305615
142.857142857143	666.666666666667	77.4935225118177	0	77.4935225118177	DBCA	11_1	70	82.1318098493383
142.857142857143	700	79.3097899852691	0	79.3097899852691	DBCA	11_1	0	79.3097899852691
142.857142857143	733.333333333333	81.4664513671064	0	81.4664513671064	DBCA	11_1	140	85.7253938987564
142.857142857143	766.666666666667	81.3663697884124	0	81.3663697884124	DBCA	11_1	210	80.2283353708009
142.857142857143	800	80.9612690378516	0	80.9612690378516	DBCA	11_1	280	69.4086255275877
142.857142857143	833.333333333333	84.5137322197488	0	84.5137322197488	DBCA	11_2	210	83.3756978021374
142.857142857143	866.666666666667	78.9946117376425	0	78.9946117376425	DBCA	11_2	0	78.9946117376425
142.857142857143	900	79.1206512387691	0	79.1206512387691	DBCA	11_2	140	83.3795937704191
142.857142857143	933.333333333333	80.2326554671299	0	80.2326554671299	DBCA	11_2	70	84.8709428046504
142.857142857143	966.666666666667	79.5584166605882	0	79.5584166605882	DBCA	11_2	280	68.0057731503243
157.142857142857	666.666666666667	77.937998919645	0	77.937998919645	DBCA	12_1	0	77.937998919645
157.142857142857	700	78.5767658660548	0	78.5767658660548	DBCA	12_1	70	83.2150532035753
157.142857142857	733.333333333333	83.8055448970932	0	83.8055448970932	DBCA	12_1	140	88.0644874287432
157.142857142857	766.666666666667	81.8138081159699	0	81.8138081159699	DBCA	12_1	210	80.6757736983584
157.142857142857	800	80.035405943704	0	80.035405943704	DBCA	12_1	280	68.48276243344
157.142857142857	833.333333333333	81.356407800925	0	81.356407800925	DBCA	12_2	140	85.615350332575
157.142857142857	866.666666666667	78.1248291122835	0	78.1248291122835	DBCA	12_2	0	78.1248291122835
157.142857142857	900	79.2225976965977	0	79.2225976965977	DBCA	12_2	70	83.8608850341182
157.142857142857	933.333333333333	83.4046025655406	0	83.4046025655406	DBCA	12_2	280	71.8519590552766
157.142857142857	966.666666666667	80.5515730287156	0	80.5515730287156	DBCA	12_2	210	79.4135386111041
171.428571428571	666.666666666667	78.393750997212	0	78.393750997212	DBCA	13_1	140	82.652693528862
171.428571428571	700	81.9392285895585	0	81.9392285895585	DBCA	13_1	0	81.9392285895585
171.428571428571	733.333333333333	81.7527339686585	0	81.7527339686585	DBCA	13_1	210	80.614699551047
171.428571428571	766.666666666667	82.6390739249373	0	82.6390739249373	DBCA	13_1	280	71.0864304146733
171.428571428571	800	81.396640960806	0	81.396640960806	DBCA	13_1	70	86.0349282983265
171.428571428571	833.333333333333	82.179457534286	0	82.179457534286	DBCA	13_2	210	81.0414231166745
171.428571428571	866.666666666667	79.3837940196654	0	79.3837940196654	DBCA	13_2	140	83.6427365513154
171.428571428571	900	79.0330025374342	0	79.0330025374342	DBCA	13_2	70	83.6712898749547
171.428571428571	933.333333333333	84.310094569208	0	84.310094569208	DBCA	13_2	280	72.757451058944
171.428571428571	966.666666666667	82.6833776274228	0	82.6833776274228	DBCA	13_2	0	82.6833776274228
185.714285714286	666.666666666667	78.8474244057163	0	78.8474244057163	DBCA	14_1	210	77.7093899881048
185.714285714286	700	83.0694098813857	0	83.0694098813857	DBCA	14_1	140	87.3283524130358
185.714285714286	733.333333333333	81.6390134600972	0	81.6390134600972	DBCA	14_1	70	86.2773007976178
185.714285714286	766.666666666667	80.6800339879827	0	80.6800339879827	DBCA	14_1	0	80.6800339879827
185.714285714286	800	79.5202957918544	0	79.5202957918544	DBCA	14_1	280	67.9676522815904
185.714285714286	833.333333333333	77.7275193034924	0	77.7275193034924	DBCA	14_2	210	76.5894848858809
185.714285714286	866.666666666667	80.1715226149296	0	80.1715226149296	DBCA	14_2	0	80.1715226149296
185.714285714286	900	80.2385834698543	0	80.2385834698543	DBCA	14_2	70	84.8768708073748
185.714285714286	933.333333333333	82.1872476509879	0	82.1872476509879	DBCA	14_2	140	86.446190182638
185.714285714286	966.666666666667	79.5276800426691	0	79.5276800426691	DBCA	14_2	280	67.9750365324051
200	666.666666666667	83.5088557369532	0	83.5088557369532	DBCA	15_1	0	83.5088557369532
200	700	84.6224218525114	0	84.6224218525114	DBCA	15_1	210	83.4843874348999
200	733.333333333333	87.0428474990569	0	87.0428474990569	DBCA	15_1	280	75.4902039887929
200	766.666666666667	84.2838816884906	0	84.2838816884906	DBCA	15_1	140	88.5428242201406
200	800	77.2722398493816	0	77.2722398493816	DBCA	15_1	70	81.9105271869021
200	833.333333333333	72.2816449422909	0	72.2816449422909	DBCA	15_2	210	71.1436105246794
200	866.666666666667	79.8358446594499	0	79.8358446594499	DBCA	15_2	280	68.2832011491859
200	900	79.6423075353122	0	79.6423075353122	DBCA	15_2	140	83.9012500669622
200	933.333333333333	82.0765126955417	0	82.0765126955417	DBCA	15_2	70	86.7148000330622
200	966.666666666667	77.0094480941315	0	77.0094480941315	DBCA	15_2	0	77.0094480941315
214.285714285714	666.666666666667	83.998467195227	0	83.998467195227	DBCA	16_1	70	88.6367545327475
214.285714285714	700	81.6677909129062	0	81.6677909129062	DBCA	16_1	0	81.6677909129062
214.285714285714	733.333333333333	81.2721069657372	0	81.2721069657372	DBCA	16_1	280	69.7194634554732
214.285714285714	766.666666666667	84.355608568652	0	84.355608568652	DBCA	16_1	140	88.614551100302
214.285714285714	800	81.0925280541952	0	81.0925280541952	DBCA	16_1	210	79.9544936365837
214.285714285714	833.333333333333	72.0817955249984	0	72.0817955249984	DBCA	16_2	280	60.5291520147344
214.285714285714	866.666666666667	78.5112896543873	0	78.5112896543873	DBCA	16_2	70	83.1495769919078
214.285714285714	900	80.1037046165648	0	80.1037046165648	DBCA	16_2	0	80.1037046165648
214.285714285714	933.333333333333	80.1047446383683	0	80.1047446383683	DBCA	16_2	140	84.3636871700183
214.285714285714	966.666666666667	80.739127357692	0	80.739127357692	DBCA	16_2	210	79.6010929400805
228.571428571429	666.666666666667	79.2383106329451	0	79.2383106329451	DBCA	17_1	210	78.1002762153336
228.571428571429	700	82.8727726938775	0	82.8727726938775	DBCA	17_1	70	87.511060031398
228.571428571429	733.333333333333	83.12408736553	0	83.12408736553	DBCA	17_1	140	87.38302989718
228.571428571429	766.666666666667	80.7313687707672	0	80.7313687707672	DBCA	17_1	280	69.1787252605032
228.571428571429	800	81.9178391316208	0	81.9178391316208	DBCA	17_1	0	81.9178391316208
228.571428571429	833.333333333333	74.8239530286956	0	74.8239530286956	DBCA	17_2	0	74.8239530286956
228.571428571429	866.666666666667	76.3132925156039	0	76.3132925156039	DBCA	17_2	140	80.5722350472539
228.571428571429	900	79.3857441031774	0	79.3857441031774	DBCA	17_2	280	67.8331005929134
228.571428571429	933.333333333333	80.0441811730374	0	80.0441811730374	DBCA	17_2	210	78.9061467554259
228.571428571429	966.666666666667	78.9002369924215	0	78.9002369924215	DBCA	17_2	70	83.538524329942
242.857142857143	666.666666666667	85.5550461958396	0	85.5550461958396	DBCA	18_1	210	84.4170117782281
242.857142857143	700	84.0577275526074	0	84.0577275526074	DBCA	18_1	70	88.6960148901279
242.857142857143	733.333333333333	79.3634417002622	0	79.3634417002622	DBCA	18_1	140	83.6223842319122
242.857142857143	766.666666666667	80.0067305320232	0	80.0067305320232	DBCA	18_1	0	80.0067305320232
242.857142857143	800	80.6962821810049	0	80.6962821810049	DBCA	18_1	280	69.1436386707409
242.857142857143	833.333333333333	74.3961147556152	0	74.3961147556152	DBCA	18_2	0	74.3961147556152
242.857142857143	866.666666666667	74.0698786511378	0	74.0698786511378	DBCA	18_2	70	78.7081659886583
242.857142857143	900	76.8756094840634	0	76.8756094840634	DBCA	18_2	210	75.7375750664519
242.857142857143	933.333333333333	77.4818766497203	0	77.4818766497203	DBCA	18_2	280	65.9292331394563
242.857142857143	966.666666666667	81.9581806794197	0	81.9581806794197	DBCA	18_2	140	86.2171232110697
257.142857142857	666.666666666667	85.1429161666034	0	85.1429161666034	DBCA	19_1	280	73.5902726563394
257.142857142857	700	83.9240471546034	0	83.9240471546034	DBCA	19_1	0	83.9240471546034
257.142857142857	733.333333333333	76.946633246263	0	76.946633246263	DBCA	19_1	210	75.8085988286515
257.142857142857	766.666666666667	80.9422631803505	0	80.9422631803505	DBCA	19_1	70	85.580550517871
257.142857142857	800	81.6514199411974	0	81.6514199411974	DBCA	19_1	140	85.9103624728475
257.142857142857	833.333333333333	73.2622116504728	0	73.2622116504728	DBCA	19_2	70	77.9004989879933
257.142857142857	866.666666666667	71.5134633063535	0	71.5134633063535	DBCA	19_2	210	70.375428888742
257.142857142857	900	78.5247603737564	0	78.5247603737564	DBCA	19_2	140	82.7837029054064
257.142857142857	933.333333333333	75.8540683127176	0	75.8540683127176	DBCA	19_2	280	64.3014248024536
257.142857142857	966.666666666667	77.9163175531114	0	77.9163175531114	DBCA	19_2	0	77.9163175531114
14.2857142857143	666.666666666667	78.5334578339286	0	78.5334578339286	DBCA	2_1	210	77.3954234163171
14.2857142857143	700	79.4584388046318	0	79.4584388046318	DBCA	2_1	0	79.4584388046318
14.2857142857143	733.333333333333	82.1782701018896	0	82.1782701018896	DBCA	2_1	140	86.4372126335396
14.2857142857143	766.666666666667	81.6304271306836	0	81.6304271306836	DBCA	2_1	280	70.0777836204197
14.2857142857143	800	87.1068618184266	0	87.1068618184266	DBCA	2_1	70	91.7451491559471
14.2857142857143	833.333333333333	79.3089636872858	0	79.3089636872858	DBCA	2_2	210	78.1709292696743
14.2857142857143	866.666666666667	81.2923057961804	0	81.2923057961804	DBCA	2_2	70	85.9305931337009
14.2857142857143	900	76.0488232720178	0	76.0488232720178	DBCA	2_2	280	64.4961797617538
14.2857142857143	933.333333333333	74.2643762675189	0	74.2643762675189	DBCA	2_2	140	78.5233187991689
14.2857142857143	966.666666666667	78.0010336035453	0	78.0010336035453	DBCA	2_2	0	78.0010336035453
271.428571428571	666.666666666667	84.3615526839523	0	84.3615526839523	DBCA	20_1	140	88.6204952156023
271.428571428571	700	85.5230591747092	0	85.5230591747092	DBCA	20_1	210	84.3850247570978
271.428571428571	733.333333333333	80.5240736336141	0	80.5240736336141	DBCA	20_1	0	80.5240736336141
271.428571428571	766.666666666667	81.433388461076	0	81.433388461076	DBCA	20_1	280	69.8807449508121
271.428571428571	800	78.7676488726121	0	78.7676488726121	DBCA	20_1	70	83.4059362101327
271.428571428571	833.333333333333	77.1731001446084	0	77.1731001446084	DBCA	20_2	0	77.1731001446084
271.428571428571	866.666666666667	74.1233431458018	0	74.1233431458018	DBCA	20_2	280	62.5706996355378
271.428571428571	900	77.6375141577695	0	77.6375141577695	DBCA	20_2	140	81.8964566894195
271.428571428571	933.333333333333	76.2518531739789	0	76.2518531739789	DBCA	20_2	70	80.8901405114994
271.428571428571	966.666666666667	76.9721187511846	0	76.9721187511846	DBCA	20_2	210	75.8340843335731
285.714285714286	666.666666666667	85.2438568501895	0	85.2438568501895	DBCA	21_1	280	73.6912133399255
285.714285714286	700	86.9435161046489	0	86.9435161046489	DBCA	21_1	70	91.5818034421694
285.714285714286	733.333333333333	82.9749991976841	0	82.9749991976841	DBCA	21_1	210	81.8369647800726
285.714285714286	766.666666666667	79.0835370601805	0	79.0835370601805	DBCA	21_1	0	79.0835370601805
285.714285714286	800	79.2988587840886	0	79.2988587840886	DBCA	21_1	140	83.5578013157386
285.714285714286	833.333333333333	74.1415332195132	0	74.1415332195132	DBCA	21_2	0	74.1415332195132
285.714285714286	866.666666666667	76.7017946315876	0	76.7017946315876	DBCA	21_2	70	81.3400819691081
285.714285714286	900	76.6673781449481	0	76.6673781449481	DBCA	21_2	210	75.5293437273366
285.714285714286	933.333333333333	73.9850838900612	0	73.9850838900612	DBCA	21_2	280	62.4324403797972
285.714285714286	966.666666666667	77.7073890275777	0	77.7073890275777	DBCA	21_2	140	81.9663315592278
300	666.666666666667	89.920602058754	0	89.920602058754	DBCA	22_1	280	78.3679585484901
300	700	89.1371957152504	0	89.1371957152504	DBCA	22_1	140	93.3961382469004
300	733.333333333333	86.0453183430421	0	86.0453183430421	DBCA	22_1	0	86.0453183430421
300	766.666666666667	81.2857821662395	0	81.2857821662395	DBCA	22_1	70	85.92406950376
300	800	81.2710593421646	0	81.2710593421646	DBCA	22_1	210	80.1330249245531
300	833.333333333333	74.9936825679018	0	74.9936825679018	DBCA	22_2	70	79.6319699054223
300	866.666666666667	71.4858081022953	0	71.4858081022953	DBCA	22_2	210	70.3477736846838
300	900	76.4229153623159	0	76.4229153623159	DBCA	22_2	280	64.8702718520519
300	933.333333333333	78.8755811423307	0	78.8755811423307	DBCA	22_2	140	83.1345236739808
300	966.666666666667	76.8773973621073	0	76.8773973621073	DBCA	22_2	0	76.8773973621073
314.285714285714	666.666666666667	83.7460947845339	0	83.7460947845339	DBCA	23_1	70	88.3843821220544
314.285714285714	700	84.9514419427289	0	84.9514419427289	DBCA	23_1	210	83.8134075251174
314.285714285714	733.333333333333	81.3765729197858	0	81.3765729197858	DBCA	23_1	280	69.8239294095218
314.285714285714	766.666666666667	78.3138948247848	0	78.3138948247848	DBCA	23_1	0	78.3138948247848
314.285714285714	800	76.3547843285809	0	76.3547843285809	DBCA	23_1	140	80.613726860231
314.285714285714	833.333333333333	72.4359399749325	0	72.4359399749325	DBCA	23_2	70	77.074227312453
314.285714285714	866.666666666667	75.5409536524829	0	75.5409536524829	DBCA	23_2	0	75.5409536524829
314.285714285714	900	73.622305969703	0	73.622305969703	DBCA	23_2	210	72.4842715520915
314.285714285714	933.333333333333	77.1873412500433	0	77.1873412500433	DBCA	23_2	140	81.4462837816933
314.285714285714	966.666666666667	78.9492375473753	0	78.9492375473753	DBCA	23_2	280	67.3965940371114
328.571428571429	666.666666666667	87.2311175060793	0	87.2311175060793	DBCA	24_1	210	86.0930830884678
328.571428571429	700	82.05517656623	0	82.05517656623	DBCA	24_1	0	82.05517656623
328.571428571429	733.333333333333	82.8744781312457	0	82.8744781312457	DBCA	24_1	140	87.1334206628957
328.571428571429	766.666666666667	76.6699685812965	0	76.6699685812965	DBCA	24_1	70	81.308255918817
328.571428571429	800	76.6028117002877	0	76.6028117002877	DBCA	24_1	280	65.0501681900238
328.571428571429	833.333333333333	75.3855721628632	0	75.3855721628632	DBCA	24_2	70	80.0238595003837
328.571428571429	866.666666666667	79.0185723783249	0	79.0185723783249	DBCA	24_2	210	77.8805379607135
328.571428571429	900	74.6098872524545	0	74.6098872524545	DBCA	24_2	280	63.0572437421906
328.571428571429	933.333333333333	79.0272749085664	0	79.0272749085664	DBCA	24_2	140	83.2862174402164
328.571428571429	966.666666666667	78.0640799525942	0	78.0640799525942	DBCA	24_2	0	78.0640799525942
342.857142857143	666.666666666667	82.3410721459613	0	82.3410721459613	DBCA	25_1	140	86.6000146776113
342.857142857143	700	82.9712546659687	0	82.9712546659687	DBCA	25_1	280	71.4186111557047
342.857142857143	733.333333333333	81.677546954192	0	81.677546954192	DBCA	25_1	0	81.677546954192
342.857142857143	766.666666666667	77.5322892183708	0	77.5322892183708	DBCA	25_1	70	82.1705765558913
342.857142857143	800	75.7805605099338	0	75.7805605099338	DBCA	25_1	210	74.6425260923223
342.857142857143	833.333333333333	75.808272473502	0	75.808272473502	DBCA	25_2	210	74.6702380558905
342.857142857143	866.666666666667	75.9395494307469	0	75.9395494307469	DBCA	25_2	280	64.3869059204829
342.857142857143	900	76.3464758370147	0	76.3464758370147	DBCA	25_2	70	80.9847631745352
342.857142857143	933.333333333333	76.74606036432	0	76.74606036432	DBCA	25_2	0	76.74606036432
342.857142857143	966.666666666667	79.3103659545308	0	79.3103659545308	DBCA	25_2	140	83.5693084861808
357.142857142857	666.666666666667	84.2190257272237	0	84.2190257272237	DBCA	26_1	70	88.8573130647442
357.142857142857	700	81.5824538717627	0	81.5824538717627	DBCA	26_1	210	80.4444194541512
357.142857142857	733.333333333333	81.3772715811168	0	81.3772715811168	DBCA	26_1	140	85.6362141127668
357.142857142857	766.666666666667	76.1447976640525	0	76.1447976640525	DBCA	26_1	0	76.1447976640525
357.142857142857	800	74.4932739453887	0	74.4932739453887	DBCA	26_1	280	62.9406304351248
357.142857142857	833.333333333333	75.7022318617487	0	75.7022318617487	DBCA	26_2	280	64.1495883514847
357.142857142857	866.666666666667	80.2073243197239	0	80.2073243197239	DBCA	26_2	210	79.0692899021124
357.142857142857	900	78.0066964394739	0	78.0066964394739	DBCA	26_2	0	78.0066964394739
357.142857142857	933.333333333333	79.6775634883898	0	79.6775634883898	DBCA	26_2	70	84.3158508259103
357.142857142857	966.666666666667	80.5253934433509	0	80.5253934433509	DBCA	26_2	140	84.784335975001
371.428571428571	666.666666666667	83.4030131465504	0	83.4030131465504	DBCA	27_1	280	71.8503696362864
371.428571428571	700	85.635103220169	0	85.635103220169	DBCA	27_1	0	85.635103220169
371.428571428571	733.333333333333	77.1526302410622	0	77.1526302410622	DBCA	27_1	210	76.0145958234508
371.428571428571	766.666666666667	77.0814497046611	0	77.0814497046611	DBCA	27_1	70	81.7197370421816
371.428571428571	800	75.280198143604	0	75.280198143604	DBCA	27_1	140	79.539140675254
371.428571428571	833.333333333333	77.7762643144939	0	77.7762643144939	DBCA	27_2	210	76.6382298968824
371.428571428571	866.666666666667	76.5916642416541	0	76.5916642416541	DBCA	27_2	280	65.0390207313902
371.428571428571	900	79.8376208018431	0	79.8376208018431	DBCA	27_2	70	84.4759081393636
371.428571428571	933.333333333333	81.4008726181878	0	81.4008726181878	DBCA	27_2	0	81.4008726181878
371.428571428571	966.666666666667	80.4927577106091	0	80.4927577106091	DBCA	27_2	140	84.7517002422591
385.714285714286	666.666666666667	82.4291030482662	0	82.4291030482662	DBCA	28_1	280	70.8764595380023
385.714285714286	700	82.1858409663884	0	82.1858409663884	DBCA	28_1	210	81.0478065487769
385.714285714286	733.333333333333	78.253788173122	0	78.253788173122	DBCA	28_1	140	82.512730704772
385.714285714286	766.666666666667	75.666449583347	0	75.666449583347	DBCA	28_1	0	75.666449583347
385.714285714286	800	74.5301265441978	0	74.5301265441978	DBCA	28_1	70	79.1684138817183
385.714285714286	833.333333333333	76.7420504944543	0	76.7420504944543	DBCA	28_2	280	65.1894069841904
385.714285714286	866.666666666667	78.7077535062808	0	78.7077535062808	DBCA	28_2	140	82.9666960379308
385.714285714286	900	82.9636226243526	0	82.9636226243526	DBCA	28_2	0	82.9636226243526
385.714285714286	933.333333333333	80.1604636079794	0	80.1604636079794	DBCA	28_2	210	79.0224291903679
385.714285714286	966.666666666667	75.8798950739692	0	75.8798950739692	DBCA	28_2	70	80.5181824114897
400	666.666666666667	83.0332381791564	0	83.0332381791564	DBCA	29_1	280	71.4805946688924
400	700	80.6060457910252	0	80.6060457910252	DBCA	29_1	210	79.4680113734137
400	733.333333333333	77.2239204349741	0	77.2239204349741	DBCA	29_1	70	81.8622077724946
400	766.666666666667	77.9350704049271	0	77.9350704049271	DBCA	29_1	0	77.9350704049271
400	800	73.3975397281499	0	73.3975397281499	DBCA	29_1	140	77.6564822597999
400	833.333333333333	78.6900867032801	0	78.6900867032801	DBCA	29_2	210	77.5520522856686
400	866.666666666667	81.2202975891033	0	81.2202975891033	DBCA	29_2	70	85.8585849266238
400	900	84.0272398188639	0	84.0272398188639	DBCA	29_2	0	84.0272398188639
400	933.333333333333	80.2511952818006	0	80.2511952818006	DBCA	29_2	140	84.5101378134506
400	966.666666666667	78.9875507838945	0	78.9875507838945	DBCA	29_2	280	67.4349072736305
28.5714285714286	666.666666666667	81.3036210578657	0	81.3036210578657	DBCA	3_1	210	80.1655866402542
28.5714285714286	700	78.7504176461828	0	78.7504176461828	DBCA	3_1	280	67.1977741359188
28.5714285714286	733.333333333333	83.072879445773	0	83.072879445773	DBCA	3_1	140	87.331821977423
28.5714285714286	766.666666666667	80.8049392081143	0	80.8049392081143	DBCA	3_1	0	80.8049392081143
28.5714285714286	800	85.2925336298327	0	85.2925336298327	DBCA	3_1	70	89.9308209673532
28.5714285714286	833.333333333333	82.380020192972	0	82.380020192972	DBCA	3_2	140	86.638962724622
28.5714285714286	866.666666666667	81.1008556873064	0	81.1008556873064	DBCA	3_2	280	69.5482121770425
28.5714285714286	900	79.7451721541508	0	79.7451721541508	DBCA	3_2	210	78.6071377365394
28.5714285714286	933.333333333333	71.6882312157818	0	71.6882312157818	DBCA	3_2	0	71.6882312157818
28.5714285714286	966.666666666667	78.6776412333227	0	78.6776412333227	DBCA	3_2	70	83.3159285708432
414.285714285714	666.666666666667	83.0646518523168	0	83.0646518523168	DBCA	30_1	0	83.0646518523168
414.285714285714	700	80.5257952380707	0	80.5257952380707	DBCA	30_1	70	85.1640825755912
414.285714285714	733.333333333333	78.3863597808008	0	78.3863597808008	DBCA	30_1	280	66.8337162705368
414.285714285714	766.666666666667	76.782770434476	0	76.782770434476	DBCA	30_1	140	81.0417129661261
414.285714285714	800	73.8576540732387	0	73.8576540732387	DBCA	30_1	210	72.7196196556273
414.285714285714	833.333333333333	79.3660298108309	0	79.3660298108309	DBCA	30_2	0	79.3660298108309
414.285714285714	866.666666666667	74.9383497790826	0	74.9383497790826	DBCA	30_2	140	79.1972923107327
414.285714285714	900	79.0177400714288	0	79.0177400714288	DBCA	30_2	210	77.8797056538173
414.285714285714	933.333333333333	79.3697427858628	0	79.3697427858628	DBCA	30_2	280	67.8170992755988
414.285714285714	966.666666666667	79.7959758536872	0	79.7959758536872	DBCA	30_2	70	84.4342631912077
428.571428571429	666.666666666667	82.3076061554381	0	82.3076061554381	DBCA	31_1	140	86.5665486870881
428.571428571429	700	78.653730916034	0	78.653730916034	DBCA	31_1	0	78.653730916034
428.571428571429	733.333333333333	78.6163365112675	0	78.6163365112675	DBCA	31_1	280	67.0636930010036
428.571428571429	766.666666666667	71.5371002879029	0	71.5371002879029	DBCA	31_1	70	76.1753876254234
428.571428571429	800	71.9846299590438	0	71.9846299590438	DBCA	31_1	210	70.8465955414323
428.571428571429	833.333333333333	80.498104146414	0	80.498104146414	DBCA	31_2	210	79.3600697288025
428.571428571429	866.666666666667	78.3792828208104	0	78.3792828208104	DBCA	31_2	280	66.8266393105464
428.571428571429	900	82.5637839141668	0	82.5637839141668	DBCA	31_2	70	87.2020712516873
428.571428571429	933.333333333333	80.2167602882899	0	80.2167602882899	DBCA	31_2	140	84.4757028199399
428.571428571429	966.666666666667	74.3727521704299	0	74.3727521704299	DBCA	31_2	0	74.3727521704299
442.857142857143	666.666666666667	75.2339675953864	0	75.2339675953864	DBCA	32_1	210	74.0959331777749
442.857142857143	700	79.2041555702612	0	79.2041555702612	DBCA	32_1	280	67.6515120599973
442.857142857143	733.333333333333	79.4208265386521	0	79.4208265386521	DBCA	32_1	70	84.0591138761726
442.857142857143	766.666666666667	74.7722477412347	0	74.7722477412347	DBCA	32_1	140	79.0311902728848
442.857142857143	800	74.2053020948624	0	74.2053020948624	DBCA	32_1	0	74.2053020948624
442.857142857143	833.333333333333	76.4944840947585	0	76.4944840947585	DBCA	32_2	210	75.3564496771471
442.857142857143	866.666666666667	81.1429441884795	0	81.1429441884795	DBCA	32_2	280	69.5903006782156
442.857142857143	900	81.2467740851218	0	81.2467740851218	DBCA	32_2	140	85.5057166167718
442.857142857143	933.333333333333	77.0530902804416	0	77.0530902804416	DBCA	32_2	0	77.0530902804416
442.857142857143	966.666666666667	73.6624245192213	0	73.6624245192213	DBCA	32_2	70	78.3007118567418
457.142857142857	666.666666666667	76.2633816668492	0	76.2633816668492	DBCA	33_1	210	75.1253472492377
457.142857142857	700	78.1070489211553	0	78.1070489211553	DBCA	33_1	140	82.3659914528053
457.142857142857	733.333333333333	78.4585717245965	0	78.4585717245965	DBCA	33_1	70	83.096859062117
457.142857142857	766.666666666667	77.087096921118	0	77.087096921118	DBCA	33_1	0	77.087096921118
457.142857142857	800	73.0685780833051	0	73.0685780833051	DBCA	33_1	280	61.5159345730411
457.142857142857	833.333333333333	82.450325714595	0	82.450325714595	DBCA	33_2	140	86.709268246245
457.142857142857	866.666666666667	78.1607602733113	0	78.1607602733113	DBCA	33_2	0	78.1607602733113
457.142857142857	900	81.2095680111896	0	81.2095680111896	DBCA	33_2	280	69.6569245009257
457.142857142857	933.333333333333	80.0631986094846	0	80.0631986094846	DBCA	33_2	70	84.7014859470051
457.142857142857	966.666666666667	74.832944558395	0	74.832944558395	DBCA	33_2	210	73.6949101407835
471.428571428571	666.666666666667	75.8648714618994	0	75.8648714618994	DBCA	34_1	0	75.8648714618994
471.428571428571	700	79.8175095650764	0	79.8175095650764	DBCA	34_1	280	68.2648660548124
471.428571428571	733.333333333333	77.3899199598777	0	77.3899199598777	DBCA	34_1	140	81.6488624915277
471.428571428571	766.666666666667	77.6944512096564	0	77.6944512096564	DBCA	34_1	210	76.5564167920449
471.428571428571	800	78.7760003587636	0	78.7760003587636	DBCA	34_1	70	83.4142876962841
471.428571428571	833.333333333333	79.942031733821	0	79.942031733821	DBCA	34_2	280	68.3893882235571
471.428571428571	866.666666666667	80.2330331035006	0	80.2330331035006	DBCA	34_2	0	80.2330331035006
471.428571428571	900	76.2411738291059	0	76.2411738291059	DBCA	34_2	140	80.500116360756
471.428571428571	933.333333333333	78.3092894214896	0	78.3092894214896	DBCA	34_2	70	82.9475767590101
471.428571428571	966.666666666667	77.2345786297549	0	77.2345786297549	DBCA	34_2	210	76.0965442121434
485.714285714286	666.666666666667	76.1802198762035	0	76.1802198762035	DBCA	35_1	0	76.1802198762035
485.714285714286	700	80.589178152704	0	80.589178152704	DBCA	35_1	210	79.4511437350925
485.714285714286	733.333333333333	77.5386554197221	0	77.5386554197221	DBCA	35_1	140	81.7975979513722
485.714285714286	766.666666666667	76.6065004232396	0	76.6065004232396	DBCA	35_1	280	65.0538569129756
485.714285714286	800	76.9919458343994	0	76.9919458343994	DBCA	35_1	70	81.6302331719199
485.714285714286	833.333333333333	80.3387027267589	0	80.3387027267589	DBCA	35_2	210	79.2006683091474
485.714285714286	866.666666666667	79.9202998581248	0	79.9202998581248	DBCA	35_2	0	79.9202998581248
485.714285714286	900	78.6879408847109	0	78.6879408847109	DBCA	35_2	70	83.3262282222314
485.714285714286	933.333333333333	76.6291025188785	0	76.6291025188785	DBCA	35_2	140	80.8880450505286
485.714285714286	966.666666666667	75.3303237901566	0	75.3303237901566	DBCA	35_2	280	63.7776802798926
500	666.666666666667	75.1881107209162	0	75.1881107209162	DBCA	36_1	70	79.8263980584367
500	700	80.8989723641578	0	80.8989723641578	DBCA	36_1	280	69.3463288538939
500	733.333333333333	82.2734206730019	0	82.2734206730019	DBCA	36_1	210	81.1353862553904
500	766.666666666667	80.2041913671515	0	80.2041913671515	DBCA	36_1	140	84.4631338988015
500	800	77.7504391199539	0	77.7504391199539	DBCA	36_1	0	77.7504391199539
500	833.333333333333	81.6205302954994	0	81.6205302954994	DBCA	36_2	70	86.2588176330199
500	866.666666666667	78.8898451708057	0	78.8898451708057	DBCA	36_2	140	83.1487877024557
500	900	74.0675359543814	0	74.0675359543814	DBCA	36_2	210	72.9295015367699
500	933.333333333333	77.7473343054284	0	77.7473343054284	DBCA	36_2	0	77.7473343054284
500	966.666666666667	76.6411338606667	0	76.6411338606667	DBCA	36_2	280	65.0884903504027
514.285714285714	666.666666666667	76.2226480215002	24.6	100.8226480215	DBCA	37_1	70	111.315735359021
514.285714285714	700	79.581178277277	24.6	104.181178277277	DBCA	37_1	140	120.149720808927
514.285714285714	733.333333333333	80.0968163644787	24.6	104.696816364479	DBCA	37_1	0	104.696816364479
514.285714285714	766.666666666667	81.8960186550926	24.6	106.496018655093	DBCA	37_1	210	122.922384237481
514.285714285714	800	78.164974110447	24.6	102.764974110447	DBCA	37_1	280	114.631530600183
514.285714285714	833.333333333333	79.4639534075782	24.6	104.063953407578	DBCA	37_2	210	120.490318989967
514.285714285714	866.666666666667	79.2473862582385	24.6	103.847386258239	DBCA	37_2	0	103.847386258239
514.285714285714	900	76.1214451526354	24.6	100.721445152635	DBCA	37_2	280	112.588001642371
514.285714285714	933.333333333333	72.9970058332164	24.6	97.5970058332164	DBCA	37_2	70	108.090093170737
514.285714285714	966.666666666667	74.2417943551637	24.6	98.8417943551637	DBCA	37_2	140	114.810336886814
528.571428571429	666.666666666667	77.2935788601847	24.6	101.893578860185	DBCA	38_1	140	117.862121391835
528.571428571429	700	74.904115192885	24.6	99.504115192885	DBCA	38_1	280	111.370671682621
528.571428571429	733.333333333333	79.7069900333936	24.6	104.306990033394	DBCA	38_1	210	120.733355615782
528.571428571429	766.666666666667	79.8953637249074	24.6	104.495363724907	DBCA	38_1	0	104.495363724907
528.571428571429	800	78.806399983295	24.6	103.406399983295	DBCA	38_1	70	113.899487320815
528.571428571429	833.333333333333	79.0671562768667	24.6	103.667156276867	DBCA	38_2	70	114.160243614387
528.571428571429	866.666666666667	82.7030983928988	24.6	107.303098392899	DBCA	38_2	210	123.729463975287
528.571428571429	900	77.8997445631981	24.6	102.499744563198	DBCA	38_2	0	102.499744563198
528.571428571429	933.333333333333	72.1612763601341	24.6	96.7612763601341	DBCA	38_2	140	112.729818891784
528.571428571429	966.666666666667	76.4866359390508	24.6	101.086635939051	DBCA	38_2	280	112.953192428787
542.857142857143	666.666666666667	77.8732357218793	24.6	102.473235721879	DBCA	39_1	280	114.339792211615
542.857142857143	700	78.6155920914258	24.6	103.215592091426	DBCA	39_1	0	103.215592091426
542.857142857143	733.333333333333	78.4840051838536	24.6	103.084005183854	DBCA	39_1	140	119.052547715504
542.857142857143	766.666666666667	77.4603319511468	24.6	102.060331951147	DBCA	39_1	210	118.486697533535
542.857142857143	800	79.6645384835231	24.6	104.264538483523	DBCA	39_1	70	114.757625821044
542.857142857143	833.333333333333	77.7806600614807	24.6	102.380660061481	DBCA	39_2	70	112.873747399001
542.857142857143	866.666666666667	81.8845514360687	24.6	106.484551436069	DBCA	39_2	140	122.453093967719
542.857142857143	900	76.0749543925385	24.6	100.674954392538	DBCA	39_2	210	117.101319974927
542.857142857143	933.333333333333	74.9081955483854	24.6	99.5081955483854	DBCA	39_2	0	99.5081955483854
542.857142857143	966.666666666667	77.2218659216471	24.6	101.821865921647	DBCA	39_2	280	113.688422411383
42.8571428571429	666.666666666667	79.4250540919684	0	79.4250540919684	DBCA	4_1	0	79.4250540919684
42.8571428571429	700	77.3761987931349	0	77.3761987931349	DBCA	4_1	280	65.8235552828709
42.8571428571429	733.333333333333	77.4662204245522	0	77.4662204245522	DBCA	4_1	70	82.1045077620727
42.8571428571429	766.666666666667	78.5950068245068	0	78.5950068245068	DBCA	4_1	140	82.8539493561569
42.8571428571429	800	85.413100804193	0	85.413100804193	DBCA	4_1	210	84.2750663865815
42.8571428571429	833.333333333333	81.1498703887599	0	81.1498703887599	DBCA	4_2	140	85.4088129204099
42.8571428571429	866.666666666667	79.5338713939799	0	79.5338713939799	DBCA	4_2	0	79.5338713939799
42.8571428571429	900	77.7805263298063	0	77.7805263298063	DBCA	4_2	70	82.4188136673268
42.8571428571429	933.333333333333	74.7525654303013	0	74.7525654303013	DBCA	4_2	280	63.1999219200373
42.8571428571429	966.666666666667	76.1818148086526	0	76.1818148086526	DBCA	4_2	210	75.0437803910411
557.142857142857	666.666666666667	77.5336648244638	24.6	102.133664824464	DBCA	40_1	210	118.560030406852
557.142857142857	700	78.1766301123619	24.6	102.776630112362	DBCA	40_1	280	114.643186602098
557.142857142857	733.333333333333	80.3361051863386	24.6	104.936105186339	DBCA	40_1	0	104.936105186339
557.142857142857	766.666666666667	79.4309338484009	24.6	104.030933848401	DBCA	40_1	70	114.524021185921
557.142857142857	800	79.4685317212749	24.6	104.068531721275	DBCA	40_1	140	120.037074252925
557.142857142857	833.333333333333	81.3508185872993	24.6	105.950818587299	DBCA	40_2	140	121.919361118949
557.142857142857	866.666666666667	82.3862956254939	24.6	106.986295625494	DBCA	40_2	280	118.85285211523
557.142857142857	900	75.9623472615868	24.6	100.562347261587	DBCA	40_2	210	116.988712843975
557.142857142857	933.333333333333	77.5582008470041	24.6	102.158200847004	DBCA	40_2	70	112.651288184525
557.142857142857	966.666666666667	78.1839798075658	24.6	102.783979807566	DBCA	40_2	0	102.783979807566
571.428571428571	666.666666666667	74.9923031137275	24.6	99.5923031137275	DBCA	41_1	210	116.018668696116
571.428571428571	700	79.4174130838022	24.6	104.017413083802	DBCA	41_1	280	115.883969573538
571.428571428571	733.333333333333	78.8730349640763	24.6	103.473034964076	DBCA	41_1	140	119.441577495726
571.428571428571	766.666666666667	79.0974116741282	24.6	103.697411674128	DBCA	41_1	70	114.190499011649
571.428571428571	800	81.1012460302131	24.6	105.701246030213	DBCA	41_1	0	105.701246030213
571.428571428571	833.333333333333	78.7062066357317	24.6	103.306206635732	DBCA	41_2	210	119.73257221812
571.428571428571	866.666666666667	79.0776368136343	24.6	103.677636813634	DBCA	41_2	280	115.54419330337
571.428571428571	900	77.5932833292959	24.6	102.193283329296	DBCA	41_2	0	102.193283329296
571.428571428571	933.333333333333	76.7984050349081	24.6	101.398405034908	DBCA	41_2	70	111.891492372429
571.428571428571	966.666666666667	79.6445955749207	24.6	104.244595574921	DBCA	41_2	140	120.213138106571
585.714285714286	666.666666666667	73.5873825442015	24.6	98.1873825442015	DBCA	42_1	70	108.680469881722
585.714285714286	700	80.7264328869464	24.6	105.326432886946	DBCA	42_1	280	117.192989376682
585.714285714286	733.333333333333	77.374407967208	24.6	101.974407967208	DBCA	42_1	210	118.400773549596
585.714285714286	766.666666666667	80.0505070366791	24.6	104.650507036679	DBCA	42_1	0	104.650507036679
585.714285714286	800	82.8511552406882	24.6	107.451155240688	DBCA	42_1	140	123.419697772338
585.714285714286	833.333333333333	80.2361302998677	24.6	104.836130299868	DBCA	42_2	280	116.702686789604
585.714285714286	866.666666666667	79.4671368228613	24.6	104.067136822861	DBCA	42_2	210	120.49350240525
585.714285714286	900	78.5467985860947	24.6	103.146798586095	DBCA	42_2	0	103.146798586095
585.714285714286	933.333333333333	80.1225905585228	24.6	104.722590558523	DBCA	42_2	70	115.215677896043
585.714285714286	966.666666666667	79.3996064936087	24.6	103.999606493609	DBCA	42_2	140	119.968149025259
600	666.666666666667	76.0013521628059	24.6	100.601352162806	DBCA	43_1	210	117.027717745194
600	700	80.2587469551309	24.6	104.858746955131	DBCA	43_1	140	120.827289486781
600	733.333333333333	76.7495248527811	24.6	101.349524852781	DBCA	43_1	280	113.216081342517
600	766.666666666667	80.9445693480078	24.6	105.544569348008	DBCA	43_1	0	105.544569348008
600	800	86.3638148138041	24.6	110.963814813804	DBCA	43_1	70	121.456902151325
600	833.333333333333	82.8445865033152	24.6	107.444586503315	DBCA	43_2	210	123.870952085704
600	866.666666666667	78.4012803338441	24.6	103.001280333844	DBCA	43_2	140	118.969822865494
600	900	77.2293047014697	24.6	101.82930470147	DBCA	43_2	280	113.695861191206
600	933.333333333333	79.4732684289373	24.6	104.073268428937	DBCA	43_2	0	104.073268428937
600	966.666666666667	81.1760346273734	24.6	105.776034627373	DBCA	43_2	70	116.269121964894
614.285714285714	666.666666666667	76.476476073902	24.6	101.076476073902	DBCA	44_1	210	117.502841656291
614.285714285714	700	79.4787368924255	24.6	104.078736892425	DBCA	44_1	0	104.078736892425
614.285714285714	733.333333333333	78.8306745139125	24.6	103.430674513913	DBCA	44_1	70	113.923761851433
614.285714285714	766.666666666667	83.4994506615425	24.6	108.099450661542	DBCA	44_1	280	119.966007151279
614.285714285714	800	81.6488201116214	24.6	106.248820111621	DBCA	44_1	140	122.217362643271
614.285714285714	833.333333333333	82.7143490653838	24.6	107.314349065384	DBCA	44_2	280	119.18090555512
614.285714285714	866.666666666667	80.3860283644355	24.6	104.986028364435	DBCA	44_2	70	115.479115701956
614.285714285714	900	81.4515521239724	24.6	106.051552123972	DBCA	44_2	140	122.020094655622
614.285714285714	933.333333333333	78.7604665508745	24.6	103.360466550875	DBCA	44_2	0	103.360466550875
614.285714285714	966.666666666667	82.1392208132521	24.6	106.739220813252	DBCA	44_2	210	123.165586395641
628.571428571429	666.666666666667	80.1193672675155	24.6	104.719367267515	DBCA	45_1	70	115.212454605036
628.571428571429	700	78.1668430312933	24.6	102.766843031293	DBCA	45_1	140	118.735385562943
628.571428571429	733.333333333333	79.6474416273793	24.6	104.247441627379	DBCA	45_1	210	120.673807209768
628.571428571429	766.666666666667	79.1221032670729	24.6	103.722103267073	DBCA	45_1	0	103.722103267073
628.571428571429	800	81.7844995336258	24.6	106.384499533626	DBCA	45_1	280	118.251056023362
628.571428571429	833.333333333333	85.1724909700217	24.6	109.772490970022	DBCA	45_2	210	126.19885655241
628.571428571429	866.666666666667	80.9465760767829	24.6	105.546576076783	DBCA	45_2	0	105.546576076783
628.571428571429	900	80.8140273456503	24.6	105.41402734565	DBCA	45_2	140	121.3825698773
628.571428571429	933.333333333333	83.483474301015	24.6	108.083474301015	DBCA	45_2	70	118.576561638536
628.571428571429	966.666666666667	81.9786512858395	24.6	106.578651285839	DBCA	45_2	280	118.445207775575
642.857142857143	666.666666666667	81.2921166809736	24.6	105.892116680974	DBCA	46_1	280	117.75867317071
642.857142857143	700	78.6063859968247	24.6	103.206385996825	DBCA	46_1	70	113.699473334345
642.857142857143	733.333333333333	77.1230451608335	24.6	101.723045160834	DBCA	46_1	0	101.723045160834
642.857142857143	766.666666666667	78.0408486554335	24.6	102.640848655433	DBCA	46_1	210	119.067214237822
642.857142857143	800	82.0751646940312	24.6	106.675164694031	DBCA	46_1	140	122.643707225681
642.857142857143	833.333333333333	84.1861113615601	24.6	108.78611136156	DBCA	46_2	210	125.212476943949
642.857142857143	866.666666666667	80.5083326159379	24.6	105.108332615938	DBCA	46_2	140	121.076875147588
642.857142857143	900	80.5538194701156	24.6	105.153819470116	DBCA	46_2	280	117.020375959852
642.857142857143	933.333333333333	80.5699120507184	24.6	105.169912050718	DBCA	46_2	0	105.169912050718
642.857142857143	966.666666666667	82.1170026122657	24.6	106.717002612266	DBCA	46_2	70	117.210089949786
657.142857142857	666.666666666667	80.339525724524	24.6	104.939525724524	DBCA	47_1	280	116.80608221426
657.142857142857	700	78.1596951672504	24.6	102.75969516725	DBCA	47_1	210	119.186060749639
657.142857142857	733.333333333333	79.3032754127424	24.6	103.903275412742	DBCA	47_1	0	103.903275412742
657.142857142857	766.666666666667	78.7790570362582	24.6	103.379057036258	DBCA	47_1	140	119.347599567908
657.142857142857	800	79.1102018658298	24.6	103.71020186583	DBCA	47_1	70	114.20328920335
657.142857142857	833.333333333333	86.5608998822383	24.6	111.160899882238	DBCA	47_2	70	121.653987219759
657.142857142857	866.666666666667	79.2294851621306	24.6	103.829485162131	DBCA	47_2	280	115.696041651867
657.142857142857	900	83.3797193530314	24.6	107.979719353031	DBCA	47_2	140	123.948261884681
657.142857142857	933.333333333333	79.977166384644	24.6	104.577166384644	DBCA	47_2	0	104.577166384644
657.142857142857	966.666666666667	80.0551856324567	24.6	104.655185632457	DBCA	47_2	210	121.081551214845
671.428571428571	666.666666666667	81.2581223122021	24.6	105.858122312202	DBCA	48_1	70	116.351209649723
671.428571428571	700	78.9346716262158	24.6	103.534671626216	DBCA	48_1	280	115.401228115952
671.428571428571	733.333333333333	83.973788242267	24.6	108.573788242267	DBCA	48_1	0	108.573788242267
671.428571428571	766.666666666667	79.9684532728042	24.6	104.568453272804	DBCA	48_1	140	120.536995804454
671.428571428571	800	79.6629752288184	24.6	104.262975228818	DBCA	48_1	210	120.689340811207
671.428571428571	833.333333333333	83.829526095021	24.6	108.429526095021	DBCA	48_2	140	124.398068626671
671.428571428571	866.666666666667	84.4203259672746	24.6	109.020325967275	DBCA	48_2	210	125.446691549663
671.428571428571	900	83.311581895302	24.6	107.911581895302	DBCA	48_2	70	118.404669232822
671.428571428571	933.333333333333	81.9242813657873	24.6	106.524281365787	DBCA	48_2	0	106.524281365787
671.428571428571	966.666666666667	83.294710079298	24.6	107.894710079298	DBCA	48_2	280	119.761266569034
685.714285714286	666.666666666667	82.5472265275419	24.6	107.147226527542	DBCA	49_1	280	119.013783017278
685.714285714286	700	78.5749060022922	24.6	103.174906002292	DBCA	49_1	140	119.143448533942
685.714285714286	733.333333333333	83.9717634828485	24.6	108.571763482848	DBCA	49_1	210	124.998129065237
685.714285714286	766.666666666667	80.0112393083408	24.6	104.611239308341	DBCA	49_1	70	115.104326645861
685.714285714286	800	82.5140962392219	24.6	107.114096239222	DBCA	49_1	0	107.114096239222
685.714285714286	833.333333333333	80.9980948714455	24.6	105.598094871445	DBCA	49_2	210	122.024460453834
685.714285714286	866.666666666667	80.7770255227953	24.6	105.377025522795	DBCA	49_2	70	115.870112860316
685.714285714286	900	84.1211097207824	24.6	108.721109720782	DBCA	49_2	0	108.721109720782
685.714285714286	933.333333333333	83.928131563392	24.6	108.528131563392	DBCA	49_2	140	124.496674095042
685.714285714286	966.666666666667	83.8009321452108	24.6	108.400932145211	DBCA	49_2	280	120.267488634947
57.1428571428571	666.666666666667	79.7015857672538	0	79.7015857672538	DBCA	5_1	0	79.7015857672538
57.1428571428571	700	81.5912889010992	0	81.5912889010992	DBCA	5_1	210	80.4532544834877
57.1428571428571	733.333333333333	78.1569339381196	0	78.1569339381196	DBCA	5_1	280	66.6042904278556
57.1428571428571	766.666666666667	79.4560632689922	0	79.4560632689922	DBCA	5_1	140	83.7150058006423
57.1428571428571	800	81.9293610400357	0	81.9293610400357	DBCA	5_1	70	86.5676483775562
57.1428571428571	833.333333333333	84.9353809857934	0	84.9353809857934	DBCA	5_2	280	73.3827374755294
57.1428571428571	866.666666666667	80.3036049274097	0	80.3036049274097	DBCA	5_2	70	84.9418922649302
57.1428571428571	900	76.7724068341845	0	76.7724068341845	DBCA	5_2	0	76.7724068341845
57.1428571428571	933.333333333333	74.4771312685488	0	74.4771312685488	DBCA	5_2	210	73.3390968509373
57.1428571428571	966.666666666667	81.0794316453529	0	81.0794316453529	DBCA	5_2	140	85.3383741770029
700	666.666666666667	84.6689647599659	24.6	109.268964759966	DBCA	50_1	280	121.135521249702
700	700	84.2981812935019	24.6	108.898181293502	DBCA	50_1	70	119.391268631022
700	733.333333333333	82.3344299843364	24.6	106.934429984336	DBCA	50_1	140	122.902972515986
700	766.666666666667	78.7935749872087	24.6	103.393574987209	DBCA	50_1	0	103.393574987209
700	800	81.7214975291013	24.6	106.321497529101	DBCA	50_1	210	122.74786311149
700	833.333333333333	77.1152223022412	24.6	101.715222302241	DBCA	50_2	140	117.683764833891
700	866.666666666667	80.2480094007277	24.6	104.848009400728	DBCA	50_2	280	116.714565890464
700	900	79.1102873915671	24.6	103.710287391567	DBCA	50_2	70	114.203374729088
700	933.333333333333	77.0793144137849	24.6	101.679314413785	DBCA	50_2	210	118.105679996173
700	966.666666666667	79.1842230170243	24.6	103.784223017024	DBCA	50_2	0	103.784223017024
714.285714285714	666.666666666667	83.137175622239	24.6	107.737175622239	DBCA	51_1	0	107.737175622239
714.285714285714	700	85.9551001957681	24.6	110.555100195768	DBCA	51_1	70	121.048187533289
714.285714285714	733.333333333333	83.8615408789734	24.6	108.461540878973	DBCA	51_1	280	120.328097368709
714.285714285714	766.666666666667	79.7147263790368	24.6	104.314726379037	DBCA	51_1	140	120.283268910687
714.285714285714	800	79.4860976524632	24.6	104.086097652463	DBCA	51_1	210	120.512463234852
714.285714285714	833.333333333333	78.953349264039	24.6	103.553349264039	DBCA	51_2	140	119.521891795689
714.285714285714	866.666666666667	83.744325465122	24.6	108.344325465122	DBCA	51_2	210	124.77069104751
714.285714285714	900	80.8198509860188	24.6	105.419850986019	DBCA	51_2	280	117.286407475755
714.285714285714	933.333333333333	83.3249932027398	24.6	107.92499320274	DBCA	51_2	70	118.41808054026
714.285714285714	966.666666666667	80.7604577360339	24.6	105.360457736034	DBCA	51_2	0	105.360457736034
728.571428571429	666.666666666667	81.9554349095565	24.6	106.555434909556	DBCA	52_1	210	122.981800491945
728.571428571429	700	82.6515448096175	24.6	107.251544809617	DBCA	52_1	0	107.251544809617
728.571428571429	733.333333333333	84.3738462301319	24.6	108.973846230132	DBCA	52_1	70	119.466933567652
728.571428571429	766.666666666667	81.5944852983152	24.6	106.194485298315	DBCA	52_1	280	118.061041788051
728.571428571429	800	77.9783665616097	24.6	102.57836656161	DBCA	52_1	140	118.54690909326
728.571428571429	833.333333333333	80.6108021259588	24.6	105.210802125959	DBCA	52_2	70	115.703889463479
728.571428571429	866.666666666667	81.0271946728549	24.6	105.627194672855	DBCA	52_2	0	105.627194672855
728.571428571429	900	79.6467418859222	24.6	104.246741885922	DBCA	52_2	280	116.113298375658
728.571428571429	933.333333333333	81.9873017703078	24.6	106.587301770308	DBCA	52_2	210	123.013667352696
728.571428571429	966.666666666667	79.1037770708444	24.6	103.703777070844	DBCA	52_2	140	119.672319602494
742.857142857143	666.666666666667	80.1180980221305	24.6	104.71809802213	DBCA	53_1	70	115.211185359651
742.857142857143	700	82.7745952669922	24.6	107.374595266992	DBCA	53_1	280	119.241151756728
742.857142857143	733.333333333333	81.2049791692041	24.6	105.804979169204	DBCA	53_1	210	122.231344751593
742.857142857143	766.666666666667	77.3548570258524	24.6	101.954857025852	DBCA	53_1	0	101.954857025852
742.857142857143	800	77.7427286286276	24.6	102.342728628628	DBCA	53_1	140	118.311271160278
742.857142857143	833.333333333333	76.6278444041778	24.6	101.227844404178	DBCA	53_2	140	117.196386935828
742.857142857143	866.666666666667	79.7299236903434	24.6	104.329923690343	DBCA	53_2	70	114.823011027864
742.857142857143	900	84.8364949808403	24.6	109.43649498084	DBCA	53_2	0	109.43649498084
742.857142857143	933.333333333333	84.0562524878585	24.6	108.656252487858	DBCA	53_2	280	120.522808977595
742.857142857143	966.666666666667	80.5870122157669	24.6	105.187012215767	DBCA	53_2	210	121.613377798155
757.142857142857	666.666666666667	79.722303964145	24.6	104.322303964145	DBCA	54_1	280	116.188860453881
757.142857142857	700	81.6151310342301	24.6	106.21513103423	DBCA	54_1	0	106.21513103423
757.142857142857	733.333333333333	79.9624851490262	24.6	104.562485149026	DBCA	54_1	140	120.531027680676
757.142857142857	766.666666666667	77.3133236084948	24.6	101.913323608495	DBCA	54_1	210	118.339689190883
757.142857142857	800	78.054993082562	24.6	102.654993082562	DBCA	54_1	70	113.148080420082
757.142857142857	833.333333333333	75.7701830969634	24.6	100.370183096963	DBCA	54_2	210	116.796548679352
757.142857142857	866.666666666667	77.240057568027	24.6	101.840057568027	DBCA	54_2	280	113.706614057763
757.142857142857	900	83.8585162261015	24.6	108.458516226102	DBCA	54_2	70	118.951603563622
757.142857142857	933.333333333333	82.4908682413761	24.6	107.090868241376	DBCA	54_2	0	107.090868241376
757.142857142857	966.666666666667	78.8483740882354	24.6	103.448374088235	DBCA	54_2	140	119.416916619885
771.428571428571	666.666666666667	79.0133147476114	24.6	103.613314747611	DBCA	55_1	280	115.479871237347
771.428571428571	700	80.5745357060048	24.6	105.174535706005	DBCA	55_1	210	121.600901288393
771.428571428571	733.333333333333	76.4155507019819	24.6	101.015550701982	DBCA	55_1	70	111.508638039502
771.428571428571	766.666666666667	81.8323056011246	24.6	106.432305601125	DBCA	55_1	0	106.432305601125
771.428571428571	800	78.788471249732	24.6	103.388471249732	DBCA	55_1	140	119.357013781382
771.428571428571	833.333333333333	74.960516543127	24.6	99.560516543127	DBCA	55_2	70	110.053603880648
771.428571428571	866.666666666667	79.7696165984274	24.6	104.369616598427	DBCA	55_2	210	120.795982180816
771.428571428571	900	85.4718682300531	24.6	110.071868230053	DBCA	55_2	140	126.040410761703
771.428571428571	933.333333333333	80.1420111218606	24.6	104.742011121861	DBCA	55_2	0	104.742011121861
771.428571428571	966.666666666667	77.8907150177378	24.6	102.490715017738	DBCA	55_2	280	114.357271507474
785.714285714286	666.666666666667	81.1686514010733	24.6	105.768651401073	DBCA	56_1	210	122.195016983462
785.714285714286	700	79.3478899928213	24.6	103.947889992821	DBCA	56_1	140	119.916432524471
785.714285714286	733.333333333333	78.4697422985806	24.6	103.069742298581	DBCA	56_1	280	114.936298788317
785.714285714286	766.666666666667	81.8805724046822	24.6	106.480572404682	DBCA	56_1	0	106.480572404682
785.714285714286	800	79.1780171532255	24.6	103.778017153226	DBCA	56_1	70	114.271104490746
785.714285714286	833.333333333333	77.3519809588887	24.6	101.951980958889	DBCA	56_2	140	117.920523490539
785.714285714286	866.666666666667	78.4718275360127	24.6	103.071827536013	DBCA	56_2	70	113.564914873533
785.714285714286	900	75.4559825557912	24.6	100.055982555791	DBCA	56_2	280	111.922539045527
785.714285714286	933.333333333333	81.0801034192237	24.6	105.680103419224	DBCA	56_2	210	122.106469001612
785.714285714286	966.666666666667	80.0164000385672	24.6	104.616400038567	DBCA	56_2	0	104.616400038567
800	666.666666666667	81.9573008604891	24.6	106.557300860489	DBCA	57_1	280	118.423857350225
800	700	79.1851250128746	24.6	103.785125012875	DBCA	57_1	70	114.278212350395
800	733.333333333333	81.3674958125495	24.6	105.967495812549	DBCA	57_1	0	105.967495812549
800	766.666666666667	80.4604309743164	24.6	105.060430974316	DBCA	57_1	140	121.028973505966
800	800	79.5551828458627	24.6	104.155182845863	DBCA	57_1	210	120.581548428251
800	833.333333333333	78.2856482029183	24.6	102.885648202918	DBCA	57_2	140	118.854190734568
800	866.666666666667	78.0753817066053	24.6	102.675381706605	DBCA	57_2	210	119.101747288994
800	900	77.6131157024169	24.6	102.213115702417	DBCA	57_2	0	102.213115702417
800	933.333333333333	81.1809754156134	24.6	105.780975415613	DBCA	57_2	280	117.647531905349
800	966.666666666667	80.7222874668651	24.6	105.322287466865	DBCA	57_2	70	115.815374804386
814.285714285714	666.666666666667	81.0327458469861	24.6	105.632745846986	DBCA	58_1	210	122.059111429375
814.285714285714	700	81.2700285749485	24.6	105.870028574948	DBCA	58_1	70	116.363115912469
814.285714285714	733.333333333333	81.2908356880605	24.6	105.890835688061	DBCA	58_1	140	121.859378219711
814.285714285714	766.666666666667	85.0498703812674	24.6	109.649870381267	DBCA	58_1	0	109.649870381267
814.285714285714	800	81.1317052926935	24.6	105.731705292693	DBCA	58_1	280	117.59826178243
814.285714285714	833.333333333333	78.4116819406645	24.6	103.011681940665	DBCA	58_2	210	119.438047523053
814.285714285714	866.666666666667	77.343824531978	24.6	101.943824531978	DBCA	58_2	280	113.810381021714
814.285714285714	900	80.6464499514563	24.6	105.246449951456	DBCA	58_2	0	105.246449951456
814.285714285714	933.333333333333	77.016573829189	24.6	101.616573829189	DBCA	58_2	140	117.585116360839
814.285714285714	966.666666666667	80.3991946958728	24.6	104.999194695873	DBCA	58_2	70	115.492282033393
828.571428571429	666.666666666667	77.2199310035039	24.6	101.819931003504	DBCA	59_1	210	118.246296585892
828.571428571429	700	81.2909169681489	24.6	105.890916968149	DBCA	59_1	0	105.890916968149
828.571428571429	733.333333333333	86.1928480328186	24.6	110.792848032819	DBCA	59_1	70	121.285935370339
828.571428571429	766.666666666667	84.8299879936066	24.6	109.429987993607	DBCA	59_1	140	125.398530525257
828.571428571429	800	80.5227099316745	24.6	105.122709931674	DBCA	59_1	280	116.989266421411
828.571428571429	833.333333333333	79.4727514807969	24.6	104.072751480797	DBCA	59_2	280	115.939307970533
828.571428571429	866.666666666667	78.118056653867	24.6	102.718056653867	DBCA	59_2	210	119.144422236256
828.571428571429	900	79.2687167529461	24.6	103.868716752946	DBCA	59_2	0	103.868716752946
828.571428571429	933.333333333333	80.449480351221	24.6	105.049480351221	DBCA	59_2	70	115.542567688741
828.571428571429	966.666666666667	80.0707617619317	24.6	104.670761761932	DBCA	59_2	140	120.639304293582
71.4285714285714	666.666666666667	79.3331232242532	0	79.3331232242532	DBCA	6_1	0	79.3331232242532
71.4285714285714	700	77.2626242150041	0	77.2626242150041	DBCA	6_1	140	81.5215667466541
71.4285714285714	733.333333333333	75.8236976981967	0	75.8236976981967	DBCA	6_1	210	74.6856632805852
71.4285714285714	766.666666666667	78.3841086654898	0	78.3841086654898	DBCA	6_1	70	83.0223960030103
71.4285714285714	800	79.6378688404117	0	79.6378688404117	DBCA	6_1	280	68.0852253301477
71.4285714285714	833.333333333333	80.9865963192916	0	80.9865963192916	DBCA	6_2	70	85.6248836568121
71.4285714285714	866.666666666667	84.0817999767557	0	84.0817999767557	DBCA	6_2	210	82.9437655591443
71.4285714285714	900	78.7392584587464	0	78.7392584587464	DBCA	6_2	0	78.7392584587464
71.4285714285714	933.333333333333	76.0072957600538	0	76.0072957600538	DBCA	6_2	140	80.2662382917038
71.4285714285714	966.666666666667	77.9323732243058	0	77.9323732243058	DBCA	6_2	280	66.3797297140419
842.857142857143	666.666666666667	80.2375116664271	24.6	104.837511666427	DBCA	60_1	0	104.837511666427
842.857142857143	700	81.7975811312614	24.6	106.397581131261	DBCA	60_1	280	118.264137620997
842.857142857143	733.333333333333	83.3948848186845	24.6	107.994884818684	DBCA	60_1	140	123.963427350334
842.857142857143	766.666666666667	81.412378413256	24.6	106.012378413256	DBCA	60_1	70	116.505465750777
842.857142857143	800	82.1287947383878	24.6	106.728794738388	DBCA	60_1	210	123.155160320776
842.857142857143	833.333333333333	79.5759827481315	24.6	104.175982748131	DBCA	60_2	70	114.669070085652
842.857142857143	866.666666666667	78.154430178538	24.6	102.754430178538	DBCA	60_2	280	114.620986668274
842.857142857143	900	81.1301398806939	24.6	105.730139880694	DBCA	60_2	210	122.156505463082
842.857142857143	933.333333333333	83.9107404477646	24.6	108.510740447765	DBCA	60_2	0	108.510740447765
842.857142857143	966.666666666667	79.3160066552039	24.6	103.916006655204	DBCA	60_2	140	119.884549186854
857.142857142857	666.666666666667	81.4764734864802	24.6	106.07647348648	DBCA	61_1	0	106.07647348648
857.142857142857	700	81.5177902540235	24.6	106.117790254024	DBCA	61_1	70	116.610877591544
857.142857142857	733.333333333333	84.4701001235757	24.6	109.070100123576	DBCA	61_1	140	125.038642655226
857.142857142857	766.666666666667	85.4986230783818	24.6	110.098623078382	DBCA	61_1	280	121.965179568118
857.142857142857	800	82.0670448215915	24.6	106.667044821591	DBCA	61_1	210	123.09341040398
857.142857142857	833.333333333333	78.3974419377664	24.6	102.997441937766	DBCA	61_2	0	102.997441937766
857.142857142857	866.666666666667	76.4228775106062	24.6	101.022877510606	DBCA	61_2	140	116.991420042256
857.142857142857	900	81.9023955981619	24.6	106.502395598162	DBCA	61_2	280	118.368952087898
857.142857142857	933.333333333333	82.7532760398822	24.6	107.353276039882	DBCA	61_2	210	123.779641622271
857.142857142857	966.666666666667	80.5610950932157	24.6	105.161095093216	DBCA	61_2	70	115.654182430736
871.428571428571	666.666666666667	78.6745875415526	24.6	103.274587541553	DBCA	62_1	70	113.767674879073
871.428571428571	700	82.1906282193938	24.6	106.790628219394	DBCA	62_1	210	123.216993801782
871.428571428571	733.333333333333	83.6748292138311	24.6	108.274829213831	DBCA	62_1	0	108.274829213831
871.428571428571	766.666666666667	86.0581206483671	24.6	110.658120648367	DBCA	62_1	140	126.626663180017
871.428571428571	800	82.9817397087373	24.6	107.581739708737	DBCA	62_1	280	119.448296198473
871.428571428571	833.333333333333	78.3416773605792	24.6	102.941677360579	DBCA	62_2	0	102.941677360579
871.428571428571	866.666666666667	78.1905243634597	24.6	102.79052436346	DBCA	62_2	140	118.75906689511
871.428571428571	900	77.7785707548104	24.6	102.37857075481	DBCA	62_2	280	114.245127244546
871.428571428571	933.333333333333	84.3408187760323	24.6	108.940818776032	DBCA	62_2	70	119.433906113553
871.428571428571	966.666666666667	81.4809726552343	24.6	106.080972655234	DBCA	62_2	210	122.507338237623
885.714285714286	666.666666666667	81.0083138480078	24.6	105.608313848008	DBCA	63_1	70	116.101401185528
885.714285714286	700	83.208199348763	24.6	107.808199348763	DBCA	63_1	280	119.674755838499
885.714285714286	733.333333333333	85.1789015719101	24.6	109.77890157191	DBCA	63_1	140	125.74744410356
885.714285714286	766.666666666667	84.3824534790744	24.6	108.982453479074	DBCA	63_1	210	125.408819061463
885.714285714286	800	82.1746331545942	24.6	106.774633154594	DBCA	63_1	0	106.774633154594
885.714285714286	833.333333333333	79.6162414666375	24.6	104.216241466637	DBCA	63_2	0	104.216241466637
885.714285714286	866.666666666667	76.8625398155246	24.6	101.462539815525	DBCA	63_2	210	117.888905397913
885.714285714286	900	81.5913181376964	24.6	106.191318137696	DBCA	63_2	280	118.057874627432
885.714285714286	933.333333333333	81.3427297931694	24.6	105.942729793169	DBCA	63_2	70	116.43581713069
885.714285714286	966.666666666667	82.7011735855174	24.6	107.301173585517	DBCA	63_2	140	123.269716117167
900	666.666666666667	81.4976151954088	24.6	106.097615195409	DBCA	64_1	280	117.964171685145
900	700	83.1254818817951	24.6	107.725481881795	DBCA	64_1	70	118.218569219316
900	733.333333333333	82.7037937554618	24.6	107.303793755462	DBCA	64_1	210	123.73015933785
900	766.666666666667	87.5267372771956	24.6	112.126737277196	DBCA	64_1	140	128.095279808846
900	800	80.2028074126388	24.6	104.802807412639	DBCA	64_1	0	104.802807412639
900	833.333333333333	80.9415767569966	24.6	105.541576756997	DBCA	64_2	0	105.541576756997
900	866.666666666667	77.9736558146391	24.6	102.573655814639	DBCA	64_2	140	118.542198346289
900	900	80.5782092099377	24.6	105.178209209938	DBCA	64_2	280	117.044765699674
900	933.333333333333	79.3244379820763	24.6	103.924437982076	DBCA	64_2	210	120.350803564465
900	966.666666666667	83.1942950977201	24.6	107.79429509772	DBCA	64_2	70	118.287382435241
914.285714285714	666.666666666667	81.6837374289009	24.6	106.283737428901	DBCA	65_1	210	122.710103011289
914.285714285714	700	82.9823657677321	24.6	107.582365767732	DBCA	65_1	280	119.448922257468
914.285714285714	733.333333333333	84.9144538583371	24.6	109.514453858337	DBCA	65_1	140	125.482996389987
914.285714285714	766.666666666667	84.6534455397864	24.6	109.253445539786	DBCA	65_1	70	119.746532877307
914.285714285714	800	76.8623406963395	24.6	101.462340696339	DBCA	65_1	0	101.462340696339
914.285714285714	833.333333333333	80.2885569172526	24.6	104.888556917253	DBCA	65_2	70	115.381644254773
914.285714285714	866.666666666667	79.97835421948	24.6	104.57835421948	DBCA	65_2	0	104.57835421948
914.285714285714	900	76.1461436092199	24.6	100.74614360922	DBCA	65_2	280	112.612700098956
914.285714285714	933.333333333333	79.397967061609	24.6	103.997967061609	DBCA	65_2	140	119.966509593259
914.285714285714	966.666666666667	81.8607276261439	24.6	106.460727626144	DBCA	65_2	210	122.887093208532
928.571428571429	666.666666666667	79.0577755960027	24.6	103.657775596003	DBCA	66_1	70	114.150862933523
928.571428571429	700	82.6655975211307	24.6	107.265597521131	DBCA	66_1	140	123.234140052781
928.571428571429	733.333333333333	86.0630975712753	24.6	110.663097571275	DBCA	66_1	0	110.663097571275
928.571428571429	766.666666666667	83.1020484597946	24.6	107.702048459795	DBCA	66_1	210	124.128414042183
928.571428571429	800	74.7416838479428	24.6	99.3416838479428	DBCA	66_1	280	111.208240337679
928.571428571429	833.333333333333	81.813257754081	24.6	106.413257754081	DBCA	66_2	280	118.279814243817
928.571428571429	866.666666666667	82.1886835422685	24.6	106.788683542269	DBCA	66_2	140	122.757226073919
928.571428571429	900	77.9024067406761	24.6	102.502406740676	DBCA	66_2	210	118.928772323065
928.571428571429	933.333333333333	80.6930674092807	24.6	105.293067409281	DBCA	66_2	70	115.786154746801
928.571428571429	966.666666666667	82.6409832252502	24.6	107.24098322525	DBCA	66_2	0	107.24098322525
942.857142857143	666.666666666667	82.2876532219118	24.6	106.887653221912	DBCA	67_1	70	117.380740559432
942.857142857143	700	86.4908940797413	24.6	111.090894079741	DBCA	67_1	0	111.090894079741
942.857142857143	733.333333333333	80.2587916151287	24.6	104.858791615129	DBCA	67_1	140	120.827334146779
942.857142857143	766.666666666667	82.7236042570711	24.6	107.323604257071	DBCA	67_1	280	119.190160746807
942.857142857143	800	81.6545053582996	24.6	106.2545053583	DBCA	67_1	210	122.680870940688
942.857142857143	833.333333333333	80.1859382307997	24.6	104.7859382308	DBCA	67_2	140	120.75448076245
942.857142857143	866.666666666667	80.0652355464629	24.6	104.665235546463	DBCA	67_2	0	104.665235546463
942.857142857143	900	80.9985171839625	24.6	105.598517183963	DBCA	67_2	280	117.465073673699
942.857142857143	933.333333333333	80.4608103860237	24.6	105.060810386024	DBCA	67_2	70	115.553897723544
942.857142857143	966.666666666667	83.7237133763854	24.6	108.323713376385	DBCA	67_2	210	124.750078958774
957.142857142857	666.666666666667	82.1082701853783	24.6	106.708270185378	DBCA	68_1	140	122.676812717028
957.142857142857	700	82.4201670696849	24.6	107.020167069685	DBCA	68_1	280	118.886723559421
957.142857142857	733.333333333333	80.4751984312733	24.6	105.075198431273	DBCA	68_1	70	115.568285768794
957.142857142857	766.666666666667	78.9494901887883	24.6	103.549490188788	DBCA	68_1	0	103.549490188788
957.142857142857	800	81.6257782518065	24.6	106.225778251807	DBCA	68_1	210	122.652143834195
957.142857142857	833.333333333333	79.8673198363672	24.6	104.467319836367	DBCA	68_2	70	114.960407173888
957.142857142857	866.666666666667	81.4860612360212	24.6	106.086061236021	DBCA	68_2	140	122.054603767671
957.142857142857	900	80.0822028869963	24.6	104.682202886996	DBCA	68_2	0	104.682202886996
957.142857142857	933.333333333333	78.9409983786226	24.6	103.540998378623	DBCA	68_2	210	119.967363961011
957.142857142857	966.666666666667	81.9777476783923	24.6	106.577747678392	DBCA	68_2	280	118.444304168128
971.428571428571	666.666666666667	81.2056131811082	24.6	105.805613181108	DBCA	69_1	70	116.298700518629
971.428571428571	700	80.6717082132529	24.6	105.271708213253	DBCA	69_1	280	117.138264702989
971.428571428571	733.333333333333	77.235914033684	24.6	101.835914033684	DBCA	69_1	0	101.835914033684
971.428571428571	766.666666666667	78.3048747737693	24.6	102.904874773769	DBCA	69_1	140	118.873417305419
971.428571428571	800	83.2682984208699	24.6	107.86829842087	DBCA	69_1	210	124.294664003258
971.428571428571	833.333333333333	83.5630312135742	24.6	108.163031213574	DBCA	69_2	210	124.589396795963
971.428571428571	866.666666666667	82.2499576368075	24.6	106.849957636807	DBCA	69_2	140	122.818500168458
971.428571428571	900	79.3310222650268	24.6	103.931022265027	DBCA	69_2	70	114.424109602547
971.428571428571	933.333333333333	79.6850136909214	24.6	104.285013690921	DBCA	69_2	280	116.151570180657
971.428571428571	966.666666666667	81.7451257589431	24.6	106.345125758943	DBCA	69_2	0	106.345125758943
85.7142857142857	666.666666666667	79.3152595062132	0	79.3152595062132	DBCA	7_1	280	67.7626159959492
85.7142857142857	700	81.7904047680106	0	81.7904047680106	DBCA	7_1	140	86.0493472996606
85.7142857142857	733.333333333333	76.5417665597267	0	76.5417665597267	DBCA	7_1	210	75.4037321421152
85.7142857142857	766.666666666667	76.9707370833972	0	76.9707370833972	DBCA	7_1	70	81.6090244209177
85.7142857142857	800	79.636424775546	0	79.636424775546	DBCA	7_1	0	79.636424775546
85.7142857142857	833.333333333333	80.6462302590285	0	80.6462302590285	DBCA	7_2	210	79.508195841417
85.7142857142857	866.666666666667	80.8571804127243	0	80.8571804127243	DBCA	7_2	0	80.8571804127243
85.7142857142857	900	80.8584634410404	0	80.8584634410404	DBCA	7_2	280	69.3058199307765
85.7142857142857	933.333333333333	76.027491711232	0	76.027491711232	DBCA	7_2	140	80.286434242882
85.7142857142857	966.666666666667	77.4486257097078	0	77.4486257097078	DBCA	7_2	70	82.0869130472283
985.714285714286	666.666666666667	83.4450474917777	24.6	108.045047491778	DBCA	70_1	70	118.538134829298
985.714285714286	700	81.2481770837421	24.6	105.848177083742	DBCA	70_1	0	105.848177083742
985.714285714286	733.333333333333	78.3038439596681	24.6	102.903843959668	DBCA	70_1	280	114.770400449404
985.714285714286	766.666666666667	78.5160632826972	24.6	103.116063282697	DBCA	70_1	210	119.542428865086
985.714285714286	800	83.2925912854914	24.6	107.892591285491	DBCA	70_1	140	123.861133817141
985.714285714286	833.333333333333	81.4927061949257	24.6	106.092706194926	DBCA	70_2	210	122.519071777314
985.714285714286	866.666666666667	81.9110103886021	24.6	106.511010388602	DBCA	70_2	0	106.511010388602
985.714285714286	900	78.1450868603622	24.6	102.745086860362	DBCA	70_2	140	118.713629392012
985.714285714286	933.333333333333	78.1353770208472	24.6	102.735377020847	DBCA	70_2	280	114.601933510583
985.714285714286	966.666666666667	81.9309010637168	24.6	106.530901063717	DBCA	70_2	70	117.023988401237
1000	666.666666666667	83.8079260992507	24.6	108.407926099251	DBCA	71_1	140	124.376468630901
1000	700	78.5627067929087	24.6	103.162706792909	DBCA	71_1	210	119.589072375297
1000	733.333333333333	78.1443829966787	24.6	102.744382996679	DBCA	71_1	0	102.744382996679
1000	766.666666666667	78.4855514698207	24.6	103.085551469821	DBCA	71_1	70	113.578638807341
1000	800	87.687369517339	24.6	112.287369517339	DBCA	71_1	280	124.153926007075
1000	833.333333333333	84.5595039962056	24.6	109.159503996206	DBCA	71_2	0	109.159503996206
1000	866.666666666667	78.7255149329182	24.6	103.325514932918	DBCA	71_2	280	115.192071422654
1000	900	80.7799864170867	24.6	105.379986417087	DBCA	71_2	70	115.873073754607
1000	933.333333333333	82.2478121787433	24.6	106.847812178743	DBCA	71_2	210	123.274177761132
1000	966.666666666667	84.1342337171556	24.6	108.734233717156	DBCA	71_2	140	124.702776248806
100	666.666666666667	78.8747818694252	0	78.8747818694252	DBCA	8_1	280	67.3221383591613
100	700	79.4422105562768	0	79.4422105562768	DBCA	8_1	210	78.3041761386653
100	733.333333333333	79.0074176445244	0	79.0074176445244	DBCA	8_1	0	79.0074176445244
100	766.666666666667	78.7342374028627	0	78.7342374028627	DBCA	8_1	140	82.9931799345127
100	800	80.0725048447251	0	80.0725048447251	DBCA	8_1	70	84.7107921822456
100	833.333333333333	83.8950759552607	0	83.8950759552607	DBCA	8_2	280	72.3424324449967
100	866.666666666667	81.1055726695017	0	81.1055726695017	DBCA	8_2	140	85.3645152011518
100	900	80.3018761291572	0	80.3018761291572	DBCA	8_2	210	79.1638417115457
100	933.333333333333	77.8450434661768	0	77.8450434661768	DBCA	8_2	0	77.8450434661768
100	966.666666666667	77.9514720918119	0	77.9514720918119	DBCA	8_2	70	82.5897594293324
114.285714285714	666.666666666667	77.3060362423664	0	77.3060362423664	DBCA	9_1	210	76.1680018247549
114.285714285714	700	77.9349596674912	0	77.9349596674912	DBCA	9_1	70	82.5732470050117
114.285714285714	733.333333333333	78.3318978532315	0	78.3318978532315	DBCA	9_1	140	82.5908403848815
114.285714285714	766.666666666667	77.038416059168	0	77.038416059168	DBCA	9_1	280	65.4857725489041
114.285714285714	800	82.7530469080282	0	82.7530469080282	DBCA	9_1	0	82.7530469080282
114.285714285714	833.333333333333	84.132353179612	0	84.132353179612	DBCA	9_2	0	84.132353179612
114.285714285714	866.666666666667	81.9323100212943	0	81.9323100212943	DBCA	9_2	210	80.7942756036828
114.285714285714	900	77.0322123290211	0	77.0322123290211	DBCA	9_2	70	81.6704996665416
114.285714285714	933.333333333333	80.6441928067842	0	80.6441928067842	DBCA	9_2	280	69.0915492965202
114.285714285714	966.666666666667	76.1153874298933	0	76.1153874298933	DBCA	9_2	140	80.3743299615433
0	1000	81.2597013151665	0	81.2597013151665	DBCA	1_3	NA	NA
14.2857142857143	1000	78.7682751322778	0	78.7682751322778	DBCA	2_3	NA	NA
28.5714285714286	1000	79.637317581361	0	79.637317581361	DBCA	3_3	NA	NA
42.8571428571429	1000	80.1464243613867	0	80.1464243613867	DBCA	4_3	NA	NA
57.1428571428571	1000	81.7906975050699	0	81.7906975050699	DBCA	5_3	NA	NA
71.4285714285714	1000	79.4482123951954	0	79.4482123951954	DBCA	6_3	NA	NA
85.7142857142857	1000	80.4362574699558	0	80.4362574699558	DBCA	7_3	NA	NA
100	1000	77.0226591655122	0	77.0226591655122	DBCA	8_3	NA	NA
114.285714285714	1000	77.9121964825813	0	77.9121964825813	DBCA	9_3	NA	NA
128.571428571429	1000	76.2253362596855	0	76.2253362596855	DBCA	10_3	NA	NA
142.857142857143	1000	78.6741181210251	0	78.6741181210251	DBCA	11_3	NA	NA
157.142857142857	1000	82.6422587980041	0	82.6422587980041	DBCA	12_3	NA	NA
171.428571428571	1000	79.6143346363472	0	79.6143346363472	DBCA	13_3	NA	NA
185.714285714286	1000	82.4489080084327	0	82.4489080084327	DBCA	14_3	NA	NA
200	1000	79.4581227578129	0	79.4581227578129	DBCA	15_3	NA	NA
214.285714285714	1000	81.6302339216819	0	81.6302339216819	DBCA	16_3	NA	NA
228.571428571429	1000	79.9480280237896	0	79.9480280237896	DBCA	17_3	NA	NA
242.857142857143	1000	80.4371471314367	0	80.4371471314367	DBCA	18_3	NA	NA
257.142857142857	1000	78.7463697043866	0	78.7463697043866	DBCA	19_3	NA	NA
271.428571428571	1000	77.1842467043097	0	77.1842467043097	DBCA	20_3	NA	NA
285.714285714286	1000	79.9503947281029	0	79.9503947281029	DBCA	21_3	NA	NA
300	1000	78.3573868348681	0	78.3573868348681	DBCA	22_3	NA	NA
314.285714285714	1000	74.937771667987	0	74.937771667987	DBCA	23_3	NA	NA
328.571428571429	1000	78.0824866302817	0	78.0824866302817	DBCA	24_3	NA	NA
342.857142857143	1000	78.1550461190814	0	78.1550461190814	DBCA	25_3	NA	NA
357.142857142857	1000	81.4754860874226	0	81.4754860874226	DBCA	26_3	NA	NA
371.428571428571	1000	79.5236791433843	0	79.5236791433843	DBCA	27_3	NA	NA
385.714285714286	1000	76.2627223918496	0	76.2627223918496	DBCA	28_3	NA	NA
400	1000	76.1643424776487	0	76.1643424776487	DBCA	29_3	NA	NA
414.285714285714	1000	72.7909869157459	0	72.7909869157459	DBCA	30_3	NA	NA
428.571428571429	1000	75.5819951838426	0	75.5819951838426	DBCA	31_3	NA	NA
442.857142857143	1000	74.7162417990818	0	74.7162417990818	DBCA	32_3	NA	NA
457.142857142857	1000	72.7280527260018	0	72.7280527260018	DBCA	33_3	NA	NA
471.428571428571	1000	73.4397857850954	0	73.4397857850954	DBCA	34_3	NA	NA
485.714285714286	1000	76.5770490036257	0	76.5770490036257	DBCA	35_3	NA	NA
500	1000	76.8990376578561	0	76.8990376578561	DBCA	36_3	NA	NA
514.285714285714	1000	77.6718481612876	24.6	102.271848161288	DBCA	37_3	NA	NA
528.571428571429	1000	76.1572774500717	24.6	100.757277450072	DBCA	38_3	NA	NA
542.857142857143	1000	79.459430404531	24.6	104.059430404531	DBCA	39_3	NA	NA
557.142857142857	1000	78.2358965608343	24.6	102.835896560834	DBCA	40_3	NA	NA
571.428571428571	1000	77.55583268327	24.6	102.15583268327	DBCA	41_3	NA	NA
585.714285714286	1000	78.4993167024282	24.6	103.099316702428	DBCA	42_3	NA	NA
600	1000	78.8607116967183	24.6	103.460711696718	DBCA	43_3	NA	NA
614.285714285714	1000	78.5935602263652	24.6	103.193560226365	DBCA	44_3	NA	NA
628.571428571429	1000	79.3378513489703	24.6	103.93785134897	DBCA	45_3	NA	NA
642.857142857143	1000	78.7200494152223	24.6	103.320049415222	DBCA	46_3	NA	NA
657.142857142857	1000	80.8217031088805	24.6	105.421703108881	DBCA	47_3	NA	NA
671.428571428571	1000	80.8448696664037	24.6	105.444869666404	DBCA	48_3	NA	NA
685.714285714286	1000	80.7822547434978	24.6	105.382254743498	DBCA	49_3	NA	NA
700	1000	78.8417325690837	24.6	103.441732569084	DBCA	50_3	NA	NA
714.285714285714	1000	76.6378441660038	24.6	101.237844166004	DBCA	51_3	NA	NA
728.571428571429	1000	79.3769187679343	24.6	103.976918767934	DBCA	52_3	NA	NA
742.857142857143	1000	77.2814200285431	24.6	101.881420028543	DBCA	53_3	NA	NA
757.142857142857	1000	79.2546161122176	24.6	103.854616112218	DBCA	54_3	NA	NA
771.428571428571	1000	76.7062151548217	24.6	101.306215154822	DBCA	55_3	NA	NA
785.714285714286	1000	76.4539403670421	24.6	101.053940367042	DBCA	56_3	NA	NA
800	1000	77.3614059138583	24.6	101.961405913858	DBCA	57_3	NA	NA
814.285714285714	1000	80.316421526957	24.6	104.916421526957	DBCA	58_3	NA	NA
828.571428571429	1000	79.7906939825207	24.6	104.390693982521	DBCA	59_3	NA	NA
842.857142857143	1000	81.8647781832597	24.6	106.46477818326	DBCA	60_3	NA	NA
857.142857142857	1000	81.2326522357335	24.6	105.832652235734	DBCA	61_3	NA	NA
871.428571428571	1000	84.5891785299267	24.6	109.189178529927	DBCA	62_3	NA	NA
885.714285714286	1000	82.601365775735	24.6	107.201365775735	DBCA	63_3	NA	NA
900	1000	79.6131000939333	24.6	104.213100093933	DBCA	64_3	NA	NA
914.285714285714	1000	85.7309000778012	24.6	110.330900077801	DBCA	65_3	NA	NA
928.571428571429	1000	85.7252807827681	24.6	110.325280782768	DBCA	66_3	NA	NA
942.857142857143	1000	83.8578536630988	24.6	108.457853663099	DBCA	67_3	NA	NA
957.142857142857	1000	83.644764042865	24.6	108.244764042865	DBCA	68_3	NA	NA
971.428571428571	1000	82.507234148636	24.6	107.107234148636	DBCA	69_3	NA	NA
985.714285714286	1000	81.8427140871995	24.6	106.442714087199	DBCA	70_3	NA	NA
1000	1000	82.1341371780941	24.6	106.734137178094	DBCA	71_3	NA	NA
