x	y	variable1	Zona	ErrorConEfecto	Disenio	Bloque	AsigTrat	MiRto
0	666.666666666667	85.4025242591556	0	85.4025242591556	DBCA	1_1	210	91.7677458716902
0	700	83.8232804496615	0	83.8232804496615	DBCA	1_1	280	82.9520526531514
0	733.333333333333	78.3412945410237	0	78.3412945410237	DBCA	1_1	70	85.1421300518133
0	766.666666666667	79.0297646700455	0	79.0297646700455	DBCA	1_1	0	79.0297646700455
0	800	80.5689685980051	0	80.5689685980051	DBCA	1_1	140	89.4915446463062
0	833.333333333333	87.4200953731742	0	87.4200953731742	DBCA	1_2	0	87.4200953731742
0	866.666666666667	81.8276372275543	0	81.8276372275543	DBCA	1_2	280	80.9564094310442
0	900	86.2414955371801	0	86.2414955371801	DBCA	1_2	140	95.1640715854813
0	933.333333333333	83.0804909216139	0	83.0804909216139	DBCA	1_2	210	89.4457125341484
0	966.666666666667	78.0620003336891	0	78.0620003336891	DBCA	1_2	70	84.8628358444787
128.571428571429	666.666666666667	81.0122272262683	0	81.0122272262683	DBCA	10_1	70	87.8130627370579
128.571428571429	700	77.5936948033308	0	77.5936948033308	DBCA	10_1	140	86.5162708516319
128.571428571429	733.333333333333	79.3026692973342	0	79.3026692973342	DBCA	10_1	280	78.4314415008241
128.571428571429	766.666666666667	80.2848129456174	0	80.2848129456174	DBCA	10_1	210	86.650034558152
128.571428571429	800	75.1652603140637	0	75.1652603140637	DBCA	10_1	0	75.1652603140637
128.571428571429	833.333333333333	76.9021848773173	0	76.9021848773173	DBCA	10_2	140	85.8247609256184
128.571428571429	866.666666666667	80.2162944596001	0	80.2162944596001	DBCA	10_2	0	80.2162944596001
128.571428571429	900	78.8202729134762	0	78.8202729134762	DBCA	10_2	210	85.1854945260108
128.571428571429	933.333333333333	74.6733634096335	0	74.6733634096335	DBCA	10_2	280	73.8021356131234
128.571428571429	966.666666666667	79.2526900677047	0	79.2526900677047	DBCA	10_2	70	86.0535255784943
142.857142857143	666.666666666667	79.9713242162038	0	79.9713242162038	DBCA	11_1	0	79.9713242162038
142.857142857143	700	77.6430359414177	0	77.6430359414177	DBCA	11_1	210	84.0082575539523
142.857142857143	733.333333333333	76.8882560126608	0	76.8882560126608	DBCA	11_1	280	76.0170282161507
142.857142857143	766.666666666667	79.0655238255897	0	79.0655238255897	DBCA	11_1	140	87.9880998738908
142.857142857143	800	73.4996032167565	0	73.4996032167565	DBCA	11_1	70	80.3004387275461
142.857142857143	833.333333333333	81.7950580743794	0	81.7950580743794	DBCA	11_2	280	80.9238302778693
142.857142857143	866.666666666667	78.7882043153119	0	78.7882043153119	DBCA	11_2	210	85.1534259278465
142.857142857143	900	75.4973060580492	0	75.4973060580492	DBCA	11_2	70	82.2981415688389
142.857142857143	933.333333333333	76.7106550775913	0	76.7106550775913	DBCA	11_2	140	85.6332311258924
142.857142857143	966.666666666667	79.3539944258535	0	79.3539944258535	DBCA	11_2	0	79.3539944258535
157.142857142857	666.666666666667	79.3921881404587	0	79.3921881404587	DBCA	12_1	0	79.3921881404587
157.142857142857	700	75.3184425347725	0	75.3184425347725	DBCA	12_1	280	74.4472147382624
157.142857142857	733.333333333333	77.8844963843674	0	77.8844963843674	DBCA	12_1	70	84.685331895157
157.142857142857	766.666666666667	74.7782402390438	0	74.7782402390438	DBCA	12_1	140	83.7008162873449
157.142857142857	800	73.1334851659879	0	73.1334851659879	DBCA	12_1	210	79.4987067785225
157.142857142857	833.333333333333	79.0737137822883	0	79.0737137822883	DBCA	12_2	280	78.2024859857782
157.142857142857	866.666666666667	81.9375048581776	0	81.9375048581776	DBCA	12_2	70	88.7383403689672
157.142857142857	900	76.025287581305	0	76.025287581305	DBCA	12_2	140	84.9478636296061
157.142857142857	933.333333333333	79.0613141734727	0	79.0613141734727	DBCA	12_2	210	85.4265357860072
157.142857142857	966.666666666667	80.0053641228869	0	80.0053641228869	DBCA	12_2	0	80.0053641228869
171.428571428571	666.666666666667	77.6796922778634	0	77.6796922778634	DBCA	13_1	210	84.044913890398
171.428571428571	700	74.2486959121405	0	74.2486959121405	DBCA	13_1	140	83.1712719604416
171.428571428571	733.333333333333	76.9284395353689	0	76.9284395353689	DBCA	13_1	70	83.7292750461585
171.428571428571	766.666666666667	78.5761834004452	0	78.5761834004452	DBCA	13_1	0	78.5761834004452
171.428571428571	800	77.9134360064809	0	77.9134360064809	DBCA	13_1	280	77.0422082099708
171.428571428571	833.333333333333	77.9857746750736	0	77.9857746750736	DBCA	13_2	280	77.1145468785635
171.428571428571	866.666666666667	81.1698141165927	0	81.1698141165927	DBCA	13_2	210	87.5350357291272
171.428571428571	900	76.4411338045838	0	76.4411338045838	DBCA	13_2	140	85.363709852885
171.428571428571	933.333333333333	75.2737176629421	0	75.2737176629421	DBCA	13_2	0	75.2737176629421
171.428571428571	966.666666666667	82.132462776734	0	82.132462776734	DBCA	13_2	70	88.9332982875236
185.714285714286	666.666666666667	80.1264160045632	0	80.1264160045632	DBCA	14_1	70	86.9272515153528
185.714285714286	700	77.3847035441857	0	77.3847035441857	DBCA	14_1	0	77.3847035441857
185.714285714286	733.333333333333	77.4244744393811	0	77.4244744393811	DBCA	14_1	210	83.7896960519157
185.714285714286	766.666666666667	77.2211636230674	0	77.2211636230674	DBCA	14_1	280	76.3499358265573
185.714285714286	800	78.7319264236861	0	78.7319264236861	DBCA	14_1	140	87.6545024719873
185.714285714286	833.333333333333	74.9338574936642	0	74.9338574936642	DBCA	14_2	0	74.9338574936642
185.714285714286	866.666666666667	78.8405927921046	0	78.8405927921046	DBCA	14_2	280	77.9693649955945
185.714285714286	900	75.7636693337727	0	75.7636693337727	DBCA	14_2	70	82.5645048445623
185.714285714286	933.333333333333	77.2512468212146	0	77.2512468212146	DBCA	14_2	140	86.1738228695157
185.714285714286	966.666666666667	78.4148448155588	0	78.4148448155588	DBCA	14_2	210	84.7800664280933
200	666.666666666667	81.8856652418871	0	81.8856652418871	DBCA	15_1	210	88.2508868544217
200	700	82.8344321614882	0	82.8344321614882	DBCA	15_1	0	82.8344321614882
200	733.333333333333	80.3924059940631	0	80.3924059940631	DBCA	15_1	280	79.521178197553
200	766.666666666667	79.4686923549793	0	79.4686923549793	DBCA	15_1	70	86.2695278657689
200	800	80.3646307811336	0	80.3646307811336	DBCA	15_1	140	89.2872068294347
200	833.333333333333	82.1647683678197	0	82.1647683678197	DBCA	15_2	0	82.1647683678197
200	866.666666666667	77.4667814806125	0	77.4667814806125	DBCA	15_2	140	86.3893575289136
200	900	78.0718130644844	0	78.0718130644844	DBCA	15_2	70	84.872648575274
200	933.333333333333	76.4562058740961	0	76.4562058740961	DBCA	15_2	210	82.8214274866307
200	966.666666666667	79.5267438735017	0	79.5267438735017	DBCA	15_2	280	78.6555160769916
214.285714285714	666.666666666667	85.2236293322251	0	85.2236293322251	DBCA	16_1	70	92.0244648430147
214.285714285714	700	80.9186870640349	0	80.9186870640349	DBCA	16_1	0	80.9186870640349
214.285714285714	733.333333333333	80.7770226438393	0	80.7770226438393	DBCA	16_1	210	87.1422442563739
214.285714285714	766.666666666667	80.3578656051379	0	80.3578656051379	DBCA	16_1	140	89.2804416534391
214.285714285714	800	79.0846794751752	0	79.0846794751752	DBCA	16_1	280	78.2134516786651
214.285714285714	833.333333333333	81.6830597618474	0	81.6830597618474	DBCA	16_2	0	81.6830597618474
214.285714285714	866.666666666667	75.1510420962104	0	75.1510420962104	DBCA	16_2	140	84.0736181445115
214.285714285714	900	79.1663030034806	0	79.1663030034806	DBCA	16_2	280	78.2950752069705
214.285714285714	933.333333333333	80.0041165930051	0	80.0041165930051	DBCA	16_2	210	86.3693382055396
214.285714285714	966.666666666667	80.2055088163469	0	80.2055088163469	DBCA	16_2	70	87.0063443271365
228.571428571429	666.666666666667	83.2888048752271	0	83.2888048752271	DBCA	17_1	210	89.6540264877617
228.571428571429	700	84.7197273664048	0	84.7197273664048	DBCA	17_1	0	84.7197273664048
228.571428571429	733.333333333333	78.9812434098541	0	78.9812434098541	DBCA	17_1	70	85.7820789206437
228.571428571429	766.666666666667	78.8856727647946	0	78.8856727647946	DBCA	17_1	140	87.8082488130958
228.571428571429	800	81.2397190734511	0	81.2397190734511	DBCA	17_1	280	80.368491276941
228.571428571429	833.333333333333	83.3523010234439	0	83.3523010234439	DBCA	17_2	210	89.7175226359785
228.571428571429	866.666666666667	78.7154913260913	0	78.7154913260913	DBCA	17_2	70	85.5163268368809
228.571428571429	900	83.4698993879313	0	83.4698993879313	DBCA	17_2	140	92.3924754362324
228.571428571429	933.333333333333	82.8019049329415	0	82.8019049329415	DBCA	17_2	0	82.8019049329415
228.571428571429	966.666666666667	79.1547203280241	0	79.1547203280241	DBCA	17_2	280	78.283492531514
242.857142857143	666.666666666667	81.4889225657561	0	81.4889225657561	DBCA	18_1	210	87.8541441782906
242.857142857143	700	82.9771228464778	0	82.9771228464778	DBCA	18_1	140	91.8996988947789
242.857142857143	733.333333333333	78.4953839071615	0	78.4953839071615	DBCA	18_1	0	78.4953839071615
242.857142857143	766.666666666667	78.3191249837964	0	78.3191249837964	DBCA	18_1	70	85.1199604945861
242.857142857143	800	81.0594052360279	0	81.0594052360279	DBCA	18_1	280	80.1881774395178
242.857142857143	833.333333333333	82.0796803763922	0	82.0796803763922	DBCA	18_2	70	88.8805158871818
242.857142857143	866.666666666667	83.7035746171025	0	83.7035746171025	DBCA	18_2	210	90.0687962296371
242.857142857143	900	80.2986899174384	0	80.2986899174384	DBCA	18_2	0	80.2986899174384
242.857142857143	933.333333333333	82.4933985948185	0	82.4933985948185	DBCA	18_2	140	91.4159746431197
242.857142857143	966.666666666667	76.4453905174239	0	76.4453905174239	DBCA	18_2	280	75.5741627209138
257.142857142857	666.666666666667	79.0789924971209	0	79.0789924971209	DBCA	19_1	70	85.8798280079105
257.142857142857	700	78.5606066376771	0	78.5606066376771	DBCA	19_1	140	87.4831826859783
257.142857142857	733.333333333333	77.7594034284347	0	77.7594034284347	DBCA	19_1	0	77.7594034284347
257.142857142857	766.666666666667	79.3416166328753	0	79.3416166328753	DBCA	19_1	210	85.7068382454099
257.142857142857	800	79.8725118648579	0	79.8725118648579	DBCA	19_1	280	79.0012840683478
257.142857142857	833.333333333333	84.4651964038981	0	84.4651964038981	DBCA	19_2	0	84.4651964038981
257.142857142857	866.666666666667	82.8212468362634	0	82.8212468362634	DBCA	19_2	280	81.9500190397533
257.142857142857	900	84.5529337992544	0	84.5529337992544	DBCA	19_2	140	93.4755098475555
257.142857142857	933.333333333333	82.5811319769383	0	82.5811319769383	DBCA	19_2	70	89.3819674877279
257.142857142857	966.666666666667	79.2245596449308	0	79.2245596449308	DBCA	19_2	210	85.5897812574654
14.2857142857143	666.666666666667	86.2263360667353	0	86.2263360667353	DBCA	2_1	210	92.5915576792699
14.2857142857143	700	82.7967367204199	0	82.7967367204199	DBCA	2_1	140	91.7193127687211
14.2857142857143	733.333333333333	81.9062995274528	0	81.9062995274528	DBCA	2_1	70	88.7071350382425
14.2857142857143	766.666666666667	81.8108290446931	0	81.8108290446931	DBCA	2_1	280	80.939601248183
14.2857142857143	800	81.1392548737577	0	81.1392548737577	DBCA	2_1	0	81.1392548737577
14.2857142857143	833.333333333333	84.5710395855765	0	84.5710395855765	DBCA	2_2	70	91.3718750963661
14.2857142857143	866.666666666667	82.9301292051687	0	82.9301292051687	DBCA	2_2	0	82.9301292051687
14.2857142857143	900	80.8662654453773	0	80.8662654453773	DBCA	2_2	140	89.7888414936784
14.2857142857143	933.333333333333	80.2685480269703	0	80.2685480269703	DBCA	2_2	280	79.3973202304602
14.2857142857143	966.666666666667	79.0737149221188	0	79.0737149221188	DBCA	2_2	210	85.4389365346533
271.428571428571	666.666666666667	80.4060962590625	0	80.4060962590625	DBCA	20_1	70	87.2069317698521
271.428571428571	700	79.9873846462109	0	79.9873846462109	DBCA	20_1	280	79.1161568497008
271.428571428571	733.333333333333	76.5321896437858	0	76.5321896437858	DBCA	20_1	0	76.5321896437858
271.428571428571	766.666666666667	78.8952057658095	0	78.8952057658095	DBCA	20_1	210	85.260427378344
271.428571428571	800	77.9223293902474	0	77.9223293902474	DBCA	20_1	140	86.8449054385485
271.428571428571	833.333333333333	82.8323548058043	0	82.8323548058043	DBCA	20_2	210	89.1975764183389
271.428571428571	866.666666666667	81.8538806266644	0	81.8538806266644	DBCA	20_2	70	88.654716137454
271.428571428571	900	82.5611887760407	0	82.5611887760407	DBCA	20_2	0	82.5611887760407
271.428571428571	933.333333333333	84.697375172709	0	84.697375172709	DBCA	20_2	140	93.6199512210101
271.428571428571	966.666666666667	80.9143921821043	0	80.9143921821043	DBCA	20_2	280	80.0431643855943
285.714285714286	666.666666666667	78.4894992060739	0	78.4894992060739	DBCA	21_1	280	77.6182714095638
285.714285714286	700	80.5258550039723	0	80.5258550039723	DBCA	21_1	210	86.8910766165069
285.714285714286	733.333333333333	77.9718730665429	0	77.9718730665429	DBCA	21_1	140	86.894449114844
285.714285714286	766.666666666667	80.5363937463396	0	80.5363937463396	DBCA	21_1	0	80.5363937463396
285.714285714286	800	81.9084743214935	0	81.9084743214935	DBCA	21_1	70	88.7093098322832
285.714285714286	833.333333333333	82.0310148426867	0	82.0310148426867	DBCA	21_2	280	81.1597870461766
285.714285714286	866.666666666667	84.4872621639813	0	84.4872621639813	DBCA	21_2	140	93.4098382122824
285.714285714286	900	83.1387626625399	0	83.1387626625399	DBCA	21_2	70	89.9395981733295
285.714285714286	933.333333333333	84.1036871012235	0	84.1036871012235	DBCA	21_2	210	90.4689087137581
285.714285714286	966.666666666667	83.0122052095765	0	83.0122052095765	DBCA	21_2	0	83.0122052095765
300	666.666666666667	73.6352707995677	0	73.6352707995677	DBCA	22_1	0	73.6352707995677
300	700	80.7043858937628	0	80.7043858937628	DBCA	22_1	140	89.626961942064
300	733.333333333333	79.3549160822147	0	79.3549160822147	DBCA	22_1	210	85.7201376947493
300	766.666666666667	81.1557644845129	0	81.1557644845129	DBCA	22_1	280	80.2845366880028
300	800	82.9997952394045	0	82.9997952394045	DBCA	22_1	70	89.8006307501941
300	833.333333333333	81.0165626431378	0	81.0165626431378	DBCA	22_2	70	87.8173981539274
300	866.666666666667	82.2338700391458	0	82.2338700391458	DBCA	22_2	210	88.5990916516803
300	900	76.2892603577648	0	76.2892603577648	DBCA	22_2	280	75.4180325612547
300	933.333333333333	80.0581564098784	0	80.0581564098784	DBCA	22_2	0	80.0581564098784
300	966.666666666667	79.3735828391018	0	79.3735828391018	DBCA	22_2	140	88.2961588874029
314.285714285714	666.666666666667	78.1331428833343	0	78.1331428833343	DBCA	23_1	280	77.2619150868242
314.285714285714	700	81.612356906108	0	81.612356906108	DBCA	23_1	0	81.612356906108
314.285714285714	733.333333333333	78.1664892793263	0	78.1664892793263	DBCA	23_1	140	87.0890653276275
314.285714285714	766.666666666667	81.1159722338953	0	81.1159722338953	DBCA	23_1	70	87.9168077446849
314.285714285714	800	79.7359203903972	0	79.7359203903972	DBCA	23_1	210	86.1011420029318
314.285714285714	833.333333333333	82.2120089310463	0	82.2120089310463	DBCA	23_2	70	89.012844441836
314.285714285714	866.666666666667	79.5951586206908	0	79.5951586206908	DBCA	23_2	210	85.9603802332253
314.285714285714	900	78.4784357595192	0	78.4784357595192	DBCA	23_2	0	78.4784357595192
314.285714285714	933.333333333333	80.0455808831431	0	80.0455808831431	DBCA	23_2	280	79.174353086633
314.285714285714	966.666666666667	81.6569720156046	0	81.6569720156046	DBCA	23_2	140	90.5795480639057
328.571428571429	666.666666666667	76.3814385743111	0	76.3814385743111	DBCA	24_1	210	82.7466601868457
328.571428571429	700	81.4343220619672	0	81.4343220619672	DBCA	24_1	140	90.3568981102683
328.571428571429	733.333333333333	79.605562077963	0	79.605562077963	DBCA	24_1	280	78.7343342814529
328.571428571429	766.666666666667	81.4259241617129	0	81.4259241617129	DBCA	24_1	0	81.4259241617129
328.571428571429	800	83.5790428219964	0	83.5790428219964	DBCA	24_1	70	90.379878332786
328.571428571429	833.333333333333	82.2892780257517	0	82.2892780257517	DBCA	24_2	0	82.2892780257517
328.571428571429	866.666666666667	78.4509517276228	0	78.4509517276228	DBCA	24_2	70	85.2517872384124
328.571428571429	900	79.5836786335507	0	79.5836786335507	DBCA	24_2	140	88.5062546818518
328.571428571429	933.333333333333	77.4024759545324	0	77.4024759545324	DBCA	24_2	210	83.7676975670669
328.571428571429	966.666666666667	83.426485146216	0	83.426485146216	DBCA	24_2	280	82.555257349706
342.857142857143	666.666666666667	75.325664357441	0	75.325664357441	DBCA	25_1	280	74.4544365609309
342.857142857143	700	80.4109609601294	0	80.4109609601294	DBCA	25_1	140	89.3335370084305
342.857142857143	733.333333333333	79.4471530550291	0	79.4471530550291	DBCA	25_1	70	86.2479885658187
342.857142857143	766.666666666667	79.6052543785346	0	79.6052543785346	DBCA	25_1	0	79.6052543785346
342.857142857143	800	81.5521210474373	0	81.5521210474373	DBCA	25_1	210	87.9173426599719
342.857142857143	833.333333333333	79.0624926778259	0	79.0624926778259	DBCA	25_2	0	79.0624926778259
342.857142857143	866.666666666667	79.7461337188555	0	79.7461337188555	DBCA	25_2	280	78.8749059223454
342.857142857143	900	81.4257003938684	0	81.4257003938684	DBCA	25_2	210	87.790922006403
342.857142857143	933.333333333333	80.1418524313171	0	80.1418524313171	DBCA	25_2	70	86.9426879421067
342.857142857143	966.666666666667	79.2048828045266	0	79.2048828045266	DBCA	25_2	140	88.1274588528277
357.142857142857	666.666666666667	76.4876859568274	0	76.4876859568274	DBCA	26_1	70	83.288521467617
357.142857142857	700	80.7294565166056	0	80.7294565166056	DBCA	26_1	0	80.7294565166056
357.142857142857	733.333333333333	75.5140551824264	0	75.5140551824264	DBCA	26_1	210	81.8792767949609
357.142857142857	766.666666666667	83.4298666540956	0	83.4298666540956	DBCA	26_1	280	82.5586388575856
357.142857142857	800	81.8672615756657	0	81.8672615756657	DBCA	26_1	140	90.7898376239668
357.142857142857	833.333333333333	81.1674098884198	0	81.1674098884198	DBCA	26_2	280	80.2961820919097
357.142857142857	866.666666666667	83.3743732523006	0	83.3743732523006	DBCA	26_2	140	92.2969493006017
357.142857142857	900	79.1195737988972	0	79.1195737988972	DBCA	26_2	70	85.9204093096868
357.142857142857	933.333333333333	80.752170443244	0	80.752170443244	DBCA	26_2	0	80.752170443244
357.142857142857	966.666666666667	76.8586892362137	0	76.8586892362137	DBCA	26_2	210	83.2239108487483
371.428571428571	666.666666666667	75.1103005108291	0	75.1103005108291	DBCA	27_1	0	75.1103005108291
371.428571428571	700	79.740560600741	0	79.740560600741	DBCA	27_1	70	86.5413961115306
371.428571428571	733.333333333333	76.0060533672819	0	76.0060533672819	DBCA	27_1	140	84.928629415583
371.428571428571	766.666666666667	81.9728760864073	0	81.9728760864073	DBCA	27_1	280	81.1016482898972
371.428571428571	800	84.3819169216812	0	84.3819169216812	DBCA	27_1	210	90.7471385342157
371.428571428571	833.333333333333	83.8186825684571	0	83.8186825684571	DBCA	27_2	0	83.8186825684571
371.428571428571	866.666666666667	83.532321674517	0	83.532321674517	DBCA	27_2	70	90.3331571853066
371.428571428571	900	83.329281139685	0	83.329281139685	DBCA	27_2	140	92.2518571879861
371.428571428571	933.333333333333	81.9880022435486	0	81.9880022435486	DBCA	27_2	210	88.3532238560831
371.428571428571	966.666666666667	77.1952332801583	0	77.1952332801583	DBCA	27_2	280	76.3240054836482
385.714285714286	666.666666666667	75.8795210493282	0	75.8795210493282	DBCA	28_1	280	75.0082932528181
385.714285714286	700	74.3779860874301	0	74.3779860874301	DBCA	28_1	0	74.3779860874301
385.714285714286	733.333333333333	74.7635627779317	0	74.7635627779317	DBCA	28_1	140	83.6861388262328
385.714285714286	766.666666666667	81.4666899453738	0	81.4666899453738	DBCA	28_1	210	87.8319115579083
385.714285714286	800	81.5663974564648	0	81.5663974564648	DBCA	28_1	70	88.3672329672544
385.714285714286	833.333333333333	79.9226987517237	0	79.9226987517237	DBCA	28_2	0	79.9226987517237
385.714285714286	866.666666666667	80.2997281159045	0	80.2997281159045	DBCA	28_2	280	79.4285003193945
385.714285714286	900	82.9033504010489	0	82.9033504010489	DBCA	28_2	70	89.7041859118386
385.714285714286	933.333333333333	79.5371304334874	0	79.5371304334874	DBCA	28_2	210	85.902352046022
385.714285714286	966.666666666667	76.852908554774	0	76.852908554774	DBCA	28_2	140	85.7754846030751
400	666.666666666667	75.7952958885359	0	75.7952958885359	DBCA	29_1	0	75.7952958885359
400	700	76.652636283102	0	76.652636283102	DBCA	29_1	280	75.7814084865919
400	733.333333333333	75.0579101742629	0	75.0579101742629	DBCA	29_1	210	81.4231317867975
400	766.666666666667	79.735078736175	0	79.735078736175	DBCA	29_1	140	88.6576547844761
400	800	83.6790610891291	0	83.6790610891291	DBCA	29_1	70	90.4798965999187
400	833.333333333333	82.5255421505941	0	82.5255421505941	DBCA	29_2	70	89.3263776613837
400	866.666666666667	80.1196946066293	0	80.1196946066293	DBCA	29_2	280	79.2484668101193
400	900	79.9521337867001	0	79.9521337867001	DBCA	29_2	0	79.9521337867001
400	933.333333333333	81.4178478353687	0	81.4178478353687	DBCA	29_2	140	90.3404238836699
400	966.666666666667	76.7854551207204	0	76.7854551207204	DBCA	29_2	210	83.150676733255
28.5714285714286	666.666666666667	84.3540986239717	0	84.3540986239717	DBCA	3_1	70	91.1549341347613
28.5714285714286	700	85.3988193179223	0	85.3988193179223	DBCA	3_1	140	94.3213953662234
28.5714285714286	733.333333333333	83.0076643882824	0	83.0076643882824	DBCA	3_1	210	89.372886000817
28.5714285714286	766.666666666667	79.7483047867699	0	79.7483047867699	DBCA	3_1	0	79.7483047867699
28.5714285714286	800	83.3140178752047	0	83.3140178752047	DBCA	3_1	280	82.4427900786947
28.5714285714286	833.333333333333	81.7047622443607	0	81.7047622443607	DBCA	3_2	140	90.6273382926619
28.5714285714286	866.666666666667	79.7770074719596	0	79.7770074719596	DBCA	3_2	70	86.5778429827492
28.5714285714286	900	84.0328813413209	0	84.0328813413209	DBCA	3_2	210	90.3981029538554
28.5714285714286	933.333333333333	82.4463180968476	0	82.4463180968476	DBCA	3_2	280	81.5750903003376
28.5714285714286	966.666666666667	78.4829713030375	0	78.4829713030375	DBCA	3_2	0	78.4829713030375
414.285714285714	666.666666666667	78.9353722871623	0	78.9353722871623	DBCA	30_1	210	85.3005938996969
414.285714285714	700	78.0752793892638	0	78.0752793892638	DBCA	30_1	0	78.0752793892638
414.285714285714	733.333333333333	71.2413296496702	0	71.2413296496702	DBCA	30_1	280	70.3701018531601
414.285714285714	766.666666666667	79.1453490518224	0	79.1453490518224	DBCA	30_1	140	88.0679251001235
414.285714285714	800	83.4048212636589	0	83.4048212636589	DBCA	30_1	70	90.2056567744486
414.285714285714	833.333333333333	80.4835097700654	0	80.4835097700654	DBCA	30_2	140	89.4060858183665
414.285714285714	866.666666666667	80.6314620773668	0	80.6314620773668	DBCA	30_2	70	87.4322975881564
414.285714285714	900	77.4496387271964	0	77.4496387271964	DBCA	30_2	0	77.4496387271964
414.285714285714	933.333333333333	78.8377766729304	0	78.8377766729304	DBCA	30_2	210	85.202998285465
414.285714285714	966.666666666667	80.1053634361338	0	80.1053634361338	DBCA	30_2	280	79.2341356396237
428.571428571429	666.666666666667	77.1132996953386	0	77.1132996953386	DBCA	31_1	0	77.1132996953386
428.571428571429	700	78.4599449410833	0	78.4599449410833	DBCA	31_1	210	84.8251665536179
428.571428571429	733.333333333333	75.4511687349799	0	75.4511687349799	DBCA	31_1	140	84.373744783281
428.571428571429	766.666666666667	78.4725000920829	0	78.4725000920829	DBCA	31_1	280	77.6012722955729
428.571428571429	800	81.8090083487002	0	81.8090083487002	DBCA	31_1	70	88.6098438594898
428.571428571429	833.333333333333	80.3699688571581	0	80.3699688571581	DBCA	31_2	0	80.3699688571581
428.571428571429	866.666666666667	81.5356513106638	0	81.5356513106638	DBCA	31_2	140	90.4582273589649
428.571428571429	900	80.1478603498494	0	80.1478603498494	DBCA	31_2	70	86.948695860639
428.571428571429	933.333333333333	82.7390299123783	0	82.7390299123783	DBCA	31_2	280	81.8678021158682
428.571428571429	966.666666666667	82.9006085962734	0	82.9006085962734	DBCA	31_2	210	89.265830208808
442.857142857143	666.666666666667	79.5609492595762	0	79.5609492595762	DBCA	32_1	280	78.6897214630661
442.857142857143	700	80.1428795715212	0	80.1428795715212	DBCA	32_1	210	86.5081011840558
442.857142857143	733.333333333333	77.4152649203212	0	77.4152649203212	DBCA	32_1	140	86.3378409686223
442.857142857143	766.666666666667	77.9794025403837	0	77.9794025403837	DBCA	32_1	0	77.9794025403837
442.857142857143	800	77.4371901063779	0	77.4371901063779	DBCA	32_1	70	84.2380256171675
442.857142857143	833.333333333333	78.2033210393024	0	78.2033210393024	DBCA	32_2	140	87.1258970876035
442.857142857143	866.666666666667	81.2784424087985	0	81.2784424087985	DBCA	32_2	280	80.4072146122884
442.857142857143	900	82.2986255997374	0	82.2986255997374	DBCA	32_2	0	82.2986255997374
442.857142857143	933.333333333333	80.2475391690156	0	80.2475391690156	DBCA	32_2	210	86.6127607815502
442.857142857143	966.666666666667	81.487845181526	0	81.487845181526	DBCA	32_2	70	88.2886806923156
457.142857142857	666.666666666667	80.303445911506	0	80.303445911506	DBCA	33_1	0	80.303445911506
457.142857142857	700	77.5387572681207	0	77.5387572681207	DBCA	33_1	210	83.9039788806552
457.142857142857	733.333333333333	78.7675085924707	0	78.7675085924707	DBCA	33_1	280	77.8962807959606
457.142857142857	766.666666666667	78.9119069393414	0	78.9119069393414	DBCA	33_1	70	85.712742450131
457.142857142857	800	77.1273346357963	0	77.1273346357963	DBCA	33_1	140	86.0499106840974
457.142857142857	833.333333333333	79.3252232809991	0	79.3252232809991	DBCA	33_2	210	85.6904448935336
457.142857142857	866.666666666667	82.5342734364333	0	82.5342734364333	DBCA	33_2	140	91.4568494847344
457.142857142857	900	81.0237560341728	0	81.0237560341728	DBCA	33_2	70	87.8245915449624
457.142857142857	933.333333333333	82.7474603744006	0	82.7474603744006	DBCA	33_2	0	82.7474603744006
457.142857142857	966.666666666667	78.920542176581	0	78.920542176581	DBCA	33_2	280	78.0493143800709
471.428571428571	666.666666666667	80.8962871974458	0	80.8962871974458	DBCA	34_1	70	87.6971227082354
471.428571428571	700	81.8516961011197	0	81.8516961011197	DBCA	34_1	0	81.8516961011197
471.428571428571	733.333333333333	75.958330069707	0	75.958330069707	DBCA	34_1	280	75.0871022731969
471.428571428571	766.666666666667	75.0984489158775	0	75.0984489158775	DBCA	34_1	210	81.4636705284121
471.428571428571	800	75.8693522293251	0	75.8693522293251	DBCA	34_1	140	84.7919282776262
471.428571428571	833.333333333333	79.3456999385684	0	79.3456999385684	DBCA	34_2	70	86.146535449358
471.428571428571	866.666666666667	79.3910746530505	0	79.3910746530505	DBCA	34_2	210	85.7562962655851
471.428571428571	900	81.8154177507582	0	81.8154177507582	DBCA	34_2	280	80.9441899542481
471.428571428571	933.333333333333	84.075261467032	0	84.075261467032	DBCA	34_2	140	92.9978375153331
471.428571428571	966.666666666667	79.2275805616887	0	79.2275805616887	DBCA	34_2	0	79.2275805616887
485.714285714286	666.666666666667	80.6950753664347	0	80.6950753664347	DBCA	35_1	70	87.4959108772243
485.714285714286	700	78.8398536990554	0	78.8398536990554	DBCA	35_1	0	78.8398536990554
485.714285714286	733.333333333333	76.6874002840503	0	76.6874002840503	DBCA	35_1	280	75.8161724875402
485.714285714286	766.666666666667	76.4381445762715	0	76.4381445762715	DBCA	35_1	210	82.8033661888061
485.714285714286	800	76.6125289659655	0	76.6125289659655	DBCA	35_1	140	85.5351050142667
485.714285714286	833.333333333333	80.4843838602411	0	80.4843838602411	DBCA	35_2	280	79.613156063731
485.714285714286	866.666666666667	77.4859522950275	0	77.4859522950275	DBCA	35_2	70	84.2867878058172
485.714285714286	900	80.5491684117805	0	80.5491684117805	DBCA	35_2	210	86.9143900243151
485.714285714286	933.333333333333	82.3190991924187	0	82.3190991924187	DBCA	35_2	0	82.3190991924187
485.714285714286	966.666666666667	79.6577039577284	0	79.6577039577284	DBCA	35_2	140	88.5802800060295
500	666.666666666667	80.4151916643852	0	80.4151916643852	DBCA	36_1	210	86.7804132769197
500	700	77.1181057246846	0	77.1181057246846	DBCA	36_1	70	83.9189412354742
500	733.333333333333	74.8107885149166	0	74.8107885149166	DBCA	36_1	280	73.9395607184065
500	766.666666666667	77.5898383779399	0	77.5898383779399	DBCA	36_1	140	86.512414426241
500	800	75.2694248643624	0	75.2694248643624	DBCA	36_1	0	75.2694248643624
500	833.333333333333	81.9188887881876	0	81.9188887881876	DBCA	36_2	0	81.9188887881876
500	866.666666666667	78.3171591830584	0	78.3171591830584	DBCA	36_2	210	84.682380795593
500	900	79.4576967727479	0	79.4576967727479	DBCA	36_2	280	78.5864689762378
500	933.333333333333	81.9615188954107	0	81.9615188954107	DBCA	36_2	140	90.8840949437118
500	966.666666666667	78.7591605220626	0	78.7591605220626	DBCA	36_2	70	85.5599960328522
514.285714285714	666.666666666667	84.0638556438971	24.6	108.663855643897	DBCA	37_1	70	121.319491154687
514.285714285714	700	78.9425487191132	24.6	103.542548719113	DBCA	37_1	280	126.090520922603
514.285714285714	733.333333333333	78.0028293781205	24.6	102.60282937812	DBCA	37_1	210	126.532450990655
514.285714285714	766.666666666667	80.3337565338407	24.6	104.933756533841	DBCA	37_1	140	125.565932582142
514.285714285714	800	79.3343723153566	24.6	103.934372315357	DBCA	37_1	0	103.934372315357
514.285714285714	833.333333333333	76.2072411631735	24.6	100.807241163173	DBCA	37_2	70	113.462876673963
514.285714285714	866.666666666667	78.1020887382951	24.6	102.702088738295	DBCA	37_2	140	123.334264786596
514.285714285714	900	80.8864969324937	24.6	105.486496932494	DBCA	37_2	0	105.486496932494
514.285714285714	933.333333333333	81.100809046919	24.6	105.700809046919	DBCA	37_2	210	129.630430659454
514.285714285714	966.666666666667	78.9542817742227	24.6	103.554281774223	DBCA	37_2	280	126.102253977713
528.571428571429	666.666666666667	80.650864544149	24.6	105.250864544149	DBCA	38_1	140	125.88304059245
528.571428571429	700	77.5061416685165	24.6	102.106141668516	DBCA	38_1	280	124.654113872006
528.571428571429	733.333333333333	78.4869004110509	24.6	103.086900411051	DBCA	38_1	210	127.016522023585
528.571428571429	766.666666666667	81.6479272474553	24.6	106.247927247455	DBCA	38_1	0	106.247927247455
528.571428571429	800	76.507059340189	24.6	101.107059340189	DBCA	38_1	70	113.762694850979
528.571428571429	833.333333333333	75.5593846574122	24.6	100.159384657412	DBCA	38_2	210	124.089006269947
528.571428571429	866.666666666667	75.643586088565	24.6	100.243586088565	DBCA	38_2	140	120.875762136866
528.571428571429	900	78.3538788334178	24.6	102.953878833418	DBCA	38_2	70	115.609514344207
528.571428571429	933.333333333333	80.8458726183357	24.6	105.445872618336	DBCA	38_2	0	105.445872618336
528.571428571429	966.666666666667	78.1482189220945	24.6	102.748218922094	DBCA	38_2	280	125.296191125584
542.857142857143	666.666666666667	80.8197762226604	24.6	105.41977622266	DBCA	39_1	0	105.41977622266
542.857142857143	700	82.0684802046486	24.6	106.668480204649	DBCA	39_1	140	127.30065625295
542.857142857143	733.333333333333	79.3152920256553	24.6	103.915292025655	DBCA	39_1	70	116.570927536445
542.857142857143	766.666666666667	80.7638498347015	24.6	105.363849834701	DBCA	39_1	280	127.911822038191
542.857142857143	800	78.4061213773308	24.6	103.006121377331	DBCA	39_1	210	126.935742989865
542.857142857143	833.333333333333	76.9648776143754	24.6	101.564877614375	DBCA	39_2	210	125.49449922691
542.857142857143	866.666666666667	77.0194599615352	24.6	101.619459961535	DBCA	39_2	280	124.167432165025
542.857142857143	900	77.7363091548201	24.6	102.33630915482	DBCA	39_2	70	114.99194466561
542.857142857143	933.333333333333	79.9680249586291	24.6	104.568024958629	DBCA	39_2	140	125.20020100693
542.857142857143	966.666666666667	78.6458806303837	24.6	103.245880630384	DBCA	39_2	0	103.245880630384
42.8571428571429	666.666666666667	85.192861731006	0	85.192861731006	DBCA	4_1	0	85.192861731006
42.8571428571429	700	81.2197024132831	0	81.2197024132831	DBCA	4_1	140	90.1422784615843
42.8571428571429	733.333333333333	80.0175460086746	0	80.0175460086746	DBCA	4_1	210	86.3827676212092
42.8571428571429	766.666666666667	79.7554411571856	0	79.7554411571856	DBCA	4_1	70	86.5562766679752
42.8571428571429	800	80.8534054537389	0	80.8534054537389	DBCA	4_1	280	79.9821776572288
42.8571428571429	833.333333333333	81.6212056918312	0	81.6212056918312	DBCA	4_2	280	80.7499778953211
42.8571428571429	866.666666666667	80.0473154239857	0	80.0473154239857	DBCA	4_2	140	88.9698914722868
42.8571428571429	900	79.4391182356503	0	79.4391182356503	DBCA	4_2	70	86.2399537464399
42.8571428571429	933.333333333333	81.7843716889461	0	81.7843716889461	DBCA	4_2	210	88.1495933014807
42.8571428571429	966.666666666667	77.6677870581002	0	77.6677870581002	DBCA	4_2	0	77.6677870581002
557.142857142857	666.666666666667	77.8753966450142	24.6	102.475396645014	DBCA	40_1	0	102.475396645014
557.142857142857	700	79.2157822164968	24.6	103.815782216497	DBCA	40_1	210	127.745403829031
557.142857142857	733.333333333333	77.1763884202174	24.6	101.776388420217	DBCA	40_1	140	122.408564468519
557.142857142857	766.666666666667	83.7208638046641	24.6	108.320863804664	DBCA	40_1	70	120.976499315454
557.142857142857	800	78.4035068510438	24.6	103.003506851044	DBCA	40_1	280	125.551479054534
557.142857142857	833.333333333333	77.0332611595434	24.6	101.633261159543	DBCA	40_2	280	124.181233363033
557.142857142857	866.666666666667	73.168927218933	24.6	97.768927218933	DBCA	40_2	70	110.424562729723
557.142857142857	900	77.3900352633849	24.6	101.990035263385	DBCA	40_2	210	125.91965687592
557.142857142857	933.333333333333	76.5161977897579	24.6	101.116197789758	DBCA	40_2	0	101.116197789758
557.142857142857	966.666666666667	77.6046508782215	24.6	102.204650878222	DBCA	40_2	140	122.836826926523
571.428571428571	666.666666666667	78.69703310787	24.6	103.29703310787	DBCA	41_1	140	123.929209156171
571.428571428571	700	82.1794892766516	24.6	106.779489276652	DBCA	41_1	210	130.709110889186
571.428571428571	733.333333333333	81.8181256319487	24.6	106.418125631949	DBCA	41_1	0	106.418125631949
571.428571428571	766.666666666667	80.1400458220158	24.6	104.740045822016	DBCA	41_1	280	127.288018025506
571.428571428571	800	80.6791543305802	24.6	105.27915433058	DBCA	41_1	70	117.93478984137
571.428571428571	833.333333333333	77.2601455343835	24.6	101.860145534383	DBCA	41_2	280	124.408117737873
571.428571428571	866.666666666667	73.4567742496201	24.6	98.0567742496201	DBCA	41_2	140	118.688950297921
571.428571428571	900	77.0212467709935	24.6	101.621246770993	DBCA	41_2	0	101.621246770993
571.428571428571	933.333333333333	79.9783008513035	24.6	104.578300851304	DBCA	41_2	210	128.507922463838
571.428571428571	966.666666666667	83.5046364106111	24.6	108.104636410611	DBCA	41_2	70	120.760271921401
585.714285714286	666.666666666667	80.7972562250809	24.6	105.397256225081	DBCA	42_1	70	118.052891735871
585.714285714286	700	81.4279631942239	24.6	106.027963194224	DBCA	42_1	0	106.027963194224
585.714285714286	733.333333333333	78.509139506067	24.6	103.109139506067	DBCA	42_1	140	123.741315554368
585.714285714286	766.666666666667	79.7509328967596	24.6	104.35093289676	DBCA	42_1	280	126.898905100249
585.714285714286	800	79.5437321334861	24.6	104.143732133486	DBCA	42_1	210	128.073353746021
585.714285714286	833.333333333333	77.6323778312496	24.6	102.23237783125	DBCA	42_2	280	124.78035003474
585.714285714286	866.666666666667	77.3111920738943	24.6	101.911192073894	DBCA	42_2	210	125.840813686429
585.714285714286	900	74.3903697737395	24.6	98.9903697737395	DBCA	42_2	140	119.622545822041
585.714285714286	933.333333333333	75.446893490488	24.6	100.046893490488	DBCA	42_2	70	112.702529001278
585.714285714286	966.666666666667	75.9862020129498	24.6	100.58620201295	DBCA	42_2	0	100.58620201295
600	666.666666666667	80.515899205305	24.6	105.115899205305	DBCA	43_1	140	125.748075253606
600	700	78.5084171326417	24.6	103.108417132642	DBCA	43_1	70	115.764052643431
600	733.333333333333	79.7155614156591	24.6	104.315561415659	DBCA	43_1	210	128.245183028194
600	766.666666666667	80.3437179809626	24.6	104.943717980963	DBCA	43_1	0	104.943717980963
600	800	79.8622240807998	24.6	104.4622240808	DBCA	43_1	280	127.01019628429
600	833.333333333333	78.6125439352757	24.6	103.212543935276	DBCA	43_2	280	125.760516138766
600	866.666666666667	81.91465354042	24.6	106.51465354042	DBCA	43_2	210	130.444275152955
600	900	75.8149878243604	24.6	100.41498782436	DBCA	43_2	70	113.07062333515
600	933.333333333333	73.7379067579339	24.6	98.3379067579339	DBCA	43_2	0	98.3379067579339
600	966.666666666667	75.051041468829	24.6	99.651041468829	DBCA	43_2	140	120.28321751713
614.285714285714	666.666666666667	79.2640690375928	24.6	103.864069037593	DBCA	44_1	210	127.793690650127
614.285714285714	700	79.0611290066353	24.6	103.661129006635	DBCA	44_1	0	103.661129006635
614.285714285714	733.333333333333	78.376462595568	24.6	102.976462595568	DBCA	44_1	280	125.524434799058
614.285714285714	766.666666666667	80.7303798052816	24.6	105.330379805282	DBCA	44_1	140	125.962555853583
614.285714285714	800	78.2300518326331	24.6	102.830051832633	DBCA	44_1	70	115.485687343423
614.285714285714	833.333333333333	78.8943734093759	24.6	103.494373409376	DBCA	44_2	280	126.042345612866
614.285714285714	866.666666666667	78.7457936990623	24.6	103.345793699062	DBCA	44_2	70	116.001429209852
614.285714285714	900	76.9810250909382	24.6	101.581025090938	DBCA	44_2	0	101.581025090938
614.285714285714	933.333333333333	76.2591863181147	24.6	100.859186318115	DBCA	44_2	140	121.491362366416
614.285714285714	966.666666666667	77.3222361696828	24.6	101.922236169683	DBCA	44_2	210	125.851857782217
628.571428571429	666.666666666667	76.3079955074167	24.6	100.907995507417	DBCA	45_1	280	123.455967710907
628.571428571429	700	81.3050018008277	24.6	105.905001800828	DBCA	45_1	210	129.834623413362
628.571428571429	733.333333333333	81.11078549148	24.6	105.71078549148	DBCA	45_1	0	105.71078549148
628.571428571429	766.666666666667	77.7270367383668	24.6	102.327036738367	DBCA	45_1	140	122.959212786668
628.571428571429	800	79.0061075884229	24.6	103.606107588423	DBCA	45_1	70	116.261743099212
628.571428571429	833.333333333333	77.4132895504619	24.6	102.013289550462	DBCA	45_2	0	102.013289550462
628.571428571429	866.666666666667	78.694439000928	24.6	103.294439000928	DBCA	45_2	140	123.926615049229
628.571428571429	900	77.4873802808472	24.6	102.087380280847	DBCA	45_2	210	126.017001893382
628.571428571429	933.333333333333	77.3743454465952	24.6	101.974345446595	DBCA	45_2	280	124.522317650085
628.571428571429	966.666666666667	79.4170173186189	24.6	104.017017318619	DBCA	45_2	70	116.672652829409
642.857142857143	666.666666666667	77.3165790940843	24.6	101.916579094084	DBCA	46_1	210	125.846200706619
642.857142857143	700	82.3716881018456	24.6	106.971688101846	DBCA	46_1	70	119.627323612635
642.857142857143	733.333333333333	78.9166307872126	24.6	103.516630787213	DBCA	46_1	0	103.516630787213
642.857142857143	766.666666666667	79.8083757500095	24.6	104.408375750009	DBCA	46_1	140	125.040551798311
642.857142857143	800	82.1995352733267	24.6	106.799535273327	DBCA	46_1	280	129.347507476817
642.857142857143	833.333333333333	77.7777432601003	24.6	102.3777432601	DBCA	46_2	210	126.307364872635
642.857142857143	866.666666666667	79.7950373648141	24.6	104.395037364814	DBCA	46_2	70	117.050672875604
642.857142857143	900	78.753438393717	24.6	103.353438393717	DBCA	46_2	0	103.353438393717
642.857142857143	933.333333333333	80.2203748608324	24.6	104.820374860832	DBCA	46_2	140	125.452550909134
642.857142857143	966.666666666667	76.757701120739	24.6	101.357701120739	DBCA	46_2	280	123.905673324229
657.142857142857	666.666666666667	79.0104643153578	24.6	103.610464315358	DBCA	47_1	210	127.540085927892
657.142857142857	700	81.3903643814722	24.6	105.990364381472	DBCA	47_1	140	126.622540429773
657.142857142857	733.333333333333	80.1539281143175	24.6	104.753928114318	DBCA	47_1	70	117.409563625107
657.142857142857	766.666666666667	78.799278220536	24.6	103.399278220536	DBCA	47_1	280	125.947250424026
657.142857142857	800	80.8074751635951	24.6	105.407475163595	DBCA	47_1	0	105.407475163595
657.142857142857	833.333333333333	78.9029563251421	24.6	103.502956325142	DBCA	47_2	210	127.432577937677
657.142857142857	866.666666666667	76.3752549555963	24.6	100.975254955596	DBCA	47_2	280	123.523227159086
657.142857142857	900	80.0466958166401	24.6	104.64669581664	DBCA	47_2	0	104.64669581664
657.142857142857	933.333333333333	79.6953760048596	24.6	104.29537600486	DBCA	47_2	140	124.927552053161
657.142857142857	966.666666666667	74.5398164669086	24.6	99.1398164669086	DBCA	47_2	70	111.795451977698
671.428571428571	666.666666666667	79.2235265127798	24.6	103.82352651278	DBCA	48_1	0	103.82352651278
671.428571428571	700	82.4973562280705	24.6	107.09735622807	DBCA	48_1	210	131.026977840605
671.428571428571	733.333333333333	81.7510577023484	24.6	106.351057702348	DBCA	48_1	70	119.006693213138
671.428571428571	766.666666666667	82.5181191504631	24.6	107.118119150463	DBCA	48_1	140	127.750295198764
671.428571428571	800	82.1372256514313	24.6	106.737225651431	DBCA	48_1	280	129.285197854921
671.428571428571	833.333333333333	77.2314066438545	24.6	101.831406643854	DBCA	48_2	210	125.761028256389
671.428571428571	866.666666666667	81.872735344081	24.6	106.472735344081	DBCA	48_2	70	119.128370854871
671.428571428571	900	78.1307057687124	24.6	102.730705768712	DBCA	48_2	0	102.730705768712
671.428571428571	933.333333333333	80.0711992657165	24.6	104.671199265716	DBCA	48_2	140	125.303375314018
671.428571428571	966.666666666667	76.1082987654741	24.6	100.708298765474	DBCA	48_2	280	123.256270968964
685.714285714286	666.666666666667	76.2369853374532	24.6	100.836985337453	DBCA	49_1	280	123.384957540943
685.714285714286	700	82.5681256243423	24.6	107.168125624342	DBCA	49_1	0	107.168125624342
685.714285714286	733.333333333333	78.9748224051815	24.6	103.574822405182	DBCA	49_1	140	124.206998453483
685.714285714286	766.666666666667	80.1428803220764	24.6	104.742880322076	DBCA	49_1	210	128.672501934611
685.714285714286	800	81.7927885296831	24.6	106.392788529683	DBCA	49_1	70	119.048424040473
685.714285714286	833.333333333333	82.6369957198102	24.6	107.23699571981	DBCA	49_2	70	119.8926312306
685.714285714286	866.666666666667	85.5751801541279	24.6	110.175180154128	DBCA	49_2	210	134.104801766662
685.714285714286	900	81.764159082915	24.6	106.364159082915	DBCA	49_2	0	106.364159082915
685.714285714286	933.333333333333	78.4232906889065	24.6	103.023290688907	DBCA	49_2	280	125.571262892396
685.714285714286	966.666666666667	76.9846235000343	24.6	101.584623500034	DBCA	49_2	140	122.216799548335
57.1428571428571	666.666666666667	81.6666195152261	0	81.6666195152261	DBCA	5_1	70	88.4674550260157
57.1428571428571	700	80.8136175800683	0	80.8136175800683	DBCA	5_1	0	80.8136175800683
57.1428571428571	733.333333333333	79.7451175199389	0	79.7451175199389	DBCA	5_1	140	88.6676935682401
57.1428571428571	766.666666666667	81.4374918185021	0	81.4374918185021	DBCA	5_1	280	80.566264021992
57.1428571428571	800	81.8697034804595	0	81.8697034804595	DBCA	5_1	210	88.2349250929941
57.1428571428571	833.333333333333	81.5553762754762	0	81.5553762754762	DBCA	5_2	140	90.4779523237774
57.1428571428571	866.666666666667	83.5309449812753	0	83.5309449812753	DBCA	5_2	70	90.3317804920649
57.1428571428571	900	83.2038331247084	0	83.2038331247084	DBCA	5_2	210	89.569054737243
57.1428571428571	933.333333333333	83.6736402874402	0	83.6736402874402	DBCA	5_2	280	82.8024124909302
57.1428571428571	966.666666666667	77.8070673580651	0	77.8070673580651	DBCA	5_2	0	77.8070673580651
700	666.666666666667	78.9911262527469	24.6	103.591126252747	DBCA	50_1	210	127.520747865281
700	700	80.3707793385857	24.6	104.970779338586	DBCA	50_1	140	125.602955386887
700	733.333333333333	77.8843408908722	24.6	102.484340890872	DBCA	50_1	70	115.139976401662
700	766.666666666667	80.437137748372	24.6	105.037137748372	DBCA	50_1	0	105.037137748372
700	800	82.3353282383253	24.6	106.935328238325	DBCA	50_1	280	129.483300441815
700	833.333333333333	84.1279473001096	24.6	108.72794730011	DBCA	50_2	0	108.72794730011
700	866.666666666667	80.5581905734529	24.6	105.158190573453	DBCA	50_2	280	127.706162776943
700	900	83.4127600647756	24.6	108.012760064776	DBCA	50_2	210	131.94238167731
700	933.333333333333	78.9267813061012	24.6	103.526781306101	DBCA	50_2	140	124.158957354402
700	966.666666666667	78.509030326963	24.6	103.109030326963	DBCA	50_2	70	115.764665837753
714.285714285714	666.666666666667	81.6855510970995	24.6	106.2855510971	DBCA	51_1	280	128.833523300589
714.285714285714	700	78.2608708484982	24.6	102.860870848498	DBCA	51_1	210	126.790492461033
714.285714285714	733.333333333333	81.587059620847	24.6	106.187059620847	DBCA	51_1	140	126.819235669148
714.285714285714	766.666666666667	83.2829913179175	24.6	107.882991317917	DBCA	51_1	70	120.538626828707
714.285714285714	800	80.8993262767044	24.6	105.499326276704	DBCA	51_1	0	105.499326276704
714.285714285714	833.333333333333	79.8096417562972	24.6	104.409641756297	DBCA	51_2	70	117.065277267087
714.285714285714	866.666666666667	82.8874375808072	24.6	107.487437580807	DBCA	51_2	280	130.035409784297
714.285714285714	900	83.243576935295	24.6	107.843576935295	DBCA	51_2	140	128.475752983596
714.285714285714	933.333333333333	78.429238716601	24.6	103.029238716601	DBCA	51_2	210	126.958860329136
714.285714285714	966.666666666667	76.2162816494795	24.6	100.816281649479	DBCA	51_2	0	100.816281649479
728.571428571429	666.666666666667	85.151685598483	24.6	109.751685598483	DBCA	52_1	70	122.407321109273
728.571428571429	700	81.6695885340925	24.6	106.269588534092	DBCA	52_1	0	106.269588534092
728.571428571429	733.333333333333	83.301509424086	24.6	107.901509424086	DBCA	52_1	210	131.831131036621
728.571428571429	766.666666666667	78.9875381613928	24.6	103.587538161393	DBCA	52_1	280	126.135510364883
728.571428571429	800	78.4172226524855	24.6	103.017222652485	DBCA	52_1	140	123.649398700787
728.571428571429	833.333333333333	82.722333648418	24.6	107.322333648418	DBCA	52_2	140	127.954509696719
728.571428571429	866.666666666667	81.9093094956972	24.6	106.509309495697	DBCA	52_2	70	119.164945006487
728.571428571429	900	78.7862331284577	24.6	103.386233128458	DBCA	52_2	210	127.315854740992
728.571428571429	933.333333333333	80.7529152927817	24.6	105.352915292782	DBCA	52_2	280	127.900887496272
728.571428571429	966.666666666667	76.8801563071733	24.6	101.480156307173	DBCA	52_2	0	101.480156307173
742.857142857143	666.666666666667	83.3259579065029	24.6	107.925957906503	DBCA	53_1	70	120.581593417293
742.857142857143	700	80.0228464329879	24.6	104.622846432988	DBCA	53_1	0	104.622846432988
742.857142857143	733.333333333333	78.898187247245	24.6	103.498187247245	DBCA	53_1	140	124.130363295546
742.857142857143	766.666666666667	76.8872343566917	24.6	101.487234356692	DBCA	53_1	280	124.035206560182
742.857142857143	800	76.3121066134241	24.6	100.912106613424	DBCA	53_1	210	124.841728225959
742.857142857143	833.333333333333	81.9725367942468	24.6	106.572536794247	DBCA	53_2	140	127.204712842548
742.857142857143	866.666666666667	80.9693179034446	24.6	105.569317903445	DBCA	53_2	280	128.117290106935
742.857142857143	900	82.3889026085648	24.6	106.988902608565	DBCA	53_2	0	106.988902608565
742.857142857143	933.333333333333	76.6733083553251	24.6	101.273308355325	DBCA	53_2	70	113.928943866115
742.857142857143	966.666666666667	79.5146211069315	24.6	104.114621106932	DBCA	53_2	210	128.044242719466
757.142857142857	666.666666666667	86.6457908719451	24.6	111.245790871945	DBCA	54_1	0	111.245790871945
757.142857142857	700	80.8111582659389	24.6	105.411158265939	DBCA	54_1	210	129.340779878474
757.142857142857	733.333333333333	78.1787309664814	24.6	102.778730966481	DBCA	54_1	280	125.326703169971
757.142857142857	766.666666666667	76.7549747747104	24.6	101.35497477471	DBCA	54_1	70	114.0106102855
757.142857142857	800	76.4750982873244	24.6	101.075098287324	DBCA	54_1	140	121.707274335626
757.142857142857	833.333333333333	79.6289232360289	24.6	104.228923236029	DBCA	54_2	140	124.86109928433
757.142857142857	866.666666666667	79.3101446528729	24.6	103.910144652873	DBCA	54_2	280	126.458116856363
757.142857142857	900	80.1189833322384	24.6	104.718983332238	DBCA	54_2	70	117.374618843028
757.142857142857	933.333333333333	75.3368599514936	24.6	99.9368599514936	DBCA	54_2	0	99.9368599514936
757.142857142857	966.666666666667	79.3142076933862	24.6	103.914207693386	DBCA	54_2	210	127.843829305921
771.428571428571	666.666666666667	83.1010536071676	24.6	107.701053607168	DBCA	55_1	280	130.249025810658
771.428571428571	700	78.9937495567096	24.6	103.59374955671	DBCA	55_1	70	116.249385067499
771.428571428571	733.333333333333	77.2611327933505	24.6	101.86113279335	DBCA	55_1	140	122.493308841652
771.428571428571	766.666666666667	77.6018069701003	24.6	102.2018069701	DBCA	55_1	0	102.2018069701
771.428571428571	800	76.6975229150057	24.6	101.297522915006	DBCA	55_1	210	125.22714452754
771.428571428571	833.333333333333	80.1334785750861	24.6	104.733478575086	DBCA	55_2	140	125.365654623387
771.428571428571	866.666666666667	78.3599830658793	24.6	102.959983065879	DBCA	55_2	210	126.889604678414
771.428571428571	900	78.3796907637004	24.6	102.9796907637	DBCA	55_2	70	115.63532627449
771.428571428571	933.333333333333	73.8818640559641	24.6	98.4818640559641	DBCA	55_2	0	98.4818640559641
771.428571428571	966.666666666667	80.5981295685594	24.6	105.198129568559	DBCA	55_2	280	127.746101772049
785.714285714286	666.666666666667	82.9358959048478	24.6	107.535895904848	DBCA	56_1	0	107.535895904848
785.714285714286	700	78.5504456835432	24.6	103.150445683543	DBCA	56_1	210	127.080067296078
785.714285714286	733.333333333333	77.639811044236	24.6	102.239811044236	DBCA	56_1	280	124.787783247726
785.714285714286	766.666666666667	80.9154725066847	24.6	105.515472506685	DBCA	56_1	70	118.171108017474
785.714285714286	800	81.6103885144793	24.6	106.210388514479	DBCA	56_1	140	126.84256456278
785.714285714286	833.333333333333	80.2209687167442	24.6	104.820968716744	DBCA	56_2	140	125.453144765045
785.714285714286	866.666666666667	75.8968518594058	24.6	100.496851859406	DBCA	56_2	280	123.044824062896
785.714285714286	900	79.5274605808502	24.6	104.12746058085	DBCA	56_2	70	116.78309609164
785.714285714286	933.333333333333	77.2261902646967	24.6	101.826190264697	DBCA	56_2	0	101.826190264697
785.714285714286	966.666666666667	76.2122707952074	24.6	100.812270795207	DBCA	56_2	210	124.741892407742
800	666.666666666667	83.217738719527	24.6	107.817738719527	DBCA	57_1	70	120.473374230317
800	700	82.7628290086952	24.6	107.362829008695	DBCA	57_1	0	107.362829008695
800	733.333333333333	79.5996847104045	24.6	104.199684710405	DBCA	57_1	210	128.129306322939
800	766.666666666667	84.8947054382276	24.6	109.494705438228	DBCA	57_1	280	132.042677641718
800	800	79.597263407145	24.6	104.197263407145	DBCA	57_1	140	124.829439455446
800	833.333333333333	76.2967115036377	24.6	100.896711503638	DBCA	57_2	70	113.552347014427
800	866.666666666667	78.7017774962302	24.6	103.30177749623	DBCA	57_2	280	125.84974969972
800	900	79.1820219875637	24.6	103.782021987564	DBCA	57_2	140	124.414198035865
800	933.333333333333	77.7566464435956	24.6	102.356646443596	DBCA	57_2	0	102.356646443596
800	966.666666666667	80.3076113063683	24.6	104.907611306368	DBCA	57_2	210	128.837232918903
814.285714285714	666.666666666667	82.4928106256646	24.6	107.092810625665	DBCA	58_1	0	107.092810625665
814.285714285714	700	80.6795423621695	24.6	105.279542362169	DBCA	58_1	140	125.911718410471
814.285714285714	733.333333333333	78.388151582055	24.6	102.988151582055	DBCA	58_1	70	115.643787092845
814.285714285714	766.666666666667	80.298189115939	24.6	104.898189115939	DBCA	58_1	210	128.827810728474
814.285714285714	800	82.2719841403777	24.6	106.871984140378	DBCA	58_1	280	129.419956343868
814.285714285714	833.333333333333	79.005056898123	24.6	103.605056898123	DBCA	58_2	0	103.605056898123
814.285714285714	866.666666666667	79.3250266353225	24.6	103.925026635323	DBCA	58_2	280	126.472998838812
814.285714285714	900	77.2356801429852	24.6	101.835680142985	DBCA	58_2	140	122.467856191286
814.285714285714	933.333333333333	75.2628281074618	24.6	99.8628281074618	DBCA	58_2	70	112.518463618251
814.285714285714	966.666666666667	84.0258681335442	24.6	108.625868133544	DBCA	58_2	210	132.555489746079
828.571428571429	666.666666666667	80.4908434278434	24.6	105.090843427843	DBCA	59_1	70	117.746478938633
828.571428571429	700	79.8100658213217	24.6	104.410065821322	DBCA	59_1	210	128.339687433856
828.571428571429	733.333333333333	82.3965600974851	24.6	106.996560097485	DBCA	59_1	140	127.628736145786
828.571428571429	766.666666666667	80.8273614326823	24.6	105.427361432682	DBCA	59_1	0	105.427361432682
828.571428571429	800	82.3131292565727	24.6	106.913129256573	DBCA	59_1	280	129.461101460063
828.571428571429	833.333333333333	76.8808603630062	24.6	101.480860363006	DBCA	59_2	280	124.028832566496
828.571428571429	866.666666666667	82.539382388664	24.6	107.139382388664	DBCA	59_2	0	107.139382388664
828.571428571429	900	82.2367489659945	24.6	106.836748965994	DBCA	59_2	210	130.766370578529
828.571428571429	933.333333333333	82.2081514889302	24.6	106.80815148893	DBCA	59_2	70	119.46378699972
828.571428571429	966.666666666667	83.3774907858692	24.6	107.977490785869	DBCA	59_2	140	128.60966683417
71.4285714285714	666.666666666667	79.8663674893916	0	79.8663674893916	DBCA	6_1	210	86.2315891019262
71.4285714285714	700	79.1856271096678	0	79.1856271096678	DBCA	6_1	280	78.3143993131578
71.4285714285714	733.333333333333	76.8254980750509	0	76.8254980750509	DBCA	6_1	140	85.748074123352
71.4285714285714	766.666666666667	83.6257855138446	0	83.6257855138446	DBCA	6_1	70	90.4266210246342
71.4285714285714	800	82.7518791999323	0	82.7518791999323	DBCA	6_1	0	82.7518791999323
71.4285714285714	833.333333333333	83.1304891547182	0	83.1304891547182	DBCA	6_2	70	89.9313246655078
71.4285714285714	866.666666666667	84.387325526502	0	84.387325526502	DBCA	6_2	210	90.7525471390366
71.4285714285714	900	80.8559096803293	0	80.8559096803293	DBCA	6_2	0	80.8559096803293
71.4285714285714	933.333333333333	80.6951524280059	0	80.6951524280059	DBCA	6_2	280	79.8239246314958
71.4285714285714	966.666666666667	84.3224979391174	0	84.3224979391174	DBCA	6_2	140	93.2450739874185
842.857142857143	666.666666666667	78.8379989536782	24.6	103.437998953678	DBCA	60_1	280	125.985971157168
842.857142857143	700	77.1170808140819	24.6	101.717080814082	DBCA	60_1	70	114.372716324872
842.857142857143	733.333333333333	78.7943570992092	24.6	103.394357099209	DBCA	60_1	210	127.323978711744
842.857142857143	766.666666666667	81.6481338478499	24.6	106.24813384785	DBCA	60_1	140	126.880309896151
842.857142857143	800	81.9466893829617	24.6	106.546689382962	DBCA	60_1	0	106.546689382962
842.857142857143	833.333333333333	78.4955872953701	24.6	103.09558729537	DBCA	60_2	280	125.64355949886
842.857142857143	866.666666666667	81.5823398174817	24.6	106.182339817482	DBCA	60_2	0	106.182339817482
842.857142857143	900	80.6443182631023	24.6	105.244318263102	DBCA	60_2	70	117.899953773892
842.857142857143	933.333333333333	83.2092814705201	24.6	107.80928147052	DBCA	60_2	140	128.441457518821
842.857142857143	966.666666666667	82.52459512023	24.6	107.12459512023	DBCA	60_2	210	131.054216732765
857.142857142857	666.666666666667	81.3512767449461	24.6	105.951276744946	DBCA	61_1	140	126.583452793247
857.142857142857	700	78.4290060798789	24.6	103.029006079879	DBCA	61_1	210	126.958627692413
857.142857142857	733.333333333333	80.9876270060066	24.6	105.587627006007	DBCA	61_1	70	118.243262516796
857.142857142857	766.666666666667	84.4103066952529	24.6	109.010306695253	DBCA	61_1	280	131.558278898743
857.142857142857	800	83.8362672445802	24.6	108.43626724458	DBCA	61_1	0	108.43626724458
857.142857142857	833.333333333333	80.2219613080798	24.6	104.82196130808	DBCA	61_2	70	117.477596818869
857.142857142857	866.666666666667	81.0285166280589	24.6	105.628516628059	DBCA	61_2	210	129.558138240593
857.142857142857	900	78.817638005369	24.6	103.417638005369	DBCA	61_2	140	124.04981405367
857.142857142857	933.333333333333	81.4885743176416	24.6	106.088574317642	DBCA	61_2	280	128.636546521132
857.142857142857	966.666666666667	81.7000488777256	24.6	106.300048877726	DBCA	61_2	0	106.300048877726
871.428571428571	666.666666666667	77.1459487113339	24.6	101.745948711334	DBCA	62_1	70	114.401584222123
871.428571428571	700	81.7821161391396	24.6	106.38211613914	DBCA	62_1	140	127.014292187441
871.428571428571	733.333333333333	82.1340277024269	24.6	106.734027702427	DBCA	62_1	0	106.734027702427
871.428571428571	766.666666666667	82.1353021276824	24.6	106.735302127682	DBCA	62_1	210	130.664923740217
871.428571428571	800	85.8708701093783	24.6	110.470870109378	DBCA	62_1	280	133.018842312868
871.428571428571	833.333333333333	80.7382596060149	24.6	105.338259606015	DBCA	62_2	210	129.267881218549
871.428571428571	866.666666666667	81.4927414836363	24.6	106.092741483636	DBCA	62_2	140	126.724917531937
871.428571428571	900	80.4017504708192	24.6	105.001750470819	DBCA	62_2	70	117.657385981609
871.428571428571	933.333333333333	85.877990210934	24.6	110.477990210934	DBCA	62_2	0	110.477990210934
871.428571428571	966.666666666667	82.7346327614622	24.6	107.334632761462	DBCA	62_2	280	129.882604964952
885.714285714286	666.666666666667	80.0497526937029	24.6	104.649752693703	DBCA	63_1	210	128.579374306237
885.714285714286	700	83.2629348812976	24.6	107.862934881298	DBCA	63_1	140	128.495110929599
885.714285714286	733.333333333333	82.2896791443624	24.6	106.889679144362	DBCA	63_1	0	106.889679144362
885.714285714286	766.666666666667	84.3091596738126	24.6	108.909159673813	DBCA	63_1	70	121.564795184602
885.714285714286	800	84.9949309313444	24.6	109.594930931344	DBCA	63_1	280	132.142903134834
885.714285714286	833.333333333333	84.9207427829176	24.6	109.520742782918	DBCA	63_2	280	132.068714986408
885.714285714286	866.666666666667	83.4716407169058	24.6	108.071640716906	DBCA	63_2	140	128.703816765207
885.714285714286	900	83.6441680682103	24.6	108.24416806821	DBCA	63_2	210	132.173789680745
885.714285714286	933.333333333333	84.1689810004237	24.6	108.768981000424	DBCA	63_2	70	121.424616511213
885.714285714286	966.666666666667	81.5913275531217	24.6	106.191327553122	DBCA	63_2	0	106.191327553122
900	666.666666666667	83.1865534759442	24.6	107.786553475944	DBCA	64_1	70	120.442188986734
900	700	82.615163746864	24.6	107.215163746864	DBCA	64_1	280	129.763135950354
900	733.333333333333	79.3327543931045	24.6	103.932754393105	DBCA	64_1	210	127.862376005639
900	766.666666666667	85.624717216837	24.6	110.224717216837	DBCA	64_1	0	110.224717216837
900	800	85.373456532263	24.6	109.973456532263	DBCA	64_1	140	130.605632580564
900	833.333333333333	81.0231146018544	24.6	105.623114601854	DBCA	64_2	210	129.552736214389
900	866.666666666667	81.8853099618592	24.6	106.485309961859	DBCA	64_2	0	106.485309961859
900	900	81.636520424366	24.6	106.236520424366	DBCA	64_2	140	126.868696472667
900	933.333333333333	81.7955896639624	24.6	106.395589663962	DBCA	64_2	280	128.943561867452
900	966.666666666667	82.8235391125143	24.6	107.423539112514	DBCA	64_2	70	120.079174623304
914.285714285714	666.666666666667	82.4210447579565	24.6	107.021044757956	DBCA	65_1	210	130.950666370491
914.285714285714	700	82.8359735234188	24.6	107.435973523419	DBCA	65_1	0	107.435973523419
914.285714285714	733.333333333333	82.3089433763111	24.6	106.908943376311	DBCA	65_1	280	129.456915579801
914.285714285714	766.666666666667	80.7786792916342	24.6	105.378679291634	DBCA	65_1	70	118.034314802424
914.285714285714	800	80.8126740332567	24.6	105.412674033257	DBCA	65_1	140	126.044850081558
914.285714285714	833.333333333333	80.1973027825681	24.6	104.797302782568	DBCA	65_2	140	125.429478830869
914.285714285714	866.666666666667	83.1530754870548	24.6	107.753075487055	DBCA	65_2	70	120.408710997844
914.285714285714	900	83.7577090643579	24.6	108.357709064358	DBCA	65_2	210	132.287330676892
914.285714285714	933.333333333333	83.2141000334297	24.6	107.81410003343	DBCA	65_2	280	130.36207223692
914.285714285714	966.666666666667	84.3329045731182	24.6	108.932904573118	DBCA	65_2	0	108.932904573118
928.571428571429	666.666666666667	87.7817344263422	24.6	112.381734426342	DBCA	66_1	280	134.929706629832
928.571428571429	700	87.0864007852211	24.6	111.686400785221	DBCA	66_1	0	111.686400785221
928.571428571429	733.333333333333	81.4828674056694	24.6	106.082867405669	DBCA	66_1	70	118.738502916459
928.571428571429	766.666666666667	82.9657001595761	24.6	107.565700159576	DBCA	66_1	210	131.495321772111
928.571428571429	800	83.9196579625437	24.6	108.519657962544	DBCA	66_1	140	129.151834010845
928.571428571429	833.333333333333	81.9346099068543	24.6	106.534609906854	DBCA	66_2	70	119.190245417644
928.571428571429	866.666666666667	84.5041236181526	24.6	109.104123618153	DBCA	66_2	140	129.736299666454
928.571428571429	900	80.6289100057481	24.6	105.228910005748	DBCA	66_2	210	129.158531618283
928.571428571429	933.333333333333	83.9030675857914	24.6	108.503067585791	DBCA	66_2	280	131.051039789281
928.571428571429	966.666666666667	84.5619291823712	24.6	109.161929182371	DBCA	66_2	0	109.161929182371
942.857142857143	666.666666666667	86.3901182038121	24.6	110.990118203812	DBCA	67_1	0	110.990118203812
942.857142857143	700	78.6256406885688	24.6	103.225640688569	DBCA	67_1	280	125.773612892059
942.857142857143	733.333333333333	81.7256333483561	24.6	106.325633348356	DBCA	67_1	140	126.957809396657
942.857142857143	766.666666666667	83.6428942536997	24.6	108.2428942537	DBCA	67_1	70	120.898529764489
942.857142857143	800	85.1983222103787	24.6	109.798322210379	DBCA	67_1	210	133.727943822913
942.857142857143	833.333333333333	84.3761992411181	24.6	108.976199241118	DBCA	67_2	140	129.608375289419
942.857142857143	866.666666666667	83.995377073992	24.6	108.595377073992	DBCA	67_2	280	131.143349277482
942.857142857143	900	78.4054871188222	24.6	103.005487118822	DBCA	67_2	0	103.005487118822
942.857142857143	933.333333333333	83.3551164419243	24.6	107.955116441924	DBCA	67_2	210	131.884738054459
942.857142857143	966.666666666667	80.1635240227894	24.6	104.763524022789	DBCA	67_2	70	117.419159533579
957.142857142857	666.666666666667	84.0467469188011	24.6	108.646746918801	DBCA	68_1	280	131.194719122291
957.142857142857	700	80.5662238463854	24.6	105.166223846385	DBCA	68_1	140	125.798399894686
957.142857142857	733.333333333333	81.177701753047	24.6	105.777701753047	DBCA	68_1	0	105.777701753047
957.142857142857	766.666666666667	79.2157739598606	24.6	103.815773959861	DBCA	68_1	210	127.745395572395
957.142857142857	800	85.5960510559927	24.6	110.196051055993	DBCA	68_1	70	122.851686566782
957.142857142857	833.333333333333	82.0197988229085	24.6	106.619798822909	DBCA	68_2	0	106.619798822909
957.142857142857	866.666666666667	81.8273101761239	24.6	106.427310176124	DBCA	68_2	210	130.356931788658
957.142857142857	900	78.9636369736736	24.6	103.563636973674	DBCA	68_2	280	126.111609177163
957.142857142857	933.333333333333	78.5809585413927	24.6	103.180958541393	DBCA	68_2	140	123.813134589694
957.142857142857	966.666666666667	85.0475742732219	24.6	109.647574273222	DBCA	68_2	70	122.303209784012
971.428571428571	666.666666666667	82.775664733482	24.6	107.375664733482	DBCA	69_1	140	128.007840781783
971.428571428571	700	79.2313164991432	24.6	103.831316499143	DBCA	69_1	280	126.379288702633
971.428571428571	733.333333333333	82.8085144869283	24.6	107.408514486928	DBCA	69_1	210	131.338136099463
971.428571428571	766.666666666667	83.4454076919528	24.6	108.045407691953	DBCA	69_1	70	120.701043202742
971.428571428571	800	83.8244217603171	24.6	108.424421760317	DBCA	69_1	0	108.424421760317
971.428571428571	833.333333333333	82.7363433528224	24.6	107.336343352822	DBCA	69_2	0	107.336343352822
971.428571428571	866.666666666667	82.6679882233705	24.6	107.267988223371	DBCA	69_2	70	119.92362373416
971.428571428571	900	81.2718264816667	24.6	105.871826481667	DBCA	69_2	140	126.504002529968
971.428571428571	933.333333333333	79.2166774476758	24.6	103.816677447676	DBCA	69_2	210	127.74629906021
971.428571428571	966.666666666667	79.8291142634644	24.6	104.429114263464	DBCA	69_2	280	126.977086466954
85.7142857142857	666.666666666667	79.7471751655971	0	79.7471751655971	DBCA	7_1	140	88.6697512138983
85.7142857142857	700	77.3578376090338	0	77.3578376090338	DBCA	7_1	0	77.3578376090338
85.7142857142857	733.333333333333	81.5578503774699	0	81.5578503774699	DBCA	7_1	70	88.3586858882595
85.7142857142857	766.666666666667	83.7415743008477	0	83.7415743008477	DBCA	7_1	210	90.1067959133823
85.7142857142857	800	82.1251301586539	0	82.1251301586539	DBCA	7_1	280	81.2539023621438
85.7142857142857	833.333333333333	80.7486698312317	0	80.7486698312317	DBCA	7_2	140	89.6712458795329
85.7142857142857	866.666666666667	86.80725476989	0	86.80725476989	DBCA	7_2	70	93.6080902806796
85.7142857142857	900	81.7519392306725	0	81.7519392306725	DBCA	7_2	280	80.8807114341624
85.7142857142857	933.333333333333	81.6406022593102	0	81.6406022593102	DBCA	7_2	0	81.6406022593102
85.7142857142857	966.666666666667	83.0336186823802	0	83.0336186823802	DBCA	7_2	210	89.3988402949148
985.714285714286	666.666666666667	83.1573157696776	24.6	107.757315769678	DBCA	70_1	210	131.686937382212
985.714285714286	700	82.4662124717702	24.6	107.06621247177	DBCA	70_1	140	127.698388520071
985.714285714286	733.333333333333	80.7326392412658	24.6	105.332639241266	DBCA	70_1	70	117.988274752055
985.714285714286	766.666666666667	83.7911283735264	24.6	108.391128373526	DBCA	70_1	0	108.391128373526
985.714285714286	800	83.0190249252461	24.6	107.619024925246	DBCA	70_1	280	130.166997128736
985.714285714286	833.333333333333	77.6789098254358	24.6	102.278909825436	DBCA	70_2	70	114.934545336225
985.714285714286	866.666666666667	81.5127906442921	24.6	106.112790644292	DBCA	70_2	140	126.744966692593
985.714285714286	900	80.7381539397647	24.6	105.338153939765	DBCA	70_2	210	129.267775552299
985.714285714286	933.333333333333	80.1499207305221	24.6	104.749920730522	DBCA	70_2	0	104.749920730522
985.714285714286	966.666666666667	79.1429522874124	24.6	103.742952287412	DBCA	70_2	280	126.290924490902
1000	666.666666666667	78.0187248134691	24.6	102.618724813469	DBCA	71_1	70	115.274360324259
1000	700	84.367049131152	24.6	108.967049131152	DBCA	71_1	210	132.896670743687
1000	733.333333333333	82.8492114865008	24.6	107.449211486501	DBCA	71_1	0	107.449211486501
1000	766.666666666667	84.6244975023715	24.6	109.224497502371	DBCA	71_1	140	129.856673550673
1000	800	82.4769413237035	24.6	107.076941323703	DBCA	71_1	280	129.624913527193
1000	833.333333333333	78.2031147811929	24.6	102.803114781193	DBCA	71_2	210	126.732736393727
1000	866.666666666667	81.5851455748006	24.6	106.185145574801	DBCA	71_2	70	118.84078108559
1000	900	80.5259470040793	24.6	105.125947004079	DBCA	71_2	140	125.75812305238
1000	933.333333333333	81.113396789297	24.6	105.713396789297	DBCA	71_2	280	128.261368992787
1000	966.666666666667	78.9118699841491	24.6	103.511869984149	DBCA	71_2	0	103.511869984149
100	666.666666666667	74.5952565193578	0	74.5952565193578	DBCA	8_1	280	73.7240287228477
100	700	78.5102219991972	0	78.5102219991972	DBCA	8_1	210	84.8754436117318
100	733.333333333333	79.6379010367174	0	79.6379010367174	DBCA	8_1	140	88.5604770850185
100	766.666666666667	77.3227794088642	0	77.3227794088642	DBCA	8_1	70	84.1236149196538
100	800	79.955128213259	0	79.955128213259	DBCA	8_1	0	79.955128213259
100	833.333333333333	79.6061602358187	0	79.6061602358187	DBCA	8_2	0	79.6061602358187
100	866.666666666667	81.817933889187	0	81.817933889187	DBCA	8_2	280	80.9467060926769
100	900	79.0407412624873	0	79.0407412624873	DBCA	8_2	140	87.9633173107884
100	933.333333333333	81.5171585140112	0	81.5171585140112	DBCA	8_2	210	87.8823801265457
100	966.666666666667	84.7397301148916	0	84.7397301148916	DBCA	8_2	70	91.5405656256812
114.285714285714	666.666666666667	75.5977807324046	0	75.5977807324046	DBCA	9_1	70	82.3986162431942
114.285714285714	700	80.3005131634158	0	80.3005131634158	DBCA	9_1	0	80.3005131634158
114.285714285714	733.333333333333	77.7657966607029	0	77.7657966607029	DBCA	9_1	140	86.6883727090041
114.285714285714	766.666666666667	79.7772352468797	0	79.7772352468797	DBCA	9_1	280	78.9060074503697
114.285714285714	800	76.685413968868	0	76.685413968868	DBCA	9_1	210	83.0506355814026
114.285714285714	833.333333333333	80.9139869917796	0	80.9139869917796	DBCA	9_2	140	89.8365630400808
114.285714285714	866.666666666667	80.9958568111865	0	80.9958568111865	DBCA	9_2	70	87.7966923219761
114.285714285714	900	79.4589750175807	0	79.4589750175807	DBCA	9_2	280	78.5877472210707
114.285714285714	933.333333333333	78.2186597336906	0	78.2186597336906	DBCA	9_2	0	78.2186597336906
114.285714285714	966.666666666667	83.9369134441623	0	83.9369134441623	DBCA	9_2	210	90.3021350566969
0	1000	80.5319638328168	0	80.5319638328168	DBCA	1_3	NA	NA
14.2857142857143	1000	79.5070086859211	0	79.5070086859211	DBCA	2_3	NA	NA
28.5714285714286	1000	78.9084935462608	0	78.9084935462608	DBCA	3_3	NA	NA
42.8571428571429	1000	80.6835021700216	0	80.6835021700216	DBCA	4_3	NA	NA
57.1428571428571	1000	78.8820651015247	0	78.8820651015247	DBCA	5_3	NA	NA
71.4285714285714	1000	80.3610189843321	0	80.3610189843321	DBCA	6_3	NA	NA
85.7142857142857	1000	79.2587793893361	0	79.2587793893361	DBCA	7_3	NA	NA
100	1000	79.1873401900755	0	79.1873401900755	DBCA	8_3	NA	NA
114.285714285714	1000	81.3615251359013	0	81.3615251359013	DBCA	9_3	NA	NA
128.571428571429	1000	82.4480377587139	0	82.4480377587139	DBCA	10_3	NA	NA
142.857142857143	1000	84.7319061652002	0	84.7319061652002	DBCA	11_3	NA	NA
157.142857142857	1000	84.5404956837734	0	84.5404956837734	DBCA	12_3	NA	NA
171.428571428571	1000	81.5341152875037	0	81.5341152875037	DBCA	13_3	NA	NA
185.714285714286	1000	83.2377105079774	0	83.2377105079774	DBCA	14_3	NA	NA
200	1000	80.7846777667465	0	80.7846777667465	DBCA	15_3	NA	NA
214.285714285714	1000	78.4222858543887	0	78.4222858543887	DBCA	16_3	NA	NA
228.571428571429	1000	79.7389753419359	0	79.7389753419359	DBCA	17_3	NA	NA
242.857142857143	1000	78.6919319782649	0	78.6919319782649	DBCA	18_3	NA	NA
257.142857142857	1000	81.8374284446771	0	81.8374284446771	DBCA	19_3	NA	NA
271.428571428571	1000	77.0082058294651	0	77.0082058294651	DBCA	20_3	NA	NA
285.714285714286	1000	81.0549682030904	0	81.0549682030904	DBCA	21_3	NA	NA
300	1000	81.2513554470546	0	81.2513554470546	DBCA	22_3	NA	NA
314.285714285714	1000	81.2009072018017	0	81.2009072018017	DBCA	23_3	NA	NA
328.571428571429	1000	81.0732305844253	0	81.0732305844253	DBCA	24_3	NA	NA
342.857142857143	1000	81.6821549596156	0	81.6821549596156	DBCA	25_3	NA	NA
357.142857142857	1000	79.1998089085263	0	79.1998089085263	DBCA	26_3	NA	NA
371.428571428571	1000	77.435679145321	0	77.435679145321	DBCA	27_3	NA	NA
385.714285714286	1000	79.6551821698372	0	79.6551821698372	DBCA	28_3	NA	NA
400	1000	78.7784740273399	0	78.7784740273399	DBCA	29_3	NA	NA
414.285714285714	1000	78.8051541752804	0	78.8051541752804	DBCA	30_3	NA	NA
428.571428571429	1000	79.5924053709743	0	79.5924053709743	DBCA	31_3	NA	NA
442.857142857143	1000	82.3353248673707	0	82.3353248673707	DBCA	32_3	NA	NA
457.142857142857	1000	83.7646545215136	0	83.7646545215136	DBCA	33_3	NA	NA
471.428571428571	1000	80.4022800580928	0	80.4022800580928	DBCA	34_3	NA	NA
485.714285714286	1000	78.280380225463	0	78.280380225463	DBCA	35_3	NA	NA
500	1000	78.6218734859662	0	78.6218734859662	DBCA	36_3	NA	NA
514.285714285714	1000	78.5487635087743	24.6	103.148763508774	DBCA	37_3	NA	NA
528.571428571429	1000	78.5578195145079	24.6	103.157819514508	DBCA	38_3	NA	NA
542.857142857143	1000	79.9789586319448	24.6	104.578958631945	DBCA	39_3	NA	NA
557.142857142857	1000	78.247014867041	24.6	102.847014867041	DBCA	40_3	NA	NA
571.428571428571	1000	76.810134235659	24.6	101.410134235659	DBCA	41_3	NA	NA
585.714285714286	1000	77.6917526457378	24.6	102.291752645738	DBCA	42_3	NA	NA
600	1000	77.773809603946	24.6	102.373809603946	DBCA	43_3	NA	NA
614.285714285714	1000	78.4602973613344	24.6	103.060297361334	DBCA	44_3	NA	NA
628.571428571429	1000	77.0093069985412	24.6	101.609306998541	DBCA	45_3	NA	NA
642.857142857143	1000	73.8306214747015	24.6	98.4306214747015	DBCA	46_3	NA	NA
657.142857142857	1000	75.5245269447022	24.6	100.124526944702	DBCA	47_3	NA	NA
671.428571428571	1000	76.3120215381614	24.6	100.912021538161	DBCA	48_3	NA	NA
685.714285714286	1000	75.0973875472484	24.6	99.6973875472484	DBCA	49_3	NA	NA
700	1000	74.7774818532135	24.6	99.3774818532135	DBCA	50_3	NA	NA
714.285714285714	1000	77.8385187330868	24.6	102.438518733087	DBCA	51_3	NA	NA
728.571428571429	1000	75.9185858794736	24.6	100.518585879474	DBCA	52_3	NA	NA
742.857142857143	1000	78.3663608797687	24.6	102.966360879769	DBCA	53_3	NA	NA
757.142857142857	1000	79.079489436932	24.6	103.679489436932	DBCA	54_3	NA	NA
771.428571428571	1000	81.8328574223963	24.6	106.432857422396	DBCA	55_3	NA	NA
785.714285714286	1000	79.7524922204366	24.6	104.352492220437	DBCA	56_3	NA	NA
800	1000	79.1476793057691	24.6	103.747679305769	DBCA	57_3	NA	NA
814.285714285714	1000	78.5532125011383	24.6	103.153212501138	DBCA	58_3	NA	NA
828.571428571429	1000	82.5312329849895	24.6	107.131232984989	DBCA	59_3	NA	NA
842.857142857143	1000	79.9032994517666	24.6	104.503299451767	DBCA	60_3	NA	NA
857.142857142857	1000	79.0332620816162	24.6	103.633262081616	DBCA	61_3	NA	NA
871.428571428571	1000	80.4879823485815	24.6	105.087982348582	DBCA	62_3	NA	NA
885.714285714286	1000	79.2067212312649	24.6	103.806721231265	DBCA	63_3	NA	NA
900	1000	82.7828935013154	24.6	107.382893501315	DBCA	64_3	NA	NA
914.285714285714	1000	80.8140988266813	24.6	105.414098826681	DBCA	65_3	NA	NA
928.571428571429	1000	79.9957984784914	24.6	104.595798478491	DBCA	66_3	NA	NA
942.857142857143	1000	80.8991485882872	24.6	105.499148588287	DBCA	67_3	NA	NA
957.142857142857	1000	80.086449974922	24.6	104.686449974922	DBCA	68_3	NA	NA
971.428571428571	1000	81.1731622535125	24.6	105.773162253512	DBCA	69_3	NA	NA
985.714285714286	1000	83.6695196508723	24.6	108.269519650872	DBCA	70_3	NA	NA
1000	1000	82.3582432576309	24.6	106.958243257631	DBCA	71_3	NA	NA
