x	y	variable1	Zona	ErrorConEfecto	Disenio	Bloque	AsigTrat	MiRto
0	666.666666666667	79.4646148464891	0	79.4646148464891	DBCA	1_1	210	92.3291810429796
0	700	82.880814892829	0	82.880814892829	DBCA	1_1	140	94.523834537675
0	733.333333333333	80.4144965100944	0	80.4144965100944	DBCA	1_1	70	87.769327422777
0	766.666666666667	81.3980079179637	0	81.3980079179637	DBCA	1_1	0	81.3980079179637
0	800	77.4582898826955	0	77.4582898826955	DBCA	1_1	280	88.4777604503114
0	833.333333333333	78.1134001089547	0	78.1134001089547	DBCA	1_2	0	78.1134001089547
0	866.666666666667	80.0973260229921	0	80.0973260229921	DBCA	1_2	210	92.9618922194827
0	900	76.5971875103205	0	76.5971875103205	DBCA	1_2	70	83.952018423003
0	933.333333333333	80.2706743276266	0	80.2706743276266	DBCA	1_2	140	91.9136939724726
0	966.666666666667	80.0415430372602	0	80.0415430372602	DBCA	1_2	280	91.0610136048761
128.571428571429	666.666666666667	82.9288354327108	0	82.9288354327108	DBCA	10_1	70	90.2836663453933
128.571428571429	700	83.0205417853201	0	83.0205417853201	DBCA	10_1	0	83.0205417853201
128.571428571429	733.333333333333	86.2282097735492	0	86.2282097735492	DBCA	10_1	210	99.0927759700397
128.571428571429	766.666666666667	85.8494322816303	0	85.8494322816303	DBCA	10_1	280	96.8689028492463
128.571428571429	800	82.913191875509	0	82.913191875509	DBCA	10_1	140	94.5562115203551
128.571428571429	833.333333333333	78.1251575918146	0	78.1251575918146	DBCA	10_2	280	89.1446281594305
128.571428571429	866.666666666667	76.0244042483589	0	76.0244042483589	DBCA	10_2	0	76.0244042483589
128.571428571429	900	83.4064947654082	0	83.4064947654082	DBCA	10_2	210	96.2710609618987
128.571428571429	933.333333333333	81.4638660175782	0	81.4638660175782	DBCA	10_2	70	88.8186969302608
128.571428571429	966.666666666667	83.4134585061434	0	83.4134585061434	DBCA	10_2	140	95.0564781509894
142.857142857143	666.666666666667	83.7131068215751	0	83.7131068215751	DBCA	11_1	0	83.7131068215751
142.857142857143	700	85.4606015080495	0	85.4606015080495	DBCA	11_1	140	97.1036211528955
142.857142857143	733.333333333333	84.198747862087	0	84.198747862087	DBCA	11_1	210	97.0633140585775
142.857142857143	766.666666666667	82.9426605118603	0	82.9426605118603	DBCA	11_1	280	93.9621310794762
142.857142857143	800	83.2078564201675	0	83.2078564201675	DBCA	11_1	70	90.56268733285
142.857142857143	833.333333333333	77.6413674763957	0	77.6413674763957	DBCA	11_2	70	84.9961983890782
142.857142857143	866.666666666667	78.8177497262825	0	78.8177497262825	DBCA	11_2	0	78.8177497262825
142.857142857143	900	75.2853766078072	0	75.2853766078072	DBCA	11_2	140	86.9283962526532
142.857142857143	933.333333333333	81.47725714751	0	81.47725714751	DBCA	11_2	280	92.496727715126
142.857142857143	966.666666666667	78.8325771085177	0	78.8325771085177	DBCA	11_2	210	91.6971433050082
157.142857142857	666.666666666667	83.8817231448406	0	83.8817231448406	DBCA	12_1	0	83.8817231448406
157.142857142857	700	81.8224262813607	0	81.8224262813607	DBCA	12_1	280	92.8418968489767
157.142857142857	733.333333333333	81.6540509723427	0	81.6540509723427	DBCA	12_1	70	89.0088818850252
157.142857142857	766.666666666667	81.7011652160732	0	81.7011652160732	DBCA	12_1	140	93.3441848609192
157.142857142857	800	79.6925922790146	0	79.6925922790146	DBCA	12_1	210	92.5571584755051
157.142857142857	833.333333333333	80.1739153389986	0	80.1739153389986	DBCA	12_2	0	80.1739153389986
157.142857142857	866.666666666667	76.5277298803557	0	76.5277298803557	DBCA	12_2	210	89.3922960768462
157.142857142857	900	78.3864321555219	0	78.3864321555219	DBCA	12_2	140	90.0294518003679
157.142857142857	933.333333333333	79.0224010759227	0	79.0224010759227	DBCA	12_2	70	86.3772319886052
157.142857142857	966.666666666667	79.8717515821393	0	79.8717515821393	DBCA	12_2	280	90.8912221497552
171.428571428571	666.666666666667	84.8470085330169	0	84.8470085330169	DBCA	13_1	210	97.7115747295074
171.428571428571	700	80.6145766284972	0	80.6145766284972	DBCA	13_1	70	87.9694075411797
171.428571428571	733.333333333333	82.3838404499176	0	82.3838404499176	DBCA	13_1	0	82.3838404499176
171.428571428571	766.666666666667	80.576719784012	0	80.576719784012	DBCA	13_1	140	92.2197394288581
171.428571428571	800	78.4850378068814	0	78.4850378068814	DBCA	13_1	280	89.5045083744973
171.428571428571	833.333333333333	78.3852839655825	0	78.3852839655825	DBCA	13_2	70	85.740114878265
171.428571428571	866.666666666667	77.9369848397843	0	77.9369848397843	DBCA	13_2	280	88.9564554074002
171.428571428571	900	77.1208100163082	0	77.1208100163082	DBCA	13_2	0	77.1208100163082
171.428571428571	933.333333333333	78.6940397229304	0	78.6940397229304	DBCA	13_2	210	91.5586059194209
171.428571428571	966.666666666667	78.9107527943063	0	78.9107527943063	DBCA	13_2	140	90.5537724391523
185.714285714286	666.666666666667	80.9922773552707	0	80.9922773552707	DBCA	14_1	0	80.9922773552707
185.714285714286	700	81.9312556584705	0	81.9312556584705	DBCA	14_1	210	94.7958218549611
185.714285714286	733.333333333333	80.9445629428748	0	80.9445629428748	DBCA	14_1	140	92.5875825877208
185.714285714286	766.666666666667	77.7439577942974	0	77.7439577942974	DBCA	14_1	70	85.0987887069799
185.714285714286	800	80.7750842323163	0	80.7750842323163	DBCA	14_1	280	91.7945547999323
185.714285714286	833.333333333333	81.1673109627433	0	81.1673109627433	DBCA	14_2	280	92.1867815303593
185.714285714286	866.666666666667	76.5352184633616	0	76.5352184633616	DBCA	14_2	0	76.5352184633616
185.714285714286	900	77.1068854677778	0	77.1068854677778	DBCA	14_2	210	89.9714516642683
185.714285714286	933.333333333333	79.2976371181653	0	79.2976371181653	DBCA	14_2	140	90.9406567630113
185.714285714286	966.666666666667	77.8612826940577	0	77.8612826940577	DBCA	14_2	70	85.2161136067403
200	666.666666666667	83.5502921932844	0	83.5502921932844	DBCA	15_1	0	83.5502921932844
200	700	83.86046385856	0	83.86046385856	DBCA	15_1	70	91.2152947712425
200	733.333333333333	84.4614440671795	0	84.4614440671795	DBCA	15_1	210	97.32601026367
200	766.666666666667	81.3025470477192	0	81.3025470477192	DBCA	15_1	140	92.9455666925652
200	800	77.8697941387278	0	77.8697941387278	DBCA	15_1	280	88.8892647063438
200	833.333333333333	80.8725236107817	0	80.8725236107817	DBCA	15_2	0	80.8725236107817
200	866.666666666667	75.8603030476826	0	75.8603030476826	DBCA	15_2	70	83.2151339603651
200	900	80.2246295207397	0	80.2246295207397	DBCA	15_2	280	91.2441000883557
200	933.333333333333	82.909828621609	0	82.909828621609	DBCA	15_2	140	94.5528482664551
200	966.666666666667	82.5246717971005	0	82.5246717971005	DBCA	15_2	210	95.389237993591
214.285714285714	666.666666666667	85.9676578080597	0	85.9676578080597	DBCA	16_1	280	96.9871283756757
214.285714285714	700	83.8189197411624	0	83.8189197411624	DBCA	16_1	0	83.8189197411624
214.285714285714	733.333333333333	82.5588892712209	0	82.5588892712209	DBCA	16_1	70	89.9137201839034
214.285714285714	766.666666666667	81.7493696025864	0	81.7493696025864	DBCA	16_1	140	93.3923892474325
214.285714285714	800	84.3452904711397	0	84.3452904711397	DBCA	16_1	210	97.2098566676302
214.285714285714	833.333333333333	79.7357468005184	0	79.7357468005184	DBCA	16_2	140	91.3787664453645
214.285714285714	866.666666666667	79.3267493778627	0	79.3267493778627	DBCA	16_2	210	92.1913155743532
214.285714285714	900	78.4278438527033	0	78.4278438527033	DBCA	16_2	70	85.7826747653859
214.285714285714	933.333333333333	79.4023941840393	0	79.4023941840393	DBCA	16_2	0	79.4023941840393
214.285714285714	966.666666666667	80.8595724774328	0	80.8595724774328	DBCA	16_2	280	91.8790430450487
228.571428571429	666.666666666667	86.9614488401354	0	86.9614488401354	DBCA	17_1	210	99.8260150366259
228.571428571429	700	83.1431826568588	0	83.1431826568588	DBCA	17_1	0	83.1431826568588
228.571428571429	733.333333333333	81.8467341087548	0	81.8467341087548	DBCA	17_1	140	93.4897537536008
228.571428571429	766.666666666667	84.5554521233594	0	84.5554521233594	DBCA	17_1	280	95.5749226909753
228.571428571429	800	84.6647488595711	0	84.6647488595711	DBCA	17_1	70	92.0195797722537
228.571428571429	833.333333333333	80.0067348087356	0	80.0067348087356	DBCA	17_2	140	91.6497544535816
228.571428571429	866.666666666667	82.9202091037453	0	82.9202091037453	DBCA	17_2	70	90.2750400164278
228.571428571429	900	80.8189228434356	0	80.8189228434356	DBCA	17_2	280	91.8383934110515
228.571428571429	933.333333333333	77.2722455168639	0	77.2722455168639	DBCA	17_2	210	90.1368117133544
228.571428571429	966.666666666667	76.4500658106448	0	76.4500658106448	DBCA	17_2	0	76.4500658106448
242.857142857143	666.666666666667	85.1847992662999	0	85.1847992662999	DBCA	18_1	0	85.1847992662999
242.857142857143	700	77.7662068899198	0	77.7662068899198	DBCA	18_1	210	90.6307730864104
242.857142857143	733.333333333333	80.6075156567601	0	80.6075156567601	DBCA	18_1	140	92.2505353016061
242.857142857143	766.666666666667	84.308370380684	0	84.308370380684	DBCA	18_1	280	95.3278409483
242.857142857143	800	82.5028934946853	0	82.5028934946853	DBCA	18_1	70	89.8577244073678
242.857142857143	833.333333333333	82.5570408816265	0	82.5570408816265	DBCA	18_2	70	89.911871794309
242.857142857143	866.666666666667	81.8715678487382	0	81.8715678487382	DBCA	18_2	140	93.5145874935842
242.857142857143	900	78.6527019542123	0	78.6527019542123	DBCA	18_2	280	89.6721725218282
242.857142857143	933.333333333333	76.5070102789964	0	76.5070102789964	DBCA	18_2	210	89.3715764754869
242.857142857143	966.666666666667	74.9277766664443	0	74.9277766664443	DBCA	18_2	0	74.9277766664443
257.142857142857	666.666666666667	82.5893749181737	0	82.5893749181737	DBCA	19_1	140	94.2323945630197
257.142857142857	700	81.6010238521379	0	81.6010238521379	DBCA	19_1	280	92.6204944197538
257.142857142857	733.333333333333	80.8024236285629	0	80.8024236285629	DBCA	19_1	210	93.6669898250534
257.142857142857	766.666666666667	84.9068038727587	0	84.9068038727587	DBCA	19_1	70	92.2616347854413
257.142857142857	800	85.5452725592985	0	85.5452725592985	DBCA	19_1	0	85.5452725592985
257.142857142857	833.333333333333	81.1970144941569	0	81.1970144941569	DBCA	19_2	70	88.5518454068395
257.142857142857	866.666666666667	79.1877830100136	0	79.1877830100136	DBCA	19_2	0	79.1877830100136
257.142857142857	900	77.4189779251891	0	77.4189779251891	DBCA	19_2	210	90.2835441216796
257.142857142857	933.333333333333	76.6580127031763	0	76.6580127031763	DBCA	19_2	140	88.3010323480223
257.142857142857	966.666666666667	75.1982293124249	0	75.1982293124249	DBCA	19_2	280	86.2176998800408
14.2857142857143	666.666666666667	81.8979571982134	0	81.8979571982134	DBCA	2_1	70	89.252788110896
14.2857142857143	700	77.6471526894453	0	77.6471526894453	DBCA	2_1	280	88.6666232570612
14.2857142857143	733.333333333333	77.7380261023667	0	77.7380261023667	DBCA	2_1	140	89.3810457472128
14.2857142857143	766.666666666667	83.4068987741704	0	83.4068987741704	DBCA	2_1	0	83.4068987741704
14.2857142857143	800	78.4480149799014	0	78.4480149799014	DBCA	2_1	210	91.3125811763919
14.2857142857143	833.333333333333	77.2297994390568	0	77.2297994390568	DBCA	2_2	0	77.2297994390568
14.2857142857143	866.666666666667	78.9945982359062	0	78.9945982359062	DBCA	2_2	280	90.0140688035221
14.2857142857143	900	77.6957035243345	0	77.6957035243345	DBCA	2_2	140	89.3387231691806
14.2857142857143	933.333333333333	79.2289824238232	0	79.2289824238232	DBCA	2_2	70	86.5838133365058
14.2857142857143	966.666666666667	82.2458365136904	0	82.2458365136904	DBCA	2_2	210	95.1104027101809
271.428571428571	666.666666666667	82.611443272621	0	82.611443272621	DBCA	20_1	140	94.2544629174671
271.428571428571	700	84.9178827351167	0	84.9178827351167	DBCA	20_1	0	84.9178827351167
271.428571428571	733.333333333333	84.2977495361442	0	84.2977495361442	DBCA	20_1	280	95.3172201037601
271.428571428571	766.666666666667	82.6371344416992	0	82.6371344416992	DBCA	20_1	70	89.9919653543818
271.428571428571	800	83.8946516026989	0	83.8946516026989	DBCA	20_1	210	96.7592177991894
271.428571428571	833.333333333333	79.2100330274968	0	79.2100330274968	DBCA	20_2	140	90.8530526723429
271.428571428571	866.666666666667	81.6339889756686	0	81.6339889756686	DBCA	20_2	280	92.6534595432845
271.428571428571	900	78.6622063883587	0	78.6622063883587	DBCA	20_2	70	86.0170373010412
271.428571428571	933.333333333333	74.9798183785568	0	74.9798183785568	DBCA	20_2	0	74.9798183785568
271.428571428571	966.666666666667	77.4747816363905	0	77.4747816363905	DBCA	20_2	210	90.339347832881
285.714285714286	666.666666666667	79.9945047601342	0	79.9945047601342	DBCA	21_1	70	87.3493356728167
285.714285714286	700	81.1014391746258	0	81.1014391746258	DBCA	21_1	210	93.9660053711164
285.714285714286	733.333333333333	82.983742239018	0	82.983742239018	DBCA	21_1	0	82.983742239018
285.714285714286	766.666666666667	82.2298169795179	0	82.2298169795179	DBCA	21_1	140	93.872836624364
285.714285714286	800	83.8759054651376	0	83.8759054651376	DBCA	21_1	280	94.8953760327535
285.714285714286	833.333333333333	79.8549219421612	0	79.8549219421612	DBCA	21_2	70	87.2097528548438
285.714285714286	866.666666666667	83.6224562480279	0	83.6224562480279	DBCA	21_2	280	94.6419268156438
285.714285714286	900	78.7300727738603	0	78.7300727738603	DBCA	21_2	210	91.5946389703508
285.714285714286	933.333333333333	80.588721988159	0	80.588721988159	DBCA	21_2	0	80.588721988159
285.714285714286	966.666666666667	77.4188384927489	0	77.4188384927489	DBCA	21_2	140	89.061858137595
300	666.666666666667	77.8082891291057	0	77.8082891291057	DBCA	22_1	210	90.6728553255962
300	700	78.6291668397367	0	78.6291668397367	DBCA	22_1	70	85.9839977524193
300	733.333333333333	79.2103301992072	0	79.2103301992072	DBCA	22_1	280	90.2298007668231
300	766.666666666667	79.5431665783716	0	79.5431665783716	DBCA	22_1	0	79.5431665783716
300	800	81.4931510683983	0	81.4931510683983	DBCA	22_1	140	93.1361707132443
300	833.333333333333	82.9536183395735	0	82.9536183395735	DBCA	22_2	280	93.9730889071894
300	866.666666666667	81.2089697045294	0	81.2089697045294	DBCA	22_2	70	88.563800617212
300	900	82.2481661100447	0	82.2481661100447	DBCA	22_2	140	93.8911857548908
300	933.333333333333	77.5653064619584	0	77.5653064619584	DBCA	22_2	210	90.4298726584489
300	966.666666666667	75.0909259139273	0	75.0909259139273	DBCA	22_2	0	75.0909259139273
314.285714285714	666.666666666667	80.9797409118093	0	80.9797409118093	DBCA	23_1	140	92.6227605566553
314.285714285714	700	78.3307528598665	0	78.3307528598665	DBCA	23_1	280	89.3502234274824
314.285714285714	733.333333333333	79.4663574830212	0	79.4663574830212	DBCA	23_1	70	86.8211883957038
314.285714285714	766.666666666667	78.0752916550967	0	78.0752916550967	DBCA	23_1	0	78.0752916550967
314.285714285714	800	78.3835051299162	0	78.3835051299162	DBCA	23_1	210	91.2480713264068
314.285714285714	833.333333333333	79.9024181563451	0	79.9024181563451	DBCA	23_2	140	91.5454378011912
314.285714285714	866.666666666667	76.2864264900288	0	76.2864264900288	DBCA	23_2	210	89.1509926865193
314.285714285714	900	78.503270635359	0	78.503270635359	DBCA	23_2	280	89.5227412029749
314.285714285714	933.333333333333	78.1137830159579	0	78.1137830159579	DBCA	23_2	0	78.1137830159579
314.285714285714	966.666666666667	77.9341583095372	0	77.9341583095372	DBCA	23_2	70	85.2889892222197
328.571428571429	666.666666666667	81.6329547346109	0	81.6329547346109	DBCA	24_1	70	88.9877856472935
328.571428571429	700	76.5897242223471	0	76.5897242223471	DBCA	24_1	280	87.609194789963
328.571428571429	733.333333333333	78.4263514498049	0	78.4263514498049	DBCA	24_1	210	91.2909176462954
328.571428571429	766.666666666667	77.4047843166077	0	77.4047843166077	DBCA	24_1	0	77.4047843166077
328.571428571429	800	78.7306257974721	0	78.7306257974721	DBCA	24_1	140	90.3736454423181
328.571428571429	833.333333333333	83.6981876186101	0	83.6981876186101	DBCA	24_2	70	91.0530185312927
328.571428571429	866.666666666667	81.1330071271711	0	81.1330071271711	DBCA	24_2	210	93.9975733236617
328.571428571429	900	76.7636393002839	0	76.7636393002839	DBCA	24_2	140	88.4066589451299
328.571428571429	933.333333333333	82.0245507086171	0	82.0245507086171	DBCA	24_2	0	82.0245507086171
328.571428571429	966.666666666667	78.4193092978327	0	78.4193092978327	DBCA	24_2	280	89.4387798654486
342.857142857143	666.666666666667	77.2140967252379	0	77.2140967252379	DBCA	25_1	140	88.8571163700839
342.857142857143	700	76.1924722325185	0	76.1924722325185	DBCA	25_1	280	87.2119428001344
342.857142857143	733.333333333333	75.677464062	0	75.677464062	DBCA	25_1	210	88.5420302584905
342.857142857143	766.666666666667	78.9819160677304	0	78.9819160677304	DBCA	25_1	0	78.9819160677304
342.857142857143	800	77.9731433063754	0	77.9731433063754	DBCA	25_1	70	85.3279742190579
342.857142857143	833.333333333333	82.7393755209187	0	82.7393755209187	DBCA	25_2	70	90.0942064336012
342.857142857143	866.666666666667	78.1579088702025	0	78.1579088702025	DBCA	25_2	0	78.1579088702025
342.857142857143	900	78.097043881152	0	78.097043881152	DBCA	25_2	280	89.1165144487679
342.857142857143	933.333333333333	82.7281415289608	0	82.7281415289608	DBCA	25_2	140	94.3711611738069
342.857142857143	966.666666666667	73.941633554032	0	73.941633554032	DBCA	25_2	210	86.8061997505225
357.142857142857	666.666666666667	78.7888431624901	0	78.7888431624901	DBCA	26_1	70	86.1436740751727
357.142857142857	700	74.5216800117833	0	74.5216800117833	DBCA	26_1	140	86.1646996566294
357.142857142857	733.333333333333	78.7285156360324	0	78.7285156360324	DBCA	26_1	0	78.7285156360324
357.142857142857	766.666666666667	78.3599337441446	0	78.3599337441446	DBCA	26_1	210	91.2244999406351
357.142857142857	800	82.4362432657355	0	82.4362432657355	DBCA	26_1	280	93.4557138333514
357.142857142857	833.333333333333	80.8392780837945	0	80.8392780837945	DBCA	26_2	0	80.8392780837945
357.142857142857	866.666666666667	79.8529679316506	0	79.8529679316506	DBCA	26_2	210	92.7175341281412
357.142857142857	900	79.8417853496478	0	79.8417853496478	DBCA	26_2	280	90.8612559172637
357.142857142857	933.333333333333	80.1546639216522	0	80.1546639216522	DBCA	26_2	140	91.7976835664982
357.142857142857	966.666666666667	79.0555900608443	0	79.0555900608443	DBCA	26_2	70	86.4104209735268
371.428571428571	666.666666666667	74.8067235663628	0	74.8067235663628	DBCA	27_1	140	86.4497432112088
371.428571428571	700	76.147933574937	0	76.147933574937	DBCA	27_1	280	87.1674041425529
371.428571428571	733.333333333333	79.7883322445282	0	79.7883322445282	DBCA	27_1	0	79.7883322445282
371.428571428571	766.666666666667	78.3552517322017	0	78.3552517322017	DBCA	27_1	70	85.7100826448842
371.428571428571	800	82.0884757952815	0	82.0884757952815	DBCA	27_1	210	94.953041991772
371.428571428571	833.333333333333	80.2027046724927	0	80.2027046724927	DBCA	27_2	210	93.0672708689832
371.428571428571	866.666666666667	78.0710033165397	0	78.0710033165397	DBCA	27_2	70	85.4258342292222
371.428571428571	900	78.8345032302356	0	78.8345032302356	DBCA	27_2	280	89.8539737978516
371.428571428571	933.333333333333	82.5491405851544	0	82.5491405851544	DBCA	27_2	140	94.1921602300004
371.428571428571	966.666666666667	78.4436387853952	0	78.4436387853952	DBCA	27_2	0	78.4436387853952
385.714285714286	666.666666666667	78.4284761363798	0	78.4284761363798	DBCA	28_1	280	89.4479467039957
385.714285714286	700	77.2210605183969	0	77.2210605183969	DBCA	28_1	140	88.864080163243
385.714285714286	733.333333333333	79.3897573545491	0	79.3897573545491	DBCA	28_1	0	79.3897573545491
385.714285714286	766.666666666667	79.5893877029528	0	79.5893877029528	DBCA	28_1	70	86.9442186156353
385.714285714286	800	79.4470331775184	0	79.4470331775184	DBCA	28_1	210	92.311599374009
385.714285714286	833.333333333333	77.0078902181496	0	77.0078902181496	DBCA	28_2	210	89.8724564146401
385.714285714286	866.666666666667	80.3773278787787	0	80.3773278787787	DBCA	28_2	70	87.7321587914612
385.714285714286	900	79.0259011962159	0	79.0259011962159	DBCA	28_2	280	90.0453717638318
385.714285714286	933.333333333333	79.4397349529516	0	79.4397349529516	DBCA	28_2	140	91.0827545977976
385.714285714286	966.666666666667	77.4717282303585	0	77.4717282303585	DBCA	28_2	0	77.4717282303585
400	666.666666666667	83.1052760891586	0	83.1052760891586	DBCA	29_1	0	83.1052760891586
400	700	81.9790568252286	0	81.9790568252286	DBCA	29_1	70	89.3338877379111
400	733.333333333333	82.0289111281714	0	82.0289111281714	DBCA	29_1	210	94.8934773246619
400	766.666666666667	77.6033454278304	0	77.6033454278304	DBCA	29_1	140	89.2463650726765
400	800	78.9633691799392	0	78.9633691799392	DBCA	29_1	280	89.9828397475551
400	833.333333333333	74.4047944251315	0	74.4047944251315	DBCA	29_2	70	81.759625337814
400	866.666666666667	75.8620388105955	0	75.8620388105955	DBCA	29_2	280	86.8815093782114
400	900	79.0864147995771	0	79.0864147995771	DBCA	29_2	0	79.0864147995771
400	933.333333333333	80.7728703248642	0	80.7728703248642	DBCA	29_2	210	93.6374365213547
400	966.666666666667	80.8228850215411	0	80.8228850215411	DBCA	29_2	140	92.4659046663871
28.5714285714286	666.666666666667	79.4130759387863	0	79.4130759387863	DBCA	3_1	210	92.2776421352768
28.5714285714286	700	77.602978942568	0	77.602978942568	DBCA	3_1	140	89.2459985874141
28.5714285714286	733.333333333333	81.6881262882259	0	81.6881262882259	DBCA	3_1	0	81.6881262882259
28.5714285714286	766.666666666667	85.6496023080743	0	85.6496023080743	DBCA	3_1	280	96.6690728756902
28.5714285714286	800	80.0014062413367	0	80.0014062413367	DBCA	3_1	70	87.3562371540193
28.5714285714286	833.333333333333	79.1138024813642	0	79.1138024813642	DBCA	3_2	140	90.7568221262102
28.5714285714286	866.666666666667	80.0783467710108	0	80.0783467710108	DBCA	3_2	0	80.0783467710108
28.5714285714286	900	79.063290089669	0	79.063290089669	DBCA	3_2	70	86.4181210023516
28.5714285714286	933.333333333333	78.5886118780043	0	78.5886118780043	DBCA	3_2	210	91.4531780744949
28.5714285714286	966.666666666667	84.5427416944705	0	84.5427416944705	DBCA	3_2	280	95.5622122620864
414.285714285714	666.666666666667	85.4709295104553	0	85.4709295104553	DBCA	30_1	280	96.4904000780713
414.285714285714	700	78.8288763232877	0	78.8288763232877	DBCA	30_1	210	91.6934425197783
414.285714285714	733.333333333333	80.4887418569233	0	80.4887418569233	DBCA	30_1	140	92.1317615017693
414.285714285714	766.666666666667	79.8725155974683	0	79.8725155974683	DBCA	30_1	70	87.2273465101509
414.285714285714	800	80.5153390869181	0	80.5153390869181	DBCA	30_1	0	80.5153390869181
414.285714285714	833.333333333333	77.5577669228848	0	77.5577669228848	DBCA	30_2	210	90.4223331193753
414.285714285714	866.666666666667	73.8421664528737	0	73.8421664528737	DBCA	30_2	0	73.8421664528737
414.285714285714	900	81.1809571116914	0	81.1809571116914	DBCA	30_2	280	92.2004276793073
414.285714285714	933.333333333333	76.7253213832827	0	76.7253213832827	DBCA	30_2	140	88.3683410281287
414.285714285714	966.666666666667	82.3568313616651	0	82.3568313616651	DBCA	30_2	70	89.7116622743476
428.571428571429	666.666666666667	84.0119213666557	0	84.0119213666557	DBCA	31_1	140	95.6549410115017
428.571428571429	700	80.919309377793	0	80.919309377793	DBCA	31_1	280	91.9387799454089
428.571428571429	733.333333333333	82.8935779268811	0	82.8935779268811	DBCA	31_1	70	90.2484088395636
428.571428571429	766.666666666667	77.9116398427645	0	77.9116398427645	DBCA	31_1	0	77.9116398427645
428.571428571429	800	77.4092510953301	0	77.4092510953301	DBCA	31_1	210	90.2738172918206
428.571428571429	833.333333333333	76.3334629104404	0	76.3334629104404	DBCA	31_2	280	87.3529334780563
428.571428571429	866.666666666667	78.8046131740312	0	78.8046131740312	DBCA	31_2	70	86.1594440867137
428.571428571429	900	80.66759619687	0	80.66759619687	DBCA	31_2	210	93.5321623933605
428.571428571429	933.333333333333	80.0426759722747	0	80.0426759722747	DBCA	31_2	0	80.0426759722747
428.571428571429	966.666666666667	83.3313793963342	0	83.3313793963342	DBCA	31_2	140	94.9743990411802
442.857142857143	666.666666666667	86.5968183599609	0	86.5968183599609	DBCA	32_1	280	97.6162889275768
442.857142857143	700	83.4188748454916	0	83.4188748454916	DBCA	32_1	70	90.7737057581741
442.857142857143	733.333333333333	79.8809031635802	0	79.8809031635802	DBCA	32_1	140	91.5239228084263
442.857142857143	766.666666666667	82.6514356348952	0	82.6514356348952	DBCA	32_1	210	95.5160018313857
442.857142857143	800	79.8527854832178	0	79.8527854832178	DBCA	32_1	0	79.8527854832178
442.857142857143	833.333333333333	77.3016422832565	0	77.3016422832565	DBCA	32_2	140	88.9446619281025
442.857142857143	866.666666666667	76.8515438926136	0	76.8515438926136	DBCA	32_2	70	84.2063748052962
442.857142857143	900	76.4892529680811	0	76.4892529680811	DBCA	32_2	0	76.4892529680811
442.857142857143	933.333333333333	81.7859756676217	0	81.7859756676217	DBCA	32_2	280	92.8054462352376
442.857142857143	966.666666666667	83.416119978313	0	83.416119978313	DBCA	32_2	210	96.2806861748035
457.142857142857	666.666666666667	84.9621996098515	0	84.9621996098515	DBCA	33_1	0	84.9621996098515
457.142857142857	700	78.7374317086731	0	78.7374317086731	DBCA	33_1	140	90.3804513535192
457.142857142857	733.333333333333	80.4993500299855	0	80.4993500299855	DBCA	33_1	280	91.5188205976014
457.142857142857	766.666666666667	86.7364605736819	0	86.7364605736819	DBCA	33_1	70	94.0912914863645
457.142857142857	800	82.5210518103859	0	82.5210518103859	DBCA	33_1	210	95.3856180068764
457.142857142857	833.333333333333	77.739369942685	0	77.739369942685	DBCA	33_2	280	88.758840510301
457.142857142857	866.666666666667	75.1414694886355	0	75.1414694886355	DBCA	33_2	70	82.4963004013181
457.142857142857	900	78.1820708924415	0	78.1820708924415	DBCA	33_2	140	89.8250905372875
457.142857142857	933.333333333333	78.4564119372389	0	78.4564119372389	DBCA	33_2	210	91.3209781337294
457.142857142857	966.666666666667	79.2310084978003	0	79.2310084978003	DBCA	33_2	0	79.2310084978003
471.428571428571	666.666666666667	82.4736473450407	0	82.4736473450407	DBCA	34_1	280	93.4931179126567
471.428571428571	700	81.6166333225343	0	81.6166333225343	DBCA	34_1	210	94.4811995190249
471.428571428571	733.333333333333	79.1350851368367	0	79.1350851368367	DBCA	34_1	0	79.1350851368367
471.428571428571	766.666666666667	85.4652144545943	0	85.4652144545943	DBCA	34_1	70	92.8200453672768
471.428571428571	800	80.0002250585198	0	80.0002250585198	DBCA	34_1	140	91.6432447033659
471.428571428571	833.333333333333	79.6364620112169	0	79.6364620112169	DBCA	34_2	140	91.2794816560629
471.428571428571	866.666666666667	77.6691175647563	0	77.6691175647563	DBCA	34_2	0	77.6691175647563
471.428571428571	900	78.1644667968261	0	78.1644667968261	DBCA	34_2	280	89.1839373644421
471.428571428571	933.333333333333	77.2842381140005	0	77.2842381140005	DBCA	34_2	70	84.639069026683
471.428571428571	966.666666666667	81.7382715742415	0	81.7382715742415	DBCA	34_2	210	94.602837770732
485.714285714286	666.666666666667	84.0863397454577	0	84.0863397454577	DBCA	35_1	210	96.9509059419482
485.714285714286	700	83.7057005322817	0	83.7057005322817	DBCA	35_1	70	91.0605314449642
485.714285714286	733.333333333333	77.4148605522954	0	77.4148605522954	DBCA	35_1	0	77.4148605522954
485.714285714286	766.666666666667	83.0331961642934	0	83.0331961642934	DBCA	35_1	140	94.6762158091394
485.714285714286	800	85.27496806316	0	85.27496806316	DBCA	35_1	280	96.294438630776
485.714285714286	833.333333333333	81.415913952894	0	81.415913952894	DBCA	35_2	140	93.05893359774
485.714285714286	866.666666666667	79.6141099733629	0	79.6141099733629	DBCA	35_2	210	92.4786761698534
485.714285714286	900	78.9508475690611	0	78.9508475690611	DBCA	35_2	0	78.9508475690611
485.714285714286	933.333333333333	75.9741075359107	0	75.9741075359107	DBCA	35_2	70	83.3289384485933
485.714285714286	966.666666666667	76.0689536117378	0	76.0689536117378	DBCA	35_2	280	87.0884241793537
500	666.666666666667	86.3566284614072	0	86.3566284614072	DBCA	36_1	210	99.2211946578977
500	700	84.7043167924132	0	84.7043167924132	DBCA	36_1	140	96.3473364372593
500	733.333333333333	80.9486110984662	0	80.9486110984662	DBCA	36_1	70	88.3034420111487
500	766.666666666667	84.8716945982752	0	84.8716945982752	DBCA	36_1	0	84.8716945982752
500	800	85.2378805784384	0	85.2378805784384	DBCA	36_1	280	96.2573511460543
500	833.333333333333	80.9678523049359	0	80.9678523049359	DBCA	36_2	70	88.3226832176184
500	866.666666666667	79.9668220419189	0	79.9668220419189	DBCA	36_2	280	90.9862926095349
500	900	76.6201690282964	0	76.6201690282964	DBCA	36_2	210	89.4847352247869
500	933.333333333333	78.082885969005	0	78.082885969005	DBCA	36_2	0	78.082885969005
500	966.666666666667	81.5886777134457	0	81.5886777134457	DBCA	36_2	140	93.2316973582918
514.285714285714	666.666666666667	81.8542266898952	24.6	106.454226689895	DBCA	37_1	0	106.454226689895
514.285714285714	700	81.8308204954933	24.6	106.430820495493	DBCA	37_1	70	119.640451408176
514.285714285714	733.333333333333	83.0078105346007	24.6	107.607810534601	DBCA	37_1	140	130.960430179447
514.285714285714	766.666666666667	85.7619474994425	24.6	110.361947499442	DBCA	37_1	280	144.800618067058
514.285714285714	800	83.1001877639731	24.6	107.700187763973	DBCA	37_1	210	138.129153960464
514.285714285714	833.333333333333	80.6870681999219	24.6	105.287068199922	DBCA	37_2	70	118.496699112604
514.285714285714	866.666666666667	77.7470135893326	24.6	102.347013589333	DBCA	37_2	280	136.785684156949
514.285714285714	900	77.2639060438114	24.6	101.863906043811	DBCA	37_2	140	125.216525688657
514.285714285714	933.333333333333	77.2627678478743	24.6	101.862767847874	DBCA	37_2	210	132.291734044365
514.285714285714	966.666666666667	79.2494050008238	24.6	103.849405000824	DBCA	37_2	0	103.849405000824
528.571428571429	666.666666666667	81.7761212968517	24.6	106.376121296852	DBCA	38_1	70	119.585752209534
528.571428571429	700	83.682064225064	24.6	108.282064225064	DBCA	38_1	0	108.282064225064
528.571428571429	733.333333333333	78.5555669695534	24.6	103.155566969553	DBCA	38_1	280	137.594237537169
528.571428571429	766.666666666667	86.0400467540309	24.6	110.640046754031	DBCA	38_1	210	141.069012950521
528.571428571429	800	87.1295757123434	24.6	111.729575712343	DBCA	38_1	140	135.082195357189
528.571428571429	833.333333333333	80.4592219618399	24.6	105.05922196184	DBCA	38_2	0	105.05922196184
528.571428571429	866.666666666667	79.2776664133666	24.6	103.877666413367	DBCA	38_2	140	127.230286058213
528.571428571429	900	77.1109442389352	24.6	101.710944238935	DBCA	38_2	280	136.149614806551
528.571428571429	933.333333333333	83.1807391708883	24.6	107.780739170888	DBCA	38_2	210	138.209705367379
528.571428571429	966.666666666667	81.792472280548	24.6	106.392472280548	DBCA	38_2	70	119.602103193231
542.857142857143	666.666666666667	86.4453468377613	24.6	111.045346837761	DBCA	39_1	210	141.474313034252
542.857142857143	700	79.298870948782	24.6	103.898870948782	DBCA	39_1	140	127.251490593628
542.857142857143	733.333333333333	81.0119170862591	24.6	105.611917086259	DBCA	39_1	70	118.821547998942
542.857142857143	766.666666666667	83.829523002333	24.6	108.429523002333	DBCA	39_1	0	108.429523002333
542.857142857143	800	83.8951846234206	24.6	108.495184623421	DBCA	39_1	280	142.933855191036
542.857142857143	833.333333333333	81.0583726803777	24.6	105.658372680378	DBCA	39_2	210	136.087338876868
542.857142857143	866.666666666667	77.6140890758509	24.6	102.214089075851	DBCA	39_2	70	115.423719988533
542.857142857143	900	82.9563638443786	24.6	107.556363844379	DBCA	39_2	280	141.995034411995
542.857142857143	933.333333333333	84.5862118759216	24.6	109.186211875922	DBCA	39_2	0	109.186211875922
542.857142857143	966.666666666667	81.7120935813559	24.6	106.312093581356	DBCA	39_2	140	129.664713226202
42.8571428571429	666.666666666667	78.8674524893613	0	78.8674524893613	DBCA	4_1	140	90.5104721342073
42.8571428571429	700	79.588480713756	0	79.588480713756	DBCA	4_1	210	92.4530469102465
42.8571428571429	733.333333333333	81.6564747531423	0	81.6564747531423	DBCA	4_1	0	81.6564747531423
42.8571428571429	766.666666666667	84.0272032558369	0	84.0272032558369	DBCA	4_1	280	95.0466738234528
42.8571428571429	800	84.9958375364064	0	84.9958375364064	DBCA	4_1	70	92.350668449089
42.8571428571429	833.333333333333	82.975262505842	0	82.975262505842	DBCA	4_2	70	90.3300934185245
42.8571428571429	866.666666666667	80.4070529078442	0	80.4070529078442	DBCA	4_2	0	80.4070529078442
42.8571428571429	900	84.0609355099864	0	84.0609355099864	DBCA	4_2	210	96.9255017064769
42.8571428571429	933.333333333333	79.8761611788659	0	79.8761611788659	DBCA	4_2	140	91.5191808237119
42.8571428571429	966.666666666667	81.6197226934739	0	81.6197226934739	DBCA	4_2	280	92.6391932610898
557.142857142857	666.666666666667	87.5285534576695	24.6	112.128553457669	DBCA	40_1	210	142.55751965416
557.142857142857	700	82.161403889386	24.6	106.761403889386	DBCA	40_1	0	106.761403889386
557.142857142857	733.333333333333	77.0575445456249	24.6	101.657544545625	DBCA	40_1	140	125.010164190471
557.142857142857	766.666666666667	81.2402833627721	24.6	105.840283362772	DBCA	40_1	280	140.278953930388
557.142857142857	800	84.6290758639948	24.6	109.229075863995	DBCA	40_1	70	122.438706776677
557.142857142857	833.333333333333	82.9097209896106	24.6	107.509720989611	DBCA	40_2	280	141.948391557227
557.142857142857	866.666666666667	83.099552339172	24.6	107.699552339172	DBCA	40_2	70	120.909183251855
557.142857142857	900	80.2150344632887	24.6	104.815034463289	DBCA	40_2	210	135.244000659779
557.142857142857	933.333333333333	85.5328290664751	24.6	110.132829066475	DBCA	40_2	140	133.485448711321
557.142857142857	966.666666666667	82.9014436969702	24.6	107.50144369697	DBCA	40_2	0	107.50144369697
571.428571428571	666.666666666667	82.852960326579	24.6	107.452960326579	DBCA	41_1	70	120.662591239262
571.428571428571	700	78.9919568775919	24.6	103.591956877592	DBCA	41_1	280	138.030627445208
571.428571428571	733.333333333333	78.6209459112009	24.6	103.220945911201	DBCA	41_1	0	103.220945911201
571.428571428571	766.666666666667	80.9850400047338	24.6	105.585040004734	DBCA	41_1	210	136.014006201224
571.428571428571	800	83.2855817952484	24.6	107.885581795248	DBCA	41_1	140	131.238201440094
571.428571428571	833.333333333333	83.1038347772217	24.6	107.703834777222	DBCA	41_2	140	131.056454422068
571.428571428571	866.666666666667	81.0108932340679	24.6	105.610893234068	DBCA	41_2	70	118.82052414675
571.428571428571	900	86.2725954504252	24.6	110.872595450425	DBCA	41_2	280	145.311266018041
571.428571428571	933.333333333333	84.4341388202291	24.6	109.034138820229	DBCA	41_2	0	109.034138820229
571.428571428571	966.666666666667	85.2625500915928	24.6	109.862550091593	DBCA	41_2	210	140.291516288083
585.714285714286	666.666666666667	80.0547112823786	24.6	104.654711282379	DBCA	42_1	0	104.654711282379
585.714285714286	700	79.7413021441094	24.6	104.341302144109	DBCA	42_1	140	127.693921788955
585.714285714286	733.333333333333	83.8570669237615	24.6	108.457066923761	DBCA	42_1	210	138.886033120252
585.714285714286	766.666666666667	83.6403176879708	24.6	108.240317687971	DBCA	42_1	70	121.449948600653
585.714285714286	800	81.1433883067759	24.6	105.743388306776	DBCA	42_1	280	140.182058874392
585.714285714286	833.333333333333	82.1817030988746	24.6	106.781703098875	DBCA	42_2	210	137.210669295365
585.714285714286	866.666666666667	80.7640457719812	24.6	105.364045771981	DBCA	42_2	140	128.716665416827
585.714285714286	900	86.4292374433356	24.6	111.029237443336	DBCA	42_2	0	111.029237443336
585.714285714286	933.333333333333	87.3148399489754	24.6	111.914839948975	DBCA	42_2	70	125.124470861658
585.714285714286	966.666666666667	87.4712074048157	24.6	112.071207404816	DBCA	42_2	280	146.509877972432
600	666.666666666667	78.1156499987046	24.6	102.715649998705	DBCA	43_1	280	137.154320566321
600	700	84.0547981322671	24.6	108.654798132267	DBCA	43_1	210	139.083764328758
600	733.333333333333	84.8260057682748	24.6	109.426005768275	DBCA	43_1	0	109.426005768275
600	766.666666666667	81.8341339305195	24.6	106.434133930519	DBCA	43_1	140	129.786753575366
600	800	82.1164240385974	24.6	106.716424038597	DBCA	43_1	70	119.92605495128
600	833.333333333333	80.5710638365144	24.6	105.171063836514	DBCA	43_2	70	118.380694749197
600	866.666666666667	83.8349284905353	24.6	108.434928490535	DBCA	43_2	140	131.787548135381
600	900	82.8408049886011	24.6	107.440804988601	DBCA	43_2	280	141.879475556217
600	933.333333333333	87.1593563909992	24.6	111.759356390999	DBCA	43_2	210	142.18832258749
600	966.666666666667	87.1386522007369	24.6	111.738652200737	DBCA	43_2	0	111.738652200737
614.285714285714	666.666666666667	75.5566649832882	24.6	100.156664983288	DBCA	44_1	0	100.156664983288
614.285714285714	700	80.073904441657	24.6	104.673904441657	DBCA	44_1	280	139.112575009273
614.285714285714	733.333333333333	84.23697668242	24.6	108.83697668242	DBCA	44_1	70	122.046607595103
614.285714285714	766.666666666667	85.0260183097901	24.6	109.62601830979	DBCA	44_1	210	140.054984506281
614.285714285714	800	81.9482712644224	24.6	106.548271264422	DBCA	44_1	140	129.900890909268
614.285714285714	833.333333333333	83.5824156284756	24.6	108.182415628476	DBCA	44_2	140	131.535035273322
614.285714285714	866.666666666667	82.6251275652535	24.6	107.225127565254	DBCA	44_2	280	141.663798132869
614.285714285714	900	81.7748625950133	24.6	106.374862595013	DBCA	44_2	210	136.803828791504
614.285714285714	933.333333333333	84.9486270874554	24.6	109.548627087455	DBCA	44_2	70	122.758258000138
614.285714285714	966.666666666667	87.2256042191643	24.6	111.825604219164	DBCA	44_2	0	111.825604219164
628.571428571429	666.666666666667	79.1019587700416	24.6	103.701958770042	DBCA	45_1	70	116.911589682724
628.571428571429	700	80.6644684657601	24.6	105.26446846576	DBCA	45_1	0	105.26446846576
628.571428571429	733.333333333333	83.8032109916407	24.6	108.403210991641	DBCA	45_1	140	131.755830636487
628.571428571429	766.666666666667	82.2298757431184	24.6	106.829875743118	DBCA	45_1	210	137.258841939609
628.571428571429	800	82.4206252678702	24.6	107.02062526787	DBCA	45_1	280	141.459295835486
628.571428571429	833.333333333333	82.4069031217413	24.6	107.006903121741	DBCA	45_2	210	137.435869318232
628.571428571429	866.666666666667	81.896747014379	24.6	106.496747014379	DBCA	45_2	70	119.706377927062
628.571428571429	900	84.1092954778509	24.6	108.709295477851	DBCA	45_2	280	143.147966045467
628.571428571429	933.333333333333	84.4380374548903	24.6	109.03803745489	DBCA	45_2	0	109.03803745489
628.571428571429	966.666666666667	84.134787689912	24.6	108.734787689912	DBCA	45_2	140	132.087407334758
642.857142857143	666.666666666667	80.5151154741824	24.6	105.115115474182	DBCA	46_1	210	135.544081670673
642.857142857143	700	78.0667779386376	24.6	102.666777938638	DBCA	46_1	0	102.666777938638
642.857142857143	733.333333333333	83.7736411334072	24.6	108.373641133407	DBCA	46_1	280	142.812311701023
642.857142857143	766.666666666667	82.2669312313904	24.6	106.86693123139	DBCA	46_1	70	120.076562144073
642.857142857143	800	79.3624329436315	24.6	103.962432943632	DBCA	46_1	140	127.315052588478
642.857142857143	833.333333333333	81.7202627341369	24.6	106.320262734137	DBCA	46_2	280	140.758933301753
642.857142857143	866.666666666667	86.6926709632713	24.6	111.292670963271	DBCA	46_2	140	134.645290608117
642.857142857143	900	83.9272997929758	24.6	108.527299792976	DBCA	46_2	0	108.527299792976
642.857142857143	933.333333333333	84.6387797537882	24.6	109.238779753788	DBCA	46_2	210	139.667745950279
642.857142857143	966.666666666667	85.1617950886221	24.6	109.761795088622	DBCA	46_2	70	122.971426001305
657.142857142857	666.666666666667	79.3516377167408	24.6	103.951637716741	DBCA	47_1	210	134.380603913231
657.142857142857	700	83.6746145117786	24.6	108.274614511779	DBCA	47_1	280	142.713285079394
657.142857142857	733.333333333333	81.5958112286778	24.6	106.195811228678	DBCA	47_1	0	106.195811228678
657.142857142857	766.666666666667	82.5094232759633	24.6	107.109423275963	DBCA	47_1	70	120.319054188646
657.142857142857	800	79.5428822513628	24.6	104.142882251363	DBCA	47_1	140	127.495501896209
657.142857142857	833.333333333333	81.4226653900286	24.6	106.022665390029	DBCA	47_2	210	136.451631586519
657.142857142857	866.666666666667	81.481741290047	24.6	106.081741290047	DBCA	47_2	70	119.29137220273
657.142857142857	900	83.3151138525202	24.6	107.91511385252	DBCA	47_2	0	107.91511385252
657.142857142857	933.333333333333	81.5827231287984	24.6	106.182723128798	DBCA	47_2	280	140.621393696414
657.142857142857	966.666666666667	79.3902268153261	24.6	103.990226815326	DBCA	47_2	140	127.342846460172
671.428571428571	666.666666666667	84.8138602568263	24.6	109.413860256826	DBCA	48_1	0	109.413860256826
671.428571428571	700	80.5598775566105	24.6	105.15987755661	DBCA	48_1	140	128.512497201457
671.428571428571	733.333333333333	83.4298437710525	24.6	108.029843771052	DBCA	48_1	280	142.468514338668
671.428571428571	766.666666666667	84.2611623242048	24.6	108.861162324205	DBCA	48_1	70	122.070793236887
671.428571428571	800	79.2519679367828	24.6	103.851967936783	DBCA	48_1	210	134.280934133273
671.428571428571	833.333333333333	80.9427872769206	24.6	105.542787276921	DBCA	48_2	140	128.895406921767
671.428571428571	866.666666666667	77.7189377715119	24.6	102.318937771512	DBCA	48_2	0	102.318937771512
671.428571428571	900	81.5013612618067	24.6	106.101361261807	DBCA	48_2	70	119.310992174489
671.428571428571	933.333333333333	82.5296097977198	24.6	107.12960979772	DBCA	48_2	280	141.568280365336
671.428571428571	966.666666666667	78.9499869068911	24.6	103.549986906891	DBCA	48_2	210	133.978953103382
685.714285714286	666.666666666667	83.6314004248228	24.6	108.231400424823	DBCA	49_1	70	121.441031337505
685.714285714286	700	84.2844799824128	24.6	108.884479982413	DBCA	49_1	140	132.237099627259
685.714285714286	733.333333333333	83.432986769656	24.6	108.032986769656	DBCA	49_1	0	108.032986769656
685.714285714286	766.666666666667	83.1030352318667	24.6	107.703035231867	DBCA	49_1	210	138.132001428357
685.714285714286	800	79.2334943819724	24.6	103.833494381972	DBCA	49_1	280	138.272164949588
685.714285714286	833.333333333333	79.7422551650399	24.6	104.34225516504	DBCA	49_2	140	127.694874809886
685.714285714286	866.666666666667	78.2142845778747	24.6	102.814284577875	DBCA	49_2	210	133.243250774365
685.714285714286	900	81.9061469402211	24.6	106.506146940221	DBCA	49_2	280	140.944817507837
685.714285714286	933.333333333333	78.2022839648383	24.6	102.802283964838	DBCA	49_2	70	116.011914877521
685.714285714286	966.666666666667	81.396259734924	24.6	105.996259734924	DBCA	49_2	0	105.996259734924
57.1428571428571	666.666666666667	78.7882872907586	0	78.7882872907586	DBCA	5_1	0	78.7882872907586
57.1428571428571	700	80.9252771483319	0	80.9252771483319	DBCA	5_1	280	91.9447477159479
57.1428571428571	733.333333333333	80.7192949359923	0	80.7192949359923	DBCA	5_1	70	88.0741258486748
57.1428571428571	766.666666666667	84.2121800340862	0	84.2121800340862	DBCA	5_1	210	97.0767462305767
57.1428571428571	800	80.2289450009306	0	80.2289450009306	DBCA	5_1	140	91.8719646457767
57.1428571428571	833.333333333333	77.2760458211674	0	77.2760458211674	DBCA	5_2	0	77.2760458211674
57.1428571428571	866.666666666667	82.1717128331122	0	82.1717128331122	DBCA	5_2	210	95.0362790296027
57.1428571428571	900	81.2791167430821	0	81.2791167430821	DBCA	5_2	280	92.2985873106981
57.1428571428571	933.333333333333	80.7769745234662	0	80.7769745234662	DBCA	5_2	70	88.1318054361487
57.1428571428571	966.666666666667	82.616090122055	0	82.616090122055	DBCA	5_2	140	94.2591097669011
700	666.666666666667	83.9108680034138	24.6	108.510868003414	DBCA	50_1	70	121.720498916096
700	700	86.840364163089	24.6	111.440364163089	DBCA	50_1	210	141.86933035958
700	733.333333333333	80.5948021389805	24.6	105.194802138981	DBCA	50_1	140	128.547421783827
700	766.666666666667	84.0720794575119	24.6	108.672079457512	DBCA	50_1	280	143.110750025128
700	800	79.5410117845502	24.6	104.14101178455	DBCA	50_1	0	104.14101178455
700	833.333333333333	81.2498036722826	24.6	105.849803672283	DBCA	50_2	280	140.288474239898
700	866.666666666667	78.9859171502922	24.6	103.585917150292	DBCA	50_2	0	103.585917150292
700	900	76.6188758498284	24.6	101.218875849828	DBCA	50_2	210	131.647842046319
700	933.333333333333	77.5329925261584	24.6	102.132992526158	DBCA	50_2	140	125.485612171004
700	966.666666666667	80.4707698654066	24.6	105.070769865407	DBCA	50_2	70	118.280400778089
714.285714285714	666.666666666667	84.4753762615399	24.6	109.07537626154	DBCA	51_1	70	122.285007174222
714.285714285714	700	82.5885865943314	24.6	107.188586594331	DBCA	51_1	210	137.617552790822
714.285714285714	733.333333333333	85.5651675240731	24.6	110.165167524073	DBCA	51_1	280	144.603838091689
714.285714285714	766.666666666667	82.0898910922832	24.6	106.689891092283	DBCA	51_1	0	106.689891092283
714.285714285714	800	82.1750185549273	24.6	106.775018554927	DBCA	51_1	140	130.127638199773
714.285714285714	833.333333333333	76.0656698585619	24.6	100.665669858562	DBCA	51_2	0	100.665669858562
714.285714285714	866.666666666667	79.4282173259109	24.6	104.028217325911	DBCA	51_2	210	134.457183522401
714.285714285714	900	78.1467956512678	24.6	102.746795651268	DBCA	51_2	140	126.099415296114
714.285714285714	933.333333333333	77.9787663724361	24.6	102.578766372436	DBCA	51_2	70	115.788397285119
714.285714285714	966.666666666667	82.9364790139747	24.6	107.536479013975	DBCA	51_2	280	141.975149581591
728.571428571429	666.666666666667	83.1353353100397	24.6	107.73533531004	DBCA	52_1	70	120.944966222722
728.571428571429	700	81.3804034738909	24.6	105.980403473891	DBCA	52_1	140	129.333023118737
728.571428571429	733.333333333333	79.6843291043023	24.6	104.284329104302	DBCA	52_1	210	134.713295300793
728.571428571429	766.666666666667	85.2149819391703	24.6	109.81498193917	DBCA	52_1	0	109.81498193917
728.571428571429	800	82.5823605497071	24.6	107.182360549707	DBCA	52_1	280	141.621031117323
728.571428571429	833.333333333333	79.6627246738976	24.6	104.262724673898	DBCA	52_2	210	134.691690870388
728.571428571429	866.666666666667	78.2026543306647	24.6	102.802654330665	DBCA	52_2	0	102.802654330665
728.571428571429	900	79.8977676713377	24.6	104.497767671338	DBCA	52_2	70	117.70739858402
728.571428571429	933.333333333333	79.8559369683289	24.6	104.455936968329	DBCA	52_2	140	127.808556613175
728.571428571429	966.666666666667	82.8458804802815	24.6	107.445880480281	DBCA	52_2	280	141.884551047897
742.857142857143	666.666666666667	83.5704088584447	24.6	108.170408858445	DBCA	53_1	210	138.599375054935
742.857142857143	700	83.098669783403	24.6	107.698669783403	DBCA	53_1	70	120.908300696086
742.857142857143	733.333333333333	79.7528183298909	24.6	104.352818329891	DBCA	53_1	280	138.791488897507
742.857142857143	766.666666666667	86.8483870207389	24.6	111.448387020739	DBCA	53_1	140	134.801006665585
742.857142857143	800	84.6459673302452	24.6	109.245967330245	DBCA	53_1	0	109.245967330245
742.857142857143	833.333333333333	81.6903568291844	24.6	106.290356829184	DBCA	53_2	140	129.64297647403
742.857142857143	866.666666666667	81.0565242775512	24.6	105.656524277551	DBCA	53_2	210	136.085490474042
742.857142857143	900	76.3497060313542	24.6	100.949706031354	DBCA	53_2	70	114.159336944037
742.857142857143	933.333333333333	77.9580821037249	24.6	102.558082103725	DBCA	53_2	280	136.996752671341
742.857142857143	966.666666666667	82.4453601456823	24.6	107.045360145682	DBCA	53_2	0	107.045360145682
757.142857142857	666.666666666667	83.9573832729671	24.6	108.557383272967	DBCA	54_1	280	142.996053840583
757.142857142857	700	82.0162865995254	24.6	106.616286599525	DBCA	54_1	140	129.968906244371
757.142857142857	733.333333333333	82.7734065805843	24.6	107.373406580584	DBCA	54_1	70	120.583037493267
757.142857142857	766.666666666667	88.0086555965063	24.6	112.608655596506	DBCA	54_1	0	112.608655596506
757.142857142857	800	86.0336358441102	24.6	110.63363584411	DBCA	54_1	210	141.062602040601
757.142857142857	833.333333333333	82.1900467598972	24.6	106.790046759897	DBCA	54_2	70	119.99967767258
757.142857142857	866.666666666667	79.2320131961644	24.6	103.832013196164	DBCA	54_2	0	103.832013196164
757.142857142857	900	76.3759873576725	24.6	100.975987357673	DBCA	54_2	210	131.404953554163
757.142857142857	933.333333333333	79.7137206413338	24.6	104.313720641334	DBCA	54_2	280	138.75239120895
757.142857142857	966.666666666667	80.3994170858329	24.6	104.999417085833	DBCA	54_2	140	128.352036730679
771.428571428571	666.666666666667	83.387641441962	24.6	107.987641441962	DBCA	55_1	280	142.426312009578
771.428571428571	700	82.4532905958696	24.6	107.05329059587	DBCA	55_1	210	137.48225679236
771.428571428571	733.333333333333	82.5013403353307	24.6	107.101340335331	DBCA	55_1	70	120.310971248013
771.428571428571	766.666666666667	86.8231085207046	24.6	111.423108520705	DBCA	55_1	140	134.775728165551
771.428571428571	800	83.5137834245469	24.6	108.113783424547	DBCA	55_1	0	108.113783424547
771.428571428571	833.333333333333	82.842519431994	24.6	107.442519431994	DBCA	55_2	0	107.442519431994
771.428571428571	866.666666666667	79.170921401768	24.6	103.770921401768	DBCA	55_2	280	138.209591969384
771.428571428571	900	78.8223677425712	24.6	103.422367742571	DBCA	55_2	210	133.851333939062
771.428571428571	933.333333333333	76.181637771663	24.6	100.781637771663	DBCA	55_2	140	124.134257416509
771.428571428571	966.666666666667	77.695772945977	24.6	102.295772945977	DBCA	55_2	70	115.505403858659
785.714285714286	666.666666666667	80.2979470497228	24.6	104.897947049723	DBCA	56_1	140	128.250566694569
785.714285714286	700	79.9122421084567	24.6	104.512242108457	DBCA	56_1	210	134.941208304947
785.714285714286	733.333333333333	82.6684942286352	24.6	107.268494228635	DBCA	56_1	280	141.707164796251
785.714285714286	766.666666666667	87.5253568020443	24.6	112.125356802044	DBCA	56_1	0	112.125356802044
785.714285714286	800	82.178670683468	24.6	106.778670683468	DBCA	56_1	70	119.988301596151
785.714285714286	833.333333333333	80.7394364585307	24.6	105.339436458531	DBCA	56_2	140	128.692056103377
785.714285714286	866.666666666667	82.2533812103767	24.6	106.853381210377	DBCA	56_2	70	120.063012123059
785.714285714286	900	79.7688066001895	24.6	104.36880660019	DBCA	56_2	280	138.807477167805
785.714285714286	933.333333333333	78.1075139829124	24.6	102.707513982912	DBCA	56_2	0	102.707513982912
785.714285714286	966.666666666667	80.0065734669227	24.6	104.606573466923	DBCA	56_2	210	135.035539663413
800	666.666666666667	81.5229973528124	24.6	106.122997352812	DBCA	57_1	70	119.332628265495
800	700	81.7714556997373	24.6	106.371455699737	DBCA	57_1	210	136.800421896228
800	733.333333333333	80.1986654452913	24.6	104.798665445291	DBCA	57_1	280	139.237336012907
800	766.666666666667	84.3373169254854	24.6	108.937316925485	DBCA	57_1	0	108.937316925485
800	800	80.0866109187614	24.6	104.686610918761	DBCA	57_1	140	128.039230563607
800	833.333333333333	82.8293358220919	24.6	107.429335822092	DBCA	57_2	210	137.858302018582
800	866.666666666667	81.7307822943409	24.6	106.330782294341	DBCA	57_2	140	129.683401939187
800	900	79.0708205697654	24.6	103.670820569765	DBCA	57_2	70	116.880451482448
800	933.333333333333	76.7641528502236	24.6	101.364152850224	DBCA	57_2	280	135.80282341784
800	966.666666666667	79.3635988413456	24.6	103.963598841346	DBCA	57_2	0	103.963598841346
814.285714285714	666.666666666667	78.8028630547029	24.6	103.402863054703	DBCA	58_1	280	137.841533622319
814.285714285714	700	83.5619906488575	24.6	108.161990648858	DBCA	58_1	70	121.37162156154
814.285714285714	733.333333333333	82.7554857906382	24.6	107.355485790638	DBCA	58_1	210	137.784451987129
814.285714285714	766.666666666667	80.5035974176355	24.6	105.103597417636	DBCA	58_1	0	105.103597417636
814.285714285714	800	79.6427961128131	24.6	104.242796112813	DBCA	58_1	140	127.595415757659
814.285714285714	833.333333333333	83.5183894207293	24.6	108.118389420729	DBCA	58_2	280	142.557059988345
814.285714285714	866.666666666667	83.8528010254197	24.6	108.45280102542	DBCA	58_2	70	121.662431938102
814.285714285714	900	79.0611771358543	24.6	103.661177135854	DBCA	58_2	0	103.661177135854
814.285714285714	933.333333333333	78.8294021517986	24.6	103.429402151799	DBCA	58_2	140	126.782021796645
814.285714285714	966.666666666667	76.4853333323389	24.6	101.085333332339	DBCA	58_2	210	131.514299528829
828.571428571429	666.666666666667	76.2165926306738	24.6	100.816592630674	DBCA	59_1	0	100.816592630674
828.571428571429	700	84.2204430539551	24.6	108.820443053955	DBCA	59_1	280	143.259113621571
828.571428571429	733.333333333333	83.73566756303	24.6	108.33566756303	DBCA	59_1	70	121.545298475713
828.571428571429	766.666666666667	84.5630150861266	24.6	109.163015086127	DBCA	59_1	210	139.591981282617
828.571428571429	800	81.137596941287	24.6	105.737596941287	DBCA	59_1	140	129.090216586133
828.571428571429	833.333333333333	81.6458899053492	24.6	106.245889905349	DBCA	59_2	0	106.245889905349
828.571428571429	866.666666666667	81.4909429875218	24.6	106.090942987522	DBCA	59_2	140	129.443562632368
828.571428571429	900	78.2938598185721	24.6	102.893859818572	DBCA	59_2	210	133.322826015063
828.571428571429	933.333333333333	78.7272916562893	24.6	103.327291656289	DBCA	59_2	280	137.765962223905
828.571428571429	966.666666666667	78.5417412096409	24.6	103.141741209641	DBCA	59_2	70	116.351372122323
71.4285714285714	666.666666666667	81.9868158568723	0	81.9868158568723	DBCA	6_1	280	93.0062864244882
71.4285714285714	700	79.7605218809404	0	79.7605218809404	DBCA	6_1	0	79.7605218809404
71.4285714285714	733.333333333333	80.7888867185927	0	80.7888867185927	DBCA	6_1	140	92.4319063634387
71.4285714285714	766.666666666667	82.0100466813075	0	82.0100466813075	DBCA	6_1	70	89.36487759399
71.4285714285714	800	78.3422192199933	0	78.3422192199933	DBCA	6_1	210	91.2067854164838
71.4285714285714	833.333333333333	78.3006691683551	0	78.3006691683551	DBCA	6_2	280	89.320139735971
71.4285714285714	866.666666666667	81.9506393246162	0	81.9506393246162	DBCA	6_2	0	81.9506393246162
71.4285714285714	900	81.3063691492921	0	81.3063691492921	DBCA	6_2	70	88.6612000619746
71.4285714285714	933.333333333333	82.757423140555	0	82.757423140555	DBCA	6_2	140	94.4004427854011
71.4285714285714	966.666666666667	81.061015207505	0	81.061015207505	DBCA	6_2	210	93.9255814039955
842.857142857143	666.666666666667	80.6457969969928	24.6	105.245796996993	DBCA	60_1	140	128.598416641839
842.857142857143	700	81.3472640049917	24.6	105.947264004992	DBCA	60_1	210	136.376230201482
842.857142857143	733.333333333333	81.3918692131282	24.6	105.991869213128	DBCA	60_1	70	119.201500125811
842.857142857143	766.666666666667	79.4896638019937	24.6	104.089663801994	DBCA	60_1	0	104.089663801994
842.857142857143	800	82.6328654237965	24.6	107.232865423796	DBCA	60_1	280	141.671535991412
842.857142857143	833.333333333333	80.5113838202481	24.6	105.111383820248	DBCA	60_2	210	135.540350016739
842.857142857143	866.666666666667	79.1094811290139	24.6	103.709481129014	DBCA	60_2	280	138.14815169663
842.857142857143	900	81.8214818823335	24.6	106.421481882333	DBCA	60_2	70	119.631112795016
842.857142857143	933.333333333333	82.1143482432253	24.6	106.714348243225	DBCA	60_2	140	130.066967888071
842.857142857143	966.666666666667	80.0664902771886	24.6	104.666490277189	DBCA	60_2	0	104.666490277189
857.142857142857	666.666666666667	77.9926729897979	24.6	102.592672989798	DBCA	61_1	70	115.80230390248
857.142857142857	700	81.1246824244503	24.6	105.72468242445	DBCA	61_1	140	129.077302069296
857.142857142857	733.333333333333	82.2161735142313	24.6	106.816173514231	DBCA	61_1	280	141.254844081847
857.142857142857	766.666666666667	81.5938866588568	24.6	106.193886658857	DBCA	61_1	0	106.193886658857
857.142857142857	800	80.9037068396448	24.6	105.503706839645	DBCA	61_1	210	135.932673036135
857.142857142857	833.333333333333	80.803769365348	24.6	105.403769365348	DBCA	61_2	210	135.832735561838
857.142857142857	866.666666666667	76.5288889201537	24.6	101.128888920154	DBCA	61_2	0	101.128888920154
857.142857142857	900	82.1948367385169	24.6	106.794836738517	DBCA	61_2	70	120.004467651199
857.142857142857	933.333333333333	77.9731714268297	24.6	102.57317142683	DBCA	61_2	140	125.925791071676
857.142857142857	966.666666666667	84.278473017148	24.6	108.878473017148	DBCA	61_2	280	143.317143584764
871.428571428571	666.666666666667	79.0133946916453	24.6	103.613394691645	DBCA	62_1	210	134.042360888136
871.428571428571	700	77.1770055065909	24.6	101.777005506591	DBCA	62_1	280	136.215676074207
871.428571428571	733.333333333333	81.6758838782239	24.6	106.275883878224	DBCA	62_1	0	106.275883878224
871.428571428571	766.666666666667	77.668079961849	24.6	102.268079961849	DBCA	62_1	140	125.620699606695
871.428571428571	800	81.6446636310748	24.6	106.244663631075	DBCA	62_1	70	119.454294543757
871.428571428571	833.333333333333	82.3847123402281	24.6	106.984712340228	DBCA	62_2	0	106.984712340228
871.428571428571	866.666666666667	80.619745704227	24.6	105.219745704227	DBCA	62_2	70	118.42937661691
871.428571428571	900	81.6957385709827	24.6	106.295738570983	DBCA	62_2	210	136.724704767473
871.428571428571	933.333333333333	77.4453175609451	24.6	102.045317560945	DBCA	62_2	140	125.397937205791
871.428571428571	966.666666666667	78.7797954541501	24.6	103.37979545415	DBCA	62_2	280	137.818466021766
885.714285714286	666.666666666667	76.1967416750419	24.6	100.796741675042	DBCA	63_1	70	114.006372587724
885.714285714286	700	79.6529561048231	24.6	104.252956104823	DBCA	63_1	210	134.681922301314
885.714285714286	733.333333333333	78.7168992910146	24.6	103.316899291015	DBCA	63_1	280	137.755569858631
885.714285714286	766.666666666667	74.8644150142677	24.6	99.4644150142677	DBCA	63_1	0	99.4644150142677
885.714285714286	800	85.0582450290927	24.6	109.658245029093	DBCA	63_1	140	133.010864673939
885.714285714286	833.333333333333	80.6298920672646	24.6	105.229892067265	DBCA	63_2	70	118.439522979947
885.714285714286	866.666666666667	79.7223811365287	24.6	104.322381136529	DBCA	63_2	0	104.322381136529
885.714285714286	900	77.8676694509481	24.6	102.467669450948	DBCA	63_2	210	132.896635647439
885.714285714286	933.333333333333	78.3766534254545	24.6	102.976653425454	DBCA	63_2	280	137.41532399307
885.714285714286	966.666666666667	79.7225107099112	24.6	104.322510709911	DBCA	63_2	140	127.675130354757
900	666.666666666667	79.4328515297425	24.6	104.032851529742	DBCA	64_1	280	138.471522097358
900	700	81.1825078835766	24.6	105.782507883577	DBCA	64_1	0	105.782507883577
900	733.333333333333	81.5375206950053	24.6	106.137520695005	DBCA	64_1	140	129.490140339851
900	766.666666666667	73.503750957463	24.6	98.103750957463	DBCA	64_1	210	128.532717153954
900	800	80.0346854521708	24.6	104.634685452171	DBCA	64_1	70	117.844316364853
900	833.333333333333	81.2396665184876	24.6	105.839666518488	DBCA	64_2	140	129.192286163334
900	866.666666666667	77.0421826507285	24.6	101.642182650729	DBCA	64_2	280	136.080853218344
900	900	78.5941819618447	24.6	103.194181961845	DBCA	64_2	210	133.623148158335
900	933.333333333333	75.8215932235165	24.6	100.421593223516	DBCA	64_2	70	113.631224136199
900	966.666666666667	78.7462853695829	24.6	103.346285369583	DBCA	64_2	0	103.346285369583
914.285714285714	666.666666666667	81.3367532250431	24.6	105.936753225043	DBCA	65_1	210	136.365719421534
914.285714285714	700	78.5533134387674	24.6	103.153313438767	DBCA	65_1	280	137.591984006383
914.285714285714	733.333333333333	79.0764855738508	24.6	103.676485573851	DBCA	65_1	0	103.676485573851
914.285714285714	766.666666666667	79.0589259733438	24.6	103.658925973344	DBCA	65_1	70	116.868556886026
914.285714285714	800	77.9865696433717	24.6	102.586569643372	DBCA	65_1	140	125.939189288218
914.285714285714	833.333333333333	82.2728027222363	24.6	106.872802722236	DBCA	65_2	140	130.225422367082
914.285714285714	866.666666666667	79.907577558835	24.6	104.507577558835	DBCA	65_2	0	104.507577558835
914.285714285714	900	78.8497011693151	24.6	103.449701169315	DBCA	65_2	280	137.888371736931
914.285714285714	933.333333333333	77.2966784840239	24.6	101.896678484024	DBCA	65_2	70	115.106309396706
914.285714285714	966.666666666667	75.8475467702827	24.6	100.447546770283	DBCA	65_2	210	130.876512966773
928.571428571429	666.666666666667	82.3104553893337	24.6	106.910455389334	DBCA	66_1	210	137.339421585824
928.571428571429	700	82.0333029000028	24.6	106.633302900003	DBCA	66_1	70	119.842933812685
928.571428571429	733.333333333333	79.8896124548828	24.6	104.489612454883	DBCA	66_1	0	104.489612454883
928.571428571429	766.666666666667	77.6344336305717	24.6	102.234433630572	DBCA	66_1	280	136.673104198188
928.571428571429	800	76.6007343151435	24.6	101.200734315143	DBCA	66_1	140	124.553353959989
928.571428571429	833.333333333333	79.8114063337716	24.6	104.411406333772	DBCA	66_2	140	127.764025978618
928.571428571429	866.666666666667	77.931372933065	24.6	102.531372933065	DBCA	66_2	0	102.531372933065
928.571428571429	900	80.7360871592685	24.6	105.336087159269	DBCA	66_2	210	135.765053355759
928.571428571429	933.333333333333	76.003018535823	24.6	100.603018535823	DBCA	66_2	70	113.812649448506
928.571428571429	966.666666666667	77.1441057961921	24.6	101.744105796192	DBCA	66_2	280	136.182776363808
942.857142857143	666.666666666667	79.7390212023491	24.6	104.339021202349	DBCA	67_1	210	134.76798739884
942.857142857143	700	83.510620753431	24.6	108.110620753431	DBCA	67_1	70	121.320251666114
942.857142857143	733.333333333333	81.339015664499	24.6	105.939015664499	DBCA	67_1	280	140.377686232115
942.857142857143	766.666666666667	76.791646198014	24.6	101.391646198014	DBCA	67_1	0	101.391646198014
942.857142857143	800	80.3033486370866	24.6	104.903348637087	DBCA	67_1	140	128.255968281933
942.857142857143	833.333333333333	77.8679880111244	24.6	102.467988011124	DBCA	67_2	0	102.467988011124
942.857142857143	866.666666666667	76.526138955295	24.6	101.126138955295	DBCA	67_2	70	114.335769867978
942.857142857143	900	80.1072834323984	24.6	104.707283432398	DBCA	67_2	140	128.059903077244
942.857142857143	933.333333333333	77.3876294151069	24.6	101.987629415107	DBCA	67_2	280	136.426299982723
942.857142857143	966.666666666667	79.2007574944678	24.6	103.800757494468	DBCA	67_2	210	134.229723690958
957.142857142857	666.666666666667	79.9943158578986	24.6	104.594315857899	DBCA	68_1	70	117.803946770581
957.142857142857	700	85.9124113254064	24.6	110.512411325406	DBCA	68_1	140	133.865030970252
957.142857142857	733.333333333333	77.5024787605916	24.6	102.102478760592	DBCA	68_1	280	136.541149328207
957.142857142857	766.666666666667	80.2966803147086	24.6	104.896680314709	DBCA	68_1	0	104.896680314709
957.142857142857	800	82.411300613282	24.6	107.011300613282	DBCA	68_1	210	137.440266809773
957.142857142857	833.333333333333	79.6081416255712	24.6	104.208141625571	DBCA	68_2	70	117.417772538254
957.142857142857	866.666666666667	78.0129039215141	24.6	102.612903921514	DBCA	68_2	280	137.05157448913
957.142857142857	900	78.4491912808207	24.6	103.049191280821	DBCA	68_2	140	126.401810925667
957.142857142857	933.333333333333	77.4425597615209	24.6	102.042559761521	DBCA	68_2	210	132.471525958011
957.142857142857	966.666666666667	77.8417467822189	24.6	102.441746782219	DBCA	68_2	0	102.441746782219
971.428571428571	666.666666666667	78.4158679762987	24.6	103.015867976299	DBCA	69_1	70	116.225498888981
971.428571428571	700	85.3993847404073	24.6	109.999384740407	DBCA	69_1	210	140.428350936898
971.428571428571	733.333333333333	80.0664786252888	24.6	104.666478625289	DBCA	69_1	140	128.019098270135
971.428571428571	766.666666666667	78.930836144986	24.6	103.530836144986	DBCA	69_1	0	103.530836144986
971.428571428571	800	81.6898664782739	24.6	106.289866478274	DBCA	69_1	280	140.72853704589
971.428571428571	833.333333333333	78.9450557852911	24.6	103.545055785291	DBCA	69_2	280	137.983726352907
971.428571428571	866.666666666667	77.3591306590691	24.6	101.959130659069	DBCA	69_2	210	132.38809685556
971.428571428571	900	76.1479724512289	24.6	100.747972451229	DBCA	69_2	0	100.747972451229
971.428571428571	933.333333333333	74.7521078784572	24.6	99.3521078784571	DBCA	69_2	140	122.704727523303
971.428571428571	966.666666666667	78.0651679906195	24.6	102.66516799062	DBCA	69_2	70	115.874798903302
85.7142857142857	666.666666666667	84.84318258466	0	84.84318258466	DBCA	7_1	280	95.8626531522759
85.7142857142857	700	82.0956124942466	0	82.0956124942466	DBCA	7_1	210	94.9601786907371
85.7142857142857	733.333333333333	82.9559862611475	0	82.9559862611475	DBCA	7_1	70	90.31081717383
85.7142857142857	766.666666666667	81.2815495938308	0	81.2815495938308	DBCA	7_1	0	81.2815495938308
85.7142857142857	800	77.714217706519	0	77.714217706519	DBCA	7_1	140	89.3572373513651
85.7142857142857	833.333333333333	78.8074835923928	0	78.8074835923928	DBCA	7_2	210	91.6720497888833
85.7142857142857	866.666666666667	80.5802346550194	0	80.5802346550194	DBCA	7_2	140	92.2232542998655
85.7142857142857	900	85.7783585951323	0	85.7783585951323	DBCA	7_2	280	96.7978291627482
85.7142857142857	933.333333333333	81.3347847938774	0	81.3347847938774	DBCA	7_2	70	88.6896157065599
85.7142857142857	966.666666666667	78.5860015186616	0	78.5860015186616	DBCA	7_2	0	78.5860015186616
985.714285714286	666.666666666667	78.7838819407112	24.6	103.383881940711	DBCA	70_1	70	116.593512853394
985.714285714286	700	82.067525180394	24.6	106.667525180394	DBCA	70_1	0	106.667525180394
985.714285714286	733.333333333333	80.1455251952991	24.6	104.745525195299	DBCA	70_1	210	135.17449139179
985.714285714286	766.666666666667	77.6367318661326	24.6	102.236731866133	DBCA	70_1	140	125.589351510979
985.714285714286	800	77.561300662154	24.6	102.161300662154	DBCA	70_1	280	136.59997122977
985.714285714286	833.333333333333	78.1790048451781	24.6	102.779004845178	DBCA	70_2	0	102.779004845178
985.714285714286	866.666666666667	78.6926513076206	24.6	103.292651307621	DBCA	70_2	210	133.721617504111
985.714285714286	900	80.7173904654794	24.6	105.317390465479	DBCA	70_2	140	128.670010110325
985.714285714286	933.333333333333	81.102440910454	24.6	105.702440910454	DBCA	70_2	70	118.912071823137
985.714285714286	966.666666666667	81.607238880463	24.6	106.207238880463	DBCA	70_2	280	140.645909448079
1000	666.666666666667	79.455704920647	24.6	104.055704920647	DBCA	71_1	0	104.055704920647
1000	700	82.8014627568876	24.6	107.401462756888	DBCA	71_1	140	130.754082401734
1000	733.333333333333	77.9903635129	24.6	102.5903635129	DBCA	71_1	210	133.01932970939
1000	766.666666666667	77.2773512719652	24.6	101.877351271965	DBCA	71_1	280	136.316021839581
1000	800	83.2564538525954	24.6	107.856453852595	DBCA	71_1	70	121.066084765278
1000	833.333333333333	79.1646861280097	24.6	103.76468612801	DBCA	71_2	140	127.117305772856
1000	866.666666666667	80.7749246960681	24.6	105.374924696068	DBCA	71_2	280	139.813595263684
1000	900	83.0828586570408	24.6	107.682858657041	DBCA	71_2	70	120.892489569723
1000	933.333333333333	83.5607963716458	24.6	108.160796371646	DBCA	71_2	0	108.160796371646
1000	966.666666666667	81.5845825090682	24.6	106.184582509068	DBCA	71_2	210	136.613548705559
100	666.666666666667	81.2625308479098	0	81.2625308479098	DBCA	8_1	280	92.2820014155257
100	700	83.6430663467751	0	83.6430663467751	DBCA	8_1	0	83.6430663467751
100	733.333333333333	82.8242394041696	0	82.8242394041696	DBCA	8_1	210	95.6888056006601
100	766.666666666667	84.8299080442625	0	84.8299080442625	DBCA	8_1	70	92.184738956945
100	800	76.8203657455881	0	76.8203657455881	DBCA	8_1	140	88.4633853904342
100	833.333333333333	77.3805781877121	0	77.3805781877121	DBCA	8_2	280	88.400048755328
100	866.666666666667	80.2239428857726	0	80.2239428857726	DBCA	8_2	0	80.2239428857726
100	900	84.5006565765693	0	84.5006565765693	DBCA	8_2	70	91.8554874892519
100	933.333333333333	77.8928758016747	0	77.8928758016747	DBCA	8_2	140	89.5358954465208
100	966.666666666667	79.4872600982581	0	79.4872600982581	DBCA	8_2	210	92.3518262947486
114.285714285714	666.666666666667	82.9266939458578	0	82.9266939458578	DBCA	9_1	210	95.7912601423484
114.285714285714	700	85.1401267819409	0	85.1401267819409	DBCA	9_1	280	96.1595973495568
114.285714285714	733.333333333333	85.8667194993305	0	85.8667194993305	DBCA	9_1	140	97.5097391441765
114.285714285714	766.666666666667	81.7305058420387	0	81.7305058420387	DBCA	9_1	70	89.0853367547212
114.285714285714	800	81.3747882357866	0	81.3747882357866	DBCA	9_1	0	81.3747882357866
114.285714285714	833.333333333333	76.293481895944	0	76.293481895944	DBCA	9_2	280	87.3129524635599
114.285714285714	866.666666666667	83.4955069530201	0	83.4955069530201	DBCA	9_2	0	83.4955069530201
114.285714285714	900	80.4812161359866	0	80.4812161359866	DBCA	9_2	210	93.3457823324771
114.285714285714	933.333333333333	80.8916276039158	0	80.8916276039158	DBCA	9_2	70	88.2464585165983
114.285714285714	966.666666666667	83.8331722698261	0	83.8331722698261	DBCA	9_2	140	95.4761919146721
0	1000	79.6993162413622	0	79.6993162413622	DBCA	1_3	NA	NA
14.2857142857143	1000	83.8378260135762	0	83.8378260135762	DBCA	2_3	NA	NA
28.5714285714286	1000	84.7300394895777	0	84.7300394895777	DBCA	3_3	NA	NA
42.8571428571429	1000	85.6087862709419	0	85.6087862709419	DBCA	4_3	NA	NA
57.1428571428571	1000	84.2785142535171	0	84.2785142535171	DBCA	5_3	NA	NA
71.4285714285714	1000	85.124094128308	0	85.124094128308	DBCA	6_3	NA	NA
85.7142857142857	1000	81.2373674700089	0	81.2373674700089	DBCA	7_3	NA	NA
100	1000	79.7050313425008	0	79.7050313425008	DBCA	8_3	NA	NA
114.285714285714	1000	79.8517933913434	0	79.8517933913434	DBCA	9_3	NA	NA
128.571428571429	1000	81.8712855804607	0	81.8712855804607	DBCA	10_3	NA	NA
142.857142857143	1000	77.6040063478176	0	77.6040063478176	DBCA	11_3	NA	NA
157.142857142857	1000	80.2203566125136	0	80.2203566125136	DBCA	12_3	NA	NA
171.428571428571	1000	78.9556021487899	0	78.9556021487899	DBCA	13_3	NA	NA
185.714285714286	1000	78.3521017211913	0	78.3521017211913	DBCA	14_3	NA	NA
200	1000	79.8007706006479	0	79.8007706006479	DBCA	15_3	NA	NA
214.285714285714	1000	77.4885033302448	0	77.4885033302448	DBCA	16_3	NA	NA
228.571428571429	1000	78.0895566919214	0	78.0895566919214	DBCA	17_3	NA	NA
242.857142857143	1000	76.5070703395333	0	76.5070703395333	DBCA	18_3	NA	NA
257.142857142857	1000	76.6838466616159	0	76.6838466616159	DBCA	19_3	NA	NA
271.428571428571	1000	76.4689463444207	0	76.4689463444207	DBCA	20_3	NA	NA
285.714285714286	1000	75.0260141731897	0	75.0260141731897	DBCA	21_3	NA	NA
300	1000	72.7619501934692	0	72.7619501934692	DBCA	22_3	NA	NA
314.285714285714	1000	74.261164592668	0	74.261164592668	DBCA	23_3	NA	NA
328.571428571429	1000	75.5461435225055	0	75.5461435225055	DBCA	24_3	NA	NA
342.857142857143	1000	80.3392404464029	0	80.3392404464029	DBCA	25_3	NA	NA
357.142857142857	1000	75.4899030660718	0	75.4899030660718	DBCA	26_3	NA	NA
371.428571428571	1000	78.9234207706302	0	78.9234207706302	DBCA	27_3	NA	NA
385.714285714286	1000	81.8059452788812	0	81.8059452788812	DBCA	28_3	NA	NA
400	1000	83.4834777303299	0	83.4834777303299	DBCA	29_3	NA	NA
414.285714285714	1000	82.3147304183756	0	82.3147304183756	DBCA	30_3	NA	NA
428.571428571429	1000	80.3311650308596	0	80.3311650308596	DBCA	31_3	NA	NA
442.857142857143	1000	78.969848791585	0	78.969848791585	DBCA	32_3	NA	NA
457.142857142857	1000	79.1582632076786	0	79.1582632076786	DBCA	33_3	NA	NA
471.428571428571	1000	78.579109896518	0	78.579109896518	DBCA	34_3	NA	NA
485.714285714286	1000	78.318068238031	0	78.318068238031	DBCA	35_3	NA	NA
500	1000	77.9750631933043	0	77.9750631933043	DBCA	36_3	NA	NA
514.285714285714	1000	77.8786493865761	24.6	102.478649386576	DBCA	37_3	NA	NA
528.571428571429	1000	76.5832565261293	24.6	101.183256526129	DBCA	38_3	NA	NA
542.857142857143	1000	75.2024645714246	24.6	99.8024645714246	DBCA	39_3	NA	NA
557.142857142857	1000	78.9501953402934	24.6	103.550195340293	DBCA	40_3	NA	NA
571.428571428571	1000	80.0371848951056	24.6	104.637184895106	DBCA	41_3	NA	NA
585.714285714286	1000	82.4280760455426	24.6	107.028076045543	DBCA	42_3	NA	NA
600	1000	83.9926872780273	24.6	108.592687278027	DBCA	43_3	NA	NA
614.285714285714	1000	82.0524322620633	24.6	106.652432262063	DBCA	44_3	NA	NA
628.571428571429	1000	80.2437962832445	24.6	104.843796283244	DBCA	45_3	NA	NA
642.857142857143	1000	78.4326435205548	24.6	103.032643520555	DBCA	46_3	NA	NA
657.142857142857	1000	79.2591608271106	24.6	103.859160827111	DBCA	47_3	NA	NA
671.428571428571	1000	79.5236401463992	24.6	104.123640146399	DBCA	48_3	NA	NA
685.714285714286	1000	80.2191869045076	24.6	104.819186904508	DBCA	49_3	NA	NA
700	1000	79.7002829546729	24.6	104.300282954673	DBCA	50_3	NA	NA
714.285714285714	1000	78.5076406290904	24.6	103.10764062909	DBCA	51_3	NA	NA
728.571428571429	1000	80.6558844167621	24.6	105.255884416762	DBCA	52_3	NA	NA
742.857142857143	1000	80.4299844240222	24.6	105.029984424022	DBCA	53_3	NA	NA
757.142857142857	1000	79.9591240076982	24.6	104.559124007698	DBCA	54_3	NA	NA
771.428571428571	1000	79.3413062577629	24.6	103.941306257763	DBCA	55_3	NA	NA
785.714285714286	1000	80.1979253115509	24.6	104.797925311551	DBCA	56_3	NA	NA
800	1000	78.1852962817387	24.6	102.785296281739	DBCA	57_3	NA	NA
814.285714285714	1000	81.1283859642876	24.6	105.728385964288	DBCA	58_3	NA	NA
828.571428571429	1000	82.2409974930309	24.6	106.840997493031	DBCA	59_3	NA	NA
842.857142857143	1000	85.0415376884668	24.6	109.641537688467	DBCA	60_3	NA	NA
857.142857142857	1000	82.5372163895481	24.6	107.137216389548	DBCA	61_3	NA	NA
871.428571428571	1000	78.7841698812463	24.6	103.384169881246	DBCA	62_3	NA	NA
885.714285714286	1000	79.0267714934718	24.6	103.626771493472	DBCA	63_3	NA	NA
900	1000	79.6061319058017	24.6	104.206131905802	DBCA	64_3	NA	NA
914.285714285714	1000	82.8587461848583	24.6	107.458746184858	DBCA	65_3	NA	NA
928.571428571429	1000	83.1409031014917	24.6	107.740903101492	DBCA	66_3	NA	NA
942.857142857143	1000	85.5304925583472	24.6	110.130492558347	DBCA	67_3	NA	NA
957.142857142857	1000	82.6893137256838	24.6	107.289313725684	DBCA	68_3	NA	NA
971.428571428571	1000	82.3286202546382	24.6	106.928620254638	DBCA	69_3	NA	NA
985.714285714286	1000	84.4263772713322	24.6	109.026377271332	DBCA	70_3	NA	NA
1000	1000	84.3867148784009	24.6	108.986714878401	DBCA	71_3	NA	NA
