x	y	variable1	Zona	ErrorConEfecto	Disenio	Bloque	AsigTrat	MiRto
0	666.666666666667	82.3392577056436	0	82.3392577056436	DBCA	1_1	70	88.1861726654633
0	700	79.1904810799482	0	79.1904810799482	DBCA	1_1	140	87.4031714186207
0	733.333333333333	81.1696047077122	0	81.1696047077122	DBCA	1_1	0	81.1696047077122
0	766.666666666667	79.9429240005374	0	79.9429240005374	DBCA	1_1	280	82.4437463540147
0	800	78.6917312436573	0	78.6917312436573	DBCA	1_1	210	85.7890573802157
0	833.333333333333	81.793655829464	0	81.793655829464	DBCA	1_2	210	88.8909819660224
0	866.666666666667	81.7107862661282	0	81.7107862661282	DBCA	1_2	140	89.9234766048007
0	900	79.0133456477625	0	79.0133456477625	DBCA	1_2	70	84.8602606075822
0	933.333333333333	78.2919740458977	0	78.2919740458977	DBCA	1_2	0	78.2919740458977
0	966.666666666667	87.5398457806862	0	87.5398457806862	DBCA	1_2	280	90.0406681341635
128.571428571429	666.666666666667	83.2893355373079	0	83.2893355373079	DBCA	10_1	140	91.5020258759804
128.571428571429	700	81.0640593573359	0	81.0640593573359	DBCA	10_1	280	83.5648817108132
128.571428571429	733.333333333333	80.2583350624521	0	80.2583350624521	DBCA	10_1	210	87.3556611990105
128.571428571429	766.666666666667	78.2230546110399	0	78.2230546110399	DBCA	10_1	70	84.0699695708596
128.571428571429	800	80.3382718313141	0	80.3382718313141	DBCA	10_1	0	80.3382718313141
128.571428571429	833.333333333333	80.1531841206881	0	80.1531841206881	DBCA	10_2	140	88.3658744593606
128.571428571429	866.666666666667	78.8199203477191	0	78.8199203477191	DBCA	10_2	0	78.8199203477191
128.571428571429	900	80.5185240171679	0	80.5185240171679	DBCA	10_2	280	83.0193463706453
128.571428571429	933.333333333333	80.9120982159712	0	80.9120982159712	DBCA	10_2	70	86.7590131757909
128.571428571429	966.666666666667	79.2610790540641	0	79.2610790540641	DBCA	10_2	210	86.3584051906225
142.857142857143	666.666666666667	84.3901966428292	0	84.3901966428292	DBCA	11_1	210	91.4875227793875
142.857142857143	700	82.0823856825702	0	82.0823856825702	DBCA	11_1	0	82.0823856825702
142.857142857143	733.333333333333	79.4984199747219	0	79.4984199747219	DBCA	11_1	280	81.9992423281992
142.857142857143	766.666666666667	82.4828824889003	0	82.4828824889003	DBCA	11_1	70	88.32979744872
142.857142857143	800	79.8939785309643	0	79.8939785309643	DBCA	11_1	140	88.1066688696368
142.857142857143	833.333333333333	80.4427633129869	0	80.4427633129869	DBCA	11_2	280	82.9435856664642
142.857142857143	866.666666666667	79.981485431486	0	79.981485431486	DBCA	11_2	0	79.981485431486
142.857142857143	900	80.2180927622585	0	80.2180927622585	DBCA	11_2	70	86.0650077220781
142.857142857143	933.333333333333	79.496407292909	0	79.496407292909	DBCA	11_2	140	87.7090976315815
142.857142857143	966.666666666667	76.0116742069479	0	76.0116742069479	DBCA	11_2	210	83.1090003435063
157.142857142857	666.666666666667	84.8913120840981	0	84.8913120840981	DBCA	12_1	0	84.8913120840981
157.142857142857	700	81.843429333556	0	81.843429333556	DBCA	12_1	70	87.6903442933757
157.142857142857	733.333333333333	82.5678522255253	0	82.5678522255253	DBCA	12_1	280	85.0686745790026
157.142857142857	766.666666666667	81.3577625142719	0	81.3577625142719	DBCA	12_1	210	88.4550886508303
157.142857142857	800	79.4697678206738	0	79.4697678206738	DBCA	12_1	140	87.6824581593463
157.142857142857	833.333333333333	80.1166900856288	0	80.1166900856288	DBCA	12_2	210	87.2140162221871
157.142857142857	866.666666666667	77.0490097653205	0	77.0490097653205	DBCA	12_2	70	82.8959247251402
157.142857142857	900	77.5658430155302	0	77.5658430155302	DBCA	12_2	280	80.0666653690076
157.142857142857	933.333333333333	77.4785931439665	0	77.4785931439665	DBCA	12_2	140	85.691283482639
157.142857142857	966.666666666667	80.6426548131109	0	80.6426548131109	DBCA	12_2	0	80.6426548131109
171.428571428571	666.666666666667	81.8149747043924	0	81.8149747043924	DBCA	13_1	70	87.6618896642121
171.428571428571	700	84.3283285995388	0	84.3283285995388	DBCA	13_1	210	91.4256547360972
171.428571428571	733.333333333333	83.2743045636662	0	83.2743045636662	DBCA	13_1	0	83.2743045636662
171.428571428571	766.666666666667	82.6958778156015	0	82.6958778156015	DBCA	13_1	280	85.1967001690789
171.428571428571	800	79.4534589877031	0	79.4534589877031	DBCA	13_1	140	87.6661493263756
171.428571428571	833.333333333333	83.3180015903948	0	83.3180015903948	DBCA	13_2	70	89.1649165502145
171.428571428571	866.666666666667	76.4690649285307	0	76.4690649285307	DBCA	13_2	210	83.5663910650891
171.428571428571	900	77.9805044807485	0	77.9805044807485	DBCA	13_2	140	86.193194819421
171.428571428571	933.333333333333	77.0168087313819	0	77.0168087313819	DBCA	13_2	280	79.5176310848593
171.428571428571	966.666666666667	76.347868741261	0	76.347868741261	DBCA	13_2	0	76.347868741261
185.714285714286	666.666666666667	84.9140671267722	0	84.9140671267722	DBCA	14_1	280	87.4148894802495
185.714285714286	700	87.295077672018	0	87.295077672018	DBCA	14_1	210	94.3924038085764
185.714285714286	733.333333333333	83.2669750514798	0	83.2669750514798	DBCA	14_1	0	83.2669750514798
185.714285714286	766.666666666667	79.3175717367343	0	79.3175717367343	DBCA	14_1	140	87.5302620754068
185.714285714286	800	75.3295494469329	0	75.3295494469329	DBCA	14_1	70	81.1764644067526
185.714285714286	833.333333333333	76.8888157767895	0	76.8888157767895	DBCA	14_2	280	79.3896381302668
185.714285714286	866.666666666667	74.6623021332537	0	74.6623021332537	DBCA	14_2	70	80.5092170930734
185.714285714286	900	75.5492263030617	0	75.5492263030617	DBCA	14_2	210	82.6465524396201
185.714285714286	933.333333333333	78.4890739756775	0	78.4890739756775	DBCA	14_2	140	86.70176431435
185.714285714286	966.666666666667	75.5139120581197	0	75.5139120581197	DBCA	14_2	0	75.5139120581197
200	666.666666666667	82.0955849632351	0	82.0955849632351	DBCA	15_1	210	89.1929110997935
200	700	85.3513896827819	0	85.3513896827819	DBCA	15_1	70	91.1983046426016
200	733.333333333333	78.9201387573116	0	78.9201387573116	DBCA	15_1	280	81.420961110789
200	766.666666666667	80.8284738953371	0	80.8284738953371	DBCA	15_1	140	89.0411642340096
200	800	80.7755640704247	0	80.7755640704247	DBCA	15_1	0	80.7755640704247
200	833.333333333333	77.2168796382056	0	77.2168796382056	DBCA	15_2	0	77.2168796382056
200	866.666666666667	76.6379378861152	0	76.6379378861152	DBCA	15_2	140	84.8506282247877
200	900	75.606984418703	0	75.606984418703	DBCA	15_2	70	81.4538993785227
200	933.333333333333	75.9474896652654	0	75.9474896652654	DBCA	15_2	280	78.4483120187428
200	966.666666666667	74.0910538609836	0	74.0910538609836	DBCA	15_2	210	81.188379997542
214.285714285714	666.666666666667	83.6864033153698	0	83.6864033153698	DBCA	16_1	280	86.1872256688471
214.285714285714	700	83.209492672539	0	83.209492672539	DBCA	16_1	140	91.4221830112115
214.285714285714	733.333333333333	80.4609908102483	0	80.4609908102483	DBCA	16_1	0	80.4609908102483
214.285714285714	766.666666666667	78.0250713244171	0	78.0250713244171	DBCA	16_1	70	83.8719862842368
214.285714285714	800	77.4279852721556	0	77.4279852721556	DBCA	16_1	210	84.525311408714
214.285714285714	833.333333333333	77.5556796679992	0	77.5556796679992	DBCA	16_2	280	80.0565020214765
214.285714285714	866.666666666667	75.9831661345779	0	75.9831661345779	DBCA	16_2	210	83.0804922711363
214.285714285714	900	75.2892311300249	0	75.2892311300249	DBCA	16_2	0	75.2892311300249
214.285714285714	933.333333333333	76.1284713740098	0	76.1284713740098	DBCA	16_2	140	84.3411617126823
214.285714285714	966.666666666667	75.2185399400929	0	75.2185399400929	DBCA	16_2	70	81.0654548999126
228.571428571429	666.666666666667	83.0459771135659	0	83.0459771135659	DBCA	17_1	140	91.2586674522384
228.571428571429	700	83.4199686477069	0	83.4199686477069	DBCA	17_1	70	89.2668836075266
228.571428571429	733.333333333333	85.7590820727357	0	85.7590820727357	DBCA	17_1	210	92.856408209294
228.571428571429	766.666666666667	78.4391116748925	0	78.4391116748925	DBCA	17_1	0	78.4391116748925
228.571428571429	800	79.8541493306882	0	79.8541493306882	DBCA	17_1	280	82.3549716841655
228.571428571429	833.333333333333	82.3596106205297	0	82.3596106205297	DBCA	17_2	210	89.4569367570881
228.571428571429	866.666666666667	75.5374286030013	0	75.5374286030013	DBCA	17_2	280	78.0382509564786
228.571428571429	900	74.2731814888669	0	74.2731814888669	DBCA	17_2	70	80.1200964486866
228.571428571429	933.333333333333	76.8909532024857	0	76.8909532024857	DBCA	17_2	140	85.1036435411582
228.571428571429	966.666666666667	79.6227501698463	0	79.6227501698463	DBCA	17_2	0	79.6227501698463
242.857142857143	666.666666666667	83.1221056641232	0	83.1221056641232	DBCA	18_1	0	83.1221056641232
242.857142857143	700	82.4997041254453	0	82.4997041254453	DBCA	18_1	70	88.346619085265
242.857142857143	733.333333333333	81.9523848294447	0	81.9523848294447	DBCA	18_1	280	84.4532071829221
242.857142857143	766.666666666667	78.3296592195877	0	78.3296592195877	DBCA	18_1	210	85.426985356146
242.857142857143	800	81.1014817947384	0	81.1014817947384	DBCA	18_1	140	89.3141721334109
242.857142857143	833.333333333333	77.1127513001635	0	77.1127513001635	DBCA	18_2	140	85.325441638836
242.857142857143	866.666666666667	77.7542153331486	0	77.7542153331486	DBCA	18_2	70	83.6011302929683
242.857142857143	900	77.0004549134818	0	77.0004549134818	DBCA	18_2	210	84.0977810500401
242.857142857143	933.333333333333	75.6249873131455	0	75.6249873131455	DBCA	18_2	0	75.6249873131455
242.857142857143	966.666666666667	78.8292415377035	0	78.8292415377035	DBCA	18_2	280	81.3300638911809
257.142857142857	666.666666666667	83.6931832962895	0	83.6931832962895	DBCA	19_1	210	90.7905094328479
257.142857142857	700	82.7925618853609	0	82.7925618853609	DBCA	19_1	70	88.6394768451806
257.142857142857	733.333333333333	83.6578372099597	0	83.6578372099597	DBCA	19_1	280	86.1586595634371
257.142857142857	766.666666666667	82.1756184244493	0	82.1756184244493	DBCA	19_1	140	90.3883087631218
257.142857142857	800	79.0899036970375	0	79.0899036970375	DBCA	19_1	0	79.0899036970375
257.142857142857	833.333333333333	80.944179947277	0	80.944179947277	DBCA	19_2	140	89.1568702859495
257.142857142857	866.666666666667	79.3826006628553	0	79.3826006628553	DBCA	19_2	70	85.229515622675
257.142857142857	900	76.7272353187212	0	76.7272353187212	DBCA	19_2	210	83.8245614552796
257.142857142857	933.333333333333	76.0088794999716	0	76.0088794999716	DBCA	19_2	280	78.5097018534489
257.142857142857	966.666666666667	80.633098119908	0	80.633098119908	DBCA	19_2	0	80.633098119908
14.2857142857143	666.666666666667	82.719607470859	0	82.719607470859	DBCA	2_1	280	85.2204298243363
14.2857142857143	700	83.4872950274661	0	83.4872950274661	DBCA	2_1	0	83.4872950274661
14.2857142857143	733.333333333333	81.50541711079	0	81.50541711079	DBCA	2_1	140	89.7181074494625
14.2857142857143	766.666666666667	80.4390102767286	0	80.4390102767286	DBCA	2_1	70	86.2859252365483
14.2857142857143	800	78.9101359738189	0	78.9101359738189	DBCA	2_1	210	86.0074621103772
14.2857142857143	833.333333333333	81.8506914645469	0	81.8506914645469	DBCA	2_2	0	81.8506914645469
14.2857142857143	866.666666666667	83.9836700881373	0	83.9836700881373	DBCA	2_2	70	89.830585047957
14.2857142857143	900	78.3330266499818	0	78.3330266499818	DBCA	2_2	140	86.5457169886542
14.2857142857143	933.333333333333	82.1122653856181	0	82.1122653856181	DBCA	2_2	210	89.2095915221765
14.2857142857143	966.666666666667	87.1002529770526	0	87.1002529770526	DBCA	2_2	280	89.6010753305299
271.428571428571	666.666666666667	82.321156775893	0	82.321156775893	DBCA	20_1	0	82.321156775893
271.428571428571	700	80.439147149937	0	80.439147149937	DBCA	20_1	280	82.9399695034144
271.428571428571	733.333333333333	78.8818514725636	0	78.8818514725636	DBCA	20_1	140	87.0945418112361
271.428571428571	766.666666666667	83.8267361890534	0	83.8267361890534	DBCA	20_1	70	89.6736511488731
271.428571428571	800	84.6836758472618	0	84.6836758472618	DBCA	20_1	210	91.7810019838201
271.428571428571	833.333333333333	81.1281045462803	0	81.1281045462803	DBCA	20_2	0	81.1281045462803
271.428571428571	866.666666666667	83.5068221450323	0	83.5068221450323	DBCA	20_2	280	86.0076444985096
271.428571428571	900	74.7735440698908	0	74.7735440698908	DBCA	20_2	210	81.8708702064492
271.428571428571	933.333333333333	74.9123487751546	0	74.9123487751546	DBCA	20_2	70	80.7592637349743
271.428571428571	966.666666666667	78.0973845192291	0	78.0973845192291	DBCA	20_2	140	86.3100748579016
285.714285714286	666.666666666667	77.8296962240172	0	77.8296962240172	DBCA	21_1	210	84.9270223605756
285.714285714286	700	79.0537859360981	0	79.0537859360981	DBCA	21_1	280	81.5546082895754
285.714285714286	733.333333333333	79.7095686018912	0	79.7095686018912	DBCA	21_1	0	79.7095686018912
285.714285714286	766.666666666667	83.4694359045557	0	83.4694359045557	DBCA	21_1	140	91.6821262432282
285.714285714286	800	83.5213847108464	0	83.5213847108464	DBCA	21_1	70	89.3682996706661
285.714285714286	833.333333333333	77.8387378617064	0	77.8387378617064	DBCA	21_2	280	80.3395602151838
285.714285714286	866.666666666667	80.6129475238186	0	80.6129475238186	DBCA	21_2	140	88.8256378624911
285.714285714286	900	77.1024092683582	0	77.1024092683582	DBCA	21_2	210	84.1997354049166
285.714285714286	933.333333333333	75.9408498612148	0	75.9408498612148	DBCA	21_2	70	81.7877648210345
285.714285714286	966.666666666667	79.2446797539535	0	79.2446797539535	DBCA	21_2	0	79.2446797539535
300	666.666666666667	76.694251887101	0	76.694251887101	DBCA	22_1	0	76.694251887101
300	700	77.1375555156585	0	77.1375555156585	DBCA	22_1	70	82.9844704754782
300	733.333333333333	74.6849152570685	0	74.6849152570685	DBCA	22_1	210	81.7822413936269
300	766.666666666667	77.939482069537	0	77.939482069537	DBCA	22_1	280	80.4403044230143
300	800	81.5992895207573	0	81.5992895207573	DBCA	22_1	140	89.8119798594298
300	833.333333333333	81.7805976763301	0	81.7805976763301	DBCA	22_2	210	88.8779238128884
300	866.666666666667	79.828281133761	0	79.828281133761	DBCA	22_2	140	88.0409714724335
300	900	81.4461273281543	0	81.4461273281543	DBCA	22_2	280	83.9469496816316
300	933.333333333333	80.1650226869599	0	80.1650226869599	DBCA	22_2	0	80.1650226869599
300	966.666666666667	78.5528268419128	0	78.5528268419128	DBCA	22_2	70	84.3997418017325
314.285714285714	666.666666666667	78.3060940678994	0	78.3060940678994	DBCA	23_1	70	84.1530090277191
314.285714285714	700	75.9989529024216	0	75.9989529024216	DBCA	23_1	280	78.499775255899
314.285714285714	733.333333333333	73.7478353769735	0	73.7478353769735	DBCA	23_1	0	73.7478353769735
314.285714285714	766.666666666667	78.0084933334449	0	78.0084933334449	DBCA	23_1	210	85.1058194700032
314.285714285714	800	81.9785119364744	0	81.9785119364744	DBCA	23_1	140	90.1912022751469
314.285714285714	833.333333333333	80.7550684055573	0	80.7550684055573	DBCA	23_2	0	80.7550684055573
314.285714285714	866.666666666667	77.3844233841665	0	77.3844233841665	DBCA	23_2	280	79.8852457376438
314.285714285714	900	75.0578383774924	0	75.0578383774924	DBCA	23_2	210	82.1551645140508
314.285714285714	933.333333333333	76.1003274763058	0	76.1003274763058	DBCA	23_2	140	84.3130178149783
314.285714285714	966.666666666667	78.2793373198311	0	78.2793373198311	DBCA	23_2	70	84.1262522796508
328.571428571429	666.666666666667	76.3519318849401	0	76.3519318849401	DBCA	24_1	70	82.1988468447598
328.571428571429	700	76.1528364896956	0	76.1528364896956	DBCA	24_1	0	76.1528364896956
328.571428571429	733.333333333333	73.7511784482122	0	73.7511784482122	DBCA	24_1	210	80.8485045847706
328.571428571429	766.666666666667	74.2038973036928	0	74.2038973036928	DBCA	24_1	280	76.7047196571702
328.571428571429	800	83.0720575588336	0	83.0720575588336	DBCA	24_1	140	91.2847478975061
328.571428571429	833.333333333333	82.0931768430681	0	82.0931768430681	DBCA	24_2	280	84.5939991965454
328.571428571429	866.666666666667	76.4834002149391	0	76.4834002149391	DBCA	24_2	70	82.3303151747588
328.571428571429	900	74.6498709223333	0	74.6498709223333	DBCA	24_2	0	74.6498709223333
328.571428571429	933.333333333333	77.4552683814427	0	77.4552683814427	DBCA	24_2	140	85.6679587201153
328.571428571429	966.666666666667	79.2805024426396	0	79.2805024426396	DBCA	24_2	210	86.3778285791979
342.857142857143	666.666666666667	76.3375891458379	0	76.3375891458379	DBCA	25_1	0	76.3375891458379
342.857142857143	700	77.0556702208014	0	77.0556702208014	DBCA	25_1	70	82.9025851806211
342.857142857143	733.333333333333	76.8905893650883	0	76.8905893650883	DBCA	25_1	210	83.9879155016467
342.857142857143	766.666666666667	74.9456528818265	0	74.9456528818265	DBCA	25_1	140	83.158343220499
342.857142857143	800	78.2555468776012	0	78.2555468776012	DBCA	25_1	280	80.7563692310786
342.857142857143	833.333333333333	83.1160575313469	0	83.1160575313469	DBCA	25_2	280	85.6168798848242
342.857142857143	866.666666666667	80.6621495771222	0	80.6621495771222	DBCA	25_2	0	80.6621495771222
342.857142857143	900	75.2225176846576	0	75.2225176846576	DBCA	25_2	140	83.4352080233301
342.857142857143	933.333333333333	79.2420412639901	0	79.2420412639901	DBCA	25_2	70	85.0889562238098
342.857142857143	966.666666666667	79.4192210027564	0	79.4192210027564	DBCA	25_2	210	86.5165471393148
357.142857142857	666.666666666667	74.7218993630079	0	74.7218993630079	DBCA	26_1	70	80.5688143228275
357.142857142857	700	77.8251517443523	0	77.8251517443523	DBCA	26_1	140	86.0378420830248
357.142857142857	733.333333333333	73.778852714431	0	73.778852714431	DBCA	26_1	210	80.8761788509894
357.142857142857	766.666666666667	75.7183859026175	0	75.7183859026175	DBCA	26_1	0	75.7183859026175
357.142857142857	800	81.7910762772797	0	81.7910762772797	DBCA	26_1	280	84.2918986307571
357.142857142857	833.333333333333	77.8556583790462	0	77.8556583790462	DBCA	26_2	140	86.0683487177187
357.142857142857	866.666666666667	76.1460396051997	0	76.1460396051997	DBCA	26_2	210	83.2433657417581
357.142857142857	900	78.0832146990094	0	78.0832146990094	DBCA	26_2	0	78.0832146990094
357.142857142857	933.333333333333	74.9902335080067	0	74.9902335080067	DBCA	26_2	70	80.8371484678264
357.142857142857	966.666666666667	80.9623624797585	0	80.9623624797585	DBCA	26_2	280	83.4631848332359
371.428571428571	666.666666666667	73.3578872977605	0	73.3578872977605	DBCA	27_1	210	80.4552134343189
371.428571428571	700	78.2659509699442	0	78.2659509699442	DBCA	27_1	70	84.1128659297639
371.428571428571	733.333333333333	72.3491364335222	0	72.3491364335222	DBCA	27_1	0	72.3491364335222
371.428571428571	766.666666666667	74.8185705906534	0	74.8185705906534	DBCA	27_1	140	83.0312609293259
371.428571428571	800	78.6076270665464	0	78.6076270665464	DBCA	27_1	280	81.1084494200237
371.428571428571	833.333333333333	82.0059921004124	0	82.0059921004124	DBCA	27_2	0	82.0059921004124
371.428571428571	866.666666666667	80.0826279992812	0	80.0826279992812	DBCA	27_2	210	87.1799541358396
371.428571428571	900	76.9714596728838	0	76.9714596728838	DBCA	27_2	280	79.4722820263611
371.428571428571	933.333333333333	74.8187044296006	0	74.8187044296006	DBCA	27_2	70	80.6656193894203
371.428571428571	966.666666666667	81.3889812134821	0	81.3889812134821	DBCA	27_2	140	89.6016715521546
385.714285714286	666.666666666667	73.9223236247847	0	73.9223236247847	DBCA	28_1	210	81.019649761343
385.714285714286	700	75.5751361494274	0	75.5751361494274	DBCA	28_1	0	75.5751361494274
385.714285714286	733.333333333333	73.2633148647536	0	73.2633148647536	DBCA	28_1	70	79.1102298245733
385.714285714286	766.666666666667	75.2707215289399	0	75.2707215289399	DBCA	28_1	280	77.7715438824172
385.714285714286	800	76.9620502649824	0	76.9620502649824	DBCA	28_1	140	85.1747406036548
385.714285714286	833.333333333333	79.3023693910812	0	79.3023693910812	DBCA	28_2	280	81.8031917445586
385.714285714286	866.666666666667	76.3497880705915	0	76.3497880705915	DBCA	28_2	0	76.3497880705915
385.714285714286	900	77.2369115133314	0	77.2369115133314	DBCA	28_2	140	85.4496018520039
385.714285714286	933.333333333333	77.4310017968484	0	77.4310017968484	DBCA	28_2	70	83.2779167566681
385.714285714286	966.666666666667	79.1544626024181	0	79.1544626024181	DBCA	28_2	210	86.2517887389765
400	666.666666666667	75.0547565838743	0	75.0547565838743	DBCA	29_1	140	83.2674469225468
400	700	71.8146388365206	0	71.8146388365206	DBCA	29_1	280	74.315461189998
400	733.333333333333	74.0704986894548	0	74.0704986894548	DBCA	29_1	0	74.0704986894548
400	766.666666666667	75.506802911632	0	75.506802911632	DBCA	29_1	70	81.3537178714517
400	800	77.4397775495038	0	77.4397775495038	DBCA	29_1	210	84.5371036860622
400	833.333333333333	77.5338712732663	0	77.5338712732663	DBCA	29_2	210	84.6311974098247
400	866.666666666667	77.6569263118631	0	77.6569263118631	DBCA	29_2	140	85.8696166505356
400	900	75.4368711396033	0	75.4368711396033	DBCA	29_2	280	77.9376934930807
400	933.333333333333	74.4601775824252	0	74.4601775824252	DBCA	29_2	0	74.4601775824252
400	966.666666666667	80.7962226345608	0	80.7962226345608	DBCA	29_2	70	86.6431375943805
28.5714285714286	666.666666666667	82.0064244448824	0	82.0064244448824	DBCA	3_1	210	89.1037505814408
28.5714285714286	700	81.2373673289134	0	81.2373673289134	DBCA	3_1	70	87.0842822887331
28.5714285714286	733.333333333333	79.25454915616	0	79.25454915616	DBCA	3_1	0	79.25454915616
28.5714285714286	766.666666666667	78.0639608688192	0	78.0639608688192	DBCA	3_1	280	80.5647832222965
28.5714285714286	800	81.8183893414643	0	81.8183893414643	DBCA	3_1	140	90.0310796801368
28.5714285714286	833.333333333333	80.8285579075002	0	80.8285579075002	DBCA	3_2	140	89.0412482461727
28.5714285714286	866.666666666667	79.9232225178691	0	79.9232225178691	DBCA	3_2	210	87.0205486544275
28.5714285714286	900	79.6918770350104	0	79.6918770350104	DBCA	3_2	280	82.1926993884877
28.5714285714286	933.333333333333	80.4713832546251	0	80.4713832546251	DBCA	3_2	0	80.4713832546251
28.5714285714286	966.666666666667	88.2860083659724	0	88.2860083659724	DBCA	3_2	70	94.1329233257921
414.285714285714	666.666666666667	77.3942616947768	0	77.3942616947768	DBCA	30_1	140	85.6069520334493
414.285714285714	700	76.3396634635335	0	76.3396634635335	DBCA	30_1	210	83.4369896000919
414.285714285714	733.333333333333	75.9176520586245	0	75.9176520586245	DBCA	30_1	280	78.4184744121019
414.285714285714	766.666666666667	73.1525373711577	0	73.1525373711577	DBCA	30_1	70	78.9994523309774
414.285714285714	800	78.3173533002773	0	78.3173533002773	DBCA	30_1	0	78.3173533002773
414.285714285714	833.333333333333	75.5619283571712	0	75.5619283571712	DBCA	30_2	210	82.6592544937296
414.285714285714	866.666666666667	74.8306952576944	0	74.8306952576944	DBCA	30_2	280	77.3315176111717
414.285714285714	900	74.0707404910561	0	74.0707404910561	DBCA	30_2	0	74.0707404910561
414.285714285714	933.333333333333	76.7137803855658	0	76.7137803855658	DBCA	30_2	140	84.9264707242382
414.285714285714	966.666666666667	81.8101561082669	0	81.8101561082669	DBCA	30_2	70	87.6570710680866
428.571428571429	666.666666666667	77.0255242589466	0	77.0255242589466	DBCA	31_1	140	85.2382145976191
428.571428571429	700	78.3477257031333	0	78.3477257031333	DBCA	31_1	70	84.194640662953
428.571428571429	733.333333333333	76.8469891803238	0	76.8469891803238	DBCA	31_1	280	79.3478115338011
428.571428571429	766.666666666667	70.0485561372821	0	70.0485561372821	DBCA	31_1	210	77.1458822738405
428.571428571429	800	74.6013220387731	0	74.6013220387731	DBCA	31_1	0	74.6013220387731
428.571428571429	833.333333333333	77.3947162673381	0	77.3947162673381	DBCA	31_2	210	84.4920424038965
428.571428571429	866.666666666667	72.237490541419	0	72.237490541419	DBCA	31_2	70	78.0844055012387
428.571428571429	900	76.3823703458567	0	76.3823703458567	DBCA	31_2	0	76.3823703458567
428.571428571429	933.333333333333	79.7536799235395	0	79.7536799235395	DBCA	31_2	280	82.2545022770169
428.571428571429	966.666666666667	77.7957226191722	0	77.7957226191722	DBCA	31_2	140	86.0084129578447
442.857142857143	666.666666666667	80.5632242744312	0	80.5632242744312	DBCA	32_1	280	83.0640466279085
442.857142857143	700	78.6400089965688	0	78.6400089965688	DBCA	32_1	140	86.8526993352413
442.857142857143	733.333333333333	73.8890091837181	0	73.8890091837181	DBCA	32_1	210	80.9863353202765
442.857142857143	766.666666666667	71.5875898167497	0	71.5875898167497	DBCA	32_1	70	77.4345047765694
442.857142857143	800	76.6460574852807	0	76.6460574852807	DBCA	32_1	0	76.6460574852807
442.857142857143	833.333333333333	77.5087463765764	0	77.5087463765764	DBCA	32_2	140	85.7214367152489
442.857142857143	866.666666666667	72.5823573943379	0	72.5823573943379	DBCA	32_2	0	72.5823573943379
442.857142857143	900	74.298595524805	0	74.298595524805	DBCA	32_2	280	76.7994178782823
442.857142857143	933.333333333333	78.6852376085781	0	78.6852376085781	DBCA	32_2	210	85.7825637451365
442.857142857143	966.666666666667	79.9039708479098	0	79.9039708479098	DBCA	32_2	70	85.7508858077295
457.142857142857	666.666666666667	82.3517744919249	0	82.3517744919249	DBCA	33_1	280	84.8525968454022
457.142857142857	700	79.6821708468484	0	79.6821708468484	DBCA	33_1	140	87.8948611855209
457.142857142857	733.333333333333	73.1482723757522	0	73.1482723757522	DBCA	33_1	210	80.2455985123105
457.142857142857	766.666666666667	71.6858703076886	0	71.6858703076886	DBCA	33_1	0	71.6858703076886
457.142857142857	800	74.2384017968398	0	74.2384017968398	DBCA	33_1	70	80.0853167566595
457.142857142857	833.333333333333	77.0824809941647	0	77.0824809941647	DBCA	33_2	70	82.9293959539844
457.142857142857	866.666666666667	74.1782177337767	0	74.1782177337767	DBCA	33_2	280	76.6790400872541
457.142857142857	900	79.3058597090766	0	79.3058597090766	DBCA	33_2	140	87.5185500477491
457.142857142857	933.333333333333	77.2077316171245	0	77.2077316171245	DBCA	33_2	210	84.3050577536828
457.142857142857	966.666666666667	77.1843717470977	0	77.1843717470977	DBCA	33_2	0	77.1843717470977
471.428571428571	666.666666666667	81.3420350273427	0	81.3420350273427	DBCA	34_1	280	83.8428573808201
471.428571428571	700	78.9781827545273	0	78.9781827545273	DBCA	34_1	0	78.9781827545273
471.428571428571	733.333333333333	74.7500816058225	0	74.7500816058225	DBCA	34_1	70	80.5969965656422
471.428571428571	766.666666666667	71.2876494055372	0	71.2876494055372	DBCA	34_1	210	78.3849755420955
471.428571428571	800	73.2125111435763	0	73.2125111435763	DBCA	34_1	140	81.4252014822488
471.428571428571	833.333333333333	77.1600733533466	0	77.1600733533466	DBCA	34_2	140	85.3727636920191
471.428571428571	866.666666666667	74.7251767327906	0	74.7251767327906	DBCA	34_2	70	80.5720916926103
471.428571428571	900	77.95162197733	0	77.95162197733	DBCA	34_2	0	77.95162197733
471.428571428571	933.333333333333	77.9522606943405	0	77.9522606943405	DBCA	34_2	210	85.0495868308988
471.428571428571	966.666666666667	74.4943050330279	0	74.4943050330279	DBCA	34_2	280	76.9951273865052
485.714285714286	666.666666666667	82.1365519505919	0	82.1365519505919	DBCA	35_1	0	82.1365519505919
485.714285714286	700	79.5802027566566	0	79.5802027566566	DBCA	35_1	280	82.0810251101339
485.714285714286	733.333333333333	77.6920018053978	0	77.6920018053978	DBCA	35_1	140	85.9046921440703
485.714285714286	766.666666666667	74.3804142940368	0	74.3804142940368	DBCA	35_1	210	81.4777404305952
485.714285714286	800	76.8423123064413	0	76.8423123064413	DBCA	35_1	70	82.689227266261
485.714285714286	833.333333333333	73.4343461205556	0	73.4343461205556	DBCA	35_2	210	80.531672257114
485.714285714286	866.666666666667	77.7687520459632	0	77.7687520459632	DBCA	35_2	280	80.2695743994405
485.714285714286	900	78.8044345749713	0	78.8044345749713	DBCA	35_2	70	84.651349534791
485.714285714286	933.333333333333	79.4271228042419	0	79.4271228042419	DBCA	35_2	0	79.4271228042419
485.714285714286	966.666666666667	73.3592413005291	0	73.3592413005291	DBCA	35_2	140	81.5719316392016
500	666.666666666667	82.0123745221381	0	82.0123745221381	DBCA	36_1	0	82.0123745221381
500	700	76.7881736959642	0	76.7881736959642	DBCA	36_1	140	85.0008640346367
500	733.333333333333	76.5210083901548	0	76.5210083901548	DBCA	36_1	70	82.3679233499745
500	766.666666666667	72.5621139061544	0	72.5621139061544	DBCA	36_1	210	79.6594400427127
500	800	79.2599803460457	0	79.2599803460457	DBCA	36_1	280	81.760802699523
500	833.333333333333	74.9536202578496	0	74.9536202578496	DBCA	36_2	70	80.8005352176693
500	866.666666666667	74.7782157923708	0	74.7782157923708	DBCA	36_2	0	74.7782157923708
500	900	74.1410150484538	0	74.1410150484538	DBCA	36_2	140	82.3537053871263
500	933.333333333333	76.1358371137884	0	76.1358371137884	DBCA	36_2	210	83.2331632503467
500	966.666666666667	76.4766057308966	0	76.4766057308966	DBCA	36_2	280	78.977428084374
514.285714285714	666.666666666667	78.5367371376949	24.6	103.136737137695	DBCA	37_1	280	129.056759491172
514.285714285714	700	75.4494841634865	24.6	100.049484163487	DBCA	37_1	0	100.049484163487
514.285714285714	733.333333333333	76.2919213116641	24.6	100.891921311664	DBCA	37_1	210	125.553647448222
514.285714285714	766.666666666667	73.9564586025154	24.6	98.5564586025154	DBCA	37_1	140	118.478748941188
514.285714285714	800	78.19525965671	24.6	102.79525965671	DBCA	37_1	70	114.49697461653
514.285714285714	833.333333333333	77.1347252459061	24.6	101.734725245906	DBCA	37_2	0	101.734725245906
514.285714285714	866.666666666667	78.8533302821378	24.6	103.453330282138	DBCA	37_2	140	123.37562062081
514.285714285714	900	80.0205466255891	24.6	104.620546625589	DBCA	37_2	70	116.322261585409
514.285714285714	933.333333333333	75.2136255827408	24.6	99.8136255827408	DBCA	37_2	210	124.475351719299
514.285714285714	966.666666666667	74.0625999651763	24.6	98.6625999651763	DBCA	37_2	280	124.582622318654
528.571428571429	666.666666666667	82.5344612223171	24.6	107.134461222317	DBCA	38_1	140	127.05675156099
528.571428571429	700	75.7055097081118	24.6	100.305509708112	DBCA	38_1	280	126.225532061589
528.571428571429	733.333333333333	76.4753205933714	24.6	101.075320593371	DBCA	38_1	210	125.73704672993
528.571428571429	766.666666666667	73.3372932165995	24.6	97.9372932165995	DBCA	38_1	0	97.9372932165995
528.571428571429	800	80.3314311763042	24.6	104.931431176304	DBCA	38_1	70	116.633146136124
528.571428571429	833.333333333333	83.5155814572558	24.6	108.115581457256	DBCA	38_2	280	134.035603810733
528.571428571429	866.666666666667	78.1860427124114	24.6	102.786042712411	DBCA	38_2	210	127.44776884897
528.571428571429	900	78.2255334931006	24.6	102.825533493101	DBCA	38_2	0	102.825533493101
528.571428571429	933.333333333333	78.9539843687816	24.6	103.553984368782	DBCA	38_2	70	115.255699328601
528.571428571429	966.666666666667	75.4406764452693	24.6	100.040676445269	DBCA	38_2	140	119.962966783942
542.857142857143	666.666666666667	80.5449584018938	24.6	105.144958401894	DBCA	39_1	280	131.064980755371
542.857142857143	700	77.7000444148662	24.6	102.300044414866	DBCA	39_1	140	122.222334753539
542.857142857143	733.333333333333	78.8687759126512	24.6	103.468775912651	DBCA	39_1	70	115.170490872471
542.857142857143	766.666666666667	75.199444677268	24.6	99.799444677268	DBCA	39_1	210	124.461170813826
542.857142857143	800	75.6959624551545	24.6	100.295962455155	DBCA	39_1	0	100.295962455155
542.857142857143	833.333333333333	80.4422981561036	24.6	105.042298156104	DBCA	39_2	140	124.964588494776
542.857142857143	866.666666666667	78.6330321046268	24.6	103.233032104627	DBCA	39_2	70	114.934747064447
542.857142857143	900	79.6538760352672	24.6	104.253876035267	DBCA	39_2	280	130.173898388745
542.857142857143	933.333333333333	77.3616670536386	24.6	101.961667053639	DBCA	39_2	210	126.623393190197
542.857142857143	966.666666666667	74.9038809299963	24.6	99.5038809299963	DBCA	39_2	0	99.5038809299963
42.8571428571429	666.666666666667	83.2789903726507	0	83.2789903726507	DBCA	4_1	70	89.1259053324704
42.8571428571429	700	79.1487206786142	0	79.1487206786142	DBCA	4_1	0	79.1487206786142
42.8571428571429	733.333333333333	78.397127734129	0	78.397127734129	DBCA	4_1	140	86.6098180728015
42.8571428571429	766.666666666667	78.7786236575306	0	78.7786236575306	DBCA	4_1	210	85.875949794089
42.8571428571429	800	82.0926343641542	0	82.0926343641542	DBCA	4_1	280	84.5934567176315
42.8571428571429	833.333333333333	81.3358575036207	0	81.3358575036207	DBCA	4_2	70	87.1827724634404
42.8571428571429	866.666666666667	83.1783618923704	0	83.1783618923704	DBCA	4_2	280	85.6791842458478
42.8571428571429	900	80.2442909558648	0	80.2442909558648	DBCA	4_2	0	80.2442909558648
42.8571428571429	933.333333333333	84.0845721998362	0	84.0845721998362	DBCA	4_2	140	92.2972625385087
42.8571428571429	966.666666666667	87.2536904951307	0	87.2536904951307	DBCA	4_2	210	94.3510166316891
557.142857142857	666.666666666667	78.93611223885	24.6	103.53611223885	DBCA	40_1	140	123.458402577522
557.142857142857	700	81.160055661304	24.6	105.760055661304	DBCA	40_1	0	105.760055661304
557.142857142857	733.333333333333	75.7372982009731	24.6	100.337298200973	DBCA	40_1	280	126.25732055445
557.142857142857	766.666666666667	79.3044077496752	24.6	103.904407749675	DBCA	40_1	70	115.606122709495
557.142857142857	800	77.4342910416518	24.6	102.034291041652	DBCA	40_1	210	126.69601717821
557.142857142857	833.333333333333	79.5862451765434	24.6	104.186245176543	DBCA	40_2	140	124.108535515216
557.142857142857	866.666666666667	81.7496767213398	24.6	106.34967672134	DBCA	40_2	280	132.269699074817
557.142857142857	900	80.6155383065511	24.6	105.215538306551	DBCA	40_2	210	129.877264443109
557.142857142857	933.333333333333	75.8664250166767	24.6	100.466425016677	DBCA	40_2	0	100.466425016677
557.142857142857	966.666666666667	75.8263690368254	24.6	100.426369036825	DBCA	40_2	70	112.128083996645
571.428571428571	666.666666666667	78.6201394816222	24.6	103.220139481622	DBCA	41_1	140	123.142429820295
571.428571428571	700	78.3338529462234	24.6	102.933852946223	DBCA	41_1	0	102.933852946223
571.428571428571	733.333333333333	77.419472510777	24.6	102.019472510777	DBCA	41_1	210	126.681198647335
571.428571428571	766.666666666667	79.1622121778584	24.6	103.762212177858	DBCA	41_1	70	115.463927137678
571.428571428571	800	79.5521273307264	24.6	104.152127330726	DBCA	41_1	280	130.072149684204
571.428571428571	833.333333333333	82.1191872622142	24.6	106.719187262214	DBCA	41_2	210	131.380913398773
571.428571428571	866.666666666667	79.3114579341365	24.6	103.911457934136	DBCA	41_2	140	123.833748272809
571.428571428571	900	80.3373123184159	24.6	104.937312318416	DBCA	41_2	70	116.639027278236
571.428571428571	933.333333333333	80.4824634371442	24.6	105.082463437144	DBCA	41_2	280	131.002485790622
571.428571428571	966.666666666667	81.9678529994114	24.6	106.567852999411	DBCA	41_2	0	106.567852999411
585.714285714286	666.666666666667	78.7036567511396	24.6	103.30365675114	DBCA	42_1	210	127.965382887698
585.714285714286	700	78.0739876064807	24.6	102.673987606481	DBCA	42_1	140	122.596277945153
585.714285714286	733.333333333333	80.7012450164272	24.6	105.301245016427	DBCA	42_1	70	117.002959976247
585.714285714286	766.666666666667	78.7666346317238	24.6	103.366634631724	DBCA	42_1	280	129.286656985201
585.714285714286	800	77.5577373286954	24.6	102.157737328695	DBCA	42_1	0	102.157737328695
585.714285714286	833.333333333333	80.9604081516721	24.6	105.560408151672	DBCA	42_2	210	130.22213428823
585.714285714286	866.666666666667	79.947918623675	24.6	104.547918623675	DBCA	42_2	280	130.467940977152
585.714285714286	900	78.5026270957381	24.6	103.102627095738	DBCA	42_2	140	123.024917434411
585.714285714286	933.333333333333	82.0882477866707	24.6	106.688247786671	DBCA	42_2	0	106.688247786671
585.714285714286	966.666666666667	80.5340256264753	24.6	105.134025626475	DBCA	42_2	70	116.835740586295
600	666.666666666667	79.4635040807145	24.6	104.063504080714	DBCA	43_1	140	123.985794419387
600	700	81.2635062665261	24.6	105.863506266526	DBCA	43_1	210	130.525232403084
600	733.333333333333	78.5636043505201	24.6	103.16360435052	DBCA	43_1	0	103.16360435052
600	766.666666666667	75.3326211815138	24.6	99.9326211815138	DBCA	43_1	280	125.852643534991
600	800	80.9594138286649	24.6	105.559413828665	DBCA	43_1	70	117.261128788485
600	833.333333333333	82.2776495025993	24.6	106.877649502599	DBCA	43_2	70	118.579364462419
600	866.666666666667	80.2618305193237	24.6	104.861830519324	DBCA	43_2	280	130.781852872801
600	900	82.4351639463991	24.6	107.035163946399	DBCA	43_2	0	107.035163946399
600	933.333333333333	81.9107370970546	24.6	106.510737097055	DBCA	43_2	210	131.172463233613
600	966.666666666667	79.3107224343966	24.6	103.910722434397	DBCA	43_2	140	123.833012773069
614.285714285714	666.666666666667	82.9334363403056	24.6	107.533436340306	DBCA	44_1	210	132.195162476864
614.285714285714	700	80.6054278958193	24.6	105.205427895819	DBCA	44_1	140	125.127718234492
614.285714285714	733.333333333333	76.9640487594713	24.6	101.564048759471	DBCA	44_1	70	113.265763719291
614.285714285714	766.666666666667	76.5225378121885	24.6	101.122537812189	DBCA	44_1	0	101.122537812189
614.285714285714	800	78.6478861733215	24.6	103.247886173322	DBCA	44_1	280	129.167908526799
614.285714285714	833.333333333333	82.0942407843278	24.6	106.694240784328	DBCA	44_2	280	132.614263137805
614.285714285714	866.666666666667	79.3265358555265	24.6	103.926535855527	DBCA	44_2	0	103.926535855527
614.285714285714	900	79.9899991272734	24.6	104.589999127273	DBCA	44_2	140	124.512289465946
614.285714285714	933.333333333333	79.302471277593	24.6	103.902471277593	DBCA	44_2	210	128.564197414151
614.285714285714	966.666666666667	77.057868172306	24.6	101.657868172306	DBCA	44_2	70	113.359583132126
628.571428571429	666.666666666667	80.8379589570212	24.6	105.437958957021	DBCA	45_1	280	131.357981310499
628.571428571429	700	80.0836065715037	24.6	104.683606571504	DBCA	45_1	140	124.605896910176
628.571428571429	733.333333333333	79.6654840354203	24.6	104.26548403542	DBCA	45_1	70	115.96719899524
628.571428571429	766.666666666667	76.3774154320406	24.6	100.977415432041	DBCA	45_1	0	100.977415432041
628.571428571429	800	76.1652640998664	24.6	100.765264099866	DBCA	45_1	210	125.426990236425
628.571428571429	833.333333333333	79.1302152240491	24.6	103.730215224049	DBCA	45_2	140	123.652505562722
628.571428571429	866.666666666667	78.6147961938822	24.6	103.214796193882	DBCA	45_2	280	129.13481854736
628.571428571429	900	81.9012913969889	24.6	106.501291396989	DBCA	45_2	70	118.203006356809
628.571428571429	933.333333333333	81.2843911702198	24.6	105.88439117022	DBCA	45_2	0	105.88439117022
628.571428571429	966.666666666667	78.8964376227014	24.6	103.496437622701	DBCA	45_2	210	128.15816375926
642.857142857143	666.666666666667	81.9263542986333	24.6	106.526354298633	DBCA	46_1	0	106.526354298633
642.857142857143	700	78.7779339610402	24.6	103.37793396104	DBCA	46_1	140	123.300224299713
642.857142857143	733.333333333333	78.3796314732116	24.6	102.979631473212	DBCA	46_1	210	127.64135760977
642.857142857143	766.666666666667	79.7990219050995	24.6	104.399021905099	DBCA	46_1	70	116.100736864919
642.857142857143	800	77.5709231428941	24.6	102.170923142894	DBCA	46_1	280	128.090945496371
642.857142857143	833.333333333333	77.0597012780039	24.6	101.659701278004	DBCA	46_2	210	126.321427414562
642.857142857143	866.666666666667	80.518543597778	24.6	105.118543597778	DBCA	46_2	70	116.820258557598
642.857142857143	900	82.0797705523893	24.6	106.679770552389	DBCA	46_2	140	126.602060891062
642.857142857143	933.333333333333	79.6167125994505	24.6	104.21671259945	DBCA	46_2	280	130.136734952928
642.857142857143	966.666666666667	78.6375836130183	24.6	103.237583613018	DBCA	46_2	0	103.237583613018
657.142857142857	666.666666666667	77.6610237453716	24.6	102.261023745372	DBCA	47_1	70	113.962738705191
657.142857142857	700	76.0173204093742	24.6	100.617320409374	DBCA	47_1	140	120.539610748047
657.142857142857	733.333333333333	80.0402036116049	24.6	104.640203611605	DBCA	47_1	0	104.640203611605
657.142857142857	766.666666666667	80.1628944992731	24.6	104.762894499273	DBCA	47_1	280	130.68291685275
657.142857142857	800	77.8087331401838	24.6	102.408733140184	DBCA	47_1	210	127.070459276742
657.142857142857	833.333333333333	78.6481969922262	24.6	103.248196992226	DBCA	47_2	0	103.248196992226
657.142857142857	866.666666666667	79.3635703419396	24.6	103.96357034194	DBCA	47_2	210	128.625296478498
657.142857142857	900	77.4029074112786	24.6	102.002907411279	DBCA	47_2	70	113.704622371098
657.142857142857	933.333333333333	78.6488118311023	24.6	103.248811831102	DBCA	47_2	140	123.171102169775
657.142857142857	966.666666666667	79.6086763835438	24.6	104.208676383544	DBCA	47_2	280	130.128698737021
671.428571428571	666.666666666667	78.8184245669164	24.6	103.418424566916	DBCA	48_1	70	115.120139526736
671.428571428571	700	80.3066202963263	24.6	104.906620296326	DBCA	48_1	140	124.828910634999
671.428571428571	733.333333333333	76.986421752352	24.6	101.586421752352	DBCA	48_1	0	101.586421752352
671.428571428571	766.666666666667	78.7717362453973	24.6	103.371736245397	DBCA	48_1	280	129.291758598875
671.428571428571	800	78.421210476659	24.6	103.021210476659	DBCA	48_1	210	127.682936613217
671.428571428571	833.333333333333	73.9706521797487	24.6	98.5706521797487	DBCA	48_2	210	123.232378316307
671.428571428571	866.666666666667	77.572883635451	24.6	102.172883635451	DBCA	48_2	0	102.172883635451
671.428571428571	900	80.6893634136973	24.6	105.289363413697	DBCA	48_2	140	125.21165375237
671.428571428571	933.333333333333	79.7470525015089	24.6	104.347052501509	DBCA	48_2	280	130.267074854986
671.428571428571	966.666666666667	80.5895706198315	24.6	105.189570619831	DBCA	48_2	70	116.891285579651
685.714285714286	666.666666666667	77.4187455248764	24.6	102.018745524876	DBCA	49_1	140	121.941035863549
685.714285714286	700	79.2165469146473	24.6	103.816546914647	DBCA	49_1	70	115.518261874467
685.714285714286	733.333333333333	78.2917439230416	24.6	102.891743923042	DBCA	49_1	0	102.891743923042
685.714285714286	766.666666666667	75.3065158839842	24.6	99.9065158839842	DBCA	49_1	280	125.826538237462
685.714285714286	800	80.1352005615148	24.6	104.735200561515	DBCA	49_1	210	129.396926698073
685.714285714286	833.333333333333	79.0157264090152	24.6	103.615726409015	DBCA	49_2	140	123.538016747688
685.714285714286	866.666666666667	76.2007437508551	24.6	100.800743750855	DBCA	49_2	0	100.800743750855
685.714285714286	900	78.8347002619516	24.6	103.434700261952	DBCA	49_2	210	128.09642639851
685.714285714286	933.333333333333	82.5536941916648	24.6	107.153694191665	DBCA	49_2	70	118.855409151484
685.714285714286	966.666666666667	83.7728703967529	24.6	108.372870396753	DBCA	49_2	280	134.29289275023
57.1428571428571	666.666666666667	82.9462080606699	0	82.9462080606699	DBCA	5_1	140	91.1588983993424
57.1428571428571	700	80.7829352925956	0	80.7829352925956	DBCA	5_1	280	83.2837576460729
57.1428571428571	733.333333333333	79.5484276330426	0	79.5484276330426	DBCA	5_1	0	79.5484276330426
57.1428571428571	766.666666666667	78.5371417095303	0	78.5371417095303	DBCA	5_1	70	84.38405666935
57.1428571428571	800	80.7475815020387	0	80.7475815020387	DBCA	5_1	210	87.8449076385971
57.1428571428571	833.333333333333	85.9525499763511	0	85.9525499763511	DBCA	5_2	280	88.4533723298284
57.1428571428571	866.666666666667	83.7878728388971	0	83.7878728388971	DBCA	5_2	140	92.0005631775696
57.1428571428571	900	83.2700329541788	0	83.2700329541788	DBCA	5_2	0	83.2700329541788
57.1428571428571	933.333333333333	82.083557341233	0	82.083557341233	DBCA	5_2	210	89.1808834777914
57.1428571428571	966.666666666667	89.6510750266458	0	89.6510750266458	DBCA	5_2	70	95.4979899864655
700	666.666666666667	78.424592172166	24.6	103.024592172166	DBCA	50_1	210	127.686318308724
700	700	74.2524077715561	24.6	98.852407771556	DBCA	50_1	70	110.554122731376
700	733.333333333333	77.8584420235996	24.6	102.4584420236	DBCA	50_1	140	122.380732362272
700	766.666666666667	76.5577424778428	24.6	101.157742477843	DBCA	50_1	280	127.07776483132
700	800	75.7288287346693	24.6	100.328828734669	DBCA	50_1	0	100.328828734669
700	833.333333333333	77.6092106604982	24.6	102.209210660498	DBCA	50_2	140	122.131500999171
700	866.666666666667	77.603570035962	24.6	102.203570035962	DBCA	50_2	210	126.86529617252
700	900	78.3598753293433	24.6	102.959875329343	DBCA	50_2	0	102.959875329343
700	933.333333333333	80.53640940913	24.6	105.13640940913	DBCA	50_2	280	131.056431762607
700	966.666666666667	84.9719299381017	24.6	109.571929938102	DBCA	50_2	70	121.273644897921
714.285714285714	666.666666666667	77.5946762037871	24.6	102.194676203787	DBCA	51_1	140	122.11696654246
714.285714285714	700	76.0559154989757	24.6	100.655915498976	DBCA	51_1	280	126.575937852453
714.285714285714	733.333333333333	74.6162182583365	24.6	99.2162182583365	DBCA	51_1	70	110.917933218156
714.285714285714	766.666666666667	79.0922661866444	24.6	103.692266186644	DBCA	51_1	0	103.692266186644
714.285714285714	800	75.9157308742488	24.6	100.515730874249	DBCA	51_1	210	125.177457010807
714.285714285714	833.333333333333	78.029027317467	24.6	102.629027317467	DBCA	51_2	140	122.551317656139
714.285714285714	866.666666666667	78.7068877017954	24.6	103.306887701795	DBCA	51_2	280	129.226910055273
714.285714285714	900	80.9149582143768	24.6	105.514958214377	DBCA	51_2	210	130.176684350935
714.285714285714	933.333333333333	80.8945237032095	24.6	105.49452370321	DBCA	51_2	70	117.196238663029
714.285714285714	966.666666666667	81.7291602708128	24.6	106.329160270813	DBCA	51_2	0	106.329160270813
728.571428571429	666.666666666667	76.8315763207013	24.6	101.431576320701	DBCA	52_1	210	126.09330245726
728.571428571429	700	77.843683254162	24.6	102.443683254162	DBCA	52_1	0	102.443683254162
728.571428571429	733.333333333333	74.9221484440036	24.6	99.5221484440036	DBCA	52_1	140	119.444438782676
728.571428571429	766.666666666667	77.482307332079	24.6	102.082307332079	DBCA	52_1	70	113.784022291899
728.571428571429	800	75.3668234941885	24.6	99.9668234941885	DBCA	52_1	280	125.886845847666
728.571428571429	833.333333333333	78.2731786126331	24.6	102.873178612633	DBCA	52_2	0	102.873178612633
728.571428571429	866.666666666667	76.1166021362536	24.6	100.716602136254	DBCA	52_2	70	112.418317096073
728.571428571429	900	80.9646968650765	24.6	105.564696865076	DBCA	52_2	280	131.484719218554
728.571428571429	933.333333333333	79.0870753591001	24.6	103.6870753591	DBCA	52_2	210	128.348801495658
728.571428571429	966.666666666667	82.1050594658754	24.6	106.705059465875	DBCA	52_2	140	126.627349804548
742.857142857143	666.666666666667	77.2260808509685	24.6	101.826080850968	DBCA	53_1	0	101.826080850968
742.857142857143	700	79.1281196239876	24.6	103.728119623988	DBCA	53_1	280	129.648141977465
742.857142857143	733.333333333333	76.7370924140604	24.6	101.33709241406	DBCA	53_1	210	125.998818550619
742.857142857143	766.666666666667	74.9144821496875	24.6	99.5144821496875	DBCA	53_1	70	111.216197109507
742.857142857143	800	79.4147399227856	24.6	104.014739922786	DBCA	53_1	140	123.937030261458
742.857142857143	833.333333333333	79.7711705883023	24.6	104.371170588302	DBCA	53_2	140	124.293460926975
742.857142857143	866.666666666667	78.141722550984	24.6	102.741722550984	DBCA	53_2	70	114.443437510804
742.857142857143	900	78.4425049225883	24.6	103.042504922588	DBCA	53_2	210	127.704231059147
742.857142857143	933.333333333333	78.5936266259714	24.6	103.193626625971	DBCA	53_2	280	129.113648979449
742.857142857143	966.666666666667	80.5969257220536	24.6	105.196925722054	DBCA	53_2	0	105.196925722054
757.142857142857	666.666666666667	74.1147228804174	24.6	98.7147228804174	DBCA	54_1	210	123.376449016976
757.142857142857	700	76.0463616113509	24.6	100.646361611351	DBCA	54_1	140	120.568651950023
757.142857142857	733.333333333333	72.8782421808263	24.6	97.4782421808263	DBCA	54_1	280	123.398264534304
757.142857142857	766.666666666667	76.5624781231329	24.6	101.162478123133	DBCA	54_1	70	112.864193082953
757.142857142857	800	77.7960921313449	24.6	102.396092131345	DBCA	54_1	0	102.396092131345
757.142857142857	833.333333333333	77.5672085524041	24.6	102.167208552404	DBCA	54_2	210	126.828934688962
757.142857142857	866.666666666667	74.382876138957	24.6	98.982876138957	DBCA	54_2	70	110.684591098777
757.142857142857	900	78.1240715678063	24.6	102.724071567806	DBCA	54_2	0	102.724071567806
757.142857142857	933.333333333333	81.00296792802	24.6	105.60296792802	DBCA	54_2	280	131.522990281497
757.142857142857	966.666666666667	78.4153063812325	24.6	103.015306381233	DBCA	54_2	140	122.937596719905
771.428571428571	666.666666666667	76.8502036507569	24.6	101.450203650757	DBCA	55_1	0	101.450203650757
771.428571428571	700	74.6427937163763	24.6	99.2427937163763	DBCA	55_1	280	125.162816069854
771.428571428571	733.333333333333	77.7885877720051	24.6	102.388587772005	DBCA	55_1	140	122.310878110678
771.428571428571	766.666666666667	75.0535317067381	24.6	99.6535317067381	DBCA	55_1	70	111.355246666558
771.428571428571	800	77.3861661524545	24.6	101.986166152454	DBCA	55_1	210	126.647892289013
771.428571428571	833.333333333333	74.9109350465058	24.6	99.5109350465058	DBCA	55_2	0	99.5109350465058
771.428571428571	866.666666666667	74.2375263725771	24.6	98.8375263725771	DBCA	55_2	140	118.75981671125
771.428571428571	900	78.783301271915	24.6	103.383301271915	DBCA	55_2	70	115.085016231735
771.428571428571	933.333333333333	80.8557030507389	24.6	105.455703050739	DBCA	55_2	210	130.117429187297
771.428571428571	966.666666666667	77.9215028866732	24.6	102.521502886673	DBCA	55_2	280	128.441525240151
785.714285714286	666.666666666667	76.5273212373795	24.6	101.12732123738	DBCA	56_1	280	127.047343590857
785.714285714286	700	73.6837821196824	24.6	98.2837821196824	DBCA	56_1	70	109.985497079502
785.714285714286	733.333333333333	81.2241193980139	24.6	105.824119398014	DBCA	56_1	210	130.485845534572
785.714285714286	766.666666666667	79.9398954028648	24.6	104.539895402865	DBCA	56_1	0	104.539895402865
785.714285714286	800	79.364602656158	24.6	103.964602656158	DBCA	56_1	140	123.886892994831
785.714285714286	833.333333333333	79.7585831797174	24.6	104.358583179717	DBCA	56_2	280	130.278605533195
785.714285714286	866.666666666667	78.0827873121731	24.6	102.682787312173	DBCA	56_2	210	127.344513448731
785.714285714286	900	83.0457401521897	24.6	107.64574015219	DBCA	56_2	0	107.64574015219
785.714285714286	933.333333333333	80.9508601571207	24.6	105.550860157121	DBCA	56_2	140	125.473150495793
785.714285714286	966.666666666667	77.4035925587199	24.6	102.00359255872	DBCA	56_2	70	113.70530751854
800	666.666666666667	77.2412493132671	24.6	101.841249313267	DBCA	57_1	210	126.502975449826
800	700	76.5850869787657	24.6	101.185086978766	DBCA	57_1	280	127.105109332243
800	733.333333333333	75.9272478229984	24.6	100.527247822998	DBCA	57_1	70	112.228962782818
800	766.666666666667	78.2341883120273	24.6	102.834188312027	DBCA	57_1	140	122.7564786507
800	800	81.0644226874484	24.6	105.664422687448	DBCA	57_1	0	105.664422687448
800	833.333333333333	79.3832456481561	24.6	103.983245648156	DBCA	57_2	70	115.684960607976
800	866.666666666667	82.5160015762913	24.6	107.116001576291	DBCA	57_2	280	133.036023929769
800	900	82.4457422453199	24.6	107.04574224532	DBCA	57_2	210	131.707468381878
800	933.333333333333	79.4434506524351	24.6	104.043450652435	DBCA	57_2	140	123.965740991108
800	966.666666666667	74.1765682438471	24.6	98.7765682438471	DBCA	57_2	0	98.7765682438471
814.285714285714	666.666666666667	78.382870995353	24.6	102.982870995353	DBCA	58_1	210	127.644597131911
814.285714285714	700	74.4471070146947	24.6	99.0471070146947	DBCA	58_1	70	110.748821974514
814.285714285714	733.333333333333	75.8911298474854	24.6	100.491129847485	DBCA	58_1	140	120.413420186158
814.285714285714	766.666666666667	73.175961130522	24.6	97.775961130522	DBCA	58_1	280	123.695983483999
814.285714285714	800	77.2086335384371	24.6	101.808633538437	DBCA	58_1	0	101.808633538437
814.285714285714	833.333333333333	76.1464496425507	24.6	100.746449642551	DBCA	58_2	140	120.668739981223
814.285714285714	866.666666666667	79.0634902410727	24.6	103.663490241073	DBCA	58_2	70	115.365205200892
814.285714285714	900	81.0553171489552	24.6	105.655317148955	DBCA	58_2	0	105.655317148955
814.285714285714	933.333333333333	76.4271540936598	24.6	101.02715409366	DBCA	58_2	210	125.688880230218
814.285714285714	966.666666666667	78.1729658003587	24.6	102.772965800359	DBCA	58_2	280	128.692988153836
828.571428571429	666.666666666667	78.2467676670122	24.6	102.846767667012	DBCA	59_1	70	114.548482626832
828.571428571429	700	74.6079309092759	24.6	99.2079309092759	DBCA	59_1	210	123.869657045834
828.571428571429	733.333333333333	76.7906934784923	24.6	101.390693478492	DBCA	59_1	140	121.312983817165
828.571428571429	766.666666666667	74.3070321279072	24.6	98.9070321279072	DBCA	59_1	0	98.9070321279072
828.571428571429	800	75.6330199058314	24.6	100.233019905831	DBCA	59_1	280	126.153042259309
828.571428571429	833.333333333333	73.8501415990283	24.6	98.4501415990283	DBCA	59_2	140	118.372431937701
828.571428571429	866.666666666667	77.5432822872611	24.6	102.143282287261	DBCA	59_2	0	102.143282287261
828.571428571429	900	79.9523417222703	24.6	104.55234172227	DBCA	59_2	280	130.472364075748
828.571428571429	933.333333333333	73.8771868377839	24.6	98.4771868377838	DBCA	59_2	210	123.138912974342
828.571428571429	966.666666666667	77.5056707933627	24.6	102.105670793363	DBCA	59_2	70	113.807385753182
71.4285714285714	666.666666666667	87.2963280267378	0	87.2963280267378	DBCA	6_1	280	89.7971503802151
71.4285714285714	700	82.5883036961106	0	82.5883036961106	DBCA	6_1	70	88.4352186559303
71.4285714285714	733.333333333333	78.2984849485602	0	78.2984849485602	DBCA	6_1	210	85.3958110851186
71.4285714285714	766.666666666667	80.2103047566572	0	80.2103047566572	DBCA	6_1	140	88.4229950953297
71.4285714285714	800	83.8476103654661	0	83.8476103654661	DBCA	6_1	0	83.8476103654661
71.4285714285714	833.333333333333	85.0404116187985	0	85.0404116187985	DBCA	6_2	70	90.8873265786182
71.4285714285714	866.666666666667	80.7230528765964	0	80.7230528765964	DBCA	6_2	140	88.9357432152689
71.4285714285714	900	82.1105456347214	0	82.1105456347214	DBCA	6_2	0	82.1105456347214
71.4285714285714	933.333333333333	82.4070265666898	0	82.4070265666898	DBCA	6_2	210	89.5043527032482
71.4285714285714	966.666666666667	86.4095547534281	0	86.4095547534281	DBCA	6_2	280	88.9103771069054
842.857142857143	666.666666666667	79.8870965883592	24.6	104.487096588359	DBCA	60_1	140	124.409386927032
842.857142857143	700	77.4998758995376	24.6	102.099875899538	DBCA	60_1	280	128.019898253015
842.857142857143	733.333333333333	75.4214931616535	24.6	100.021493161653	DBCA	60_1	70	111.723208121473
842.857142857143	766.666666666667	79.4822283084802	24.6	104.08222830848	DBCA	60_1	210	128.743954445039
842.857142857143	800	74.019139738688	24.6	98.619139738688	DBCA	60_1	0	98.619139738688
842.857142857143	833.333333333333	74.3625495607373	24.6	98.9625495607373	DBCA	60_2	70	110.664264520557
842.857142857143	866.666666666667	76.161033021731	24.6	100.761033021731	DBCA	60_2	140	120.683323360403
842.857142857143	900	79.8972729007132	24.6	104.497272900713	DBCA	60_2	210	129.158999037272
842.857142857143	933.333333333333	74.8157153609583	24.6	99.4157153609583	DBCA	60_2	0	99.4157153609583
842.857142857143	966.666666666667	82.2936006388149	24.6	106.893600638815	DBCA	60_2	280	132.813622992292
857.142857142857	666.666666666667	78.2732598595982	24.6	102.873259859598	DBCA	61_1	280	128.793282213075
857.142857142857	700	78.4309267372744	24.6	103.030926737274	DBCA	61_1	140	122.953217075947
857.142857142857	733.333333333333	76.8145767424085	24.6	101.414576742408	DBCA	61_1	70	113.116291702228
857.142857142857	766.666666666667	77.8353576959125	24.6	102.435357695913	DBCA	61_1	0	102.435357695913
857.142857142857	800	73.0321219673058	24.6	97.6321219673058	DBCA	61_1	210	122.293848103864
857.142857142857	833.333333333333	75.9276762348756	24.6	100.527676234876	DBCA	61_2	140	120.449966573548
857.142857142857	866.666666666667	73.9645800307508	24.6	98.5645800307508	DBCA	61_2	280	124.484602384228
857.142857142857	900	80.3572067684242	24.6	104.957206768424	DBCA	61_2	0	104.957206768424
857.142857142857	933.333333333333	78.0484180855691	24.6	102.648418085569	DBCA	61_2	210	127.310144222127
857.142857142857	966.666666666667	77.9072858017004	24.6	102.5072858017	DBCA	61_2	70	114.20900076152
871.428571428571	666.666666666667	76.1458837574587	24.6	100.745883757459	DBCA	62_1	140	120.668174096131
871.428571428571	700	76.6982923325098	24.6	101.29829233251	DBCA	62_1	0	101.29829233251
871.428571428571	733.333333333333	79.2970837727763	24.6	103.897083772776	DBCA	62_1	70	115.598798732596
871.428571428571	766.666666666667	80.7014846672269	24.6	105.301484667227	DBCA	62_1	280	131.221507020704
871.428571428571	800	76.2838364481144	24.6	100.883836448114	DBCA	62_1	210	125.545562584673
871.428571428571	833.333333333333	75.8563526877943	24.6	100.456352687794	DBCA	62_2	0	100.456352687794
871.428571428571	866.666666666667	78.9079384065525	24.6	103.507938406552	DBCA	62_2	210	128.169664543111
871.428571428571	900	77.8499946523674	24.6	102.449994652367	DBCA	62_2	140	122.37228499104
871.428571428571	933.333333333333	78.6425062879244	24.6	103.242506287924	DBCA	62_2	280	129.162528641402
871.428571428571	966.666666666667	74.7908084555951	24.6	99.3908084555951	DBCA	62_2	70	111.092523415415
885.714285714286	666.666666666667	76.2704879336782	24.6	100.870487933678	DBCA	63_1	280	126.790510287156
885.714285714286	700	76.6070101759124	24.6	101.207010175912	DBCA	63_1	0	101.207010175912
885.714285714286	733.333333333333	80.4798608637564	24.6	105.079860863756	DBCA	63_1	140	125.002151202429
885.714285714286	766.666666666667	75.2917153778956	24.6	99.8917153778956	DBCA	63_1	210	124.553441514454
885.714285714286	800	76.4826960266975	24.6	101.082696026698	DBCA	63_1	70	112.784410986517
885.714285714286	833.333333333333	74.6276479590045	24.6	99.2276479590045	DBCA	63_2	0	99.2276479590045
885.714285714286	866.666666666667	79.7380736991453	24.6	104.338073699145	DBCA	63_2	280	130.258096052623
885.714285714286	900	78.8524628027035	24.6	103.452462802703	DBCA	63_2	140	123.374753141376
885.714285714286	933.333333333333	77.6182496182321	24.6	102.218249618232	DBCA	63_2	210	126.87997575479
885.714285714286	966.666666666667	75.5153001203144	24.6	100.115300120314	DBCA	63_2	70	111.817015080134
900	666.666666666667	75.2670782221365	24.6	99.8670782221365	DBCA	64_1	0	99.8670782221365
900	700	76.6321693683045	24.6	101.232169368304	DBCA	64_1	280	127.152191721782
900	733.333333333333	77.5172404703797	24.6	102.11724047038	DBCA	64_1	70	113.818955430199
900	766.666666666667	77.2939197111426	24.6	101.893919711143	DBCA	64_1	210	126.555645847701
900	800	79.370428685404	24.6	103.970428685404	DBCA	64_1	140	123.892719024076
900	833.333333333333	74.3839012406257	24.6	98.9839012406257	DBCA	64_2	0	98.9839012406257
900	866.666666666667	77.4356252655463	24.6	102.035625265546	DBCA	64_2	70	113.737340225366
900	900	77.5095506272984	24.6	102.109550627298	DBCA	64_2	280	128.029572980776
900	933.333333333333	75.2608709382795	24.6	99.8608709382795	DBCA	64_2	140	119.783161276952
900	966.666666666667	74.2417862471165	24.6	98.8417862471165	DBCA	64_2	210	123.503512383675
914.285714285714	666.666666666667	80.3540092458721	24.6	104.954009245872	DBCA	65_1	70	116.655724205692
914.285714285714	700	77.3249461283108	24.6	101.924946128311	DBCA	65_1	0	101.924946128311
914.285714285714	733.333333333333	79.20578249603	24.6	103.80578249603	DBCA	65_1	210	128.467508632588
914.285714285714	766.666666666667	75.098891095164	24.6	99.698891095164	DBCA	65_1	280	125.618913448641
914.285714285714	800	77.8483400627155	24.6	102.448340062715	DBCA	65_1	140	122.370630401388
914.285714285714	833.333333333333	77.067706528554	24.6	101.667706528554	DBCA	65_2	140	121.589996867226
914.285714285714	866.666666666667	80.0089622192932	24.6	104.608962219293	DBCA	65_2	0	104.608962219293
914.285714285714	900	74.845065996401	24.6	99.445065996401	DBCA	65_2	280	125.365088349878
914.285714285714	933.333333333333	76.6352277791533	24.6	101.235227779153	DBCA	65_2	210	125.896953915712
914.285714285714	966.666666666667	73.6110568011343	24.6	98.2110568011343	DBCA	65_2	70	109.912771760954
928.571428571429	666.666666666667	81.822576081251	24.6	106.422576081251	DBCA	66_1	280	132.342598434728
928.571428571429	700	78.5975655333237	24.6	103.197565533324	DBCA	66_1	210	127.859291669882
928.571428571429	733.333333333333	79.5129105083087	24.6	104.112910508309	DBCA	66_1	70	115.814625468128
928.571428571429	766.666666666667	74.5381657502505	24.6	99.1381657502505	DBCA	66_1	140	119.060456088923
928.571428571429	800	76.4568571718097	24.6	101.05685717181	DBCA	66_1	0	101.05685717181
928.571428571429	833.333333333333	82.1552462035186	24.6	106.755246203519	DBCA	66_2	140	126.677536542191
928.571428571429	866.666666666667	79.2184182182836	24.6	103.818418218284	DBCA	66_2	280	129.738440571761
928.571428571429	900	73.8829284402825	24.6	98.4829284402824	DBCA	66_2	210	123.144654576841
928.571428571429	933.333333333333	78.3658960922029	24.6	102.965896092203	DBCA	66_2	0	102.965896092203
928.571428571429	966.666666666667	73.603747229917	24.6	98.203747229917	DBCA	66_2	70	109.905462189737
942.857142857143	666.666666666667	76.9197923575649	24.6	101.519792357565	DBCA	67_1	280	127.439814711042
942.857142857143	700	79.4145311117278	24.6	104.014531111728	DBCA	67_1	140	123.9368214504
942.857142857143	733.333333333333	78.2694281371663	24.6	102.869428137166	DBCA	67_1	70	114.571143096986
942.857142857143	766.666666666667	79.3089973568212	24.6	103.908997356821	DBCA	67_1	210	128.57072349338
942.857142857143	800	72.9968935597074	24.6	97.5968935597074	DBCA	67_1	0	97.5968935597074
942.857142857143	833.333333333333	78.6803942346143	24.6	103.280394234614	DBCA	67_2	140	123.202684573287
942.857142857143	866.666666666667	79.084940648011	24.6	103.684940648011	DBCA	67_2	280	129.604963001488
942.857142857143	900	76.497196572206	24.6	101.097196572206	DBCA	67_2	210	125.758922708764
942.857142857143	933.333333333333	80.0208000992433	24.6	104.620800099243	DBCA	67_2	70	116.322515059063
942.857142857143	966.666666666667	74.2455011101139	24.6	98.8455011101139	DBCA	67_2	0	98.8455011101139
957.142857142857	666.666666666667	77.3093041244855	24.6	101.909304124486	DBCA	68_1	70	113.611019084305
957.142857142857	700	81.8145671813254	24.6	106.414567181325	DBCA	68_1	210	131.076293317884
957.142857142857	733.333333333333	79.343578113779	24.6	103.943578113779	DBCA	68_1	0	103.943578113779
957.142857142857	766.666666666667	84.8007817513233	24.6	109.400781751323	DBCA	68_1	280	135.320804104801
957.142857142857	800	77.5560088651651	24.6	102.156008865165	DBCA	68_1	140	122.078299203838
957.142857142857	833.333333333333	77.8488876644696	24.6	102.44888766447	DBCA	68_2	210	127.110613801028
957.142857142857	866.666666666667	75.8719766318867	24.6	100.471976631887	DBCA	68_2	140	120.394266970559
957.142857142857	900	80.4234104177112	24.6	105.023410417711	DBCA	68_2	280	130.943432771188
957.142857142857	933.333333333333	81.1554242054839	24.6	105.755424205484	DBCA	68_2	0	105.755424205484
957.142857142857	966.666666666667	75.6883718064008	24.6	100.288371806401	DBCA	68_2	70	111.99008676622
971.428571428571	666.666666666667	78.7794768746927	24.6	103.379476874693	DBCA	69_1	0	103.379476874693
971.428571428571	700	77.1326199250533	24.6	101.732619925053	DBCA	69_1	210	126.394346061612
971.428571428571	733.333333333333	79.3122266991825	24.6	103.912226699183	DBCA	69_1	140	123.834517037855
971.428571428571	766.666666666667	82.5025649495454	24.6	107.102564949545	DBCA	69_1	280	133.022587303023
971.428571428571	800	80.8947818818306	24.6	105.494781881831	DBCA	69_1	70	117.19649684165
971.428571428571	833.333333333333	76.302574394327	24.6	100.902574394327	DBCA	69_2	70	112.604289354147
971.428571428571	866.666666666667	77.9554035843077	24.6	102.555403584308	DBCA	69_2	140	122.47769392298
971.428571428571	900	76.6861374575484	24.6	101.286137457548	DBCA	69_2	210	125.947863594107
971.428571428571	933.333333333333	79.1964432412509	24.6	103.796443241251	DBCA	69_2	280	129.716465594728
971.428571428571	966.666666666667	79.0098208434661	24.6	103.609820843466	DBCA	69_2	0	103.609820843466
85.7142857142857	666.666666666667	81.676201292531	0	81.676201292531	DBCA	7_1	210	88.7735274290894
85.7142857142857	700	83.386453742658	0	83.386453742658	DBCA	7_1	140	91.5991440813305
85.7142857142857	733.333333333333	80.5738657502655	0	80.5738657502655	DBCA	7_1	280	83.0746881037428
85.7142857142857	766.666666666667	78.3763622675544	0	78.3763622675544	DBCA	7_1	70	84.2232772273741
85.7142857142857	800	80.3983155060873	0	80.3983155060873	DBCA	7_1	0	80.3983155060873
85.7142857142857	833.333333333333	83.0346298112565	0	83.0346298112565	DBCA	7_2	0	83.0346298112565
85.7142857142857	866.666666666667	83.7722566600745	0	83.7722566600745	DBCA	7_2	210	90.8695827966329
85.7142857142857	900	84.6145364534906	0	84.6145364534906	DBCA	7_2	280	87.1153588069679
85.7142857142857	933.333333333333	83.6215631032527	0	83.6215631032527	DBCA	7_2	140	91.8342534419252
85.7142857142857	966.666666666667	81.6664707762702	0	81.6664707762702	DBCA	7_2	70	87.5133857360899
985.714285714286	666.666666666667	79.2666525660432	24.6	103.866652566043	DBCA	70_1	70	115.568367525863
985.714285714286	700	77.9399016518263	24.6	102.539901651826	DBCA	70_1	0	102.539901651826
985.714285714286	733.333333333333	81.8273635607155	24.6	106.427363560716	DBCA	70_1	280	132.347385914193
985.714285714286	766.666666666667	81.4405092316072	24.6	106.040509231607	DBCA	70_1	140	125.96279957028
985.714285714286	800	82.2861591650355	24.6	106.886159165035	DBCA	70_1	210	131.547885301594
985.714285714286	833.333333333333	82.6995292817952	24.6	107.299529281795	DBCA	70_2	70	119.001244241615
985.714285714286	866.666666666667	79.3511012755719	24.6	103.951101275572	DBCA	70_2	0	103.951101275572
985.714285714286	900	76.9812255114475	24.6	101.581225511448	DBCA	70_2	140	121.50351585012
985.714285714286	933.333333333333	76.5584939512394	24.6	101.158493951239	DBCA	70_2	210	125.820220087798
985.714285714286	966.666666666667	79.2094462269337	24.6	103.809446226934	DBCA	70_2	280	129.729468580411
1000	666.666666666667	76.586403972606	24.6	101.186403972606	DBCA	71_1	210	125.848130109164
1000	700	77.4185350762166	24.6	102.018535076217	DBCA	71_1	70	113.720250036036
1000	733.333333333333	81.6765974853416	24.6	106.276597485342	DBCA	71_1	140	126.198887824014
1000	766.666666666667	80.1931550849223	24.6	104.793155084922	DBCA	71_1	280	130.7131774384
1000	800	83.8841234132572	24.6	108.484123413257	DBCA	71_1	0	108.484123413257
1000	833.333333333333	79.420328195328	24.6	104.020328195328	DBCA	71_2	140	123.942618534
1000	866.666666666667	82.3301755936163	24.6	106.930175593616	DBCA	71_2	210	131.591901730175
1000	900	79.9369031901307	24.6	104.536903190131	DBCA	71_2	0	104.536903190131
1000	933.333333333333	79.5526335605381	24.6	104.152633560538	DBCA	71_2	70	115.854348520358
1000	966.666666666667	79.871508352404	24.6	104.471508352404	DBCA	71_2	280	130.391530705881
100	666.666666666667	82.1545440227937	0	82.1545440227937	DBCA	8_1	280	84.6553663762711
100	700	81.3068552142229	0	81.3068552142229	DBCA	8_1	140	89.5195455528954
100	733.333333333333	78.3724962775264	0	78.3724962775264	DBCA	8_1	210	85.4698224140848
100	766.666666666667	81.2917541425279	0	81.2917541425279	DBCA	8_1	0	81.2917541425279
100	800	75.6427546886931	0	75.6427546886931	DBCA	8_1	70	81.4896696485128
100	833.333333333333	83.6130325979532	0	83.6130325979532	DBCA	8_2	0	83.6130325979532
100	866.666666666667	84.7062632966427	0	84.7062632966427	DBCA	8_2	280	87.20708565012
100	900	80.1346163049333	0	80.1346163049333	DBCA	8_2	210	87.2319424414917
100	933.333333333333	80.0964181808444	0	80.0964181808444	DBCA	8_2	140	88.3091085195169
100	966.666666666667	82.6008056921144	0	82.6008056921144	DBCA	8_2	70	88.4477206519341
114.285714285714	666.666666666667	81.6500428680811	0	81.6500428680811	DBCA	9_1	210	88.7473690046395
114.285714285714	700	79.4590729699986	0	79.4590729699986	DBCA	9_1	140	87.6717633086711
114.285714285714	733.333333333333	78.2230290810218	0	78.2230290810218	DBCA	9_1	280	80.7238514344992
114.285714285714	766.666666666667	77.8026969423775	0	77.8026969423775	DBCA	9_1	70	83.6496119021972
114.285714285714	800	80.4946209085431	0	80.4946209085431	DBCA	9_1	0	80.4946209085431
114.285714285714	833.333333333333	81.9488043966856	0	81.9488043966856	DBCA	9_2	280	84.4496267501629
114.285714285714	866.666666666667	82.6750912799393	0	82.6750912799393	DBCA	9_2	210	89.7724174164977
114.285714285714	900	84.8578738617627	0	84.8578738617627	DBCA	9_2	0	84.8578738617627
114.285714285714	933.333333333333	80.5286748254561	0	80.5286748254561	DBCA	9_2	70	86.3755897852758
114.285714285714	966.666666666667	77.727841153294	0	77.727841153294	DBCA	9_2	140	85.9405314919665
0	1000	85.205383251392	0	85.205383251392	DBCA	1_3	NA	NA
14.2857142857143	1000	87.2700286027061	0	87.2700286027061	DBCA	2_3	NA	NA
28.5714285714286	1000	84.5454170080533	0	84.5454170080533	DBCA	3_3	NA	NA
42.8571428571429	1000	85.4704361417272	0	85.4704361417272	DBCA	4_3	NA	NA
57.1428571428571	1000	86.7406459627317	0	86.7406459627317	DBCA	5_3	NA	NA
71.4285714285714	1000	82.3882506116463	0	82.3882506116463	DBCA	6_3	NA	NA
85.7142857142857	1000	87.4160768228811	0	87.4160768228811	DBCA	7_3	NA	NA
100	1000	86.3507514044574	0	86.3507514044574	DBCA	8_3	NA	NA
114.285714285714	1000	82.9892831553282	0	82.9892831553282	DBCA	9_3	NA	NA
128.571428571429	1000	80.5429328399802	0	80.5429328399802	DBCA	10_3	NA	NA
142.857142857143	1000	78.2428223613785	0	78.2428223613785	DBCA	11_3	NA	NA
157.142857142857	1000	79.4363945976769	0	79.4363945976769	DBCA	12_3	NA	NA
171.428571428571	1000	79.5393904477459	0	79.5393904477459	DBCA	13_3	NA	NA
185.714285714286	1000	77.2867257556057	0	77.2867257556057	DBCA	14_3	NA	NA
200	1000	76.8400082205893	0	76.8400082205893	DBCA	15_3	NA	NA
214.285714285714	1000	72.7020909093864	0	72.7020909093864	DBCA	16_3	NA	NA
228.571428571429	1000	74.3102410896882	0	74.3102410896882	DBCA	17_3	NA	NA
242.857142857143	1000	75.2612617463551	0	75.2612617463551	DBCA	18_3	NA	NA
257.142857142857	1000	79.2706361484986	0	79.2706361484986	DBCA	19_3	NA	NA
271.428571428571	1000	82.8916186333741	0	82.8916186333741	DBCA	20_3	NA	NA
285.714285714286	1000	79.2612968825188	0	79.2612968825188	DBCA	21_3	NA	NA
300	1000	79.6256136614361	0	79.6256136614361	DBCA	22_3	NA	NA
314.285714285714	1000	77.6766340013666	0	77.6766340013666	DBCA	23_3	NA	NA
328.571428571429	1000	78.5947604326154	0	78.5947604326154	DBCA	24_3	NA	NA
342.857142857143	1000	80.6173374430836	0	80.6173374430836	DBCA	25_3	NA	NA
357.142857142857	1000	80.1214597805591	0	80.1214597805591	DBCA	26_3	NA	NA
371.428571428571	1000	81.0403196522126	0	81.0403196522126	DBCA	27_3	NA	NA
385.714285714286	1000	81.3957555319877	0	81.3957555319877	DBCA	28_3	NA	NA
400	1000	81.4466454792428	0	81.4466454792428	DBCA	29_3	NA	NA
414.285714285714	1000	81.1755221435402	0	81.1755221435402	DBCA	30_3	NA	NA
428.571428571429	1000	79.0468339316977	0	79.0468339316977	DBCA	31_3	NA	NA
442.857142857143	1000	77.2027612004269	0	77.2027612004269	DBCA	32_3	NA	NA
457.142857142857	1000	79.2855434277458	0	79.2855434277458	DBCA	33_3	NA	NA
471.428571428571	1000	77.1391779672183	0	77.1391779672183	DBCA	34_3	NA	NA
485.714285714286	1000	79.9227420301089	0	79.9227420301089	DBCA	35_3	NA	NA
500	1000	78.8233283742362	0	78.8233283742362	DBCA	36_3	NA	NA
514.285714285714	1000	79.5871193554488	24.6	104.187119355449	DBCA	37_3	NA	NA
528.571428571429	1000	78.2295044889129	24.6	102.829504488913	DBCA	38_3	NA	NA
542.857142857143	1000	82.8182489287442	24.6	107.418248928744	DBCA	39_3	NA	NA
557.142857142857	1000	83.1316473133789	24.6	107.731647313379	DBCA	40_3	NA	NA
571.428571428571	1000	78.1496623482792	24.6	102.749662348279	DBCA	41_3	NA	NA
585.714285714286	1000	78.7075664098675	24.6	103.307566409867	DBCA	42_3	NA	NA
600	1000	78.5484100038006	24.6	103.148410003801	DBCA	43_3	NA	NA
614.285714285714	1000	81.4573339770186	24.6	106.057333977019	DBCA	44_3	NA	NA
628.571428571429	1000	77.0736010425249	24.6	101.673601042525	DBCA	45_3	NA	NA
642.857142857143	1000	82.4266189160171	24.6	107.026618916017	DBCA	46_3	NA	NA
657.142857142857	1000	80.8059548956066	24.6	105.405954895607	DBCA	47_3	NA	NA
671.428571428571	1000	81.5654406963391	24.6	106.165440696339	DBCA	48_3	NA	NA
685.714285714286	1000	81.4635957068042	24.6	106.063595706804	DBCA	49_3	NA	NA
700	1000	79.3660593978465	24.6	103.966059397847	DBCA	50_3	NA	NA
714.285714285714	1000	86.1689439795467	24.6	110.768943979547	DBCA	51_3	NA	NA
728.571428571429	1000	84.6400663442501	24.6	109.24006634425	DBCA	52_3	NA	NA
742.857142857143	1000	85.4222308206584	24.6	110.022230820658	DBCA	53_3	NA	NA
757.142857142857	1000	82.2825142768295	24.6	106.882514276829	DBCA	54_3	NA	NA
771.428571428571	1000	79.5402755615688	24.6	104.140275561569	DBCA	55_3	NA	NA
785.714285714286	1000	79.560997432412	24.6	104.160997432412	DBCA	56_3	NA	NA
800	1000	78.9779809098928	24.6	103.577980909893	DBCA	57_3	NA	NA
814.285714285714	1000	77.4941941649935	24.6	102.094194164993	DBCA	58_3	NA	NA
828.571428571429	1000	74.2214715162724	24.6	98.8214715162724	DBCA	59_3	NA	NA
842.857142857143	1000	75.2022761338433	24.6	99.8022761338433	DBCA	60_3	NA	NA
857.142857142857	1000	74.3265396362047	24.6	98.9265396362047	DBCA	61_3	NA	NA
871.428571428571	1000	76.6700297062911	24.6	101.270029706291	DBCA	62_3	NA	NA
885.714285714286	1000	75.2755388561755	24.6	99.8755388561755	DBCA	63_3	NA	NA
900	1000	75.3115930139826	24.6	99.9115930139826	DBCA	64_3	NA	NA
914.285714285714	1000	78.0530479408166	24.6	102.653047940817	DBCA	65_3	NA	NA
928.571428571429	1000	76.5130197607699	24.6	101.11301976077	DBCA	66_3	NA	NA
942.857142857143	1000	77.4880113705559	24.6	102.088011370556	DBCA	67_3	NA	NA
957.142857142857	1000	79.6894481704785	24.6	104.289448170478	DBCA	68_3	NA	NA
971.428571428571	1000	78.9393232454717	24.6	103.539323245472	DBCA	69_3	NA	NA
985.714285714286	1000	75.5681915747862	24.6	100.168191574786	DBCA	70_3	NA	NA
1000	1000	77.5798363732115	24.6	102.179836373211	DBCA	71_3	NA	NA
