x	y	variable1	Zona	ErrorConEfecto	Disenio	Bloque	AsigTrat	MiRto
0	666.666666666667	80.8237326065163	0	80.8237326065163	DBCA	1_1	140	86.8959716613368
0	700	80.7348488940636	0	80.7348488940636	DBCA	1_1	70	86.2164784528251
0	733.333333333333	84.0112075358067	0	84.0112075358067	DBCA	1_1	280	76.5916053946375
0	766.666666666667	82.4332086990112	0	82.4332086990112	DBCA	1_1	210	84.2050371871881
0	800	79.188051844876	0	79.188051844876	DBCA	1_1	0	79.188051844876
0	833.333333333333	78.9364158717176	0	78.9364158717176	DBCA	1_2	280	71.5168137305484
0	866.666666666667	77.9488167954757	0	77.9488167954757	DBCA	1_2	0	77.9488167954757
0	900	78.1084190745181	0	78.1084190745181	DBCA	1_2	70	83.5900486332796
0	933.333333333333	80.4451636847404	0	80.4451636847404	DBCA	1_2	210	82.2169921729173
0	966.666666666667	83.1229667078139	0	83.1229667078139	DBCA	1_2	140	89.1952057626343
128.571428571429	666.666666666667	77.1231449784428	0	77.1231449784428	DBCA	10_1	140	83.1953840332633
128.571428571429	700	80.2507526019222	0	80.2507526019222	DBCA	10_1	210	82.0225810900991
128.571428571429	733.333333333333	82.1268789354472	0	82.1268789354472	DBCA	10_1	280	74.707276794278
128.571428571429	766.666666666667	81.3368801078072	0	81.3368801078072	DBCA	10_1	70	86.8185096665687
128.571428571429	800	78.1120423282783	0	78.1120423282783	DBCA	10_1	0	78.1120423282783
128.571428571429	833.333333333333	81.3236657794043	0	81.3236657794043	DBCA	10_2	70	86.8052953381658
128.571428571429	866.666666666667	80.8519990120324	0	80.8519990120324	DBCA	10_2	280	73.4323968708631
128.571428571429	900	77.6432792733283	0	77.6432792733283	DBCA	10_2	0	77.6432792733283
128.571428571429	933.333333333333	77.1336404615435	0	77.1336404615435	DBCA	10_2	210	78.9054689497204
128.571428571429	966.666666666667	82.3978117004714	0	82.3978117004714	DBCA	10_2	140	88.4700507552919
142.857142857143	666.666666666667	77.5011778892751	0	77.5011778892751	DBCA	11_1	0	77.5011778892751
142.857142857143	700	79.3328771124502	0	79.3328771124502	DBCA	11_1	210	81.104705600627
142.857142857143	733.333333333333	82.8767281499041	0	82.8767281499041	DBCA	11_1	280	75.4571260087348
142.857142857143	766.666666666667	83.7944897264239	0	83.7944897264239	DBCA	11_1	140	89.8667287812443
142.857142857143	800	77.8980342863558	0	77.8980342863558	DBCA	11_1	70	83.3796638451172
142.857142857143	833.333333333333	76.4824020887497	0	76.4824020887497	DBCA	11_2	210	78.2542305769265
142.857142857143	866.666666666667	82.461719709323	0	82.461719709323	DBCA	11_2	280	75.0421175681538
142.857142857143	900	81.44306813013	0	81.44306813013	DBCA	11_2	0	81.44306813013
142.857142857143	933.333333333333	79.7728467131618	0	79.7728467131618	DBCA	11_2	140	85.8450857679823
142.857142857143	966.666666666667	82.9410113634952	0	82.9410113634952	DBCA	11_2	70	88.4226409222566
157.142857142857	666.666666666667	78.5335897843638	0	78.5335897843638	DBCA	12_1	0	78.5335897843638
157.142857142857	700	78.9233349836196	0	78.9233349836196	DBCA	12_1	280	71.5037328424503
157.142857142857	733.333333333333	82.6547792033218	0	82.6547792033218	DBCA	12_1	140	88.7270182581422
157.142857142857	766.666666666667	80.9547076432892	0	80.9547076432892	DBCA	12_1	70	86.4363372020507
157.142857142857	800	81.8170394148642	0	81.8170394148642	DBCA	12_1	210	83.588867903041
157.142857142857	833.333333333333	81.6050420348358	0	81.6050420348358	DBCA	12_2	280	74.1854398936666
157.142857142857	866.666666666667	80.4288679360936	0	80.4288679360936	DBCA	12_2	70	85.9104974948551
157.142857142857	900	82.9549706085923	0	82.9549706085923	DBCA	12_2	0	82.9549706085923
157.142857142857	933.333333333333	84.9772530631661	0	84.9772530631661	DBCA	12_2	210	86.7490815513429
157.142857142857	966.666666666667	80.1045157275378	0	80.1045157275378	DBCA	12_2	140	86.1767547823583
171.428571428571	666.666666666667	80.0241264259848	0	80.0241264259848	DBCA	13_1	210	81.7959549141617
171.428571428571	700	80.6830405333225	0	80.6830405333225	DBCA	13_1	280	73.2634383921532
171.428571428571	733.333333333333	84.2389465819754	0	84.2389465819754	DBCA	13_1	0	84.2389465819754
171.428571428571	766.666666666667	82.138380217305	0	82.138380217305	DBCA	13_1	70	87.6200097760664
171.428571428571	800	83.3567609713576	0	83.3567609713576	DBCA	13_1	140	89.4290000261781
171.428571428571	833.333333333333	83.5974568415263	0	83.5974568415263	DBCA	13_2	0	83.5974568415263
171.428571428571	866.666666666667	84.0264721123271	0	84.0264721123271	DBCA	13_2	70	89.5081016710886
171.428571428571	900	82.0854567699461	0	82.0854567699461	DBCA	13_2	140	88.1576958247665
171.428571428571	933.333333333333	81.1408805894534	0	81.1408805894534	DBCA	13_2	210	82.9127090776303
171.428571428571	966.666666666667	82.2282321836507	0	82.2282321836507	DBCA	13_2	280	74.8086300424815
185.714285714286	666.666666666667	80.3319574614968	0	80.3319574614968	DBCA	14_1	0	80.3319574614968
185.714285714286	700	80.4877636313211	0	80.4877636313211	DBCA	14_1	280	73.0681614901519
185.714285714286	733.333333333333	82.3845868815974	0	82.3845868815974	DBCA	14_1	70	87.8662164403588
185.714285714286	766.666666666667	80.6615006271876	0	80.6615006271876	DBCA	14_1	210	82.4333291153644
185.714285714286	800	83.0517882684093	0	83.0517882684093	DBCA	14_1	140	89.1240273232297
185.714285714286	833.333333333333	80.938748956358	0	80.938748956358	DBCA	14_2	280	73.5191468151888
185.714285714286	866.666666666667	82.0473329749883	0	82.0473329749883	DBCA	14_2	140	88.1195720298088
185.714285714286	900	82.7034264887082	0	82.7034264887082	DBCA	14_2	70	88.1850560474697
185.714285714286	933.333333333333	76.1574664869872	0	76.1574664869872	DBCA	14_2	0	76.1574664869872
185.714285714286	966.666666666667	76.7273527252033	0	76.7273527252033	DBCA	14_2	210	78.4991812133802
200	666.666666666667	78.9153908782222	0	78.9153908782222	DBCA	15_1	210	80.6872193663991
200	700	86.1334037477203	0	86.1334037477203	DBCA	15_1	140	92.2056428025408
200	733.333333333333	78.357824532126	0	78.357824532126	DBCA	15_1	280	70.9382223909568
200	766.666666666667	81.0155044850416	0	81.0155044850416	DBCA	15_1	0	81.0155044850416
200	800	80.5223412885252	0	80.5223412885252	DBCA	15_1	70	86.0039708472867
200	833.333333333333	77.0485396624342	0	77.0485396624342	DBCA	15_2	70	82.5301692211956
200	866.666666666667	76.5464313439759	0	76.5464313439759	DBCA	15_2	210	78.3182598321527
200	900	77.6474603626435	0	77.6474603626435	DBCA	15_2	280	70.2278582214742
200	933.333333333333	80.6877822730788	0	80.6877822730788	DBCA	15_2	0	80.6877822730788
200	966.666666666667	76.3064516091609	0	76.3064516091609	DBCA	15_2	140	82.3786906639813
214.285714285714	666.666666666667	79.0529302015285	0	79.0529302015285	DBCA	16_1	70	84.53455976029
214.285714285714	700	83.6322485516123	0	83.6322485516123	DBCA	16_1	280	76.2126464104431
214.285714285714	733.333333333333	83.6876256101393	0	83.6876256101393	DBCA	16_1	0	83.6876256101393
214.285714285714	766.666666666667	81.1887820156017	0	81.1887820156017	DBCA	16_1	140	87.2610210704222
214.285714285714	800	80.7513313750946	0	80.7513313750946	DBCA	16_1	210	82.5231598632714
214.285714285714	833.333333333333	80.0491279436313	0	80.0491279436313	DBCA	16_2	140	86.1213669984518
214.285714285714	866.666666666667	74.9716790329111	0	74.9716790329111	DBCA	16_2	0	74.9716790329111
214.285714285714	900	78.1645039148476	0	78.1645039148476	DBCA	16_2	210	79.9363324030244
214.285714285714	933.333333333333	78.9622582528066	0	78.9622582528066	DBCA	16_2	70	84.4438878115681
214.285714285714	966.666666666667	79.6564931496357	0	79.6564931496357	DBCA	16_2	280	72.2368910084665
228.571428571429	666.666666666667	80.3509211875524	0	80.3509211875524	DBCA	17_1	0	80.3509211875524
228.571428571429	700	82.4432752827489	0	82.4432752827489	DBCA	17_1	210	84.2151037709257
228.571428571429	733.333333333333	84.964689199048	0	84.964689199048	DBCA	17_1	140	91.0369282538684
228.571428571429	766.666666666667	82.8159710089835	0	82.8159710089835	DBCA	17_1	280	75.3963688678142
228.571428571429	800	80.3060058625518	0	80.3060058625518	DBCA	17_1	70	85.7876354213133
228.571428571429	833.333333333333	77.2731330836381	0	77.2731330836381	DBCA	17_2	210	79.0449615718149
228.571428571429	866.666666666667	75.8621314967209	0	75.8621314967209	DBCA	17_2	70	81.3437610554824
228.571428571429	900	76.1257187042875	0	76.1257187042875	DBCA	17_2	280	68.7061165631183
228.571428571429	933.333333333333	78.5062749055319	0	78.5062749055319	DBCA	17_2	140	84.5785139603524
228.571428571429	966.666666666667	78.7084022018075	0	78.7084022018075	DBCA	17_2	0	78.7084022018075
242.857142857143	666.666666666667	80.9098627378999	0	80.9098627378999	DBCA	18_1	210	82.6816912260767
242.857142857143	700	80.4413399109939	0	80.4413399109939	DBCA	18_1	280	73.0217377698247
242.857142857143	733.333333333333	80.1593035231777	0	80.1593035231777	DBCA	18_1	0	80.1593035231777
242.857142857143	766.666666666667	86.4137425980726	0	86.4137425980726	DBCA	18_1	140	92.4859816528931
242.857142857143	800	80.1929579535782	0	80.1929579535782	DBCA	18_1	70	85.6745875123397
242.857142857143	833.333333333333	81.2216374830964	0	81.2216374830964	DBCA	18_2	280	73.8020353419272
242.857142857143	866.666666666667	77.8619840229533	0	77.8619840229533	DBCA	18_2	70	83.3436135817148
242.857142857143	900	80.5215255628738	0	80.5215255628738	DBCA	18_2	0	80.5215255628738
242.857142857143	933.333333333333	76.0500013332362	0	76.0500013332362	DBCA	18_2	210	77.821829821413
242.857142857143	966.666666666667	80.5539594804195	0	80.5539594804195	DBCA	18_2	140	86.6261985352399
257.142857142857	666.666666666667	78.0534689321267	0	78.0534689321267	DBCA	19_1	280	70.6338667909575
257.142857142857	700	83.8584280715908	0	83.8584280715908	DBCA	19_1	0	83.8584280715908
257.142857142857	733.333333333333	83.4161214096104	0	83.4161214096104	DBCA	19_1	210	85.1879498977872
257.142857142857	766.666666666667	84.7840116076893	0	84.7840116076893	DBCA	19_1	70	90.2656411664508
257.142857142857	800	78.4438620391578	0	78.4438620391578	DBCA	19_1	140	84.5161010939782
257.142857142857	833.333333333333	81.2369870243843	0	81.2369870243843	DBCA	19_2	140	87.3092260792047
257.142857142857	866.666666666667	80.4095279568951	0	80.4095279568951	DBCA	19_2	70	85.8911575156566
257.142857142857	900	78.5737981169261	0	78.5737981169261	DBCA	19_2	210	80.345626605103
257.142857142857	933.333333333333	72.6684706685336	0	72.6684706685336	DBCA	19_2	0	72.6684706685336
257.142857142857	966.666666666667	77.6204218598636	0	77.6204218598636	DBCA	19_2	280	70.2008197186943
14.2857142857143	666.666666666667	79.2887525623852	0	79.2887525623852	DBCA	2_1	280	71.8691504212159
14.2857142857143	700	81.1126011458532	0	81.1126011458532	DBCA	2_1	0	81.1126011458532
14.2857142857143	733.333333333333	84.4912288290601	0	84.4912288290601	DBCA	2_1	70	89.9728583878216
14.2857142857143	766.666666666667	83.8874166529433	0	83.8874166529433	DBCA	2_1	140	89.9596557077637
14.2857142857143	800	77.4450613604035	0	77.4450613604035	DBCA	2_1	210	79.2168898485803
14.2857142857143	833.333333333333	77.2719890831853	0	77.2719890831853	DBCA	2_2	70	82.7536186419468
14.2857142857143	866.666666666667	77.7988677465042	0	77.7988677465042	DBCA	2_2	0	77.7988677465042
14.2857142857143	900	75.3224664402674	0	75.3224664402674	DBCA	2_2	140	81.3947054950878
14.2857142857143	933.333333333333	77.1665890581969	0	77.1665890581969	DBCA	2_2	280	69.7469869170276
14.2857142857143	966.666666666667	80.5039733406791	0	80.5039733406791	DBCA	2_2	210	82.2758018288559
271.428571428571	666.666666666667	79.6693596769702	0	79.6693596769702	DBCA	20_1	70	85.1509892357317
271.428571428571	700	81.8879597265605	0	81.8879597265605	DBCA	20_1	0	81.8879597265605
271.428571428571	733.333333333333	80.7193481404322	0	80.7193481404322	DBCA	20_1	140	86.7915871952526
271.428571428571	766.666666666667	78.3273270925077	0	78.3273270925077	DBCA	20_1	280	70.9077249513385
271.428571428571	800	79.6611920159113	0	79.6611920159113	DBCA	20_1	210	81.4330205040881
271.428571428571	833.333333333333	79.285780092053	0	79.285780092053	DBCA	20_2	140	85.3580191468734
271.428571428571	866.666666666667	80.8001610651707	0	80.8001610651707	DBCA	20_2	70	86.2817906239322
271.428571428571	900	75.9122157695096	0	75.9122157695096	DBCA	20_2	0	75.9122157695096
271.428571428571	933.333333333333	74.9742398691955	0	74.9742398691955	DBCA	20_2	280	67.5546377280263
271.428571428571	966.666666666667	78.4218397574267	0	78.4218397574267	DBCA	20_2	210	80.1936682456036
285.714285714286	666.666666666667	79.3603791127709	0	79.3603791127709	DBCA	21_1	210	81.1322076009478
285.714285714286	700	78.2048289696977	0	78.2048289696977	DBCA	21_1	280	70.7852268285284
285.714285714286	733.333333333333	77.9507475045601	0	77.9507475045601	DBCA	21_1	140	84.0229865593806
285.714285714286	766.666666666667	77.9033397176571	0	77.9033397176571	DBCA	21_1	70	83.3849692764186
285.714285714286	800	80.0932119639334	0	80.0932119639334	DBCA	21_1	0	80.0932119639334
285.714285714286	833.333333333333	79.1440255157304	0	79.1440255157304	DBCA	21_2	0	79.1440255157304
285.714285714286	866.666666666667	80.3990089770468	0	80.3990089770468	DBCA	21_2	210	82.1708374652237
285.714285714286	900	78.0157997633924	0	78.0157997633924	DBCA	21_2	70	83.4974293221538
285.714285714286	933.333333333333	79.2306375168638	0	79.2306375168638	DBCA	21_2	140	85.3028765716842
285.714285714286	966.666666666667	78.9956782939476	0	78.9956782939476	DBCA	21_2	280	71.5760761527784
300	666.666666666667	82.3463517688826	0	82.3463517688826	DBCA	22_1	70	87.8279813276441
300	700	78.6915542176853	0	78.6915542176853	DBCA	22_1	0	78.6915542176853
300	733.333333333333	81.9148402046796	0	81.9148402046796	DBCA	22_1	210	83.6866686928564
300	766.666666666667	76.8775479280278	0	76.8775479280278	DBCA	22_1	140	82.9497869828483
300	800	79.1681100667399	0	79.1681100667399	DBCA	22_1	280	71.7485079255707
300	833.333333333333	80.232667265341	0	80.232667265341	DBCA	22_2	70	85.7142968241025
300	866.666666666667	77.9765894461456	0	77.9765894461456	DBCA	22_2	0	77.9765894461456
300	900	78.0404785155126	0	78.0404785155126	DBCA	22_2	140	84.1127175703331
300	933.333333333333	77.4618484607542	0	77.4618484607542	DBCA	22_2	280	70.042246319585
300	966.666666666667	78.7005618596632	0	78.7005618596632	DBCA	22_2	210	80.47239034784
314.285714285714	666.666666666667	78.9736973670576	0	78.9736973670576	DBCA	23_1	140	85.0459364218781
314.285714285714	700	77.0843875635937	0	77.0843875635937	DBCA	23_1	0	77.0843875635937
314.285714285714	733.333333333333	81.2203033852934	0	81.2203033852934	DBCA	23_1	210	82.9921318734702
314.285714285714	766.666666666667	79.422426259201	0	79.422426259201	DBCA	23_1	70	84.9040558179625
314.285714285714	800	80.213371740148	0	80.213371740148	DBCA	23_1	280	72.7937695989787
314.285714285714	833.333333333333	82.047690930906	0	82.047690930906	DBCA	23_2	140	88.1199299857264
314.285714285714	866.666666666667	77.4650143693886	0	77.4650143693886	DBCA	23_2	280	70.0454122282194
314.285714285714	900	75.2725963479494	0	75.2725963479494	DBCA	23_2	210	77.0444248361262
314.285714285714	933.333333333333	77.8497749664538	0	77.8497749664538	DBCA	23_2	0	77.8497749664538
314.285714285714	966.666666666667	75.9295914363158	0	75.9295914363158	DBCA	23_2	70	81.4112209950772
328.571428571429	666.666666666667	77.6604679733201	0	77.6604679733201	DBCA	24_1	210	79.4322964614969
328.571428571429	700	79.3103635398907	0	79.3103635398907	DBCA	24_1	280	71.8907613987215
328.571428571429	733.333333333333	85.0569123738057	0	85.0569123738057	DBCA	24_1	140	91.1291514286261
328.571428571429	766.666666666667	81.8835571562987	0	81.8835571562987	DBCA	24_1	0	81.8835571562987
328.571428571429	800	76.9569810527192	0	76.9569810527192	DBCA	24_1	70	82.4386106114806
328.571428571429	833.333333333333	80.6921559708536	0	80.6921559708536	DBCA	24_2	280	73.2725538296844
328.571428571429	866.666666666667	76.2054839619659	0	76.2054839619659	DBCA	24_2	210	77.9773124501427
328.571428571429	900	74.8617483748642	0	74.8617483748642	DBCA	24_2	70	80.3433779336256
328.571428571429	933.333333333333	77.9367348149354	0	77.9367348149354	DBCA	24_2	0	77.9367348149354
328.571428571429	966.666666666667	74.6917560161025	0	74.6917560161025	DBCA	24_2	140	80.7639950709229
342.857142857143	666.666666666667	77.120419842244	0	77.120419842244	DBCA	25_1	210	78.8922483304209
342.857142857143	700	80.7578578282286	0	80.7578578282286	DBCA	25_1	280	73.3382556870593
342.857142857143	733.333333333333	82.0323487028705	0	82.0323487028705	DBCA	25_1	140	88.1045877576909
342.857142857143	766.666666666667	84.3188634660169	0	84.3188634660169	DBCA	25_1	70	89.8004930247784
342.857142857143	800	77.9623249197976	0	77.9623249197976	DBCA	25_1	0	77.9623249197976
342.857142857143	833.333333333333	80.483490331637	0	80.483490331637	DBCA	25_2	0	80.483490331637
342.857142857143	866.666666666667	77.3219887606462	0	77.3219887606462	DBCA	25_2	140	83.3942278154666
342.857142857143	900	73.8385153582979	0	73.8385153582979	DBCA	25_2	280	66.4189132171287
342.857142857143	933.333333333333	75.4245605971901	0	75.4245605971901	DBCA	25_2	210	77.196389085367
342.857142857143	966.666666666667	76.7087982918583	0	76.7087982918583	DBCA	25_2	70	82.1904278506198
357.142857142857	666.666666666667	81.1423749122063	0	81.1423749122063	DBCA	26_1	140	87.2146139670267
357.142857142857	700	83.6598628377118	0	83.6598628377118	DBCA	26_1	70	89.1414923964733
357.142857142857	733.333333333333	81.7161654360519	0	81.7161654360519	DBCA	26_1	280	74.2965632948827
357.142857142857	766.666666666667	82.0368732698743	0	82.0368732698743	DBCA	26_1	0	82.0368732698743
357.142857142857	800	75.3478398733977	0	75.3478398733977	DBCA	26_1	210	77.1196683615746
357.142857142857	833.333333333333	77.5306126802061	0	77.5306126802061	DBCA	26_2	210	79.3024411683829
357.142857142857	866.666666666667	78.2525967810795	0	78.2525967810795	DBCA	26_2	0	78.2525967810795
357.142857142857	900	77.5986837445375	0	77.5986837445375	DBCA	26_2	140	83.670922799358
357.142857142857	933.333333333333	77.2962264892175	0	77.2962264892175	DBCA	26_2	70	82.777856047979
357.142857142857	966.666666666667	79.0289609679775	0	79.0289609679775	DBCA	26_2	280	71.6093588268083
371.428571428571	666.666666666667	77.1658551946868	0	77.1658551946868	DBCA	27_1	140	83.2380942495073
371.428571428571	700	80.2766682812977	0	80.2766682812977	DBCA	27_1	280	72.8570661401284
371.428571428571	733.333333333333	84.3403439081805	0	84.3403439081805	DBCA	27_1	70	89.821973466942
371.428571428571	766.666666666667	79.9942308583899	0	79.9942308583899	DBCA	27_1	210	81.7660593465667
371.428571428571	800	71.9004725407641	0	71.9004725407641	DBCA	27_1	0	71.9004725407641
371.428571428571	833.333333333333	73.6341869900689	0	73.6341869900689	DBCA	27_2	280	66.2145848488997
371.428571428571	866.666666666667	78.0053635529581	0	78.0053635529581	DBCA	27_2	210	79.777192041135
371.428571428571	900	76.634190101092	0	76.634190101092	DBCA	27_2	70	82.1158196598535
371.428571428571	933.333333333333	78.0883101766324	0	78.0883101766324	DBCA	27_2	140	84.1605492314528
371.428571428571	966.666666666667	77.4521891325621	0	77.4521891325621	DBCA	27_2	0	77.4521891325621
385.714285714286	666.666666666667	78.5215349387865	0	78.5215349387865	DBCA	28_1	140	84.593773993607
385.714285714286	700	80.5677279865662	0	80.5677279865662	DBCA	28_1	70	86.0493575453277
385.714285714286	733.333333333333	80.7121738648117	0	80.7121738648117	DBCA	28_1	0	80.7121738648117
385.714285714286	766.666666666667	77.4779622395544	0	77.4779622395544	DBCA	28_1	280	70.0583600983851
385.714285714286	800	73.1405889646776	0	73.1405889646776	DBCA	28_1	210	74.9124174528545
385.714285714286	833.333333333333	74.1656088411426	0	74.1656088411426	DBCA	28_2	70	79.6472383999041
385.714285714286	866.666666666667	79.518514004066	0	79.518514004066	DBCA	28_2	280	72.0989118628968
385.714285714286	900	78.2375699081785	0	78.2375699081785	DBCA	28_2	0	78.2375699081785
385.714285714286	933.333333333333	79.4775025896915	0	79.4775025896915	DBCA	28_2	210	81.2493310778684
385.714285714286	966.666666666667	75.3242889557687	0	75.3242889557687	DBCA	28_2	140	81.3965280105891
400	666.666666666667	74.9477491324362	0	74.9477491324362	DBCA	29_1	280	67.528146991267
400	700	80.9290300846263	0	80.9290300846263	DBCA	29_1	70	86.4106596433878
400	733.333333333333	77.8456845457541	0	77.8456845457541	DBCA	29_1	210	79.6175130339309
400	766.666666666667	73.6602109737885	0	73.6602109737885	DBCA	29_1	140	79.7324500286089
400	800	74.9761179149061	0	74.9761179149061	DBCA	29_1	0	74.9761179149061
400	833.333333333333	78.362940124645	0	78.362940124645	DBCA	29_2	70	83.8445696834065
400	866.666666666667	77.4788802238936	0	77.4788802238936	DBCA	29_2	280	70.0592780827243
400	900	80.4994843604108	0	80.4994843604108	DBCA	29_2	140	86.5717234152312
400	933.333333333333	80.5696829365112	0	80.5696829365112	DBCA	29_2	210	82.3415114246881
400	966.666666666667	82.3964499101375	0	82.3964499101375	DBCA	29_2	0	82.3964499101375
28.5714285714286	666.666666666667	81.6517061449325	0	81.6517061449325	DBCA	3_1	280	74.2321040037633
28.5714285714286	700	84.0918893640726	0	84.0918893640726	DBCA	3_1	210	85.8637178522494
28.5714285714286	733.333333333333	86.7961478552397	0	86.7961478552397	DBCA	3_1	0	86.7961478552397
28.5714285714286	766.666666666667	84.7538683463878	0	84.7538683463878	DBCA	3_1	140	90.8261074012083
28.5714285714286	800	79.7370678749374	0	79.7370678749374	DBCA	3_1	70	85.2186974336988
28.5714285714286	833.333333333333	79.3038453478679	0	79.3038453478679	DBCA	3_2	210	81.0756738360448
28.5714285714286	866.666666666667	77.8180176385712	0	77.8180176385712	DBCA	3_2	70	83.2996471973327
28.5714285714286	900	73.1273476742677	0	73.1273476742677	DBCA	3_2	0	73.1273476742677
28.5714285714286	933.333333333333	77.9138336705053	0	77.9138336705053	DBCA	3_2	140	83.9860727253257
28.5714285714286	966.666666666667	78.2178296209508	0	78.2178296209508	DBCA	3_2	280	70.7982274797816
414.285714285714	666.666666666667	79.3116355125496	0	79.3116355125496	DBCA	30_1	70	84.7932650713111
414.285714285714	700	79.6876478045376	0	79.6876478045376	DBCA	30_1	0	79.6876478045376
414.285714285714	733.333333333333	77.1940295334209	0	77.1940295334209	DBCA	30_1	210	78.9658580215978
414.285714285714	766.666666666667	75.5448899514006	0	75.5448899514006	DBCA	30_1	140	81.6171290062211
414.285714285714	800	75.6013685402192	0	75.6013685402192	DBCA	30_1	280	68.18176639905
414.285714285714	833.333333333333	78.1896584036621	0	78.1896584036621	DBCA	30_2	280	70.7700562624929
414.285714285714	866.666666666667	82.3881198370384	0	82.3881198370384	DBCA	30_2	0	82.3881198370384
414.285714285714	900	83.2537366781059	0	83.2537366781059	DBCA	30_2	210	85.0255651662827
414.285714285714	933.333333333333	78.2848594383037	0	78.2848594383037	DBCA	30_2	70	83.7664889970652
414.285714285714	966.666666666667	82.5182936600244	0	82.5182936600244	DBCA	30_2	140	88.5905327148448
428.571428571429	666.666666666667	81.0490071254207	0	81.0490071254207	DBCA	31_1	140	87.1212461802411
428.571428571429	700	77.1379037307032	0	77.1379037307032	DBCA	31_1	280	69.718301589534
428.571428571429	733.333333333333	77.9318685246407	0	77.9318685246407	DBCA	31_1	210	79.7036970128176
428.571428571429	766.666666666667	78.4350047045766	0	78.4350047045766	DBCA	31_1	70	83.9166342633381
428.571428571429	800	78.6838770919955	0	78.6838770919955	DBCA	31_1	0	78.6838770919955
428.571428571429	833.333333333333	78.6154907903229	0	78.6154907903229	DBCA	31_2	140	84.6877298451433
428.571428571429	866.666666666667	82.8720997175619	0	82.8720997175619	DBCA	31_2	280	75.4524975763926
428.571428571429	900	80.9742719426271	0	80.9742719426271	DBCA	31_2	0	80.9742719426271
428.571428571429	933.333333333333	82.2383931902724	0	82.2383931902724	DBCA	31_2	70	87.7200227490339
428.571428571429	966.666666666667	84.0466545705563	0	84.0466545705563	DBCA	31_2	210	85.8184830587332
442.857142857143	666.666666666667	76.5751194646431	0	76.5751194646431	DBCA	32_1	210	78.34694795282
442.857142857143	700	77.89572126937	0	77.89572126937	DBCA	32_1	70	83.3773508281315
442.857142857143	733.333333333333	75.4879086194104	0	75.4879086194104	DBCA	32_1	140	81.5601476742308
442.857142857143	766.666666666667	81.8114044918858	0	81.8114044918858	DBCA	32_1	280	74.3918023507166
442.857142857143	800	79.5501989602045	0	79.5501989602045	DBCA	32_1	0	79.5501989602045
442.857142857143	833.333333333333	79.5747282868233	0	79.5747282868233	DBCA	32_2	140	85.6469673416438
442.857142857143	866.666666666667	81.2496199585794	0	81.2496199585794	DBCA	32_2	280	73.8300178174102
442.857142857143	900	81.9283014725445	0	81.9283014725445	DBCA	32_2	70	87.409931031306
442.857142857143	933.333333333333	84.2874930463191	0	84.2874930463191	DBCA	32_2	210	86.059321534496
442.857142857143	966.666666666667	83.8383377647854	0	83.8383377647854	DBCA	32_2	0	83.8383377647854
457.142857142857	666.666666666667	77.3113895679363	0	77.3113895679363	DBCA	33_1	70	82.7930191266978
457.142857142857	700	75.3037516955669	0	75.3037516955669	DBCA	33_1	210	77.0755801837438
457.142857142857	733.333333333333	76.6272116590887	0	76.6272116590887	DBCA	33_1	280	69.2076095179195
457.142857142857	766.666666666667	78.025831958913	0	78.025831958913	DBCA	33_1	0	78.025831958913
457.142857142857	800	78.437395883866	0	78.437395883866	DBCA	33_1	140	84.5096349386865
457.142857142857	833.333333333333	78.7245452067949	0	78.7245452067949	DBCA	33_2	70	84.2061747655564
457.142857142857	866.666666666667	81.9748284228358	0	81.9748284228358	DBCA	33_2	210	83.7466569110126
457.142857142857	900	83.6084731473953	0	83.6084731473953	DBCA	33_2	0	83.6084731473953
457.142857142857	933.333333333333	83.6098783732386	0	83.6098783732386	DBCA	33_2	280	76.1902762320694
457.142857142857	966.666666666667	85.9606641385862	0	85.9606641385862	DBCA	33_2	140	92.0329031934066
471.428571428571	666.666666666667	74.9158531469667	0	74.9158531469667	DBCA	34_1	140	80.9880922017871
471.428571428571	700	75.3785320689591	0	75.3785320689591	DBCA	34_1	0	75.3785320689591
471.428571428571	733.333333333333	77.3891007733329	0	77.3891007733329	DBCA	34_1	70	82.8707303320943
471.428571428571	766.666666666667	78.5049477277182	0	78.5049477277182	DBCA	34_1	280	71.0853455865489
471.428571428571	800	77.6684506186275	0	77.6684506186275	DBCA	34_1	210	79.4402791068043
471.428571428571	833.333333333333	81.4731737250633	0	81.4731737250633	DBCA	34_2	210	83.2450022132401
471.428571428571	866.666666666667	80.814264235545	0	80.814264235545	DBCA	34_2	70	86.2958937943065
471.428571428571	900	84.6835957703275	0	84.6835957703275	DBCA	34_2	280	77.2639936291582
471.428571428571	933.333333333333	83.0961930883277	0	83.0961930883277	DBCA	34_2	140	89.1684321431481
471.428571428571	966.666666666667	82.4715527639017	0	82.4715527639017	DBCA	34_2	0	82.4715527639017
485.714285714286	666.666666666667	74.7951971953321	0	74.7951971953321	DBCA	35_1	210	76.567025683509
485.714285714286	700	76.0822264083478	0	76.0822264083478	DBCA	35_1	0	76.0822264083478
485.714285714286	733.333333333333	76.5487054067873	0	76.5487054067873	DBCA	35_1	70	82.0303349655488
485.714285714286	766.666666666667	78.1638140635552	0	78.1638140635552	DBCA	35_1	140	84.2360531183756
485.714285714286	800	80.2219874607899	0	80.2219874607899	DBCA	35_1	280	72.8023853196207
485.714285714286	833.333333333333	81.5970817560718	0	81.5970817560718	DBCA	35_2	0	81.5970817560718
485.714285714286	866.666666666667	81.7798638366479	0	81.7798638366479	DBCA	35_2	280	74.3602616954787
485.714285714286	900	82.8596797665761	0	82.8596797665761	DBCA	35_2	140	88.9319188213966
485.714285714286	933.333333333333	84.6623033933213	0	84.6623033933213	DBCA	35_2	70	90.1439329520827
485.714285714286	966.666666666667	83.500847398151	0	83.500847398151	DBCA	35_2	210	85.2726758863279
500	666.666666666667	79.4035664471759	0	79.4035664471759	DBCA	36_1	140	85.4758055019963
500	700	79.2803749706605	0	79.2803749706605	DBCA	36_1	0	79.2803749706605
500	733.333333333333	78.7724026669603	0	78.7724026669603	DBCA	36_1	280	71.3528005257911
500	766.666666666667	80.431369130363	0	80.431369130363	DBCA	36_1	70	85.9129986891244
500	800	79.509053184548	0	79.509053184548	DBCA	36_1	210	81.2808816727249
500	833.333333333333	81.5516011264642	0	81.5516011264642	DBCA	36_2	0	81.5516011264642
500	866.666666666667	82.7210225313809	0	82.7210225313809	DBCA	36_2	140	88.7932615862013
500	900	81.5279313705062	0	81.5279313705062	DBCA	36_2	210	83.299759858683
500	933.333333333333	84.0503270601555	0	84.0503270601555	DBCA	36_2	70	89.531956618917
500	966.666666666667	78.8472115881555	0	78.8472115881555	DBCA	36_2	280	71.4276094469863
514.285714285714	666.666666666667	77.5480773848009	24.6	102.148077384801	DBCA	37_1	70	113.484506943562
514.285714285714	700	75.819260512665	24.6	100.419260512665	DBCA	37_1	210	119.755489000842
514.285714285714	733.333333333333	77.7038990453668	24.6	102.303899045367	DBCA	37_1	0	102.303899045367
514.285714285714	766.666666666667	77.764603807992	24.6	102.364603807992	DBCA	37_1	280	118.364201666823
514.285714285714	800	79.5857540253061	24.6	104.185754025306	DBCA	37_1	140	121.967593080126
514.285714285714	833.333333333333	80.2405797080668	24.6	104.840579708067	DBCA	37_2	0	104.840579708067
514.285714285714	866.666666666667	81.7059980329203	24.6	106.30599803292	DBCA	37_2	140	124.087837087741
514.285714285714	900	84.0331140201131	24.6	108.633114020113	DBCA	37_2	280	124.632711878944
514.285714285714	933.333333333333	82.9779930132811	24.6	107.577993013281	DBCA	37_2	70	118.914422572043
514.285714285714	966.666666666667	79.7294782937098	24.6	104.32947829371	DBCA	37_2	210	123.665706781887
528.571428571429	666.666666666667	77.2331663871813	24.6	101.833166387181	DBCA	38_1	70	113.169595945943
528.571428571429	700	74.0095778175559	24.6	98.6095778175559	DBCA	38_1	140	116.391416872376
528.571428571429	733.333333333333	76.2172718846782	24.6	100.817271884678	DBCA	38_1	210	120.153500372855
528.571428571429	766.666666666667	81.2391847264639	24.6	105.839184726464	DBCA	38_1	280	121.838782585295
528.571428571429	800	82.9569229868719	24.6	107.556922986872	DBCA	38_1	0	107.556922986872
528.571428571429	833.333333333333	80.7068574672056	24.6	105.306857467206	DBCA	38_2	280	121.306455326036
528.571428571429	866.666666666667	80.3192193049519	24.6	104.919219304952	DBCA	38_2	70	116.255648863713
528.571428571429	900	82.4246568256651	24.6	107.024656825665	DBCA	38_2	0	107.024656825665
528.571428571429	933.333333333333	81.8472283816578	24.6	106.447228381658	DBCA	38_2	210	125.783456869835
528.571428571429	966.666666666667	80.67244647456	24.6	105.27244647456	DBCA	38_2	140	123.05428552938
542.857142857143	666.666666666667	75.4894738485301	24.6	100.08947384853	DBCA	39_1	210	119.425702336707
542.857142857143	700	74.3497970294411	24.6	98.9497970294411	DBCA	39_1	0	98.9497970294411
542.857142857143	733.333333333333	74.1339091300729	24.6	98.7339091300729	DBCA	39_1	70	110.070338688834
542.857142857143	766.666666666667	79.1891689407811	24.6	103.789168940781	DBCA	39_1	280	119.788766799612
542.857142857143	800	79.8654912397289	24.6	104.465491239729	DBCA	39_1	140	122.247330294549
542.857142857143	833.333333333333	82.0060928554186	24.6	106.606092855419	DBCA	39_2	210	125.942321343595
542.857142857143	866.666666666667	80.0580276213874	24.6	104.658027621387	DBCA	39_2	0	104.658027621387
542.857142857143	900	81.5802628134784	24.6	106.180262813478	DBCA	39_2	140	123.962101868299
542.857142857143	933.333333333333	82.0644630568137	24.6	106.664463056814	DBCA	39_2	70	118.000892615575
542.857142857143	966.666666666667	77.6154865074014	24.6	102.215486507401	DBCA	39_2	280	118.215084366232
42.8571428571429	666.666666666667	82.8354771691075	0	82.8354771691075	DBCA	4_1	280	75.4158750279382
42.8571428571429	700	83.4635744689144	0	83.4635744689144	DBCA	4_1	210	85.2354029570912
42.8571428571429	733.333333333333	81.7406195489626	0	81.7406195489626	DBCA	4_1	0	81.7406195489626
42.8571428571429	766.666666666667	86.1510629426742	0	86.1510629426742	DBCA	4_1	70	91.6326925014357
42.8571428571429	800	81.7216094223433	0	81.7216094223433	DBCA	4_1	140	87.7938484771638
42.8571428571429	833.333333333333	80.8675623011959	0	80.8675623011959	DBCA	4_2	280	73.4479601600267
42.8571428571429	866.666666666667	77.87558141643	0	77.87558141643	DBCA	4_2	210	79.6474099046069
42.8571428571429	900	70.3038804190941	0	70.3038804190941	DBCA	4_2	140	76.3761194739146
42.8571428571429	933.333333333333	76.0521838868672	0	76.0521838868672	DBCA	4_2	70	81.5338134456287
42.8571428571429	966.666666666667	79.6829682741678	0	79.6829682741678	DBCA	4_2	0	79.6829682741678
557.142857142857	666.666666666667	74.9669508531977	24.6	99.5669508531977	DBCA	40_1	280	115.566548712028
557.142857142857	700	72.1496179637467	24.6	96.7496179637467	DBCA	40_1	0	96.7496179637467
557.142857142857	733.333333333333	77.8919645037357	24.6	102.491964503736	DBCA	40_1	210	121.828192991913
557.142857142857	766.666666666667	81.6444169311139	24.6	106.244416931114	DBCA	40_1	70	117.580846489875
557.142857142857	800	77.8363205112411	24.6	102.436320511241	DBCA	40_1	140	120.218159566061
557.142857142857	833.333333333333	82.0934568419766	24.6	106.693456841977	DBCA	40_2	70	118.029886400738
557.142857142857	866.666666666667	78.2801252733544	24.6	102.880125273354	DBCA	40_2	140	120.661964328175
557.142857142857	900	80.2071365109345	24.6	104.807136510934	DBCA	40_2	210	124.143364999111
557.142857142857	933.333333333333	77.7109423721611	24.6	102.310942372161	DBCA	40_2	280	118.310540230992
557.142857142857	966.666666666667	76.4956112767244	24.6	101.095611276724	DBCA	40_2	0	101.095611276724
571.428571428571	666.666666666667	78.1006003304662	24.6	102.700600330466	DBCA	41_1	280	118.700198189297
571.428571428571	700	78.5442296054415	24.6	103.144229605441	DBCA	41_1	140	120.926068660262
571.428571428571	733.333333333333	74.6537184530318	24.6	99.2537184530318	DBCA	41_1	70	110.590148011793
571.428571428571	766.666666666667	82.8784225829732	24.6	107.478422582973	DBCA	41_1	0	107.478422582973
571.428571428571	800	84.7275875681401	24.6	109.32758756814	DBCA	41_1	210	128.663816056317
571.428571428571	833.333333333333	78.2594890182577	24.6	102.859489018258	DBCA	41_2	70	114.195918577019
571.428571428571	866.666666666667	76.6113764958244	24.6	101.211376495824	DBCA	41_2	140	118.993215550645
571.428571428571	900	80.3795300018139	24.6	104.979530001814	DBCA	41_2	280	120.979127860645
571.428571428571	933.333333333333	74.9935566614621	24.6	99.5935566614621	DBCA	41_2	210	118.929785149639
571.428571428571	966.666666666667	81.7455354015022	24.6	106.345535401502	DBCA	41_2	0	106.345535401502
585.714285714286	666.666666666667	75.9222069769398	24.6	100.52220697694	DBCA	42_1	140	118.30404603176
585.714285714286	700	76.8072091646472	24.6	101.407209164647	DBCA	42_1	0	101.407209164647
585.714285714286	733.333333333333	79.2983596961632	24.6	103.898359696163	DBCA	42_1	210	123.23458818434
585.714285714286	766.666666666667	81.6579373539368	24.6	106.257937353937	DBCA	42_1	70	117.594366912698
585.714285714286	800	83.3298655216665	24.6	107.929865521667	DBCA	42_1	280	123.929463380497
585.714285714286	833.333333333333	82.4444133373138	24.6	107.044413337314	DBCA	42_2	70	118.380842896075
585.714285714286	866.666666666667	80.3824751398266	24.6	104.982475139827	DBCA	42_2	280	120.982072998657
585.714285714286	900	78.3444062956132	24.6	102.944406295613	DBCA	42_2	140	120.726245350434
585.714285714286	933.333333333333	78.3452952839843	24.6	102.945295283984	DBCA	42_2	0	102.945295283984
585.714285714286	966.666666666667	76.4370406725041	24.6	101.037040672504	DBCA	42_2	210	120.373269160681
600	666.666666666667	78.1218340515096	24.6	102.72183405151	DBCA	43_1	140	120.50367310633
600	700	78.8987144950405	24.6	103.49871449504	DBCA	43_1	0	103.49871449504
600	733.333333333333	77.90255166834	24.6	102.50255166834	DBCA	43_1	70	113.838981227101
600	766.666666666667	81.9892861444727	24.6	106.589286144473	DBCA	43_1	210	125.92551463265
600	800	84.8611843483718	24.6	109.461184348372	DBCA	43_1	280	125.460782207203
600	833.333333333333	81.8920712714827	24.6	106.492071271483	DBCA	43_2	280	122.491669130313
600	866.666666666667	76.3067297526465	24.6	100.906729752646	DBCA	43_2	70	112.243159311408
600	900	76.5131750660233	24.6	101.113175066023	DBCA	43_2	0	101.113175066023
600	933.333333333333	73.7690727970899	24.6	98.3690727970899	DBCA	43_2	140	116.15091185191
600	966.666666666667	77.2414168626251	24.6	101.841416862625	DBCA	43_2	210	121.177645350802
614.285714285714	666.666666666667	78.4977843747235	24.6	103.097784374724	DBCA	44_1	0	103.097784374724
614.285714285714	700	76.1537487406128	24.6	100.753748740613	DBCA	44_1	280	116.753346599444
614.285714285714	733.333333333333	79.8109060982021	24.6	104.410906098202	DBCA	44_1	140	122.192745153023
614.285714285714	766.666666666667	80.7798724861698	24.6	105.37987248617	DBCA	44_1	210	124.716100974347
614.285714285714	800	81.9395030748214	24.6	106.539503074821	DBCA	44_1	70	117.875932633583
614.285714285714	833.333333333333	80.4844242474332	24.6	105.084424247433	DBCA	44_2	140	122.866263302254
614.285714285714	866.666666666667	76.0855666279533	24.6	100.685566627953	DBCA	44_2	210	120.02179511613
614.285714285714	900	79.7617711133077	24.6	104.361771113308	DBCA	44_2	0	104.361771113308
614.285714285714	933.333333333333	76.545992903999	24.6	101.145992903999	DBCA	44_2	280	117.14559076283
614.285714285714	966.666666666667	73.0943402529167	24.6	97.6943402529167	DBCA	44_2	70	109.030769811678
628.571428571429	666.666666666667	78.5924821552664	24.6	103.192482155266	DBCA	45_1	210	122.528710643443
628.571428571429	700	73.6088794018485	24.6	98.2088794018485	DBCA	45_1	280	114.208477260679
628.571428571429	733.333333333333	79.7939905263259	24.6	104.393990526326	DBCA	45_1	70	115.730420085087
628.571428571429	766.666666666667	82.7635252672323	24.6	107.363525267232	DBCA	45_1	0	107.363525267232
628.571428571429	800	80.8579749492678	24.6	105.457974949268	DBCA	45_1	140	123.239814004088
628.571428571429	833.333333333333	80.1403975066308	24.6	104.740397506631	DBCA	45_2	140	122.522236561451
628.571428571429	866.666666666667	76.3473817835229	24.6	100.947381783523	DBCA	45_2	70	112.283811342284
628.571428571429	900	76.4932561975112	24.6	101.093256197511	DBCA	45_2	0	101.093256197511
628.571428571429	933.333333333333	80.4250997563081	24.6	105.025099756308	DBCA	45_2	210	124.361328244485
628.571428571429	966.666666666667	76.5942798972066	24.6	101.194279897207	DBCA	45_2	280	117.193877756037
642.857142857143	666.666666666667	77.4345923485568	24.6	102.034592348557	DBCA	46_1	0	102.034592348557
642.857142857143	700	78.4710484167959	24.6	103.071048416796	DBCA	46_1	280	119.070646275627
642.857142857143	733.333333333333	78.0851014695633	24.6	102.685101469563	DBCA	46_1	140	120.466940524384
642.857142857143	766.666666666667	80.8351505856862	24.6	105.435150585686	DBCA	46_1	210	124.771379073863
642.857142857143	800	83.4381524716732	24.6	108.038152471673	DBCA	46_1	70	119.374582030435
642.857142857143	833.333333333333	80.4536097638504	24.6	105.05360976385	DBCA	46_2	140	122.835448818671
642.857142857143	866.666666666667	79.8060529613393	24.6	104.406052961339	DBCA	46_2	280	120.40565082017
642.857142857143	900	77.2090703984389	24.6	101.809070398439	DBCA	46_2	70	113.1454999572
642.857142857143	933.333333333333	78.8408418301003	24.6	103.4408418301	DBCA	46_2	210	122.777070318277
642.857142857143	966.666666666667	76.6894291295743	24.6	101.289429129574	DBCA	46_2	0	101.289429129574
657.142857142857	666.666666666667	79.5081638053835	24.6	104.108163805384	DBCA	47_1	280	120.107761664214
657.142857142857	700	78.237688221898	24.6	102.837688221898	DBCA	47_1	140	120.619527276718
657.142857142857	733.333333333333	78.0848627361506	24.6	102.684862736151	DBCA	47_1	70	114.021292294912
657.142857142857	766.666666666667	78.5400970589179	24.6	103.140097058918	DBCA	47_1	0	103.140097058918
657.142857142857	800	79.761339732221	24.6	104.361339732221	DBCA	47_1	210	123.697568220398
657.142857142857	833.333333333333	84.587731869159	24.6	109.187731869159	DBCA	47_2	0	109.187731869159
657.142857142857	866.666666666667	78.1656079689273	24.6	102.765607968927	DBCA	47_2	140	120.547447023748
657.142857142857	900	80.309730168692	24.6	104.909730168692	DBCA	47_2	280	120.909328027523
657.142857142857	933.333333333333	79.7898529130107	24.6	104.389852913011	DBCA	47_2	70	115.726282471772
657.142857142857	966.666666666667	80.006434038595	24.6	104.606434038595	DBCA	47_2	210	123.942662526772
671.428571428571	666.666666666667	77.7184516799282	24.6	102.318451679928	DBCA	48_1	140	120.100290734749
671.428571428571	700	78.1156580033249	24.6	102.715658003325	DBCA	48_1	70	114.052087562086
671.428571428571	733.333333333333	75.9383448513394	24.6	100.538344851339	DBCA	48_1	210	119.874573339516
671.428571428571	766.666666666667	75.7223100756753	24.6	100.322310075675	DBCA	48_1	280	116.321907934506
671.428571428571	800	77.5422974071408	24.6	102.142297407141	DBCA	48_1	0	102.142297407141
671.428571428571	833.333333333333	82.0242704193177	24.6	106.624270419318	DBCA	48_2	140	124.406109474138
671.428571428571	866.666666666667	76.4006972417685	24.6	101.000697241769	DBCA	48_2	70	112.33712680053
671.428571428571	900	77.1850151876332	24.6	101.785015187633	DBCA	48_2	0	101.785015187633
671.428571428571	933.333333333333	81.0049194539103	24.6	105.60491945391	DBCA	48_2	280	121.604517312741
671.428571428571	966.666666666667	79.009476748799	24.6	103.609476748799	DBCA	48_2	210	122.945705236976
685.714285714286	666.666666666667	78.2035543753951	24.6	102.803554375395	DBCA	49_1	70	114.139983934157
685.714285714286	700	78.6356350696287	24.6	103.235635069629	DBCA	49_1	210	122.571863557806
685.714285714286	733.333333333333	74.7081457414078	24.6	99.3081457414078	DBCA	49_1	140	117.089984796228
685.714285714286	766.666666666667	80.3238990947938	24.6	104.923899094794	DBCA	49_1	0	104.923899094794
685.714285714286	800	82.771958657562	24.6	107.371958657562	DBCA	49_1	280	123.371556516393
685.714285714286	833.333333333333	81.2532311290951	24.6	105.853231129095	DBCA	49_2	210	125.189459617272
685.714285714286	866.666666666667	77.9160459935398	24.6	102.51604599354	DBCA	49_2	0	102.51604599354
685.714285714286	900	77.0613015626176	24.6	101.661301562618	DBCA	49_2	280	117.660899421448
685.714285714286	933.333333333333	80.0024051208309	24.6	104.602405120831	DBCA	49_2	70	115.938834679592
685.714285714286	966.666666666667	85.0123403960674	24.6	109.612340396067	DBCA	49_2	140	127.394179450888
57.1428571428571	666.666666666667	82.8753348667981	0	82.8753348667981	DBCA	5_1	280	75.4557327256289
57.1428571428571	700	85.1339477486384	0	85.1339477486384	DBCA	5_1	210	86.9057762368153
57.1428571428571	733.333333333333	81.9625523495689	0	81.9625523495689	DBCA	5_1	0	81.9625523495689
57.1428571428571	766.666666666667	80.4662481639741	0	80.4662481639741	DBCA	5_1	70	85.9478777227356
57.1428571428571	800	81.4081895008527	0	81.4081895008527	DBCA	5_1	140	87.4804285556731
57.1428571428571	833.333333333333	81.6344189347063	0	81.6344189347063	DBCA	5_2	280	74.2148167935371
57.1428571428571	866.666666666667	75.2288743968745	0	75.2288743968745	DBCA	5_2	70	80.710503955636
57.1428571428571	900	72.5298287684685	0	72.5298287684685	DBCA	5_2	210	74.3016572566453
57.1428571428571	933.333333333333	79.3878316536139	0	79.3878316536139	DBCA	5_2	140	85.4600707084344
57.1428571428571	966.666666666667	78.2398484787427	0	78.2398484787427	DBCA	5_2	0	78.2398484787427
700	666.666666666667	77.4776227937167	24.6	102.077622793717	DBCA	50_1	70	113.414052352478
700	700	78.3153730775246	24.6	102.915373077525	DBCA	50_1	0	102.915373077525
700	733.333333333333	75.7615225925511	24.6	100.361522592551	DBCA	50_1	280	116.361120451382
700	766.666666666667	77.9304805058767	24.6	102.530480505877	DBCA	50_1	210	121.866708994054
700	800	80.6192586856627	24.6	105.219258685663	DBCA	50_1	140	123.001097740483
700	833.333333333333	82.5757227084135	24.6	107.175722708414	DBCA	50_2	70	118.512152267175
700	866.666666666667	79.6701156979629	24.6	104.270115697963	DBCA	50_2	280	120.269713556794
700	900	79.9537707346613	24.6	104.553770734661	DBCA	50_2	0	104.553770734661
700	933.333333333333	81.3338472640016	24.6	105.933847264002	DBCA	50_2	140	123.715686318822
700	966.666666666667	81.111698287974	24.6	105.711698287974	DBCA	50_2	210	125.047926776151
714.285714285714	666.666666666667	79.4615893134946	24.6	104.061589313495	DBCA	51_1	70	115.398018872256
714.285714285714	700	81.3581440635358	24.6	105.958144063536	DBCA	51_1	280	121.957741922367
714.285714285714	733.333333333333	78.7999354395869	24.6	103.399935439587	DBCA	51_1	210	122.736163927764
714.285714285714	766.666666666667	79.9335480937026	24.6	104.533548093703	DBCA	51_1	0	104.533548093703
714.285714285714	800	80.3503762483277	24.6	104.950376248328	DBCA	51_1	140	122.732215303148
714.285714285714	833.333333333333	81.5805430025794	24.6	106.180543002579	DBCA	51_2	280	122.18014086141
714.285714285714	866.666666666667	81.030835288824	24.6	105.630835288824	DBCA	51_2	140	123.412674343644
714.285714285714	900	84.0817205608546	24.6	108.681720560855	DBCA	51_2	70	120.018150119616
714.285714285714	933.333333333333	77.4024227094316	24.6	102.002422709432	DBCA	51_2	210	121.338651197608
714.285714285714	966.666666666667	80.7772558681258	24.6	105.377255868126	DBCA	51_2	0	105.377255868126
728.571428571429	666.666666666667	81.0653767519933	24.6	105.665376751993	DBCA	52_1	280	121.664974610824
728.571428571429	700	78.888416217926	24.6	103.488416217926	DBCA	52_1	70	114.824845776687
728.571428571429	733.333333333333	80.5211414970597	24.6	105.12114149706	DBCA	52_1	140	122.90298055188
728.571428571429	766.666666666667	79.7907735565824	24.6	104.390773556582	DBCA	52_1	210	123.727002044759
728.571428571429	800	79.2327749741754	24.6	103.832774974175	DBCA	52_1	0	103.832774974175
728.571428571429	833.333333333333	80.5218288423529	24.6	105.121828842353	DBCA	52_2	280	121.121426701184
728.571428571429	866.666666666667	79.1382518518875	24.6	103.738251851887	DBCA	52_2	70	115.074681410649
728.571428571429	900	79.6630674791343	24.6	104.263067479134	DBCA	52_2	0	104.263067479134
728.571428571429	933.333333333333	76.0555484041955	24.6	100.655548404196	DBCA	52_2	210	119.991776892372
728.571428571429	966.666666666667	76.2805653896345	24.6	100.880565389634	DBCA	52_2	140	118.662404444455
742.857142857143	666.666666666667	83.5100548704904	24.6	108.11005487049	DBCA	53_1	70	119.446484429252
742.857142857143	700	80.8485466842402	24.6	105.44854668424	DBCA	53_1	0	105.44854668424
742.857142857143	733.333333333333	80.9777760544468	24.6	105.577776054447	DBCA	53_1	280	121.577373913278
742.857142857143	766.666666666667	76.56631909164	24.6	101.16631909164	DBCA	53_1	140	118.94815814646
742.857142857143	800	78.7563083615608	24.6	103.356308361561	DBCA	53_1	210	122.692536849738
742.857142857143	833.333333333333	80.3422972298933	24.6	104.942297229893	DBCA	53_2	0	104.942297229893
742.857142857143	866.666666666667	79.7123284132753	24.6	104.312328413275	DBCA	53_2	70	115.648757972037
742.857142857143	900	81.2814638667155	24.6	105.881463866716	DBCA	53_2	140	123.663302921536
742.857142857143	933.333333333333	77.9191556390001	24.6	102.519155639	DBCA	53_2	210	121.855384127177
742.857142857143	966.666666666667	80.0066808350191	24.6	104.606680835019	DBCA	53_2	280	120.60627869385
757.142857142857	666.666666666667	81.1233490468542	24.6	105.723349046854	DBCA	54_1	210	125.059577535031
757.142857142857	700	82.9938941539705	24.6	107.59389415397	DBCA	54_1	0	107.59389415397
757.142857142857	733.333333333333	78.8281382697429	24.6	103.428138269743	DBCA	54_1	140	121.209977324563
757.142857142857	766.666666666667	78.3267984040595	24.6	102.92679840406	DBCA	54_1	70	114.263227962821
757.142857142857	800	78.1169890141343	24.6	102.716989014134	DBCA	54_1	280	118.716586872965
757.142857142857	833.333333333333	81.9610618800046	24.6	106.561061880005	DBCA	54_2	140	124.342900934825
757.142857142857	866.666666666667	77.8290601430975	24.6	102.429060143097	DBCA	54_2	280	118.428658001928
757.142857142857	900	83.5595771599812	24.6	108.159577159981	DBCA	54_2	70	119.496006718743
757.142857142857	933.333333333333	78.875842161103	24.6	103.475842161103	DBCA	54_2	210	122.81207064928
757.142857142857	966.666666666667	77.8420651772718	24.6	102.442065177272	DBCA	54_2	0	102.442065177272
771.428571428571	666.666666666667	81.1231658770399	24.6	105.72316587704	DBCA	55_1	280	121.722763735871
771.428571428571	700	83.0786080684003	24.6	107.6786080684	DBCA	55_1	140	125.460447123221
771.428571428571	733.333333333333	79.6589905732526	24.6	104.258990573253	DBCA	55_1	0	104.258990573253
771.428571428571	766.666666666667	82.8109622492473	24.6	107.410962249247	DBCA	55_1	70	118.747391808009
771.428571428571	800	79.6709819975348	24.6	104.270981997535	DBCA	55_1	210	123.607210485712
771.428571428571	833.333333333333	82.3633402663726	24.6	106.963340266373	DBCA	55_2	140	124.745179321193
771.428571428571	866.666666666667	79.2140391280213	24.6	103.814039128021	DBCA	55_2	0	103.814039128021
771.428571428571	900	80.7249473414733	24.6	105.324947341473	DBCA	55_2	280	121.324545200304
771.428571428571	933.333333333333	81.6259652166787	24.6	106.225965216679	DBCA	55_2	70	117.56239477544
771.428571428571	966.666666666667	77.7350239996768	24.6	102.335023999677	DBCA	55_2	210	121.671252487854
785.714285714286	666.666666666667	81.5119927366573	24.6	106.111992736657	DBCA	56_1	210	125.448221224834
785.714285714286	700	84.5673241329565	24.6	109.167324132956	DBCA	56_1	0	109.167324132956
785.714285714286	733.333333333333	82.5739166402359	24.6	107.173916640236	DBCA	56_1	70	118.510346198997
785.714285714286	766.666666666667	80.4387056945761	24.6	105.038705694576	DBCA	56_1	140	122.820544749397
785.714285714286	800	83.2603127084247	24.6	107.860312708425	DBCA	56_1	280	123.859910567256
785.714285714286	833.333333333333	81.2133821396476	24.6	105.813382139648	DBCA	56_2	70	117.149811698409
785.714285714286	866.666666666667	79.6959697013155	24.6	104.295969701316	DBCA	56_2	0	104.295969701316
785.714285714286	900	82.4801267129627	24.6	107.080126712963	DBCA	56_2	140	124.861965767783
785.714285714286	933.333333333333	80.9295377769631	24.6	105.529537776963	DBCA	56_2	280	121.529135635794
785.714285714286	966.666666666667	79.9909817175679	24.6	104.590981717568	DBCA	56_2	210	123.927210205745
800	666.666666666667	81.5805481906807	24.6	106.180548190681	DBCA	57_1	140	123.962387245501
800	700	85.0966265934031	24.6	109.696626593403	DBCA	57_1	0	109.696626593403
800	733.333333333333	84.346490160118	24.6	108.946490160118	DBCA	57_1	70	120.282919718879
800	766.666666666667	81.338538283438	24.6	105.938538283438	DBCA	57_1	280	121.938136142269
800	800	81.9339103003757	24.6	106.533910300376	DBCA	57_1	210	125.870138788553
800	833.333333333333	78.9104961035575	24.6	103.510496103557	DBCA	57_2	140	121.292335158378
800	866.666666666667	78.8786252868594	24.6	103.478625286859	DBCA	57_2	70	114.815054845621
800	900	79.7222883939532	24.6	104.322288393953	DBCA	57_2	210	123.65851688213
800	933.333333333333	82.3664248279156	24.6	106.966424827916	DBCA	57_2	0	106.966424827916
800	966.666666666667	82.4662701581445	24.6	107.066270158145	DBCA	57_2	280	123.065868016975
814.285714285714	666.666666666667	83.1198417930838	24.6	107.719841793084	DBCA	58_1	0	107.719841793084
814.285714285714	700	84.1148236137327	24.6	108.714823613733	DBCA	58_1	140	126.496662668553
814.285714285714	733.333333333333	83.113591214382	24.6	107.713591214382	DBCA	58_1	70	119.050020773143
814.285714285714	766.666666666667	81.9177895873283	24.6	106.517789587328	DBCA	58_1	280	122.517387446159
814.285714285714	800	82.0398730808497	24.6	106.63987308085	DBCA	58_1	210	125.976101569027
814.285714285714	833.333333333333	80.7753310161313	24.6	105.375331016131	DBCA	58_2	140	123.157170070952
814.285714285714	866.666666666667	80.0996101548232	24.6	104.699610154823	DBCA	58_2	210	124.035838643
814.285714285714	900	76.8313403991422	24.6	101.431340399142	DBCA	58_2	0	101.431340399142
814.285714285714	933.333333333333	77.293400302654	24.6	101.893400302654	DBCA	58_2	70	113.229829861415
814.285714285714	966.666666666667	82.2688206528637	24.6	106.868820652864	DBCA	58_2	280	122.868418511694
828.571428571429	666.666666666667	82.0819855634975	24.6	106.681985563497	DBCA	59_1	140	124.463824618318
828.571428571429	700	86.7667764003473	24.6	111.366776400347	DBCA	59_1	210	130.703004888524
828.571428571429	733.333333333333	83.9727698661523	24.6	108.572769866152	DBCA	59_1	280	124.572367724983
828.571428571429	766.666666666667	83.9432613962447	24.6	108.543261396245	DBCA	59_1	0	108.543261396245
828.571428571429	800	80.2433732945271	24.6	104.843373294527	DBCA	59_1	70	116.179802853289
828.571428571429	833.333333333333	82.328009837672	24.6	106.928009837672	DBCA	59_2	280	122.927607696503
828.571428571429	866.666666666667	80.961642825948	24.6	105.561642825948	DBCA	59_2	70	116.89807238471
828.571428571429	900	81.574030514859	24.6	106.174030514859	DBCA	59_2	0	106.174030514859
828.571428571429	933.333333333333	79.0663064264202	24.6	103.66630642642	DBCA	59_2	140	121.448145481241
828.571428571429	966.666666666667	81.3064192912201	24.6	105.90641929122	DBCA	59_2	210	125.242647779397
71.4285714285714	666.666666666667	78.0180300191079	0	78.0180300191079	DBCA	6_1	0	78.0180300191079
71.4285714285714	700	83.7843593298861	0	83.7843593298861	DBCA	6_1	280	76.3647571887169
71.4285714285714	733.333333333333	82.2787851900121	0	82.2787851900121	DBCA	6_1	140	88.3510242448325
71.4285714285714	766.666666666667	84.050080788101	0	84.050080788101	DBCA	6_1	210	85.8219092762779
71.4285714285714	800	78.9965816382001	0	78.9965816382001	DBCA	6_1	70	84.4782111969616
71.4285714285714	833.333333333333	78.0813890433109	0	78.0813890433109	DBCA	6_2	280	70.6617869021417
71.4285714285714	866.666666666667	77.4503049896624	0	77.4503049896624	DBCA	6_2	210	79.2221334778393
71.4285714285714	900	72.2851531046934	0	72.2851531046934	DBCA	6_2	140	78.3573921595139
71.4285714285714	933.333333333333	78.4675352960314	0	78.4675352960314	DBCA	6_2	70	83.9491648547929
71.4285714285714	966.666666666667	76.4289737920132	0	76.4289737920132	DBCA	6_2	0	76.4289737920132
842.857142857143	666.666666666667	83.6652624298249	24.6	108.265262429825	DBCA	60_1	0	108.265262429825
842.857142857143	700	85.5183919196089	24.6	110.118391919609	DBCA	60_1	280	126.11798977844
842.857142857143	733.333333333333	85.6106387956535	24.6	110.210638795654	DBCA	60_1	210	129.54686728383
842.857142857143	766.666666666667	81.7537139942645	24.6	106.353713994264	DBCA	60_1	140	124.135553049085
842.857142857143	800	83.6797015239212	24.6	108.279701523921	DBCA	60_1	70	119.616131082683
842.857142857143	833.333333333333	79.9075263258471	24.6	104.507526325847	DBCA	60_2	70	115.843955884609
842.857142857143	866.666666666667	84.0670398705873	24.6	108.667039870587	DBCA	60_2	210	128.003268358764
842.857142857143	900	83.7479071380676	24.6	108.347907138068	DBCA	60_2	0	108.347907138068
842.857142857143	933.333333333333	80.2984905045507	24.6	104.898490504551	DBCA	60_2	140	122.680329559371
842.857142857143	966.666666666667	82.1075411209542	24.6	106.707541120954	DBCA	60_2	280	122.707138979785
857.142857142857	666.666666666667	85.4013056515659	24.6	110.001305651566	DBCA	61_1	210	129.337534139743
857.142857142857	700	85.4451969102517	24.6	110.045196910252	DBCA	61_1	0	110.045196910252
857.142857142857	733.333333333333	87.3932382356571	24.6	111.993238235657	DBCA	61_1	280	127.992836094488
857.142857142857	766.666666666667	81.8996243905432	24.6	106.499624390543	DBCA	61_1	140	124.281463445364
857.142857142857	800	80.8706528236292	24.6	105.470652823629	DBCA	61_1	70	116.807082382391
857.142857142857	833.333333333333	79.2511537233714	24.6	103.851153723371	DBCA	61_2	140	121.632992778192
857.142857142857	866.666666666667	81.4597177558641	24.6	106.059717755864	DBCA	61_2	70	117.396147314626
857.142857142857	900	85.5622659892136	24.6	110.162265989214	DBCA	61_2	280	126.161863848044
857.142857142857	933.333333333333	80.9601395484566	24.6	105.560139548457	DBCA	61_2	210	124.896368036633
857.142857142857	966.666666666667	83.1075252465743	24.6	107.707525246574	DBCA	61_2	0	107.707525246574
871.428571428571	666.666666666667	84.1812126220616	24.6	108.781212622062	DBCA	62_1	0	108.781212622062
871.428571428571	700	84.4659622017319	24.6	109.065962201732	DBCA	62_1	70	120.402391760493
871.428571428571	733.333333333333	84.3683684507014	24.6	108.968368450701	DBCA	62_1	140	126.750207505522
871.428571428571	766.666666666667	79.470070509764	24.6	104.070070509764	DBCA	62_1	210	123.406298997941
871.428571428571	800	78.8693856833158	24.6	103.469385683316	DBCA	62_1	280	119.468983542147
871.428571428571	833.333333333333	80.3439132912624	24.6	104.943913291262	DBCA	62_2	140	122.725752346083
871.428571428571	866.666666666667	81.872845036636	24.6	106.472845036636	DBCA	62_2	280	122.472442895467
871.428571428571	900	82.5733748844513	24.6	107.173374884451	DBCA	62_2	0	107.173374884451
871.428571428571	933.333333333333	81.5589794899283	24.6	106.158979489928	DBCA	62_2	210	125.495207978105
871.428571428571	966.666666666667	81.2016479620352	24.6	105.801647962035	DBCA	62_2	70	117.138077520797
885.714285714286	666.666666666667	83.7396930212735	24.6	108.339693021273	DBCA	63_1	210	127.67592150945
885.714285714286	700	85.7036918582975	24.6	110.303691858297	DBCA	63_1	0	110.303691858297
885.714285714286	733.333333333333	82.2721531209195	24.6	106.87215312092	DBCA	63_1	140	124.65399217574
885.714285714286	766.666666666667	82.4644604236043	24.6	107.064460423604	DBCA	63_1	70	118.400889982366
885.714285714286	800	79.4674156047559	24.6	104.067415604756	DBCA	63_1	280	120.067013463587
885.714285714286	833.333333333333	78.5107841227617	24.6	103.110784122762	DBCA	63_2	0	103.110784122762
885.714285714286	866.666666666667	81.9405427828449	24.6	106.540542782845	DBCA	63_2	210	125.876771271022
885.714285714286	900	82.4100322622466	24.6	107.010032262247	DBCA	63_2	140	124.791871317067
885.714285714286	933.333333333333	81.8982726476451	24.6	106.498272647645	DBCA	63_2	280	122.497870506476
885.714285714286	966.666666666667	80.7676810343186	24.6	105.367681034319	DBCA	63_2	70	116.70411059308
900	666.666666666667	83.3279689961088	24.6	107.927968996109	DBCA	64_1	0	107.927968996109
900	700	80.5227321214167	24.6	105.122732121417	DBCA	64_1	210	124.458960609594
900	733.333333333333	79.5202028263553	24.6	104.120202826355	DBCA	64_1	70	115.456632385117
900	766.666666666667	81.4790032207707	24.6	106.079003220771	DBCA	64_1	280	122.078601079601
900	800	83.7012362264478	24.6	108.301236226448	DBCA	64_1	140	126.083075281268
900	833.333333333333	79.945292217219	24.6	104.545292217219	DBCA	64_2	210	123.881520705396
900	866.666666666667	83.0468293125102	24.6	107.64682931251	DBCA	64_2	140	125.428668367331
900	900	82.4221791582753	24.6	107.022179158275	DBCA	64_2	70	118.358608717037
900	933.333333333333	83.8145450319941	24.6	108.414545031994	DBCA	64_2	280	124.414142890825
900	966.666666666667	81.3374345002361	24.6	105.937434500236	DBCA	64_2	0	105.937434500236
914.285714285714	666.666666666667	83.4777923267952	24.6	108.077792326795	DBCA	65_1	280	124.077390185626
914.285714285714	700	82.4330546034643	24.6	107.033054603464	DBCA	65_1	140	124.814893658285
914.285714285714	733.333333333333	78.8019533446341	24.6	103.401953344634	DBCA	65_1	0	103.401953344634
914.285714285714	766.666666666667	79.9321720783821	24.6	104.532172078382	DBCA	65_1	210	123.868400566559
914.285714285714	800	85.7961309657186	24.6	110.396130965719	DBCA	65_1	70	121.73256052448
914.285714285714	833.333333333333	83.3787114469075	24.6	107.978711446907	DBCA	65_2	70	119.315141005669
914.285714285714	866.666666666667	83.1683330410061	24.6	107.768333041006	DBCA	65_2	0	107.768333041006
914.285714285714	900	83.0457894304967	24.6	107.645789430497	DBCA	65_2	210	126.982017918674
914.285714285714	933.333333333333	81.8198977323786	24.6	106.419897732379	DBCA	65_2	140	124.201736787199
914.285714285714	966.666666666667	83.5333048366155	24.6	108.133304836615	DBCA	65_2	280	124.132902695446
928.571428571429	666.666666666667	80.8367266877095	24.6	105.436726687709	DBCA	66_1	70	116.773156246471
928.571428571429	700	82.7038161322348	24.6	107.303816132235	DBCA	66_1	280	123.303413991066
928.571428571429	733.333333333333	81.8726859583946	24.6	106.472685958395	DBCA	66_1	210	125.808914446571
928.571428571429	766.666666666667	77.6824407176467	24.6	102.282440717647	DBCA	66_1	140	120.064279772467
928.571428571429	800	81.7324967280277	24.6	106.332496728028	DBCA	66_1	0	106.332496728028
928.571428571429	833.333333333333	83.9343953594502	24.6	108.53439535945	DBCA	66_2	140	126.316234414271
928.571428571429	866.666666666667	80.7997045784972	24.6	105.399704578497	DBCA	66_2	280	121.399302437328
928.571428571429	900	84.9487428280447	24.6	109.548742828045	DBCA	66_2	210	128.884971316222
928.571428571429	933.333333333333	80.5953925309679	24.6	105.195392530968	DBCA	66_2	0	105.195392530968
928.571428571429	966.666666666667	81.2240955533158	24.6	105.824095553316	DBCA	66_2	70	117.160525112077
942.857142857143	666.666666666667	80.9577022228226	24.6	105.557702222823	DBCA	67_1	70	116.894131781584
942.857142857143	700	80.7223773532851	24.6	105.322377353285	DBCA	67_1	0	105.322377353285
942.857142857143	733.333333333333	81.1650371919611	24.6	105.765037191961	DBCA	67_1	210	125.101265680138
942.857142857143	766.666666666667	81.270083398382	24.6	105.870083398382	DBCA	67_1	140	123.651922453202
942.857142857143	800	83.9509982895491	24.6	108.550998289549	DBCA	67_1	280	124.55059614838
942.857142857143	833.333333333333	82.1344261091395	24.6	106.73442610914	DBCA	67_2	280	122.73402396797
942.857142857143	866.666666666667	77.4850469437147	24.6	102.085046943715	DBCA	67_2	0	102.085046943715
942.857142857143	900	81.2706823656316	24.6	105.870682365632	DBCA	67_2	70	117.207111924393
942.857142857143	933.333333333333	79.0827904694097	24.6	103.68279046941	DBCA	67_2	210	123.019018957587
942.857142857143	966.666666666667	78.9584487663277	24.6	103.558448766328	DBCA	67_2	140	121.340287821148
957.142857142857	666.666666666667	78.4216682466182	24.6	103.021668246618	DBCA	68_1	280	119.021266105449
957.142857142857	700	78.3108491888898	24.6	102.91084918889	DBCA	68_1	70	114.247278747651
957.142857142857	733.333333333333	79.8715327091214	24.6	104.471532709121	DBCA	68_1	140	122.253371763942
957.142857142857	766.666666666667	78.8282769069817	24.6	103.428276906982	DBCA	68_1	210	122.764505395159
957.142857142857	800	85.2391738002209	24.6	109.839173800221	DBCA	68_1	0	109.839173800221
957.142857142857	833.333333333333	80.8070722482324	24.6	105.407072248232	DBCA	68_2	140	123.188911303053
957.142857142857	866.666666666667	82.1607477924662	24.6	106.760747792466	DBCA	68_2	280	122.760345651297
957.142857142857	900	83.2924949746219	24.6	107.892494974622	DBCA	68_2	0	107.892494974622
957.142857142857	933.333333333333	83.7720396541222	24.6	108.372039654122	DBCA	68_2	210	127.708268142299
957.142857142857	966.666666666667	80.9696137929888	24.6	105.569613792989	DBCA	68_2	70	116.90604335175
971.428571428571	666.666666666667	77.6710979778586	24.6	102.271097977859	DBCA	69_1	70	113.60752753662
971.428571428571	700	81.2444505153112	24.6	105.844450515311	DBCA	69_1	140	123.626289570132
971.428571428571	733.333333333333	81.1322330676118	24.6	105.732233067612	DBCA	69_1	210	125.068461555789
971.428571428571	766.666666666667	87.2992083225015	24.6	111.899208322501	DBCA	69_1	280	127.898806181332
971.428571428571	800	84.7238610490839	24.6	109.323861049084	DBCA	69_1	0	109.323861049084
971.428571428571	833.333333333333	82.5795159647712	24.6	107.179515964771	DBCA	69_2	140	124.961355019592
971.428571428571	866.666666666667	77.9423161296615	24.6	102.542316129662	DBCA	69_2	280	118.541913988492
971.428571428571	900	81.4759732092254	24.6	106.075973209225	DBCA	69_2	70	117.412402767987
971.428571428571	933.333333333333	81.3134689863211	24.6	105.913468986321	DBCA	69_2	0	105.913468986321
971.428571428571	966.666666666667	83.2622441968762	24.6	107.862244196876	DBCA	69_2	210	127.198472685053
85.7142857142857	666.666666666667	82.4387113373173	0	82.4387113373173	DBCA	7_1	280	75.0191091961481
85.7142857142857	700	81.3397118015512	0	81.3397118015512	DBCA	7_1	0	81.3397118015512
85.7142857142857	733.333333333333	82.0006024613456	0	82.0006024613456	DBCA	7_1	70	87.4822320201071
85.7142857142857	766.666666666667	81.9131908205976	0	81.9131908205976	DBCA	7_1	210	83.6850193087744
85.7142857142857	800	78.3131930874025	0	78.3131930874025	DBCA	7_1	140	84.3854321422229
85.7142857142857	833.333333333333	77.1591458379929	0	77.1591458379929	DBCA	7_2	140	83.2313848928133
85.7142857142857	866.666666666667	79.7237996273541	0	79.7237996273541	DBCA	7_2	0	79.7237996273541
85.7142857142857	900	76.95286847313	0	76.95286847313	DBCA	7_2	70	82.4344980318915
85.7142857142857	933.333333333333	75.9955532167186	0	75.9955532167186	DBCA	7_2	210	77.7673817048954
85.7142857142857	966.666666666667	77.4449418424951	0	77.4449418424951	DBCA	7_2	280	70.0253397013259
985.714285714286	666.666666666667	79.6995231531842	24.6	104.299523153184	DBCA	70_1	0	104.299523153184
985.714285714286	700	80.4603407757764	24.6	105.060340775776	DBCA	70_1	70	116.396770334538
985.714285714286	733.333333333333	79.7501410370632	24.6	104.350141037063	DBCA	70_1	280	120.349738895894
985.714285714286	766.666666666667	85.4551737277886	24.6	110.055173727789	DBCA	70_1	140	127.837012782609
985.714285714286	800	82.7999180083023	24.6	107.399918008302	DBCA	70_1	210	126.736146496479
985.714285714286	833.333333333333	80.7289026906603	24.6	105.32890269066	DBCA	70_2	280	121.328500549491
985.714285714286	866.666666666667	78.8317654288848	24.6	103.431765428885	DBCA	70_2	210	122.767993917062
985.714285714286	900	80.0562123860284	24.6	104.656212386028	DBCA	70_2	140	122.438051440849
985.714285714286	933.333333333333	79.9668567085727	24.6	104.566856708573	DBCA	70_2	70	115.903286267334
985.714285714286	966.666666666667	80.9273473501323	24.6	105.527347350132	DBCA	70_2	0	105.527347350132
1000	666.666666666667	78.5047572268271	24.6	103.104757226827	DBCA	71_1	0	103.104757226827
1000	700	85.2567009473839	24.6	109.856700947384	DBCA	71_1	70	121.193130506145
1000	733.333333333333	84.4609800071543	24.6	109.060980007154	DBCA	71_1	140	126.842819061975
1000	766.666666666667	84.1050067513764	24.6	108.705006751376	DBCA	71_1	280	124.704604610207
1000	800	83.6261855973429	24.6	108.226185597343	DBCA	71_1	210	127.56241408552
1000	833.333333333333	80.0442737358348	24.6	104.644273735835	DBCA	71_2	0	104.644273735835
1000	866.666666666667	78.1501932474598	24.6	102.75019324746	DBCA	71_2	210	122.086421735637
1000	900	77.8311015295144	24.6	102.431101529514	DBCA	71_2	140	120.212940584335
1000	933.333333333333	79.6001432332993	24.6	104.200143233299	DBCA	71_2	70	115.536572792061
1000	966.666666666667	79.7551928361956	24.6	104.355192836196	DBCA	71_2	280	120.354790695026
100	666.666666666667	82.0003292036935	0	82.0003292036935	DBCA	8_1	70	87.481958762455
100	700	80.5255557537996	0	80.5255557537996	DBCA	8_1	140	86.59779480862
100	733.333333333333	80.7266785806625	0	80.7266785806625	DBCA	8_1	280	73.3070764394933
100	766.666666666667	83.9748863034994	0	83.9748863034994	DBCA	8_1	210	85.7467147916762
100	800	78.8977209412575	0	78.8977209412575	DBCA	8_1	0	78.8977209412575
100	833.333333333333	77.6613341617594	0	77.6613341617594	DBCA	8_2	210	79.4331626499362
100	866.666666666667	81.5327116022715	0	81.5327116022715	DBCA	8_2	0	81.5327116022715
100	900	76.0681408551678	0	76.0681408551678	DBCA	8_2	70	81.5497704139293
100	933.333333333333	79.6144358925497	0	79.6144358925497	DBCA	8_2	140	85.6866749473702
100	966.666666666667	79.666677693714	0	79.666677693714	DBCA	8_2	280	72.2470755525448
114.285714285714	666.666666666667	82.70339797602	0	82.70339797602	DBCA	9_1	140	88.7756370308404
114.285714285714	700	81.2429192883902	0	81.2429192883902	DBCA	9_1	0	81.2429192883902
114.285714285714	733.333333333333	81.472310166732	0	81.472310166732	DBCA	9_1	70	86.9539397254935
114.285714285714	766.666666666667	82.3998014355681	0	82.3998014355681	DBCA	9_1	280	74.9801992943989
114.285714285714	800	78.2717858257562	0	78.2717858257562	DBCA	9_1	210	80.043614313933
114.285714285714	833.333333333333	80.3853318495074	0	80.3853318495074	DBCA	9_2	0	80.3853318495074
114.285714285714	866.666666666667	80.2825312019031	0	80.2825312019031	DBCA	9_2	210	82.05435969008
114.285714285714	900	78.9102038536873	0	78.9102038536873	DBCA	9_2	70	84.3918334124488
114.285714285714	933.333333333333	77.8174456824029	0	77.8174456824029	DBCA	9_2	140	83.8896847372233
114.285714285714	966.666666666667	81.207186855868	0	81.207186855868	DBCA	9_2	280	73.7875847146988
0	1000	83.8830230215018	0	83.8830230215018	DBCA	1_3	NA	NA
14.2857142857143	1000	80.3617629904575	0	80.3617629904575	DBCA	2_3	NA	NA
28.5714285714286	1000	80.6244566937738	0	80.6244566937738	DBCA	3_3	NA	NA
42.8571428571429	1000	80.5873784049292	0	80.5873784049292	DBCA	4_3	NA	NA
57.1428571428571	1000	80.0121706662451	0	80.0121706662451	DBCA	5_3	NA	NA
71.4285714285714	1000	81.2797560687109	0	81.2797560687109	DBCA	6_3	NA	NA
85.7142857142857	1000	84.2673062317124	0	84.2673062317124	DBCA	7_3	NA	NA
100	1000	81.0740211368811	0	81.0740211368811	DBCA	8_3	NA	NA
114.285714285714	1000	77.8412261063272	0	77.8412261063272	DBCA	9_3	NA	NA
128.571428571429	1000	80.1474316956891	0	80.1474316956891	DBCA	10_3	NA	NA
142.857142857143	1000	78.9405583688033	0	78.9405583688033	DBCA	11_3	NA	NA
157.142857142857	1000	76.1487724596996	0	76.1487724596996	DBCA	12_3	NA	NA
171.428571428571	1000	80.8096903132108	0	80.8096903132108	DBCA	13_3	NA	NA
185.714285714286	1000	79.5539004388325	0	79.5539004388325	DBCA	14_3	NA	NA
200	1000	77.3436311047982	0	77.3436311047982	DBCA	15_3	NA	NA
214.285714285714	1000	80.0159683715187	0	80.0159683715187	DBCA	16_3	NA	NA
228.571428571429	1000	87.6040459754333	0	87.6040459754333	DBCA	17_3	NA	NA
242.857142857143	1000	85.146003518798	0	85.146003518798	DBCA	18_3	NA	NA
257.142857142857	1000	79.5482389670649	0	79.5482389670649	DBCA	19_3	NA	NA
271.428571428571	1000	78.9601503188024	0	78.9601503188024	DBCA	20_3	NA	NA
285.714285714286	1000	79.6325010987673	0	79.6325010987673	DBCA	21_3	NA	NA
300	1000	80.6977040652557	0	80.6977040652557	DBCA	22_3	NA	NA
314.285714285714	1000	81.4269458977423	0	81.4269458977423	DBCA	23_3	NA	NA
328.571428571429	1000	80.7639826790105	0	80.7639826790105	DBCA	24_3	NA	NA
342.857142857143	1000	83.9857981024832	0	83.9857981024832	DBCA	25_3	NA	NA
357.142857142857	1000	79.9152882788937	0	79.9152882788937	DBCA	26_3	NA	NA
371.428571428571	1000	81.7528555554221	0	81.7528555554221	DBCA	27_3	NA	NA
385.714285714286	1000	79.1648278478528	0	79.1648278478528	DBCA	28_3	NA	NA
400	1000	78.8095866369358	0	78.8095866369358	DBCA	29_3	NA	NA
414.285714285714	1000	77.5500014631545	0	77.5500014631545	DBCA	30_3	NA	NA
428.571428571429	1000	82.1388763727085	0	82.1388763727085	DBCA	31_3	NA	NA
442.857142857143	1000	82.4282211874526	0	82.4282211874526	DBCA	32_3	NA	NA
457.142857142857	1000	81.3466508867845	0	81.3466508867845	DBCA	33_3	NA	NA
471.428571428571	1000	81.715126409214	0	81.715126409214	DBCA	34_3	NA	NA
485.714285714286	1000	83.3275608153121	0	83.3275608153121	DBCA	35_3	NA	NA
500	1000	80.7500110301931	0	80.7500110301931	DBCA	36_3	NA	NA
514.285714285714	1000	79.4457829712217	24.6	104.045782971222	DBCA	37_3	NA	NA
528.571428571429	1000	76.6938852804213	24.6	101.293885280421	DBCA	38_3	NA	NA
542.857142857143	1000	78.6867666670642	24.6	103.286766667064	DBCA	39_3	NA	NA
557.142857142857	1000	80.9992843777576	24.6	105.599284377758	DBCA	40_3	NA	NA
571.428571428571	1000	77.3203034808224	24.6	101.920303480822	DBCA	41_3	NA	NA
585.714285714286	1000	75.6320692006503	24.6	100.23206920065	DBCA	42_3	NA	NA
600	1000	77.0636579952453	24.6	101.663657995245	DBCA	43_3	NA	NA
614.285714285714	1000	74.3983647362093	24.6	98.9983647362093	DBCA	44_3	NA	NA
628.571428571429	1000	77.6377378686918	24.6	102.237737868692	DBCA	45_3	NA	NA
642.857142857143	1000	78.4415648148641	24.6	103.041564814864	DBCA	46_3	NA	NA
657.142857142857	1000	78.9201729276194	24.6	103.520172927619	DBCA	47_3	NA	NA
671.428571428571	1000	80.3166297319704	24.6	104.91662973197	DBCA	48_3	NA	NA
685.714285714286	1000	76.7029874557395	24.6	101.30298745574	DBCA	49_3	NA	NA
700	1000	76.266238444869	24.6	100.866238444869	DBCA	50_3	NA	NA
714.285714285714	1000	81.0886781056966	24.6	105.688678105697	DBCA	51_3	NA	NA
728.571428571429	1000	83.9061760941165	24.6	108.506176094117	DBCA	52_3	NA	NA
742.857142857143	1000	81.3330987333946	24.6	105.933098733395	DBCA	53_3	NA	NA
757.142857142857	1000	80.812262568537	24.6	105.412262568537	DBCA	54_3	NA	NA
771.428571428571	1000	83.7381330582103	24.6	108.33813305821	DBCA	55_3	NA	NA
785.714285714286	1000	82.0337486318015	24.6	106.633748631801	DBCA	56_3	NA	NA
800	1000	84.1130367996439	24.6	108.713036799644	DBCA	57_3	NA	NA
814.285714285714	1000	81.8486873865982	24.6	106.448687386598	DBCA	58_3	NA	NA
828.571428571429	1000	80.6546267917059	24.6	105.254626791706	DBCA	59_3	NA	NA
842.857142857143	1000	84.2323645681137	24.6	108.832364568114	DBCA	60_3	NA	NA
857.142857142857	1000	86.2784529015563	24.6	110.878452901556	DBCA	61_3	NA	NA
871.428571428571	1000	84.8572144874787	24.6	109.457214487479	DBCA	62_3	NA	NA
885.714285714286	1000	84.8475260730927	24.6	109.447526073093	DBCA	63_3	NA	NA
900	1000	85.0686629741296	24.6	109.66866297413	DBCA	64_3	NA	NA
914.285714285714	1000	86.8646239374033	24.6	111.464623937403	DBCA	65_3	NA	NA
928.571428571429	1000	85.9548644492782	24.6	110.554864449278	DBCA	66_3	NA	NA
942.857142857143	1000	87.38387257128	24.6	111.98387257128	DBCA	67_3	NA	NA
957.142857142857	1000	84.7730671963831	24.6	109.373067196383	DBCA	68_3	NA	NA
971.428571428571	1000	86.3436289233309	24.6	110.943628923331	DBCA	69_3	NA	NA
985.714285714286	1000	83.3393772802147	24.6	107.939377280215	DBCA	70_3	NA	NA
1000	1000	83.9332500767935	24.6	108.533250076793	DBCA	71_3	NA	NA
