x	y	variable1	Zona	ErrorConEfecto	Disenio	Bloque	AsigTrat	MiRto
0	666.666666666667	82.7239208387584	0	82.7239208387584	DBCA	1_1	140	92.0845903313165
0	700	82.6917539188197	0	82.6917539188197	DBCA	1_1	280	82.9753293770422
0	733.333333333333	75.8768657891602	0	75.8768657891602	DBCA	1_1	0	75.8768657891602
0	766.666666666667	79.7122864230042	0	79.7122864230042	DBCA	1_1	70	86.697341610145
0	800	82.5800771215913	0	82.5800771215913	DBCA	1_1	210	89.7069200378433
0	833.333333333333	80.7438764722342	0	80.7438764722342	DBCA	1_2	210	87.8707193884862
0	866.666666666667	75.960248718345	0	75.960248718345	DBCA	1_2	280	76.2438241765675
0	900	78.7552698256366	0	78.7552698256366	DBCA	1_2	70	85.7403250127774
0	933.333333333333	80.0906352422078	0	80.0906352422078	DBCA	1_2	140	89.4513047347659
0	966.666666666667	76.2911757170737	0	76.2911757170737	DBCA	1_2	0	76.2911757170737
128.571428571429	666.666666666667	79.5861034710023	0	79.5861034710023	DBCA	10_1	140	88.9467729635605
128.571428571429	700	76.8866103342995	0	76.8866103342995	DBCA	10_1	210	84.0134532505516
128.571428571429	733.333333333333	81.7665099422515	0	81.7665099422515	DBCA	10_1	280	82.050085400474
128.571428571429	766.666666666667	80.9833057343358	0	80.9833057343358	DBCA	10_1	0	80.9833057343358
128.571428571429	800	79.9408272107582	0	79.9408272107582	DBCA	10_1	70	86.925882397899
128.571428571429	833.333333333333	78.8187773804201	0	78.8187773804201	DBCA	10_2	140	88.1794468729782
128.571428571429	866.666666666667	81.7159025197695	0	81.7159025197695	DBCA	10_2	70	88.7009577069103
128.571428571429	900	82.1312555727036	0	82.1312555727036	DBCA	10_2	280	82.4148310309261
128.571428571429	933.333333333333	79.809973697207	0	79.809973697207	DBCA	10_2	0	79.809973697207
128.571428571429	966.666666666667	77.3597189700465	0	77.3597189700465	DBCA	10_2	210	84.4865618862985
142.857142857143	666.666666666667	81.4093309346391	0	81.4093309346391	DBCA	11_1	0	81.4093309346391
142.857142857143	700	80.5832446869108	0	80.5832446869108	DBCA	11_1	280	80.8668201451333
142.857142857143	733.333333333333	81.4175910071687	0	81.4175910071687	DBCA	11_1	210	88.5444339234207
142.857142857143	766.666666666667	83.8724967464328	0	83.8724967464328	DBCA	11_1	70	90.8575519335736
142.857142857143	800	79.5473529621267	0	79.5473529621267	DBCA	11_1	140	88.9080224546848
142.857142857143	833.333333333333	83.3668815648673	0	83.3668815648673	DBCA	11_2	210	90.4937244811193
142.857142857143	866.666666666667	79.6985270800609	0	79.6985270800609	DBCA	11_2	70	86.6835822672017
142.857142857143	900	81.3927708260633	0	81.3927708260633	DBCA	11_2	280	81.6763462842858
142.857142857143	933.333333333333	84.692420236423	0	84.692420236423	DBCA	11_2	140	94.0530897289811
142.857142857143	966.666666666667	82.7571069993587	0	82.7571069993587	DBCA	11_2	0	82.7571069993587
157.142857142857	666.666666666667	83.0646714491215	0	83.0646714491215	DBCA	12_1	0	83.0646714491215
157.142857142857	700	80.8001675661138	0	80.8001675661138	DBCA	12_1	140	90.1608370586719
157.142857142857	733.333333333333	80.8222120170667	0	80.8222120170667	DBCA	12_1	280	81.1057874752892
157.142857142857	766.666666666667	81.6831395265256	0	81.6831395265256	DBCA	12_1	70	88.6681947136664
157.142857142857	800	79.8694477216553	0	79.8694477216553	DBCA	12_1	210	86.9962906379074
157.142857142857	833.333333333333	80.5160880968751	0	80.5160880968751	DBCA	12_2	280	80.7996635550976
157.142857142857	866.666666666667	80.8631153639115	0	80.8631153639115	DBCA	12_2	210	87.9899582801636
157.142857142857	900	81.439790459152	0	81.439790459152	DBCA	12_2	0	81.439790459152
157.142857142857	933.333333333333	85.9355588683909	0	85.9355588683909	DBCA	12_2	140	95.296228360949
157.142857142857	966.666666666667	80.4643523745673	0	80.4643523745673	DBCA	12_2	70	87.4494075617081
171.428571428571	666.666666666667	86.4374639510786	0	86.4374639510786	DBCA	13_1	210	93.5643068673307
171.428571428571	700	80.7438337887839	0	80.7438337887839	DBCA	13_1	70	87.7288889759247
171.428571428571	733.333333333333	79.1628501530526	0	79.1628501530526	DBCA	13_1	140	88.5235196456107
171.428571428571	766.666666666667	79.2764526440469	0	79.2764526440469	DBCA	13_1	280	79.5600281022694
171.428571428571	800	75.9057910963156	0	75.9057910963156	DBCA	13_1	0	75.9057910963156
171.428571428571	833.333333333333	79.4656388245756	0	79.4656388245756	DBCA	13_2	280	79.7492142827981
171.428571428571	866.666666666667	83.2146127341749	0	83.2146127341749	DBCA	13_2	210	90.341455650427
171.428571428571	900	80.1521799720794	0	80.1521799720794	DBCA	13_2	140	89.5128494646375
171.428571428571	933.333333333333	83.9582567377792	0	83.9582567377792	DBCA	13_2	70	90.9433119249199
171.428571428571	966.666666666667	84.2125965743688	0	84.2125965743688	DBCA	13_2	0	84.2125965743688
185.714285714286	666.666666666667	83.5739878458002	0	83.5739878458002	DBCA	14_1	210	90.7008307620523
185.714285714286	700	82.5522179890019	0	82.5522179890019	DBCA	14_1	140	91.91288748156
185.714285714286	733.333333333333	80.9479128541117	0	80.9479128541117	DBCA	14_1	280	81.2314883123342
185.714285714286	766.666666666667	79.8034837692609	0	79.8034837692609	DBCA	14_1	70	86.7885389564017
185.714285714286	800	73.178547845199	0	73.178547845199	DBCA	14_1	0	73.178547845199
185.714285714286	833.333333333333	78.8471971869485	0	78.8471971869485	DBCA	14_2	280	79.130772645171
185.714285714286	866.666666666667	81.661279017731	0	81.661279017731	DBCA	14_2	140	91.0219485102892
185.714285714286	900	81.9422317293454	0	81.9422317293454	DBCA	14_2	70	88.9272869164862
185.714285714286	933.333333333333	81.1461615685189	0	81.1461615685189	DBCA	14_2	0	81.1461615685189
185.714285714286	966.666666666667	82.7379226339293	0	82.7379226339293	DBCA	14_2	210	89.8647655501813
200	666.666666666667	81.0719342297482	0	81.0719342297482	DBCA	15_1	70	88.0569894168889
200	700	85.2815839238263	0	85.2815839238263	DBCA	15_1	0	85.2815839238263
200	733.333333333333	76.0679265892198	0	76.0679265892198	DBCA	15_1	280	76.3515020474423
200	766.666666666667	80.4585118576801	0	80.4585118576801	DBCA	15_1	210	87.5853547739321
200	800	77.7890320289339	0	77.7890320289339	DBCA	15_1	140	87.149701521492
200	833.333333333333	75.9742080970765	0	75.9742080970765	DBCA	15_2	70	82.9592632842173
200	866.666666666667	81.0304183952285	0	81.0304183952285	DBCA	15_2	210	88.1572613114805
200	900	81.1414701215945	0	81.1414701215945	DBCA	15_2	140	90.5021396141526
200	933.333333333333	80.2808943584103	0	80.2808943584103	DBCA	15_2	280	80.5644698166328
200	966.666666666667	76.4967384273083	0	76.4967384273083	DBCA	15_2	0	76.4967384273083
214.285714285714	666.666666666667	82.1685048032724	0	82.1685048032724	DBCA	16_1	210	89.2953477195244
214.285714285714	700	81.2907258099249	0	81.2907258099249	DBCA	16_1	0	81.2907258099249
214.285714285714	733.333333333333	79.6805333462345	0	79.6805333462345	DBCA	16_1	140	89.0412028387926
214.285714285714	766.666666666667	81.0706465562858	0	81.0706465562858	DBCA	16_1	280	81.3542220145083
214.285714285714	800	76.5796128764385	0	76.5796128764385	DBCA	16_1	70	83.5646680635793
214.285714285714	833.333333333333	81.6001462200273	0	81.6001462200273	DBCA	16_2	210	88.7269891362794
214.285714285714	866.666666666667	82.597869252324	0	82.597869252324	DBCA	16_2	70	89.5829244394648
214.285714285714	900	79.0804935994854	0	79.0804935994854	DBCA	16_2	140	88.4411630920436
214.285714285714	933.333333333333	78.7400242995941	0	78.7400242995941	DBCA	16_2	280	79.0235997578166
214.285714285714	966.666666666667	80.5334885535018	0	80.5334885535018	DBCA	16_2	0	80.5334885535018
228.571428571429	666.666666666667	84.8330796771085	0	84.8330796771085	DBCA	17_1	70	91.8181348642493
228.571428571429	700	82.4859488587222	0	82.4859488587222	DBCA	17_1	0	82.4859488587222
228.571428571429	733.333333333333	76.7983464840519	0	76.7983464840519	DBCA	17_1	140	86.15901597661
228.571428571429	766.666666666667	81.720375516983	0	81.720375516983	DBCA	17_1	280	82.0039509752055
228.571428571429	800	76.4151113045419	0	76.4151113045419	DBCA	17_1	210	83.5419542207939
228.571428571429	833.333333333333	81.9951096480534	0	81.9951096480534	DBCA	17_2	70	88.9801648351942
228.571428571429	866.666666666667	81.1116224060978	0	81.1116224060978	DBCA	17_2	0	81.1116224060978
228.571428571429	900	80.3430844499799	0	80.3430844499799	DBCA	17_2	140	89.7037539425381
228.571428571429	933.333333333333	78.2850722193249	0	78.2850722193249	DBCA	17_2	280	78.5686476775474
228.571428571429	966.666666666667	77.3867185681868	0	77.3867185681868	DBCA	17_2	210	84.5135614844388
242.857142857143	666.666666666667	85.3122504274963	0	85.3122504274963	DBCA	18_1	210	92.4390933437483
242.857142857143	700	82.1157738245167	0	82.1157738245167	DBCA	18_1	0	82.1157738245167
242.857142857143	733.333333333333	82.546670289307	0	82.546670289307	DBCA	18_1	70	89.5317254764478
242.857142857143	766.666666666667	77.8441453799536	0	77.8441453799536	DBCA	18_1	280	78.1277208381761
242.857142857143	800	78.3565262620957	0	78.3565262620957	DBCA	18_1	140	87.7171957546539
242.857142857143	833.333333333333	83.0364205832993	0	83.0364205832993	DBCA	18_2	210	90.1632634995514
242.857142857143	866.666666666667	78.7252954600697	0	78.7252954600697	DBCA	18_2	140	88.0859649526278
242.857142857143	900	81.9842161552334	0	81.9842161552334	DBCA	18_2	70	88.9692713423742
242.857142857143	933.333333333333	80.5941187926946	0	80.5941187926946	DBCA	18_2	0	80.5941187926946
242.857142857143	966.666666666667	76.1603979319986	0	76.1603979319986	DBCA	18_2	280	76.4439733902211
257.142857142857	666.666666666667	81.3311469197607	0	81.3311469197607	DBCA	19_1	70	88.3162021069015
257.142857142857	700	84.4573408745427	0	84.4573408745427	DBCA	19_1	0	84.4573408745427
257.142857142857	733.333333333333	78.2888205383212	0	78.2888205383212	DBCA	19_1	140	87.6494900308793
257.142857142857	766.666666666667	77.0936263472004	0	77.0936263472004	DBCA	19_1	280	77.3772018054229
257.142857142857	800	80.6833524116084	0	80.6833524116084	DBCA	19_1	210	87.8101953278604
257.142857142857	833.333333333333	80.7391374588682	0	80.7391374588682	DBCA	19_2	210	87.8659803751203
257.142857142857	866.666666666667	80.5653880959846	0	80.5653880959846	DBCA	19_2	70	87.5504432831254
257.142857142857	900	79.2324571794126	0	79.2324571794126	DBCA	19_2	140	88.5931266719708
257.142857142857	933.333333333333	80.2371505740892	0	80.2371505740892	DBCA	19_2	280	80.5207260323117
257.142857142857	966.666666666667	79.6146480246372	0	79.6146480246372	DBCA	19_2	0	79.6146480246372
14.2857142857143	666.666666666667	81.0099209182357	0	81.0099209182357	DBCA	2_1	210	88.1367638344878
14.2857142857143	700	81.9691700928892	0	81.9691700928892	DBCA	2_1	280	82.2527455511117
14.2857142857143	733.333333333333	75.361630605405	0	75.361630605405	DBCA	2_1	70	82.3466857925458
14.2857142857143	766.666666666667	80.3395015836311	0	80.3395015836311	DBCA	2_1	0	80.3395015836311
14.2857142857143	800	81.9627611987611	0	81.9627611987611	DBCA	2_1	140	91.3234306913192
14.2857142857143	833.333333333333	79.7255761029106	0	79.7255761029106	DBCA	2_2	140	89.0862455954687
14.2857142857143	866.666666666667	81.3988559998004	0	81.3988559998004	DBCA	2_2	280	81.6824314580229
14.2857142857143	900	77.1290427686881	0	77.1290427686881	DBCA	2_2	210	84.2558856849401
14.2857142857143	933.333333333333	78.1782094381187	0	78.1782094381187	DBCA	2_2	70	85.1632646252595
14.2857142857143	966.666666666667	77.4834679330659	0	77.4834679330659	DBCA	2_2	0	77.4834679330659
271.428571428571	666.666666666667	80.4477791781116	0	80.4477791781116	DBCA	20_1	280	80.731354636334
271.428571428571	700	80.8697167888458	0	80.8697167888458	DBCA	20_1	140	90.230386281404
271.428571428571	733.333333333333	80.3435350829138	0	80.3435350829138	DBCA	20_1	70	87.3285902700546
271.428571428571	766.666666666667	78.5134041193847	0	78.5134041193847	DBCA	20_1	0	78.5134041193847
271.428571428571	800	81.3561865446591	0	81.3561865446591	DBCA	20_1	210	88.4830294609111
271.428571428571	833.333333333333	83.1885394363945	0	83.1885394363945	DBCA	20_2	70	90.1735946235353
271.428571428571	866.666666666667	77.7156851066719	0	77.7156851066719	DBCA	20_2	210	84.8425280229239
271.428571428571	900	76.6263574035598	0	76.6263574035598	DBCA	20_2	0	76.6263574035598
271.428571428571	933.333333333333	81.4038432756758	0	81.4038432756758	DBCA	20_2	140	90.764512768234
271.428571428571	966.666666666667	81.1303212686009	0	81.1303212686009	DBCA	20_2	280	81.4138967268234
285.714285714286	666.666666666667	81.8643565751495	0	81.8643565751495	DBCA	21_1	0	81.8643565751495
285.714285714286	700	81.441218399626	0	81.441218399626	DBCA	21_1	280	81.7247938578484
285.714285714286	733.333333333333	83.673384964609	0	83.673384964609	DBCA	21_1	140	93.0340544571671
285.714285714286	766.666666666667	82.33703421547	0	82.33703421547	DBCA	21_1	70	89.3220894026108
285.714285714286	800	80.3323546600176	0	80.3323546600176	DBCA	21_1	210	87.4591975762696
285.714285714286	833.333333333333	81.142174616204	0	81.142174616204	DBCA	21_2	280	81.4257500744264
285.714285714286	866.666666666667	78.9141238785081	0	78.9141238785081	DBCA	21_2	210	86.0409667947601
285.714285714286	900	75.5789557582164	0	75.5789557582164	DBCA	21_2	70	82.5640109453572
285.714285714286	933.333333333333	78.2976229068607	0	78.2976229068607	DBCA	21_2	140	87.6582923994189
285.714285714286	966.666666666667	77.3206681677073	0	77.3206681677073	DBCA	21_2	0	77.3206681677073
300	666.666666666667	78.9444053993114	0	78.9444053993114	DBCA	22_1	140	88.3050748918696
300	700	80.8593804169221	0	80.8593804169221	DBCA	22_1	210	87.9862233331741
300	733.333333333333	80.0382584170208	0	80.0382584170208	DBCA	22_1	70	87.0233136041616
300	766.666666666667	76.660541298928	0	76.660541298928	DBCA	22_1	280	76.9441167571504
300	800	76.8623756465932	0	76.8623756465932	DBCA	22_1	0	76.8623756465932
300	833.333333333333	79.151194393053	0	79.151194393053	DBCA	22_2	0	79.151194393053
300	866.666666666667	77.2136089006661	0	77.2136089006661	DBCA	22_2	140	86.5742783932243
300	900	77.6246695329669	0	77.6246695329669	DBCA	22_2	280	77.9082449911894
300	933.333333333333	80.2813081873554	0	80.2813081873554	DBCA	22_2	70	87.2663633744962
300	966.666666666667	79.6332630155595	0	79.6332630155595	DBCA	22_2	210	86.7601059318115
314.285714285714	666.666666666667	85.5006653597213	0	85.5006653597213	DBCA	23_1	140	94.8613348522795
314.285714285714	700	80.0327868429513	0	80.0327868429513	DBCA	23_1	210	87.1596297592033
314.285714285714	733.333333333333	78.7096820448496	0	78.7096820448496	DBCA	23_1	0	78.7096820448496
314.285714285714	766.666666666667	78.8681690566646	0	78.8681690566646	DBCA	23_1	70	85.8532242438054
314.285714285714	800	76.714893918738	0	76.714893918738	DBCA	23_1	280	76.9984693769605
314.285714285714	833.333333333333	79.7066239372725	0	79.7066239372725	DBCA	23_2	210	86.8334668535245
314.285714285714	866.666666666667	77.1888146245191	0	77.1888146245191	DBCA	23_2	280	77.4723900827416
314.285714285714	900	76.1857323957131	0	76.1857323957131	DBCA	23_2	70	83.1707875828539
314.285714285714	933.333333333333	77.2878736090372	0	77.2878736090372	DBCA	23_2	140	86.6485431015954
314.285714285714	966.666666666667	75.7800308083566	0	75.7800308083566	DBCA	23_2	0	75.7800308083566
328.571428571429	666.666666666667	80.7158387991871	0	80.7158387991871	DBCA	24_1	140	90.0765082917453
328.571428571429	700	80.8097646414939	0	80.8097646414939	DBCA	24_1	0	80.8097646414939
328.571428571429	733.333333333333	81.7890028412206	0	81.7890028412206	DBCA	24_1	280	82.0725782994431
328.571428571429	766.666666666667	81.2136435609659	0	81.2136435609659	DBCA	24_1	70	88.1986987481067
328.571428571429	800	78.1128784518669	0	78.1128784518669	DBCA	24_1	210	85.2397213681189
328.571428571429	833.333333333333	80.7949505536285	0	80.7949505536285	DBCA	24_2	210	87.9217934698806
328.571428571429	866.666666666667	76.9235822743439	0	76.9235822743439	DBCA	24_2	140	86.2842517669021
328.571428571429	900	75.0632286791066	0	75.0632286791066	DBCA	24_2	70	82.0482838662473
328.571428571429	933.333333333333	78.8735348634088	0	78.8735348634088	DBCA	24_2	280	79.1571103216313
328.571428571429	966.666666666667	75.6541596587879	0	75.6541596587879	DBCA	24_2	0	75.6541596587879
342.857142857143	666.666666666667	78.4988469562856	0	78.4988469562856	DBCA	25_1	0	78.4988469562856
342.857142857143	700	81.1389324584084	0	81.1389324584084	DBCA	25_1	280	81.4225079166309
342.857142857143	733.333333333333	81.0629970587423	0	81.0629970587423	DBCA	25_1	70	88.0480522458831
342.857142857143	766.666666666667	85.5779146756808	0	85.5779146756808	DBCA	25_1	140	94.9385841682389
342.857142857143	800	81.8915237795531	0	81.8915237795531	DBCA	25_1	210	89.0183666958052
342.857142857143	833.333333333333	82.5653398226482	0	82.5653398226482	DBCA	25_2	70	89.550395009789
342.857142857143	866.666666666667	82.1385871539727	0	82.1385871539727	DBCA	25_2	140	91.4992566465309
342.857142857143	900	76.2322728429851	0	76.2322728429851	DBCA	25_2	280	76.5158483012076
342.857142857143	933.333333333333	76.8996067765806	0	76.8996067765806	DBCA	25_2	210	84.0264496928326
342.857142857143	966.666666666667	76.2750269897832	0	76.2750269897832	DBCA	25_2	0	76.2750269897832
357.142857142857	666.666666666667	80.3030723312526	0	80.3030723312526	DBCA	26_1	0	80.3030723312526
357.142857142857	700	83.8400929728426	0	83.8400929728426	DBCA	26_1	280	84.1236684310651
357.142857142857	733.333333333333	84.2602427914459	0	84.2602427914459	DBCA	26_1	140	93.620912284004
357.142857142857	766.666666666667	82.0685414748859	0	82.0685414748859	DBCA	26_1	210	89.1953843911379
357.142857142857	800	79.4766283886007	0	79.4766283886007	DBCA	26_1	70	86.4616835757415
357.142857142857	833.333333333333	81.3305119177163	0	81.3305119177163	DBCA	26_2	140	90.6911814102744
357.142857142857	866.666666666667	84.7273593220052	0	84.7273593220052	DBCA	26_2	210	91.8542022382573
357.142857142857	900	79.8763126405187	0	79.8763126405187	DBCA	26_2	70	86.8613678276595
357.142857142857	933.333333333333	77.6543971152566	0	77.6543971152566	DBCA	26_2	0	77.6543971152566
357.142857142857	966.666666666667	79.1099820854149	0	79.1099820854149	DBCA	26_2	280	79.3935575436374
371.428571428571	666.666666666667	80.2186600244525	0	80.2186600244525	DBCA	27_1	140	89.5793295170106
371.428571428571	700	81.1703904127839	0	81.1703904127839	DBCA	27_1	0	81.1703904127839
371.428571428571	733.333333333333	83.3675882055884	0	83.3675882055884	DBCA	27_1	280	83.6511636638109
371.428571428571	766.666666666667	82.9413163378392	0	82.9413163378392	DBCA	27_1	210	90.0681592540912
371.428571428571	800	82.9534415698521	0	82.9534415698521	DBCA	27_1	70	89.9384967569928
371.428571428571	833.333333333333	80.4698351625073	0	80.4698351625073	DBCA	27_2	210	87.5966780787593
371.428571428571	866.666666666667	83.6774214484229	0	83.6774214484229	DBCA	27_2	70	90.6624766355636
371.428571428571	900	77.2408182381595	0	77.2408182381595	DBCA	27_2	140	86.6014877307177
371.428571428571	933.333333333333	78.764068397615	0	78.764068397615	DBCA	27_2	0	78.764068397615
371.428571428571	966.666666666667	80.8826105796224	0	80.8826105796224	DBCA	27_2	280	81.1661860378449
385.714285714286	666.666666666667	77.4080371680388	0	77.4080371680388	DBCA	28_1	280	77.6916126262613
385.714285714286	700	80.0815785808101	0	80.0815785808101	DBCA	28_1	0	80.0815785808101
385.714285714286	733.333333333333	82.0841867460631	0	82.0841867460631	DBCA	28_1	210	89.2110296623151
385.714285714286	766.666666666667	80.3686420854442	0	80.3686420854442	DBCA	28_1	140	89.7293115780023
385.714285714286	800	84.0542482302858	0	84.0542482302858	DBCA	28_1	70	91.0393034174266
385.714285714286	833.333333333333	79.1152567605031	0	79.1152567605031	DBCA	28_2	140	88.4759262530612
385.714285714286	866.666666666667	79.4498478328055	0	79.4498478328055	DBCA	28_2	280	79.7334232910279
385.714285714286	900	78.114740549492	0	78.114740549492	DBCA	28_2	70	85.0997957366328
385.714285714286	933.333333333333	80.1403212857271	0	80.1403212857271	DBCA	28_2	0	80.1403212857271
385.714285714286	966.666666666667	80.3538915265222	0	80.3538915265222	DBCA	28_2	210	87.4807344427742
400	666.666666666667	77.0751098698304	0	77.0751098698304	DBCA	29_1	0	77.0751098698304
400	700	81.213694083356	0	81.213694083356	DBCA	29_1	140	90.5743635759142
400	733.333333333333	82.7538272019094	0	82.7538272019094	DBCA	29_1	280	83.0374026601319
400	766.666666666667	79.3457060056386	0	79.3457060056386	DBCA	29_1	70	86.3307611927793
400	800	81.7659134296183	0	81.7659134296183	DBCA	29_1	210	88.8927563458703
400	833.333333333333	80.1398154190947	0	80.1398154190947	DBCA	29_2	280	80.4233908773172
400	866.666666666667	81.6483812782251	0	81.6483812782251	DBCA	29_2	140	91.0090507707832
400	900	77.4132194855951	0	77.4132194855951	DBCA	29_2	0	77.4132194855951
400	933.333333333333	80.1708903182587	0	80.1708903182587	DBCA	29_2	210	87.2977332345108
400	966.666666666667	77.8846574770838	0	77.8846574770838	DBCA	29_2	70	84.8697126642246
28.5714285714286	666.666666666667	79.6280597783696	0	79.6280597783696	DBCA	3_1	0	79.6280597783696
28.5714285714286	700	78.0857866920952	0	78.0857866920952	DBCA	3_1	140	87.4464561846533
28.5714285714286	733.333333333333	77.9356428894171	0	77.9356428894171	DBCA	3_1	70	84.9206980765578
28.5714285714286	766.666666666667	79.3742554235017	0	79.3742554235017	DBCA	3_1	280	79.6578308817242
28.5714285714286	800	79.547724813164	0	79.547724813164	DBCA	3_1	210	86.674567729416
28.5714285714286	833.333333333333	79.8731538035283	0	79.8731538035283	DBCA	3_2	70	86.8582089906691
28.5714285714286	866.666666666667	81.3443209672263	0	81.3443209672263	DBCA	3_2	140	90.7049904597845
28.5714285714286	900	80.5657605236955	0	80.5657605236955	DBCA	3_2	210	87.6926034399475
28.5714285714286	933.333333333333	75.3131766557919	0	75.3131766557919	DBCA	3_2	0	75.3131766557919
28.5714285714286	966.666666666667	80.3133070583099	0	80.3133070583099	DBCA	3_2	280	80.5968825165324
414.285714285714	666.666666666667	77.7534881326663	0	77.7534881326663	DBCA	30_1	210	84.8803310489184
414.285714285714	700	84.2264402958537	0	84.2264402958537	DBCA	30_1	280	84.5100157540762
414.285714285714	733.333333333333	81.5249929649982	0	81.5249929649982	DBCA	30_1	140	90.8856624575563
414.285714285714	766.666666666667	80.9084445505482	0	80.9084445505482	DBCA	30_1	0	80.9084445505482
414.285714285714	800	78.1618743779015	0	78.1618743779015	DBCA	30_1	70	85.1469295650423
414.285714285714	833.333333333333	81.007132083516	0	81.007132083516	DBCA	30_2	140	90.3678015760741
414.285714285714	866.666666666667	78.9601240496901	0	78.9601240496901	DBCA	30_2	280	79.2436995079126
414.285714285714	900	78.3538817393768	0	78.3538817393768	DBCA	30_2	0	78.3538817393768
414.285714285714	933.333333333333	79.1485578284318	0	79.1485578284318	DBCA	30_2	210	86.2754007446838
414.285714285714	966.666666666667	77.2738722909366	0	77.2738722909366	DBCA	30_2	70	84.2589274780774
428.571428571429	666.666666666667	75.1684096628643	0	75.1684096628643	DBCA	31_1	140	84.5290791554224
428.571428571429	700	77.6616535863467	0	77.6616535863467	DBCA	31_1	210	84.7884965025987
428.571428571429	733.333333333333	83.8430955823239	0	83.8430955823239	DBCA	31_1	0	83.8430955823239
428.571428571429	766.666666666667	82.0125444181589	0	82.0125444181589	DBCA	31_1	70	88.9975996052997
428.571428571429	800	81.4750300738451	0	81.4750300738451	DBCA	31_1	280	81.7586055320676
428.571428571429	833.333333333333	79.2168758866109	0	79.2168758866109	DBCA	31_2	280	79.5004513448334
428.571428571429	866.666666666667	81.6058731989877	0	81.6058731989877	DBCA	31_2	140	90.9665426915458
428.571428571429	900	77.1470421196866	0	77.1470421196866	DBCA	31_2	0	77.1470421196866
428.571428571429	933.333333333333	77.2910671762779	0	77.2910671762779	DBCA	31_2	210	84.4179100925299
428.571428571429	966.666666666667	83.0103935269077	0	83.0103935269077	DBCA	31_2	70	89.9954487140485
442.857142857143	666.666666666667	75.2202668125024	0	75.2202668125024	DBCA	32_1	140	84.5809363050605
442.857142857143	700	81.9089213022027	0	81.9089213022027	DBCA	32_1	0	81.9089213022027
442.857142857143	733.333333333333	80.0387731121552	0	80.0387731121552	DBCA	32_1	210	87.1656160284072
442.857142857143	766.666666666667	79.8282495969811	0	79.8282495969811	DBCA	32_1	70	86.8133047841219
442.857142857143	800	77.9970733519834	0	77.9970733519834	DBCA	32_1	280	78.2806488102059
442.857142857143	833.333333333333	78.3494030737948	0	78.3494030737948	DBCA	32_2	280	78.6329785320172
442.857142857143	866.666666666667	77.808983397651	0	77.808983397651	DBCA	32_2	0	77.808983397651
442.857142857143	900	80.0556668842858	0	80.0556668842858	DBCA	32_2	70	87.0407220714266
442.857142857143	933.333333333333	76.6019771095895	0	76.6019771095895	DBCA	32_2	140	85.9626466021476
442.857142857143	966.666666666667	81.599665964007	0	81.599665964007	DBCA	32_2	210	88.7265088802591
457.142857142857	666.666666666667	78.9726407478857	0	78.9726407478857	DBCA	33_1	0	78.9726407478857
457.142857142857	700	81.889910913635	0	81.889910913635	DBCA	33_1	140	91.2505804061931
457.142857142857	733.333333333333	78.100929548562	0	78.100929548562	DBCA	33_1	280	78.3845050067845
457.142857142857	766.666666666667	79.6285633817972	0	79.6285633817972	DBCA	33_1	70	86.6136185689379
457.142857142857	800	78.774247163713	0	78.774247163713	DBCA	33_1	210	85.901090079965
457.142857142857	833.333333333333	77.0549677859525	0	77.0549677859525	DBCA	33_2	140	86.4156372785107
457.142857142857	866.666666666667	78.3043850049424	0	78.3043850049424	DBCA	33_2	0	78.3043850049424
457.142857142857	900	82.3120453019209	0	82.3120453019209	DBCA	33_2	70	89.2971004890617
457.142857142857	933.333333333333	79.4801419198365	0	79.4801419198365	DBCA	33_2	280	79.7637173780589
457.142857142857	966.666666666667	80.0902615826899	0	80.0902615826899	DBCA	33_2	210	87.2171044989419
471.428571428571	666.666666666667	79.5178802603126	0	79.5178802603126	DBCA	34_1	70	86.5029354474533
471.428571428571	700	82.015532431255	0	82.015532431255	DBCA	34_1	210	89.142375347507
471.428571428571	733.333333333333	76.9060422231421	0	76.9060422231421	DBCA	34_1	280	77.1896176813646
471.428571428571	766.666666666667	78.1868761918368	0	78.1868761918368	DBCA	34_1	0	78.1868761918368
471.428571428571	800	80.4765169631506	0	80.4765169631506	DBCA	34_1	140	89.8371864557087
471.428571428571	833.333333333333	81.531154143101	0	81.531154143101	DBCA	34_2	210	88.657997059353
471.428571428571	866.666666666667	80.1130133945485	0	80.1130133945485	DBCA	34_2	70	87.0980685816893
471.428571428571	900	78.5283527144919	0	78.5283527144919	DBCA	34_2	280	78.8119281727144
471.428571428571	933.333333333333	81.4709953895946	0	81.4709953895946	DBCA	34_2	140	90.8316648821527
471.428571428571	966.666666666667	79.7599201846877	0	79.7599201846877	DBCA	34_2	0	79.7599201846877
485.714285714286	666.666666666667	80.5340325022571	0	80.5340325022571	DBCA	35_1	210	87.6608754185091
485.714285714286	700	79.0143624286932	0	79.0143624286932	DBCA	35_1	280	79.2979378869157
485.714285714286	733.333333333333	78.9325508098757	0	78.9325508098757	DBCA	35_1	0	78.9325508098757
485.714285714286	766.666666666667	79.6330236189555	0	79.6330236189555	DBCA	35_1	70	86.6180788060963
485.714285714286	800	80.182564148964	0	80.182564148964	DBCA	35_1	140	89.5432336415221
485.714285714286	833.333333333333	83.1179717042099	0	83.1179717042099	DBCA	35_2	140	92.4786411967681
485.714285714286	866.666666666667	79.5999266346286	0	79.5999266346286	DBCA	35_2	280	79.8835020928511
485.714285714286	900	77.0316981832026	0	77.0316981832026	DBCA	35_2	210	84.1585410994546
485.714285714286	933.333333333333	80.4883118011841	0	80.4883118011841	DBCA	35_2	0	80.4883118011841
485.714285714286	966.666666666667	76.4705729247012	0	76.4705729247012	DBCA	35_2	70	83.4556281118419
500	666.666666666667	82.8763187677925	0	82.8763187677925	DBCA	36_1	210	90.0031616840445
500	700	81.5499678674856	0	81.5499678674856	DBCA	36_1	280	81.8335433257081
500	733.333333333333	80.7721674791127	0	80.7721674791127	DBCA	36_1	70	87.7572226662535
500	766.666666666667	82.4412048022033	0	82.4412048022033	DBCA	36_1	0	82.4412048022033
500	800	81.4180379833513	0	81.4180379833513	DBCA	36_1	140	90.7787074759094
500	833.333333333333	81.6122151263615	0	81.6122151263615	DBCA	36_2	210	88.7390580426135
500	866.666666666667	79.2121119205631	0	79.2121119205631	DBCA	36_2	0	79.2121119205631
500	900	76.8842896424153	0	76.8842896424153	DBCA	36_2	70	83.8693448295561
500	933.333333333333	81.1897088149034	0	81.1897088149034	DBCA	36_2	280	81.4732842731259
500	966.666666666667	81.752076101371	0	81.752076101371	DBCA	36_2	140	91.1127455939291
514.285714285714	666.666666666667	83.496049242663	24.6	108.096049242663	DBCA	37_1	0	108.096049242663
514.285714285714	700	83.3989429801673	24.6	107.998942980167	DBCA	37_1	280	131.70171843839
514.285714285714	733.333333333333	79.2751106602	24.6	103.8751106602	DBCA	37_1	140	124.945380152758
514.285714285714	766.666666666667	85.0063691470939	24.6	109.606369147094	DBCA	37_1	210	134.297612063346
514.285714285714	800	82.2750148977099	24.6	106.87501489771	DBCA	37_1	70	119.714870084851
514.285714285714	833.333333333333	85.1969584679042	24.6	109.796958467904	DBCA	37_2	70	122.636813655045
514.285714285714	866.666666666667	78.9326722600784	24.6	103.532672260078	DBCA	37_2	210	128.22391517633
514.285714285714	900	77.8940726279085	24.6	102.494072627908	DBCA	37_2	140	123.564342120467
514.285714285714	933.333333333333	81.2539340309055	24.6	105.853934030905	DBCA	37_2	280	129.556709489128
514.285714285714	966.666666666667	79.7334658194525	24.6	104.333465819452	DBCA	37_2	0	104.333465819452
528.571428571429	666.666666666667	84.0768417041672	24.6	108.676841704167	DBCA	38_1	210	133.368084620419
528.571428571429	700	82.5023453883751	24.6	107.102345388375	DBCA	38_1	280	130.805120846598
528.571428571429	733.333333333333	80.3257394689519	24.6	104.925739468952	DBCA	38_1	70	117.765594656093
528.571428571429	766.666666666667	80.6414219451624	24.6	105.241421945162	DBCA	38_1	0	105.241421945162
528.571428571429	800	84.1963475171003	24.6	108.7963475171	DBCA	38_1	140	129.866617009658
528.571428571429	833.333333333333	80.5099375595457	24.6	105.109937559546	DBCA	38_2	210	129.801180475798
528.571428571429	866.666666666667	81.3649021917475	24.6	105.964902191748	DBCA	38_2	0	105.964902191748
528.571428571429	900	83.6295332770643	24.6	108.229533277064	DBCA	38_2	140	129.299802769622
528.571428571429	933.333333333333	79.3069848245637	24.6	103.906984824564	DBCA	38_2	70	116.746840011705
528.571428571429	966.666666666667	78.6891000967306	24.6	103.289100096731	DBCA	38_2	280	126.991875554953
542.857142857143	666.666666666667	83.9938488338892	24.6	108.593848833889	DBCA	39_1	140	129.664118326447
542.857142857143	700	82.8536331814144	24.6	107.453633181414	DBCA	39_1	280	131.156408639637
542.857142857143	733.333333333333	79.4053585907939	24.6	104.005358590794	DBCA	39_1	0	104.005358590794
542.857142857143	766.666666666667	82.9275011894354	24.6	107.527501189435	DBCA	39_1	70	120.367356376576
542.857142857143	800	83.670011148896	24.6	108.270011148896	DBCA	39_1	210	132.961254065148
542.857142857143	833.333333333333	79.5728273136666	24.6	104.172827313667	DBCA	39_2	140	125.243096806225
542.857142857143	866.666666666667	81.4659319284421	24.6	106.065931928442	DBCA	39_2	280	129.768707386665
542.857142857143	900	79.5980480434887	24.6	104.198048043489	DBCA	39_2	0	104.198048043489
542.857142857143	933.333333333333	79.0152307996242	24.6	103.615230799624	DBCA	39_2	70	116.455085986765
542.857142857143	966.666666666667	78.7173035092054	24.6	103.317303509205	DBCA	39_2	210	128.008546425457
42.8571428571429	666.666666666667	73.826973422332	0	73.826973422332	DBCA	4_1	140	83.1876429148901
42.8571428571429	700	75.8835892387534	0	75.8835892387534	DBCA	4_1	210	83.0104321550055
42.8571428571429	733.333333333333	79.4909036087221	0	79.4909036087221	DBCA	4_1	280	79.7744790669446
42.8571428571429	766.666666666667	78.367776586882	0	78.367776586882	DBCA	4_1	0	78.367776586882
42.8571428571429	800	78.8100486149941	0	78.8100486149941	DBCA	4_1	70	85.7951038021349
42.8571428571429	833.333333333333	76.9899853284625	0	76.9899853284625	DBCA	4_2	280	77.273560786685
42.8571428571429	866.666666666667	82.8233617120863	0	82.8233617120863	DBCA	4_2	210	89.9502046283383
42.8571428571429	900	78.7173231546601	0	78.7173231546601	DBCA	4_2	70	85.7023783418009
42.8571428571429	933.333333333333	74.3913806281967	0	74.3913806281967	DBCA	4_2	0	74.3913806281967
42.8571428571429	966.666666666667	76.6780785579179	0	76.6780785579179	DBCA	4_2	140	86.038748050476
557.142857142857	666.666666666667	83.1998692078424	24.6	107.799869207842	DBCA	40_1	140	128.870138700401
557.142857142857	700	81.2305397209889	24.6	105.830539720989	DBCA	40_1	70	118.67039490813
557.142857142857	733.333333333333	79.5274408608749	24.6	104.127440860875	DBCA	40_1	210	128.818683777127
557.142857142857	766.666666666667	80.0809737279946	24.6	104.680973727995	DBCA	40_1	280	128.383749186217
557.142857142857	800	82.2882747739511	24.6	106.888274773951	DBCA	40_1	0	106.888274773951
557.142857142857	833.333333333333	80.1972855287058	24.6	104.797285528706	DBCA	40_2	210	129.488528444958
557.142857142857	866.666666666667	80.3699808277085	24.6	104.969980827708	DBCA	40_2	140	126.040250320267
557.142857142857	900	79.9338182752733	24.6	104.533818275273	DBCA	40_2	280	128.236593733496
557.142857142857	933.333333333333	79.3233866206802	24.6	103.92338662068	DBCA	40_2	70	116.763241807821
557.142857142857	966.666666666667	79.5667077102921	24.6	104.166707710292	DBCA	40_2	0	104.166707710292
571.428571428571	666.666666666667	81.6589553178033	24.6	106.258955317803	DBCA	41_1	140	127.329224810361
571.428571428571	700	82.0893162906266	24.6	106.689316290627	DBCA	41_1	0	106.689316290627
571.428571428571	733.333333333333	81.2664781211307	24.6	105.866478121131	DBCA	41_1	280	129.569253579353
571.428571428571	766.666666666667	79.4469945395051	24.6	104.046994539505	DBCA	41_1	70	116.886849726646
571.428571428571	800	81.992128407281	24.6	106.592128407281	DBCA	41_1	210	131.283371323533
571.428571428571	833.333333333333	81.5840366921838	24.6	106.184036692184	DBCA	41_2	210	130.875279608436
571.428571428571	866.666666666667	79.2983908879236	24.6	103.898390887924	DBCA	41_2	280	127.601166346146
571.428571428571	900	81.9589024835502	24.6	106.55890248355	DBCA	41_2	70	119.398757670691
571.428571428571	933.333333333333	81.11498111554	24.6	105.71498111554	DBCA	41_2	140	126.785250608098
571.428571428571	966.666666666667	81.6210066010833	24.6	106.221006601083	DBCA	41_2	0	106.221006601083
585.714285714286	666.666666666667	79.7442734799776	24.6	104.344273479978	DBCA	42_1	0	104.344273479978
585.714285714286	700	84.2424881487533	24.6	108.842488148753	DBCA	42_1	210	133.533731065005
585.714285714286	733.333333333333	82.0383978269449	24.6	106.638397826945	DBCA	42_1	280	130.341173285167
585.714285714286	766.666666666667	79.6845062133427	24.6	104.284506213343	DBCA	42_1	140	125.354775705901
585.714285714286	800	82.3810448198589	24.6	106.981044819859	DBCA	42_1	70	119.820900007
585.714285714286	833.333333333333	80.1554658666925	24.6	104.755465866692	DBCA	42_2	140	125.825735359251
585.714285714286	866.666666666667	78.4216338897574	24.6	103.021633889757	DBCA	42_2	210	127.712876806009
585.714285714286	900	81.2184661214843	24.6	105.818466121484	DBCA	42_2	0	105.818466121484
585.714285714286	933.333333333333	83.8667235167626	24.6	108.466723516763	DBCA	42_2	70	121.306578703903
585.714285714286	966.666666666667	78.0931205711611	24.6	102.693120571161	DBCA	42_2	280	126.395896029384
600	666.666666666667	80.9467876771744	24.6	105.546787677174	DBCA	43_1	280	129.249563135397
600	700	83.9446786348054	24.6	108.544678634805	DBCA	43_1	210	133.235921551057
600	733.333333333333	82.9049258513134	24.6	107.504925851313	DBCA	43_1	0	107.504925851313
600	766.666666666667	78.9653076525659	24.6	103.565307652566	DBCA	43_1	140	124.635577145124
600	800	82.32911020377	24.6	106.92911020377	DBCA	43_1	70	119.768965390911
600	833.333333333333	80.1827281162413	24.6	104.782728116241	DBCA	43_2	140	125.852997608799
600	866.666666666667	73.9367613829429	24.6	98.5367613829429	DBCA	43_2	0	98.5367613829429
600	900	81.0123061456151	24.6	105.612306145615	DBCA	43_2	280	129.315081603838
600	933.333333333333	80.4358570381993	24.6	105.035857038199	DBCA	43_2	210	129.727099954451
600	966.666666666667	76.4090275161037	24.6	101.009027516104	DBCA	43_2	70	113.848882703244
614.285714285714	666.666666666667	80.5798821937319	24.6	105.179882193732	DBCA	44_1	140	126.25015168629
614.285714285714	700	82.4227310075534	24.6	107.022731007553	DBCA	44_1	280	130.725506465776
614.285714285714	733.333333333333	83.7117589500899	24.6	108.31175895009	DBCA	44_1	0	108.31175895009
614.285714285714	766.666666666667	83.6643089277291	24.6	108.264308927729	DBCA	44_1	70	121.10416411487
614.285714285714	800	82.7235897185983	24.6	107.323589718598	DBCA	44_1	210	132.01483263485
614.285714285714	833.333333333333	79.6626365073725	24.6	104.262636507372	DBCA	44_2	210	128.953879423624
614.285714285714	866.666666666667	76.799319082963	24.6	101.399319082963	DBCA	44_2	70	114.239174270104
614.285714285714	900	79.7083726495209	24.6	104.308372649521	DBCA	44_2	280	128.011148107743
614.285714285714	933.333333333333	76.5155393889853	24.6	101.115539388985	DBCA	44_2	0	101.115539388985
614.285714285714	966.666666666667	77.2305687599385	24.6	101.830568759939	DBCA	44_2	140	122.900838252497
628.571428571429	666.666666666667	78.8535652015218	24.6	103.453565201522	DBCA	45_1	140	124.52383469408
628.571428571429	700	79.2855809764964	24.6	103.885580976496	DBCA	45_1	0	103.885580976496
628.571428571429	733.333333333333	80.9758155862756	24.6	105.575815586276	DBCA	45_1	70	118.415670773416
628.571428571429	766.666666666667	82.469205043671	24.6	107.069205043671	DBCA	45_1	280	130.771980501893
628.571428571429	800	78.091217498431	24.6	102.691217498431	DBCA	45_1	210	127.382460414683
628.571428571429	833.333333333333	81.7949472048857	24.6	106.394947204886	DBCA	45_2	210	131.086190121138
628.571428571429	866.666666666667	78.6683446779416	24.6	103.268344677942	DBCA	45_2	70	116.108199865082
628.571428571429	900	79.2634159681249	24.6	103.863415968125	DBCA	45_2	0	103.863415968125
628.571428571429	933.333333333333	75.3809615954133	24.6	99.9809615954133	DBCA	45_2	280	123.683737053636
628.571428571429	966.666666666667	76.8618339454152	24.6	101.461833945415	DBCA	45_2	140	122.532103437973
642.857142857143	666.666666666667	78.1249061584196	24.6	102.72490615842	DBCA	46_1	0	102.72490615842
642.857142857143	700	78.5841562971522	24.6	103.184156297152	DBCA	46_1	70	116.024011484293
642.857142857143	733.333333333333	81.5431906375695	24.6	106.143190637569	DBCA	46_1	140	127.213460130128
642.857142857143	766.666666666667	83.835513152781	24.6	108.435513152781	DBCA	46_1	280	132.138288611003
642.857142857143	800	78.6255446463544	24.6	103.225544646354	DBCA	46_1	210	127.916787562606
642.857142857143	833.333333333333	79.7481588265867	24.6	104.348158826587	DBCA	46_2	140	125.418428319145
642.857142857143	866.666666666667	79.9626841502782	24.6	104.562684150278	DBCA	46_2	70	117.402539337419
642.857142857143	900	80.4088420147459	24.6	105.008842014746	DBCA	46_2	280	128.711617472968
642.857142857143	933.333333333333	76.3702128989185	24.6	100.970212898919	DBCA	46_2	0	100.970212898919
642.857142857143	966.666666666667	78.8116960731521	24.6	103.411696073152	DBCA	46_2	210	128.102938989404
657.142857142857	666.666666666667	78.6722209529832	24.6	103.272220952983	DBCA	47_1	280	126.974996411206
657.142857142857	700	80.8609666124559	24.6	105.460966612456	DBCA	47_1	210	130.152209528708
657.142857142857	733.333333333333	81.3233838909807	24.6	105.923383890981	DBCA	47_1	70	118.763239078121
657.142857142857	766.666666666667	80.0182854203913	24.6	104.618285420391	DBCA	47_1	140	125.688554912949
657.142857142857	800	80.5256827871065	24.6	105.125682787106	DBCA	47_1	0	105.125682787106
657.142857142857	833.333333333333	77.3874264004803	24.6	101.98742640048	DBCA	47_2	140	123.057695893038
657.142857142857	866.666666666667	79.3356072509436	24.6	103.935607250944	DBCA	47_2	70	116.775462438084
657.142857142857	900	79.1105169309273	24.6	103.710516930927	DBCA	47_2	210	128.401759847179
657.142857142857	933.333333333333	78.8264591402801	24.6	103.42645914028	DBCA	47_2	0	103.42645914028
657.142857142857	966.666666666667	78.6448989037152	24.6	103.244898903715	DBCA	47_2	280	126.947674361938
671.428571428571	666.666666666667	74.6341304664975	24.6	99.2341304664975	DBCA	48_1	70	112.073985653638
671.428571428571	700	79.1330211621899	24.6	103.73302116219	DBCA	48_1	280	127.435796620412
671.428571428571	733.333333333333	80.7781334462478	24.6	105.378133446248	DBCA	48_1	0	105.378133446248
671.428571428571	766.666666666667	79.311912356555	24.6	103.911912356555	DBCA	48_1	210	128.603155272807
671.428571428571	800	80.5686880474168	24.6	105.168688047417	DBCA	48_1	140	126.238957539975
671.428571428571	833.333333333333	80.9400039622435	24.6	105.540003962244	DBCA	48_2	0	105.540003962244
671.428571428571	866.666666666667	81.9593081079272	24.6	106.559308107927	DBCA	48_2	280	130.26208356615
671.428571428571	900	81.1240147685437	24.6	105.724014768544	DBCA	48_2	210	130.415257684796
671.428571428571	933.333333333333	76.9323143325965	24.6	101.532314332597	DBCA	48_2	70	114.372169519737
671.428571428571	966.666666666667	74.9516909976581	24.6	99.5516909976581	DBCA	48_2	140	120.621960490216
685.714285714286	666.666666666667	75.9613755347721	24.6	100.561375534772	DBCA	49_1	140	121.63164502733
685.714285714286	700	79.0003593994398	24.6	103.60035939944	DBCA	49_1	210	128.291602315692
685.714285714286	733.333333333333	80.0365903149995	24.6	104.636590314999	DBCA	49_1	0	104.636590314999
685.714285714286	766.666666666667	80.0380625845391	24.6	104.638062584539	DBCA	49_1	280	128.340838042762
685.714285714286	800	82.6562988406694	24.6	107.256298840669	DBCA	49_1	70	120.09615402781
685.714285714286	833.333333333333	79.6939517680452	24.6	104.293951768045	DBCA	49_2	210	128.985194684297
685.714285714286	866.666666666667	79.9617944099415	24.6	104.561794409941	DBCA	49_2	140	125.6320639025
685.714285714286	900	79.4551306787328	24.6	104.055130678733	DBCA	49_2	70	116.894985865874
685.714285714286	933.333333333333	75.4961376221115	24.6	100.096137622112	DBCA	49_2	280	123.798913080334
685.714285714286	966.666666666667	75.4567876578252	24.6	100.056787657825	DBCA	49_2	0	100.056787657825
57.1428571428571	666.666666666667	77.3243150367526	0	77.3243150367526	DBCA	5_1	140	86.6849845293108
57.1428571428571	700	77.7768440820048	0	77.7768440820048	DBCA	5_1	280	78.0604195402272
57.1428571428571	733.333333333333	83.9794523153562	0	83.9794523153562	DBCA	5_1	70	90.964507502497
57.1428571428571	766.666666666667	82.5469705572062	0	82.5469705572062	DBCA	5_1	210	89.6738134734583
57.1428571428571	800	82.2058996090337	0	82.2058996090337	DBCA	5_1	0	82.2058996090337
57.1428571428571	833.333333333333	78.9028736869968	0	78.9028736869968	DBCA	5_2	210	86.0297166032488
57.1428571428571	866.666666666667	82.3211616279926	0	82.3211616279926	DBCA	5_2	70	89.3062168151334
57.1428571428571	900	79.8060005320577	0	79.8060005320577	DBCA	5_2	280	80.0895759902802
57.1428571428571	933.333333333333	75.9835641391952	0	75.9835641391952	DBCA	5_2	0	75.9835641391952
57.1428571428571	966.666666666667	76.303722760174	0	76.303722760174	DBCA	5_2	140	85.6643922527321
700	666.666666666667	68.605073550379	24.6	93.205073550379	DBCA	50_1	210	117.896316466631
700	700	79.1960352140162	24.6	103.796035214016	DBCA	50_1	0	103.796035214016
700	733.333333333333	82.8717316557623	24.6	107.471731655762	DBCA	50_1	280	131.174507113985
700	766.666666666667	79.2063047402516	24.6	103.806304740252	DBCA	50_1	140	124.87657423281
700	800	79.2072715751985	24.6	103.807271575199	DBCA	50_1	70	116.647126762339
700	833.333333333333	78.6721821363002	24.6	103.2721821363	DBCA	50_2	0	103.2721821363
700	866.666666666667	75.3984232499863	24.6	99.9984232499863	DBCA	50_2	70	112.838278437127
700	900	80.0309706953813	24.6	104.630970695381	DBCA	50_2	140	125.701240187939
700	933.333333333333	74.8786059786386	24.6	99.4786059786386	DBCA	50_2	210	124.169848894891
700	966.666666666667	76.0943924849219	24.6	100.694392484922	DBCA	50_2	280	124.397167943144
714.285714285714	666.666666666667	78.2585873474595	24.6	102.85858734746	DBCA	51_1	210	127.549830263712
714.285714285714	700	82.7161030185959	24.6	107.316103018596	DBCA	51_1	280	131.018878476818
714.285714285714	733.333333333333	83.1127836479834	24.6	107.712783647983	DBCA	51_1	0	107.712783647983
714.285714285714	766.666666666667	75.5019267273605	24.6	100.101926727361	DBCA	51_1	70	112.941781914501
714.285714285714	800	81.1616091705216	24.6	105.761609170522	DBCA	51_1	140	126.83187866308
714.285714285714	833.333333333333	78.6995474689575	24.6	103.299547468957	DBCA	51_2	70	116.139402656098
714.285714285714	866.666666666667	72.5179118644254	24.6	97.1179118644254	DBCA	51_2	280	120.820687322648
714.285714285714	900	78.3764870339409	24.6	102.976487033941	DBCA	51_2	0	102.976487033941
714.285714285714	933.333333333333	71.1534513307967	24.6	95.7534513307967	DBCA	51_2	210	120.444694247049
714.285714285714	966.666666666667	77.5781011415204	24.6	102.17810114152	DBCA	51_2	140	123.248370634078
728.571428571429	666.666666666667	80.3889985648243	24.6	104.988998564824	DBCA	52_1	140	126.059268057382
728.571428571429	700	84.17237731495	24.6	108.77237731495	DBCA	52_1	280	132.475152773172
728.571428571429	733.333333333333	81.2234993916106	24.6	105.823499391611	DBCA	52_1	0	105.823499391611
728.571428571429	766.666666666667	77.1777957281834	24.6	101.777795728183	DBCA	52_1	210	126.469038644435
728.571428571429	800	78.8901021012137	24.6	103.490102101214	DBCA	52_1	70	116.329957288355
728.571428571429	833.333333333333	77.7423923213739	24.6	102.342392321374	DBCA	52_2	0	102.342392321374
728.571428571429	866.666666666667	72.3376504156546	24.6	96.9376504156546	DBCA	52_2	140	118.007919908213
728.571428571429	900	71.227720320782	24.6	95.827720320782	DBCA	52_2	280	119.530495779005
728.571428571429	933.333333333333	74.0024349612866	24.6	98.6024349612866	DBCA	52_2	210	123.293677877539
728.571428571429	966.666666666667	75.8725577105017	24.6	100.472557710502	DBCA	52_2	70	113.312412897642
742.857142857143	666.666666666667	79.7748382716214	24.6	104.374838271621	DBCA	53_1	210	129.066081187873
742.857142857143	700	81.4347029729035	24.6	106.034702972903	DBCA	53_1	70	118.874558160044
742.857142857143	733.333333333333	85.315195153623	24.6	109.915195153623	DBCA	53_1	140	130.985464646181
742.857142857143	766.666666666667	79.1150817846812	24.6	103.715081784681	DBCA	53_1	0	103.715081784681
742.857142857143	800	81.9495435426388	24.6	106.549543542639	DBCA	53_1	280	130.252319000861
742.857142857143	833.333333333333	73.965030478052	24.6	98.565030478052	DBCA	53_2	140	119.63529997061
742.857142857143	866.666666666667	73.6262221990855	24.6	98.2262221990855	DBCA	53_2	70	111.066077386226
742.857142857143	900	73.8970350898442	24.6	98.4970350898442	DBCA	53_2	0	98.4970350898442
742.857142857143	933.333333333333	76.7957906873332	24.6	101.395790687333	DBCA	53_2	210	126.087033603585
742.857142857143	966.666666666667	76.6682385910174	24.6	101.268238591017	DBCA	53_2	280	124.97101404924
757.142857142857	666.666666666667	80.2216701446169	24.6	104.821670144617	DBCA	54_1	0	104.821670144617
757.142857142857	700	81.5501650187458	24.6	106.150165018746	DBCA	54_1	140	127.220434511304
757.142857142857	733.333333333333	80.2799972086903	24.6	104.87999720869	DBCA	54_1	210	129.571240124942
757.142857142857	766.666666666667	79.4055527057132	24.6	104.005552705713	DBCA	54_1	70	116.845407892854
757.142857142857	800	78.4740162430178	24.6	103.074016243018	DBCA	54_1	280	126.77679170124
757.142857142857	833.333333333333	77.7982659853185	24.6	102.398265985319	DBCA	54_2	0	102.398265985319
757.142857142857	866.666666666667	76.0160507435234	24.6	100.616050743523	DBCA	54_2	210	125.307293659775
757.142857142857	900	74.3560979718621	24.6	98.9560979718621	DBCA	54_2	140	120.02636746442
757.142857142857	933.333333333333	77.5572950462136	24.6	102.157295046214	DBCA	54_2	70	114.997150233354
757.142857142857	966.666666666667	76.287610315933	24.6	100.887610315933	DBCA	54_2	280	124.590385774156
771.428571428571	666.666666666667	81.0641538876157	24.6	105.664153887616	DBCA	55_1	210	130.355396803868
771.428571428571	700	81.8298393116309	24.6	106.429839311631	DBCA	55_1	70	119.269694498772
771.428571428571	733.333333333333	78.8772205586134	24.6	103.477220558613	DBCA	55_1	140	124.547490051172
771.428571428571	766.666666666667	78.1284470332818	24.6	102.728447033282	DBCA	55_1	0	102.728447033282
771.428571428571	800	77.7151927392583	24.6	102.315192739258	DBCA	55_1	280	126.017968197481
771.428571428571	833.333333333333	78.3129886416542	24.6	102.912988641654	DBCA	55_2	280	126.615764099877
771.428571428571	866.666666666667	75.8671260970445	24.6	100.467126097045	DBCA	55_2	0	100.467126097045
771.428571428571	900	73.8247480325693	24.6	98.4247480325693	DBCA	55_2	70	111.26460321971
771.428571428571	933.333333333333	79.2842957239564	24.6	103.884295723956	DBCA	55_2	140	124.954565216515
771.428571428571	966.666666666667	75.0142034666946	24.6	99.6142034666945	DBCA	55_2	210	124.305446382947
785.714285714286	666.666666666667	79.251198580025	24.6	103.851198580025	DBCA	56_1	280	127.553974038248
785.714285714286	700	81.8886366658837	24.6	106.488636665884	DBCA	56_1	0	106.488636665884
785.714285714286	733.333333333333	81.1101213528386	24.6	105.710121352839	DBCA	56_1	70	118.549976539979
785.714285714286	766.666666666667	78.2300083323138	24.6	102.830008332314	DBCA	56_1	210	127.521251248566
785.714285714286	800	78.1634203272841	24.6	102.763420327284	DBCA	56_1	140	123.833689819842
785.714285714286	833.333333333333	78.0307921450537	24.6	102.630792145054	DBCA	56_2	70	115.470647332195
785.714285714286	866.666666666667	81.0634443399296	24.6	105.66344433993	DBCA	56_2	280	129.366219798152
785.714285714286	900	73.5481605332592	24.6	98.1481605332592	DBCA	56_2	0	98.1481605332592
785.714285714286	933.333333333333	75.9003984222041	24.6	100.500398422204	DBCA	56_2	140	121.570667914762
785.714285714286	966.666666666667	74.360355394116	24.6	98.960355394116	DBCA	56_2	210	123.651598310368
800	666.666666666667	84.3065390657534	24.6	108.906539065753	DBCA	57_1	0	108.906539065753
800	700	81.0710855205979	24.6	105.671085520598	DBCA	57_1	70	118.510940707739
800	733.333333333333	79.6115887600639	24.6	104.211588760064	DBCA	57_1	210	128.902831676316
800	766.666666666667	80.9395806192219	24.6	105.539580619222	DBCA	57_1	280	129.242356077444
800	800	81.1417482825458	24.6	105.741748282546	DBCA	57_1	140	126.812017775104
800	833.333333333333	77.8705547457396	24.6	102.47055474574	DBCA	57_2	210	127.161797661992
800	866.666666666667	81.304016827413	24.6	105.904016827413	DBCA	57_2	0	105.904016827413
800	900	75.9880736450886	24.6	100.588073645089	DBCA	57_2	280	124.290849103311
800	933.333333333333	73.9214779554261	24.6	98.5214779554261	DBCA	57_2	140	119.591747447984
800	966.666666666667	76.168979653094	24.6	100.768979653094	DBCA	57_2	70	113.608834840235
814.285714285714	666.666666666667	85.5128939411506	24.6	110.112893941151	DBCA	58_1	70	122.952749128291
814.285714285714	700	83.263680889995	24.6	107.863680889995	DBCA	58_1	0	107.863680889995
814.285714285714	733.333333333333	86.685234343471	24.6	111.285234343471	DBCA	58_1	140	132.355503836029
814.285714285714	766.666666666667	80.3444330249208	24.6	104.944433024921	DBCA	58_1	280	128.647208483143
814.285714285714	800	79.6226671151984	24.6	104.222667115198	DBCA	58_1	210	128.91391003145
814.285714285714	833.333333333333	79.1246116939819	24.6	103.724611693982	DBCA	58_2	0	103.724611693982
814.285714285714	866.666666666667	76.1930481934073	24.6	100.793048193407	DBCA	58_2	140	121.863317685965
814.285714285714	900	74.3702253323426	24.6	98.9702253323426	DBCA	58_2	70	111.810080519483
814.285714285714	933.333333333333	71.7508719785128	24.6	96.3508719785128	DBCA	58_2	280	120.053647436735
814.285714285714	966.666666666667	78.8803109626558	24.6	103.480310962656	DBCA	58_2	210	128.171553878908
828.571428571429	666.666666666667	85.8481544397975	24.6	110.448154439797	DBCA	59_1	70	123.288009626938
828.571428571429	700	82.8522810042313	24.6	107.452281004231	DBCA	59_1	140	128.522550496789
828.571428571429	733.333333333333	81.773614135465	24.6	106.373614135465	DBCA	59_1	0	106.373614135465
828.571428571429	766.666666666667	82.2493886572624	24.6	106.849388657262	DBCA	59_1	210	131.540631573514
828.571428571429	800	79.5096042292942	24.6	104.109604229294	DBCA	59_1	280	127.812379687517
828.571428571429	833.333333333333	73.9189658046108	24.6	98.5189658046108	DBCA	59_2	280	122.221741262833
828.571428571429	866.666666666667	78.4412950596585	24.6	103.041295059659	DBCA	59_2	210	127.732537975911
828.571428571429	900	73.5514585836696	24.6	98.1514585836696	DBCA	59_2	0	98.1514585836696
828.571428571429	933.333333333333	74.6416860274306	24.6	99.2416860274306	DBCA	59_2	70	112.081541214571
828.571428571429	966.666666666667	77.0919523205264	24.6	101.691952320526	DBCA	59_2	140	122.762221813085
71.4285714285714	666.666666666667	77.5356464961611	0	77.5356464961611	DBCA	6_1	280	77.8192219543836
71.4285714285714	700	77.8024529480282	0	77.8024529480282	DBCA	6_1	70	84.787508135169
71.4285714285714	733.333333333333	80.3237579758495	0	80.3237579758495	DBCA	6_1	0	80.3237579758495
71.4285714285714	766.666666666667	83.8939396241554	0	83.8939396241554	DBCA	6_1	210	91.0207825404074
71.4285714285714	800	81.1005462421567	0	81.1005462421567	DBCA	6_1	140	90.4612157347148
71.4285714285714	833.333333333333	79.693410457308	0	79.693410457308	DBCA	6_2	280	79.9769859155305
71.4285714285714	866.666666666667	81.2130115490799	0	81.2130115490799	DBCA	6_2	0	81.2130115490799
71.4285714285714	900	80.4611395385324	0	80.4611395385324	DBCA	6_2	70	87.4461947256732
71.4285714285714	933.333333333333	81.342489893463	0	81.342489893463	DBCA	6_2	210	88.469332809715
71.4285714285714	966.666666666667	73.734041805963	0	73.734041805963	DBCA	6_2	140	83.0947112985212
842.857142857143	666.666666666667	84.4536292210151	24.6	109.053629221015	DBCA	60_1	140	130.123898713573
842.857142857143	700	80.6374815451811	24.6	105.237481545181	DBCA	60_1	210	129.928724461433
842.857142857143	733.333333333333	79.2224898606813	24.6	103.822489860681	DBCA	60_1	70	116.662345047822
842.857142857143	766.666666666667	81.2145869280818	24.6	105.814586928082	DBCA	60_1	0	105.814586928082
842.857142857143	800	76.6811973107297	24.6	101.28119731073	DBCA	60_1	280	124.983972768952
842.857142857143	833.333333333333	76.3336994106331	24.6	100.933699410633	DBCA	60_2	210	125.624942326885
842.857142857143	866.666666666667	76.6740338728409	24.6	101.274033872841	DBCA	60_2	280	124.976809331063
842.857142857143	900	74.6176953907728	24.6	99.2176953907727	DBCA	60_2	0	99.2176953907727
842.857142857143	933.333333333333	74.547102260934	24.6	99.147102260934	DBCA	60_2	70	111.986957448075
842.857142857143	966.666666666667	77.4863655375506	24.6	102.086365537551	DBCA	60_2	140	123.156635030109
857.142857142857	666.666666666667	81.9704246723211	24.6	106.570424672321	DBCA	61_1	0	106.570424672321
857.142857142857	700	82.099283462025	24.6	106.699283462025	DBCA	61_1	140	127.769552954583
857.142857142857	733.333333333333	82.5756326977917	24.6	107.175632697792	DBCA	61_1	210	131.866875614044
857.142857142857	766.666666666667	82.3180247126858	24.6	106.918024712686	DBCA	61_1	70	119.757879899827
857.142857142857	800	81.9935964774396	24.6	106.59359647744	DBCA	61_1	280	130.296371935662
857.142857142857	833.333333333333	76.8691325306145	24.6	101.469132530615	DBCA	61_2	0	101.469132530615
857.142857142857	866.666666666667	77.0905273544021	24.6	101.690527354402	DBCA	61_2	210	126.381770270654
857.142857142857	900	78.1735776485985	24.6	102.773577648598	DBCA	61_2	280	126.476353106821
857.142857142857	933.333333333333	76.5191345876648	24.6	101.119134587665	DBCA	61_2	70	113.958989774806
857.142857142857	966.666666666667	78.3871490232152	24.6	102.987149023215	DBCA	61_2	140	124.057418515773
871.428571428571	666.666666666667	82.3533381223758	24.6	106.953338122376	DBCA	62_1	140	128.023607614934
871.428571428571	700	78.4254569450995	24.6	103.0254569451	DBCA	62_1	280	126.728232403322
871.428571428571	733.333333333333	81.2091458543307	24.6	105.809145854331	DBCA	62_1	70	118.649001041472
871.428571428571	766.666666666667	80.3082898817153	24.6	104.908289881715	DBCA	62_1	0	104.908289881715
871.428571428571	800	81.4186493346785	24.6	106.018649334678	DBCA	62_1	210	130.709892250931
871.428571428571	833.333333333333	73.2840187475951	24.6	97.8840187475951	DBCA	62_2	210	122.575261663847
871.428571428571	866.666666666667	74.6008115109275	24.6	99.2008115109275	DBCA	62_2	280	122.90358696915
871.428571428571	900	77.3240597880725	24.6	101.924059788072	DBCA	62_2	140	122.994329280631
871.428571428571	933.333333333333	78.5978054630249	24.6	103.197805463025	DBCA	62_2	0	103.197805463025
871.428571428571	966.666666666667	81.7257576565248	24.6	106.325757656525	DBCA	62_2	70	119.165612843666
885.714285714286	666.666666666667	80.9379838632011	24.6	105.537983863201	DBCA	63_1	0	105.537983863201
885.714285714286	700	80.9285591694821	24.6	105.528559169482	DBCA	63_1	280	129.231334627705
885.714285714286	733.333333333333	77.8364179831774	24.6	102.436417983177	DBCA	63_1	210	127.127660899429
885.714285714286	766.666666666667	81.1435849560412	24.6	105.743584956041	DBCA	63_1	70	118.583440143182
885.714285714286	800	78.5679504932748	24.6	103.167950493275	DBCA	63_1	140	124.238219985833
885.714285714286	833.333333333333	73.8597053930458	24.6	98.4597053930458	DBCA	63_2	140	119.529974885604
885.714285714286	866.666666666667	75.0037194639311	24.6	99.6037194639311	DBCA	63_2	280	123.306494922154
885.714285714286	900	79.1830505629137	24.6	103.783050562914	DBCA	63_2	70	116.622905750054
885.714285714286	933.333333333333	80.9644800834552	24.6	105.564480083455	DBCA	63_2	210	130.255722999707
885.714285714286	966.666666666667	80.0574762251882	24.6	104.657476225188	DBCA	63_2	0	104.657476225188
900	666.666666666667	83.9549795861235	24.6	108.554979586123	DBCA	64_1	0	108.554979586123
900	700	81.5298211560808	24.6	106.129821156081	DBCA	64_1	70	118.969676343222
900	733.333333333333	78.8008352096647	24.6	103.400835209665	DBCA	64_1	140	124.471104702223
900	766.666666666667	82.2679508331278	24.6	106.867950833128	DBCA	64_1	280	130.57072629135
900	800	84.4634191737115	24.6	109.063419173712	DBCA	64_1	210	133.754662089964
900	833.333333333333	77.9260445634877	24.6	102.526044563488	DBCA	64_2	280	126.22882002171
900	866.666666666667	76.1565104896155	24.6	100.756510489615	DBCA	64_2	140	121.826779982174
900	900	77.73389858362	24.6	102.33389858362	DBCA	64_2	70	115.173753770761
900	933.333333333333	79.8762320381931	24.6	104.476232038193	DBCA	64_2	0	104.476232038193
900	966.666666666667	79.5966473729023	24.6	104.196647372902	DBCA	64_2	210	128.887890289154
914.285714285714	666.666666666667	79.1344449370131	24.6	103.734444937013	DBCA	65_1	210	128.425687853265
914.285714285714	700	80.1873100782146	24.6	104.787310078215	DBCA	65_1	280	128.490085536437
914.285714285714	733.333333333333	79.2335240235615	24.6	103.833524023562	DBCA	65_1	140	124.90379351612
914.285714285714	766.666666666667	82.7494895530687	24.6	107.349489553069	DBCA	65_1	0	107.349489553069
914.285714285714	800	80.551917658785	24.6	105.151917658785	DBCA	65_1	70	117.991772845926
914.285714285714	833.333333333333	82.9690496728891	24.6	107.569049672889	DBCA	65_2	0	107.569049672889
914.285714285714	866.666666666667	78.0702104684135	24.6	102.670210468413	DBCA	65_2	140	123.740479960972
914.285714285714	900	73.1115447723826	24.6	97.7115447723826	DBCA	65_2	70	110.551399959523
914.285714285714	933.333333333333	77.9204437359812	24.6	102.520443735981	DBCA	65_2	210	127.211686652233
914.285714285714	966.666666666667	79.3645439252198	24.6	103.96454392522	DBCA	65_2	280	127.667319383442
928.571428571429	666.666666666667	78.9304586029243	24.6	103.530458602924	DBCA	66_1	210	128.221701519176
928.571428571429	700	76.2247153822673	24.6	100.824715382267	DBCA	66_1	0	100.824715382267
928.571428571429	733.333333333333	77.4921512475371	24.6	102.092151247537	DBCA	66_1	70	114.932006434678
928.571428571429	766.666666666667	82.9400565908906	24.6	107.540056590891	DBCA	66_1	280	131.242832049113
928.571428571429	800	84.0717033844742	24.6	108.671703384474	DBCA	66_1	140	129.741972877032
928.571428571429	833.333333333333	79.9792468424367	24.6	104.579246842437	DBCA	66_2	70	117.419102029578
928.571428571429	866.666666666667	77.3408290949281	24.6	101.940829094928	DBCA	66_2	0	101.940829094928
928.571428571429	900	73.6420227645769	24.6	98.2420227645769	DBCA	66_2	140	119.312292257135
928.571428571429	933.333333333333	78.2969289063653	24.6	102.896928906365	DBCA	66_2	210	127.588171822617
928.571428571429	966.666666666667	78.8403819073698	24.6	103.44038190737	DBCA	66_2	280	127.143157365592
942.857142857143	666.666666666667	79.1463341219151	24.6	103.746334121915	DBCA	67_1	210	128.437577038167
942.857142857143	700	80.9070040428127	24.6	105.507004042813	DBCA	67_1	140	126.577273535371
942.857142857143	733.333333333333	80.8610845756102	24.6	105.46108457561	DBCA	67_1	280	129.163860033833
942.857142857143	766.666666666667	82.0938120509118	24.6	106.693812050912	DBCA	67_1	0	106.693812050912
942.857142857143	800	82.5313670736879	24.6	107.131367073688	DBCA	67_1	70	119.971222260829
942.857142857143	833.333333333333	81.3249086940986	24.6	105.924908694099	DBCA	67_2	280	129.627684152321
942.857142857143	866.666666666667	73.935371808655	24.6	98.535371808655	DBCA	67_2	0	98.535371808655
942.857142857143	900	74.9424278771486	24.6	99.5424278771486	DBCA	67_2	140	120.612697369707
942.857142857143	933.333333333333	75.3665156070774	24.6	99.9665156070774	DBCA	67_2	210	124.657758523329
942.857142857143	966.666666666667	75.9119898551726	24.6	100.511989855173	DBCA	67_2	70	113.351845042313
957.142857142857	666.666666666667	83.2143893560299	24.6	107.81438935603	DBCA	68_1	280	131.517164814252
957.142857142857	700	81.6688767339189	24.6	106.268876733919	DBCA	68_1	0	106.268876733919
957.142857142857	733.333333333333	80.9119238837622	24.6	105.511923883762	DBCA	68_1	70	118.351779070903
957.142857142857	766.666666666667	78.2846153574284	24.6	102.884615357428	DBCA	68_1	140	123.954884849986
957.142857142857	800	80.9880910393225	24.6	105.588091039323	DBCA	68_1	210	130.279333955575
957.142857142857	833.333333333333	78.242455421542	24.6	102.842455421542	DBCA	68_2	70	115.682310608683
957.142857142857	866.666666666667	76.4667907383753	24.6	101.066790738375	DBCA	68_2	280	124.769566196598
957.142857142857	900	77.628555253255	24.6	102.228555253255	DBCA	68_2	210	126.919798169507
957.142857142857	933.333333333333	76.817524186454	24.6	101.417524186454	DBCA	68_2	140	122.487793679012
957.142857142857	966.666666666667	76.9824905757574	24.6	101.582490575757	DBCA	68_2	0	101.582490575757
971.428571428571	666.666666666667	82.5041982271212	24.6	107.104198227121	DBCA	69_1	280	130.806973685344
971.428571428571	700	82.1852368880178	24.6	106.785236888018	DBCA	69_1	0	106.785236888018
971.428571428571	733.333333333333	81.4327866354941	24.6	106.032786635494	DBCA	69_1	70	118.872641822635
971.428571428571	766.666666666667	76.8963430117681	24.6	101.496343011768	DBCA	69_1	210	126.18758592802
971.428571428571	800	83.8600589216633	24.6	108.460058921663	DBCA	69_1	140	129.530328414221
971.428571428571	833.333333333333	81.3494513390796	24.6	105.94945133908	DBCA	69_2	280	129.652226797302
971.428571428571	866.666666666667	83.3941430683272	24.6	107.994143068327	DBCA	69_2	140	129.064412560885
971.428571428571	900	79.4145163966123	24.6	104.014516396612	DBCA	69_2	70	116.854371583753
971.428571428571	933.333333333333	78.9436753737987	24.6	103.543675373799	DBCA	69_2	210	128.234918290051
971.428571428571	966.666666666667	75.4917711254707	24.6	100.091771125471	DBCA	69_2	0	100.091771125471
85.7142857142857	666.666666666667	80.3113161201889	0	80.3113161201889	DBCA	7_1	280	80.5948915784114
85.7142857142857	700	78.3894693297628	0	78.3894693297628	DBCA	7_1	140	87.7501388223209
85.7142857142857	733.333333333333	80.9174183336957	0	80.9174183336957	DBCA	7_1	210	88.0442612499478
85.7142857142857	766.666666666667	80.2737063827357	0	80.2737063827357	DBCA	7_1	70	87.2587615698765
85.7142857142857	800	75.5181916981163	0	75.5181916981163	DBCA	7_1	0	75.5181916981163
85.7142857142857	833.333333333333	78.9392022387535	0	78.9392022387535	DBCA	7_2	210	86.0660451550055
85.7142857142857	866.666666666667	82.3535046564197	0	82.3535046564197	DBCA	7_2	70	89.3385598435605
85.7142857142857	900	83.5386573962119	0	83.5386573962119	DBCA	7_2	140	92.89932688877
85.7142857142857	933.333333333333	79.6724897774337	0	79.6724897774337	DBCA	7_2	0	79.6724897774337
85.7142857142857	966.666666666667	80.0269902305557	0	80.0269902305557	DBCA	7_2	280	80.3105656887781
985.714285714286	666.666666666667	82.1884498923503	24.6	106.78844989235	DBCA	70_1	210	131.479692808602
985.714285714286	700	81.228741554186	24.6	105.828741554186	DBCA	70_1	280	129.531517012409
985.714285714286	733.333333333333	76.7409298204123	24.6	101.340929820412	DBCA	70_1	140	122.41119931297
985.714285714286	766.666666666667	77.2540400002779	24.6	101.854040000278	DBCA	70_1	70	114.693895187419
985.714285714286	800	78.2319706097127	24.6	102.831970609713	DBCA	70_1	0	102.831970609713
985.714285714286	833.333333333333	81.8434604800505	24.6	106.44346048005	DBCA	70_2	210	131.134703396302
985.714285714286	866.666666666667	80.2572586786174	24.6	104.857258678617	DBCA	70_2	0	104.857258678617
985.714285714286	900	75.9929934285046	24.6	100.592993428505	DBCA	70_2	140	121.663262921063
985.714285714286	933.333333333333	79.4805248136333	24.6	104.080524813633	DBCA	70_2	70	116.920380000774
985.714285714286	966.666666666667	72.6617369473771	24.6	97.2617369473771	DBCA	70_2	280	120.9645124056
1000	666.666666666667	86.4171329038529	24.6	111.017132903853	DBCA	71_1	210	135.708375820105
1000	700	77.6572603328572	24.6	102.257260332857	DBCA	71_1	140	123.327529825415
1000	733.333333333333	79.1640775853989	24.6	103.764077585399	DBCA	71_1	70	116.60393277254
1000	766.666666666667	76.6104840913654	24.6	101.210484091365	DBCA	71_1	280	124.913259549588
1000	800	79.2040635058798	24.6	103.80406350588	DBCA	71_1	0	103.80406350588
1000	833.333333333333	84.0871213008607	24.6	108.687121300861	DBCA	71_2	140	129.757390793419
1000	866.666666666667	80.0873278025999	24.6	104.6873278026	DBCA	71_2	280	128.390103260822
1000	900	75.3972283278685	24.6	99.9972283278685	DBCA	71_2	210	124.68847124412
1000	933.333333333333	76.2634779010272	24.6	100.863477901027	DBCA	71_2	70	113.703333088168
1000	966.666666666667	71.0896177908892	24.6	95.6896177908892	DBCA	71_2	0	95.6896177908892
100	666.666666666667	77.5245252901625	0	77.5245252901625	DBCA	8_1	70	84.5095804773033
100	700	77.2008774210419	0	77.2008774210419	DBCA	8_1	140	86.5615469136001
100	733.333333333333	83.6131871146691	0	83.6131871146691	DBCA	8_1	280	83.8967625728916
100	766.666666666667	79.3097551787032	0	79.3097551787032	DBCA	8_1	0	79.3097551787032
100	800	77.7698223098258	0	77.7698223098258	DBCA	8_1	210	84.8966652260778
100	833.333333333333	79.3664416455204	0	79.3664416455204	DBCA	8_2	210	86.4932845617724
100	866.666666666667	83.6474374666903	0	83.6474374666903	DBCA	8_2	280	83.9310129249128
100	900	80.4191613488278	0	80.4191613488278	DBCA	8_2	0	80.4191613488278
100	933.333333333333	77.8796563430585	0	77.8796563430585	DBCA	8_2	70	84.8647115301993
100	966.666666666667	76.7859482742394	0	76.7859482742394	DBCA	8_2	140	86.1466177667975
114.285714285714	666.666666666667	79.0071525611203	0	79.0071525611203	DBCA	9_1	210	86.1339954773724
114.285714285714	700	77.7735606364688	0	77.7735606364688	DBCA	9_1	140	87.134230129027
114.285714285714	733.333333333333	81.5518134272014	0	81.5518134272014	DBCA	9_1	280	81.8353888854239
114.285714285714	766.666666666667	80.3876655613904	0	80.3876655613904	DBCA	9_1	0	80.3876655613904
114.285714285714	800	80.3827544375309	0	80.3827544375309	DBCA	9_1	70	87.3678096246717
114.285714285714	833.333333333333	76.2888422723859	0	76.2888422723859	DBCA	9_2	210	83.415685188638
114.285714285714	866.666666666667	86.1052702889239	0	86.1052702889239	DBCA	9_2	0	86.1052702889239
114.285714285714	900	83.7570424321915	0	83.7570424321915	DBCA	9_2	280	84.040617890414
114.285714285714	933.333333333333	81.4152465565222	0	81.4152465565222	DBCA	9_2	70	88.400301743663
114.285714285714	966.666666666667	79.1676293143826	0	79.1676293143826	DBCA	9_2	140	88.5282988069408
0	1000	78.243232952999	0	78.243232952999	DBCA	1_3	NA	NA
14.2857142857143	1000	77.7046686663931	0	77.7046686663931	DBCA	2_3	NA	NA
28.5714285714286	1000	77.5694282348791	0	77.5694282348791	DBCA	3_3	NA	NA
42.8571428571429	1000	79.8593444580117	0	79.8593444580117	DBCA	4_3	NA	NA
57.1428571428571	1000	79.4170998619324	0	79.4170998619324	DBCA	5_3	NA	NA
71.4285714285714	1000	77.9315772850308	0	77.9315772850308	DBCA	6_3	NA	NA
85.7142857142857	1000	78.8089119625356	0	78.8089119625356	DBCA	7_3	NA	NA
100	1000	77.7627582727619	0	77.7627582727619	DBCA	8_3	NA	NA
114.285714285714	1000	81.1837261519304	0	81.1837261519304	DBCA	9_3	NA	NA
128.571428571429	1000	79.2465088223285	0	79.2465088223285	DBCA	10_3	NA	NA
142.857142857143	1000	79.9578041184387	0	79.9578041184387	DBCA	11_3	NA	NA
157.142857142857	1000	82.4785484640509	0	82.4785484640509	DBCA	12_3	NA	NA
171.428571428571	1000	77.9486260636847	0	77.9486260636847	DBCA	13_3	NA	NA
185.714285714286	1000	82.3763996284141	0	82.3763996284141	DBCA	14_3	NA	NA
200	1000	80.8177836619888	0	80.8177836619888	DBCA	15_3	NA	NA
214.285714285714	1000	81.2242134731922	0	81.2242134731922	DBCA	16_3	NA	NA
228.571428571429	1000	79.3442442444078	0	79.3442442444078	DBCA	17_3	NA	NA
242.857142857143	1000	79.491216113305	0	79.491216113305	DBCA	18_3	NA	NA
257.142857142857	1000	75.8267630606043	0	75.8267630606043	DBCA	19_3	NA	NA
271.428571428571	1000	76.3740228030459	0	76.3740228030459	DBCA	20_3	NA	NA
285.714285714286	1000	76.2409708046055	0	76.2409708046055	DBCA	21_3	NA	NA
300	1000	74.4935010214992	0	74.4935010214992	DBCA	22_3	NA	NA
314.285714285714	1000	75.324690264342	0	75.324690264342	DBCA	23_3	NA	NA
328.571428571429	1000	75.5433444688984	0	75.5433444688984	DBCA	24_3	NA	NA
342.857142857143	1000	74.1700921990437	0	74.1700921990437	DBCA	25_3	NA	NA
357.142857142857	1000	74.6573051828754	0	74.6573051828754	DBCA	26_3	NA	NA
371.428571428571	1000	78.454446677483	0	78.454446677483	DBCA	27_3	NA	NA
385.714285714286	1000	75.2035780735025	0	75.2035780735025	DBCA	28_3	NA	NA
400	1000	78.347102212135	0	78.347102212135	DBCA	29_3	NA	NA
414.285714285714	1000	79.2006083672027	0	79.2006083672027	DBCA	30_3	NA	NA
428.571428571429	1000	77.3369477793135	0	77.3369477793135	DBCA	31_3	NA	NA
442.857142857143	1000	77.9288396969598	0	77.9288396969598	DBCA	32_3	NA	NA
457.142857142857	1000	75.6615429562782	0	75.6615429562782	DBCA	33_3	NA	NA
471.428571428571	1000	78.9287949593006	0	78.9287949593006	DBCA	34_3	NA	NA
485.714285714286	1000	78.5601473917469	0	78.5601473917469	DBCA	35_3	NA	NA
500	1000	77.1698398389717	0	77.1698398389717	DBCA	36_3	NA	NA
514.285714285714	1000	76.7333583953151	24.6	101.333358395315	DBCA	37_3	NA	NA
528.571428571429	1000	77.2870818872951	24.6	101.887081887295	DBCA	38_3	NA	NA
542.857142857143	1000	78.4186313265786	24.6	103.018631326579	DBCA	39_3	NA	NA
557.142857142857	1000	77.2925893395443	24.6	101.892589339544	DBCA	40_3	NA	NA
571.428571428571	1000	76.3333105795616	24.6	100.933310579562	DBCA	41_3	NA	NA
585.714285714286	1000	76.208232554006	24.6	100.808232554006	DBCA	42_3	NA	NA
600	1000	77.0309762209772	24.6	101.630976220977	DBCA	43_3	NA	NA
614.285714285714	1000	76.9591929795932	24.6	101.559192979593	DBCA	44_3	NA	NA
628.571428571429	1000	79.0630168079853	24.6	103.663016807985	DBCA	45_3	NA	NA
642.857142857143	1000	78.5460093872573	24.6	103.146009387257	DBCA	46_3	NA	NA
657.142857142857	1000	77.1126609001994	24.6	101.712660900199	DBCA	47_3	NA	NA
671.428571428571	1000	74.2749017180765	24.6	98.8749017180765	DBCA	48_3	NA	NA
685.714285714286	1000	76.026353097286	24.6	100.626353097286	DBCA	49_3	NA	NA
700	1000	75.5201829021835	24.6	100.120182902184	DBCA	50_3	NA	NA
714.285714285714	1000	74.5236742581244	24.6	99.1236742581244	DBCA	51_3	NA	NA
728.571428571429	1000	78.4335473714604	24.6	103.03354737146	DBCA	52_3	NA	NA
742.857142857143	1000	73.5832836089124	24.6	98.1832836089124	DBCA	53_3	NA	NA
757.142857142857	1000	73.2043091056975	24.6	97.8043091056975	DBCA	54_3	NA	NA
771.428571428571	1000	74.8056065321931	24.6	99.4056065321931	DBCA	55_3	NA	NA
785.714285714286	1000	74.9227983229992	24.6	99.5227983229992	DBCA	56_3	NA	NA
800	1000	75.9012815858695	24.6	100.50128158587	DBCA	57_3	NA	NA
814.285714285714	1000	76.4598934955586	24.6	101.059893495559	DBCA	58_3	NA	NA
828.571428571429	1000	76.0612568932805	24.6	100.661256893281	DBCA	59_3	NA	NA
842.857142857143	1000	75.3816835602204	24.6	99.9816835602204	DBCA	60_3	NA	NA
857.142857142857	1000	77.0925828517862	24.6	101.692582851786	DBCA	61_3	NA	NA
871.428571428571	1000	72.2262309865957	24.6	96.8262309865957	DBCA	62_3	NA	NA
885.714285714286	1000	75.6682436732277	24.6	100.268243673228	DBCA	63_3	NA	NA
900	1000	75.7235858670807	24.6	100.323585867081	DBCA	64_3	NA	NA
914.285714285714	1000	78.3530107813407	24.6	102.953010781341	DBCA	65_3	NA	NA
928.571428571429	1000	76.3429798322953	24.6	100.942979832295	DBCA	66_3	NA	NA
942.857142857143	1000	79.3780371988524	24.6	103.978037198852	DBCA	67_3	NA	NA
957.142857142857	1000	77.4177408242077	24.6	102.017740824208	DBCA	68_3	NA	NA
971.428571428571	1000	75.0481711203693	24.6	99.6481711203693	DBCA	69_3	NA	NA
985.714285714286	1000	72.9855390334222	24.6	97.5855390334222	DBCA	70_3	NA	NA
1000	1000	76.4095717546864	24.6	101.009571754686	DBCA	71_3	NA	NA
