x	y	variable1	Zona	ErrorConEfecto	Disenio	Bloque	AsigTrat	MiRto
0	666.666666666667	85.8651697575541	0	85.8651697575541	DBCA	1_1	70	92.7083095901598
0	700	83.8432027713827	0	83.8432027713827	DBCA	1_1	0	83.8432027713827
0	733.333333333333	82.7865526375839	0	82.7865526375839	DBCA	1_1	140	92.8100515334834
0	766.666666666667	81.870059393841	0	81.870059393841	DBCA	1_1	210	91.4111365837223
0	800	81.2718823477106	0	81.2718823477106	DBCA	1_1	280	86.6677570622617
0	833.333333333333	81.0664664199932	0	81.0664664199932	DBCA	1_2	280	86.4623411345443
0	866.666666666667	78.6341753322755	0	78.6341753322755	DBCA	1_2	0	78.6341753322755
0	900	77.1681155177335	0	77.1681155177335	DBCA	1_2	70	84.0112553503392
0	933.333333333333	83.2161131097647	0	83.2161131097647	DBCA	1_2	140	93.2396120056642
0	966.666666666667	90.1867942862965	0	90.1867942862965	DBCA	1_2	210	99.7278714761777
128.571428571429	666.666666666667	82.0206247075792	0	82.0206247075792	DBCA	10_1	70	88.8637645401849
128.571428571429	700	77.3635332641161	0	77.3635332641161	DBCA	10_1	0	77.3635332641161
128.571428571429	733.333333333333	78.7730512564613	0	78.7730512564613	DBCA	10_1	140	88.7965501523607
128.571428571429	766.666666666667	77.956512852339	0	77.956512852339	DBCA	10_1	280	83.3523875668901
128.571428571429	800	78.0246649862004	0	78.0246649862004	DBCA	10_1	210	87.5657421760817
128.571428571429	833.333333333333	78.3407211189906	0	78.3407211189906	DBCA	10_2	140	88.3642200148901
128.571428571429	866.666666666667	81.5508999848253	0	81.5508999848253	DBCA	10_2	70	88.394039817431
128.571428571429	900	83.032838381171	0	83.032838381171	DBCA	10_2	280	88.4287130957221
128.571428571429	933.333333333333	77.360936464625	0	77.360936464625	DBCA	10_2	210	86.9020136545062
128.571428571429	966.666666666667	74.8023825884977	0	74.8023825884977	DBCA	10_2	0	74.8023825884977
142.857142857143	666.666666666667	80.6262961074484	0	80.6262961074484	DBCA	11_1	70	87.4694359400541
142.857142857143	700	79.508948744379	0	79.508948744379	DBCA	11_1	280	84.9048234589301
142.857142857143	733.333333333333	74.7663591241955	0	74.7663591241955	DBCA	11_1	140	84.7898580200949
142.857142857143	766.666666666667	77.1787760497891	0	77.1787760497891	DBCA	11_1	210	86.7198532396703
142.857142857143	800	79.1875452676433	0	79.1875452676433	DBCA	11_1	0	79.1875452676433
142.857142857143	833.333333333333	79.5581177424688	0	79.5581177424688	DBCA	11_2	140	89.5816166383682
142.857142857143	866.666666666667	83.4028212465127	0	83.4028212465127	DBCA	11_2	0	83.4028212465127
142.857142857143	900	79.0290206361054	0	79.0290206361054	DBCA	11_2	280	84.4248953506565
142.857142857143	933.333333333333	79.2076279978047	0	79.2076279978047	DBCA	11_2	70	86.0507678304104
142.857142857143	966.666666666667	78.1251747635029	0	78.1251747635029	DBCA	11_2	210	87.6662519533842
157.142857142857	666.666666666667	81.127709437762	0	81.127709437762	DBCA	12_1	280	86.5235841523131
157.142857142857	700	79.0945987314314	0	79.0945987314314	DBCA	12_1	140	89.1180976273309
157.142857142857	733.333333333333	77.7425222197808	0	77.7425222197808	DBCA	12_1	0	77.7425222197808
157.142857142857	766.666666666667	80.3159106417125	0	80.3159106417125	DBCA	12_1	70	87.1590504743182
157.142857142857	800	79.6291898740006	0	79.6291898740006	DBCA	12_1	210	89.1702670638819
157.142857142857	833.333333333333	77.8037504137015	0	77.8037504137015	DBCA	12_2	280	83.1996251282526
157.142857142857	866.666666666667	83.437875597693	0	83.437875597693	DBCA	12_2	0	83.437875597693
157.142857142857	900	74.508156734797	0	74.508156734797	DBCA	12_2	210	84.0492339246783
157.142857142857	933.333333333333	79.0300431807872	0	79.0300431807872	DBCA	12_2	70	85.8731830133929
157.142857142857	966.666666666667	77.7509261840701	0	77.7509261840701	DBCA	12_2	140	87.7744250799695
171.428571428571	666.666666666667	83.2305229148632	0	83.2305229148632	DBCA	13_1	70	90.0736627474689
171.428571428571	700	82.3554437170139	0	82.3554437170139	DBCA	13_1	280	87.751318431565
171.428571428571	733.333333333333	81.7708201514195	0	81.7708201514195	DBCA	13_1	140	91.7943190473189
171.428571428571	766.666666666667	79.0756505414281	0	79.0756505414281	DBCA	13_1	0	79.0756505414281
171.428571428571	800	79.6769877368429	0	79.6769877368429	DBCA	13_1	210	89.2180649267242
171.428571428571	833.333333333333	83.0085147391219	0	83.0085147391219	DBCA	13_2	70	89.8516545717276
171.428571428571	866.666666666667	84.5553476802754	0	84.5553476802754	DBCA	13_2	210	94.0964248701567
171.428571428571	900	79.1336894790685	0	79.1336894790685	DBCA	13_2	280	84.5295641936196
171.428571428571	933.333333333333	80.1134919574094	0	80.1134919574094	DBCA	13_2	0	80.1134919574094
171.428571428571	966.666666666667	79.1671149351527	0	79.1671149351527	DBCA	13_2	140	89.1906138310521
185.714285714286	666.666666666667	82.9167450217411	0	82.9167450217411	DBCA	14_1	210	92.4578222116224
185.714285714286	700	83.1366169777521	0	83.1366169777521	DBCA	14_1	280	88.5324916923032
185.714285714286	733.333333333333	81.0616521619051	0	81.0616521619051	DBCA	14_1	0	81.0616521619051
185.714285714286	766.666666666667	80.7804606332257	0	80.7804606332257	DBCA	14_1	140	90.8039595291251
185.714285714286	800	80.4558404557169	0	80.4558404557169	DBCA	14_1	70	87.2989802883226
185.714285714286	833.333333333333	83.102381718691	0	83.102381718691	DBCA	14_2	140	93.1258806145905
185.714285714286	866.666666666667	78.5525601365465	0	78.5525601365465	DBCA	14_2	0	78.5525601365465
185.714285714286	900	77.8519262982491	0	77.8519262982491	DBCA	14_2	210	87.3930034881303
185.714285714286	933.333333333333	78.1797920181101	0	78.1797920181101	DBCA	14_2	70	85.0229318507158
185.714285714286	966.666666666667	77.8495807615509	0	77.8495807615509	DBCA	14_2	280	83.245455476102
200	666.666666666667	81.9724382659661	0	81.9724382659661	DBCA	15_1	210	91.5135154558473
200	700	86.5867260631498	0	86.5867260631498	DBCA	15_1	70	93.4298658957555
200	733.333333333333	81.3986155219061	0	81.3986155219061	DBCA	15_1	280	86.7944902364572
200	766.666666666667	81.4752900924561	0	81.4752900924561	DBCA	15_1	0	81.4752900924561
200	800	80.9200768434056	0	80.9200768434056	DBCA	15_1	140	90.9435757393051
200	833.333333333333	80.218958632897	0	80.218958632897	DBCA	15_2	210	89.7600358227782
200	866.666666666667	82.4973076623349	0	82.4973076623349	DBCA	15_2	140	92.5208065582343
200	900	80.2777090184757	0	80.2777090184757	DBCA	15_2	280	85.6735837330268
200	933.333333333333	80.353554100488	0	80.353554100488	DBCA	15_2	0	80.353554100488
200	966.666666666667	83.5016354782948	0	83.5016354782948	DBCA	15_2	70	90.3447753109005
214.285714285714	666.666666666667	87.4615726841887	0	87.4615726841887	DBCA	16_1	210	97.0026498740699
214.285714285714	700	83.7490372593609	0	83.7490372593609	DBCA	16_1	0	83.7490372593609
214.285714285714	733.333333333333	84.408248619376	0	84.408248619376	DBCA	16_1	280	89.8041233339271
214.285714285714	766.666666666667	81.1403485775707	0	81.1403485775707	DBCA	16_1	140	91.1638474734701
214.285714285714	800	77.7253032284239	0	77.7253032284239	DBCA	16_1	70	84.5684430610296
214.285714285714	833.333333333333	81.8735970023685	0	81.8735970023685	DBCA	16_2	70	88.7167368349742
214.285714285714	866.666666666667	80.1081476300971	0	80.1081476300971	DBCA	16_2	210	89.6492248199783
214.285714285714	900	81.2904796406864	0	81.2904796406864	DBCA	16_2	140	91.3139785365859
214.285714285714	933.333333333333	79.3147631528762	0	79.3147631528762	DBCA	16_2	0	79.3147631528762
214.285714285714	966.666666666667	86.0546130192669	0	86.0546130192669	DBCA	16_2	280	91.450487733818
228.571428571429	666.666666666667	85.9483671523808	0	85.9483671523808	DBCA	17_1	70	92.7915069849865
228.571428571429	700	83.0494431592035	0	83.0494431592035	DBCA	17_1	0	83.0494431592035
228.571428571429	733.333333333333	82.9023981016162	0	82.9023981016162	DBCA	17_1	140	92.9258969975156
228.571428571429	766.666666666667	82.4573325242929	0	82.4573325242929	DBCA	17_1	210	91.9984097141741
228.571428571429	800	76.8427797272602	0	76.8427797272602	DBCA	17_1	280	82.2386544418113
228.571428571429	833.333333333333	85.6645563255666	0	85.6645563255666	DBCA	17_2	0	85.6645563255666
228.571428571429	866.666666666667	84.5199847938508	0	84.5199847938508	DBCA	17_2	70	91.3631246264565
228.571428571429	900	83.6567373218213	0	83.6567373218213	DBCA	17_2	210	93.1978145117025
228.571428571429	933.333333333333	81.1670175905537	0	81.1670175905537	DBCA	17_2	280	86.5628923051048
228.571428571429	966.666666666667	83.7812117354752	0	83.7812117354752	DBCA	17_2	140	93.8047106313746
242.857142857143	666.666666666667	85.1819347994955	0	85.1819347994955	DBCA	18_1	210	94.7230119893767
242.857142857143	700	80.301191319369	0	80.301191319369	DBCA	18_1	0	80.301191319369
242.857142857143	733.333333333333	82.9401825736198	0	82.9401825736198	DBCA	18_1	70	89.7833224062255
242.857142857143	766.666666666667	83.7791081353025	0	83.7791081353025	DBCA	18_1	280	89.1749828498536
242.857142857143	800	77.6407852156209	0	77.6407852156209	DBCA	18_1	140	87.6642841115203
242.857142857143	833.333333333333	85.6789150547351	0	85.6789150547351	DBCA	18_2	280	91.0747897692862
242.857142857143	866.666666666667	85.0439486198204	0	85.0439486198204	DBCA	18_2	140	95.0674475157198
242.857142857143	900	81.0953743508665	0	81.0953743508665	DBCA	18_2	0	81.0953743508665
242.857142857143	933.333333333333	81.6412337388689	0	81.6412337388689	DBCA	18_2	70	88.4843735714746
242.857142857143	966.666666666667	84.0137054427429	0	84.0137054427429	DBCA	18_2	210	93.5547826326242
257.142857142857	666.666666666667	82.0271893565244	0	82.0271893565244	DBCA	19_1	140	92.0506882524238
257.142857142857	700	80.6645595284116	0	80.6645595284116	DBCA	19_1	280	86.0604342429627
257.142857142857	733.333333333333	79.0964464649763	0	79.0964464649763	DBCA	19_1	70	85.939586297582
257.142857142857	766.666666666667	80.5755222882129	0	80.5755222882129	DBCA	19_1	0	80.5755222882129
257.142857142857	800	81.2660315399491	0	81.2660315399491	DBCA	19_1	210	90.8071087298303
257.142857142857	833.333333333333	82.9400100992715	0	82.9400100992715	DBCA	19_2	140	92.963508995171
257.142857142857	866.666666666667	83.8321922238172	0	83.8321922238172	DBCA	19_2	0	83.8321922238172
257.142857142857	900	78.6652945305624	0	78.6652945305624	DBCA	19_2	70	85.5084343631681
257.142857142857	933.333333333333	77.8508205963963	0	77.8508205963963	DBCA	19_2	210	87.3918977862776
257.142857142857	966.666666666667	79.4364178248216	0	79.4364178248216	DBCA	19_2	280	84.8322925393727
14.2857142857143	666.666666666667	80.9756087967707	0	80.9756087967707	DBCA	2_1	210	90.5166859866519
14.2857142857143	700	84.1285381426065	0	84.1285381426065	DBCA	2_1	280	89.5244128571576
14.2857142857143	733.333333333333	78.9796963024529	0	78.9796963024529	DBCA	2_1	140	89.0031951983523
14.2857142857143	766.666666666667	82.2565120629442	0	82.2565120629442	DBCA	2_1	70	89.0996518955499
14.2857142857143	800	78.8234528347251	0	78.8234528347251	DBCA	2_1	0	78.8234528347251
14.2857142857143	833.333333333333	83.9377813119556	0	83.9377813119556	DBCA	2_2	0	83.9377813119556
14.2857142857143	866.666666666667	82.4908008543251	0	82.4908008543251	DBCA	2_2	210	92.0318780442064
14.2857142857143	900	76.0695473496972	0	76.0695473496972	DBCA	2_2	140	86.0930462455967
14.2857142857143	933.333333333333	79.9374730237385	0	79.9374730237385	DBCA	2_2	280	85.3333477382897
14.2857142857143	966.666666666667	88.9832430555884	0	88.9832430555884	DBCA	2_2	70	95.8263828881941
271.428571428571	666.666666666667	78.2144810550312	0	78.2144810550312	DBCA	20_1	210	87.7555582449125
271.428571428571	700	78.94515443985	0	78.94515443985	DBCA	20_1	0	78.94515443985
271.428571428571	733.333333333333	76.4194116615698	0	76.4194116615698	DBCA	20_1	70	83.2625514941755
271.428571428571	766.666666666667	80.5357683337872	0	80.5357683337872	DBCA	20_1	280	85.9316430483383
271.428571428571	800	79.0133645933286	0	79.0133645933286	DBCA	20_1	140	89.036863489228
271.428571428571	833.333333333333	82.7462788163689	0	82.7462788163689	DBCA	20_2	140	92.7697777122684
271.428571428571	866.666666666667	82.5756900171272	0	82.5756900171272	DBCA	20_2	0	82.5756900171272
271.428571428571	900	78.0395508114263	0	78.0395508114263	DBCA	20_2	210	87.5806280013075
271.428571428571	933.333333333333	75.4457890399064	0	75.4457890399064	DBCA	20_2	280	80.8416637544575
271.428571428571	966.666666666667	80.6945672752787	0	80.6945672752787	DBCA	20_2	70	87.5377071078844
285.714285714286	666.666666666667	78.3256901602633	0	78.3256901602633	DBCA	21_1	280	83.7215648748144
285.714285714286	700	82.1793319970083	0	82.1793319970083	DBCA	21_1	140	92.2028308929078
285.714285714286	733.333333333333	79.7687155005272	0	79.7687155005272	DBCA	21_1	210	89.3097926904085
285.714285714286	766.666666666667	82.9370999962345	0	82.9370999962345	DBCA	21_1	0	82.9370999962345
285.714285714286	800	81.4342733852942	0	81.4342733852942	DBCA	21_1	70	88.2774132178999
285.714285714286	833.333333333333	82.2831812256837	0	82.2831812256837	DBCA	21_2	70	89.1263210582893
285.714285714286	866.666666666667	82.4620959704214	0	82.4620959704214	DBCA	21_2	210	92.0031731603027
285.714285714286	900	83.3722378317946	0	83.3722378317946	DBCA	21_2	140	93.395736727694
285.714285714286	933.333333333333	75.4254768173711	0	75.4254768173711	DBCA	21_2	280	80.8213515319222
285.714285714286	966.666666666667	77.7802238237269	0	77.7802238237269	DBCA	21_2	0	77.7802238237269
300	666.666666666667	77.6634382079516	0	77.6634382079516	DBCA	22_1	280	83.0593129225027
300	700	78.5885339572444	0	78.5885339572444	DBCA	22_1	70	85.4316737898501
300	733.333333333333	79.7308465730489	0	79.7308465730489	DBCA	22_1	140	89.7543454689483
300	766.666666666667	83.805866107553	0	83.805866107553	DBCA	22_1	210	93.3469432974343
300	800	83.6320325205676	0	83.6320325205676	DBCA	22_1	0	83.6320325205676
300	833.333333333333	80.4985814787965	0	80.4985814787965	DBCA	22_2	70	87.3417213114022
300	866.666666666667	87.7094448670948	0	87.7094448670948	DBCA	22_2	210	97.2505220569761
300	900	81.4009486772289	0	81.4009486772289	DBCA	22_2	140	91.4244475731283
300	933.333333333333	77.7531086291452	0	77.7531086291452	DBCA	22_2	0	77.7531086291452
300	966.666666666667	84.2285336476371	0	84.2285336476371	DBCA	22_2	280	89.6244083621882
314.285714285714	666.666666666667	74.3941041350623	0	74.3941041350623	DBCA	23_1	0	74.3941041350623
314.285714285714	700	76.8035562062049	0	76.8035562062049	DBCA	23_1	210	86.3446333960862
314.285714285714	733.333333333333	78.9254062750832	0	78.9254062750832	DBCA	23_1	140	88.9489051709826
314.285714285714	766.666666666667	84.8713550468292	0	84.8713550468292	DBCA	23_1	280	90.2672297613803
314.285714285714	800	84.2328523301443	0	84.2328523301443	DBCA	23_1	70	91.07599216275
314.285714285714	833.333333333333	81.7665603037985	0	81.7665603037985	DBCA	23_2	0	81.7665603037985
314.285714285714	866.666666666667	82.8582952590744	0	82.8582952590744	DBCA	23_2	70	89.7014350916801
314.285714285714	900	79.8256209426257	0	79.8256209426257	DBCA	23_2	140	89.8491198385251
314.285714285714	933.333333333333	78.2697039781876	0	78.2697039781876	DBCA	23_2	210	87.8107811680688
314.285714285714	966.666666666667	79.1426726864514	0	79.1426726864514	DBCA	23_2	280	84.5385474010025
328.571428571429	666.666666666667	78.6768126053085	0	78.6768126053085	DBCA	24_1	210	88.2178897951897
328.571428571429	700	81.2631284934098	0	81.2631284934098	DBCA	24_1	0	81.2631284934098
328.571428571429	733.333333333333	77.0560833022262	0	77.0560833022262	DBCA	24_1	140	87.0795821981256
328.571428571429	766.666666666667	80.4433061060343	0	80.4433061060343	DBCA	24_1	280	85.8391808205854
328.571428571429	800	85.6182935667352	0	85.6182935667352	DBCA	24_1	70	92.4614333993409
328.571428571429	833.333333333333	79.6637219268219	0	79.6637219268219	DBCA	24_2	280	85.059596641373
328.571428571429	866.666666666667	80.3984085465157	0	80.3984085465157	DBCA	24_2	70	87.2415483791214
328.571428571429	900	78.8412211014609	0	78.8412211014609	DBCA	24_2	210	88.3822982913422
328.571428571429	933.333333333333	79.080979048892	0	79.080979048892	DBCA	24_2	0	79.080979048892
328.571428571429	966.666666666667	78.7959187760974	0	78.7959187760974	DBCA	24_2	140	88.8194176719969
342.857142857143	666.666666666667	79.2650778904318	0	79.2650778904318	DBCA	25_1	140	89.2885767863312
342.857142857143	700	78.7267908859968	0	78.7267908859968	DBCA	25_1	70	85.5699307186025
342.857142857143	733.333333333333	82.291039985508	0	82.291039985508	DBCA	25_1	0	82.291039985508
342.857142857143	766.666666666667	77.6991388288323	0	77.6991388288323	DBCA	25_1	280	83.0950135433834
342.857142857143	800	78.6022913533274	0	78.6022913533274	DBCA	25_1	210	88.1433685432087
342.857142857143	833.333333333333	80.1436323010527	0	80.1436323010527	DBCA	25_2	0	80.1436323010527
342.857142857143	866.666666666667	81.878227647065	0	81.878227647065	DBCA	25_2	210	91.4193048369462
342.857142857143	900	80.101425444599	0	80.101425444599	DBCA	25_2	70	86.9445652772047
342.857142857143	933.333333333333	82.3439409750414	0	82.3439409750414	DBCA	25_2	280	87.7398156895925
342.857142857143	966.666666666667	82.0638423466333	0	82.0638423466333	DBCA	25_2	140	92.0873412425328
357.142857142857	666.666666666667	79.0842929996448	0	79.0842929996448	DBCA	26_1	0	79.0842929996448
357.142857142857	700	77.879579052123	0	77.879579052123	DBCA	26_1	280	83.2754537666741
357.142857142857	733.333333333333	77.1255918404231	0	77.1255918404231	DBCA	26_1	140	87.1490907363225
357.142857142857	766.666666666667	79.7410918839532	0	79.7410918839532	DBCA	26_1	210	89.2821690738345
357.142857142857	800	80.5405797846299	0	80.5405797846299	DBCA	26_1	70	87.3837196172356
357.142857142857	833.333333333333	83.3478616947578	0	83.3478616947578	DBCA	26_2	210	92.888938884639
357.142857142857	866.666666666667	82.512851040994	0	82.512851040994	DBCA	26_2	0	82.512851040994
357.142857142857	900	82.1926538764073	0	82.1926538764073	DBCA	26_2	70	89.035793709013
357.142857142857	933.333333333333	80.1015519011071	0	80.1015519011071	DBCA	26_2	280	85.4974266156582
357.142857142857	966.666666666667	82.5684589871519	0	82.5684589871519	DBCA	26_2	140	92.5919578830513
371.428571428571	666.666666666667	78.8014736551773	0	78.8014736551773	DBCA	27_1	210	88.3425508450586
371.428571428571	700	80.2858442795663	0	80.2858442795663	DBCA	27_1	0	80.2858442795663
371.428571428571	733.333333333333	77.8665167089935	0	77.8665167089935	DBCA	27_1	280	83.2623914235446
371.428571428571	766.666666666667	77.2240528623595	0	77.2240528623595	DBCA	27_1	140	87.2475517582589
371.428571428571	800	80.5228861905938	0	80.5228861905938	DBCA	27_1	70	87.3660260231994
371.428571428571	833.333333333333	79.7034780469008	0	79.7034780469008	DBCA	27_2	70	86.5466178795065
371.428571428571	866.666666666667	84.1191618533209	0	84.1191618533209	DBCA	27_2	210	93.6602390432021
371.428571428571	900	77.854900833752	0	77.854900833752	DBCA	27_2	0	77.854900833752
371.428571428571	933.333333333333	76.2791836145194	0	76.2791836145194	DBCA	27_2	140	86.3026825104189
371.428571428571	966.666666666667	79.4497517506246	0	79.4497517506246	DBCA	27_2	280	84.8456264651757
385.714285714286	666.666666666667	76.9261781004088	0	76.9261781004088	DBCA	28_1	140	86.9496769963083
385.714285714286	700	78.3328044167102	0	78.3328044167102	DBCA	28_1	70	85.1759442493159
385.714285714286	733.333333333333	75.1920919649565	0	75.1920919649565	DBCA	28_1	280	80.5879666795076
385.714285714286	766.666666666667	73.1456382792202	0	73.1456382792202	DBCA	28_1	210	82.6867154691015
385.714285714286	800	80.6810219602669	0	80.6810219602669	DBCA	28_1	0	80.6810219602669
385.714285714286	833.333333333333	79.8466150105252	0	79.8466150105252	DBCA	28_2	70	86.6897548431309
385.714285714286	866.666666666667	78.5182964875624	0	78.5182964875624	DBCA	28_2	210	88.0593736774436
385.714285714286	900	79.8386795564859	0	79.8386795564859	DBCA	28_2	0	79.8386795564859
385.714285714286	933.333333333333	76.8209467226029	0	76.8209467226029	DBCA	28_2	280	82.216821437154
385.714285714286	966.666666666667	78.5842878222081	0	78.5842878222081	DBCA	28_2	140	88.6077867181075
400	666.666666666667	78.8990347825412	0	78.8990347825412	DBCA	29_1	210	88.4401119724225
400	700	79.1933089535525	0	79.1933089535525	DBCA	29_1	140	89.2168078494519
400	733.333333333333	74.2845863446714	0	74.2845863446714	DBCA	29_1	70	81.1277261772771
400	766.666666666667	75.4616821415341	0	75.4616821415341	DBCA	29_1	280	80.8575568560852
400	800	76.314905362152	0	76.314905362152	DBCA	29_1	0	76.314905362152
400	833.333333333333	77.1363421883487	0	77.1363421883487	DBCA	29_2	70	83.9794820209544
400	866.666666666667	80.6415855407564	0	80.6415855407564	DBCA	29_2	280	86.0374602553076
400	900	76.1456250859245	0	76.1456250859245	DBCA	29_2	140	86.169123981824
400	933.333333333333	73.7867777450333	0	73.7867777450333	DBCA	29_2	210	83.3278549349145
400	966.666666666667	75.3087942183402	0	75.3087942183402	DBCA	29_2	0	75.3087942183402
28.5714285714286	666.666666666667	79.93301061593	0	79.93301061593	DBCA	3_1	210	89.4740878058112
28.5714285714286	700	82.4122087679282	0	82.4122087679282	DBCA	3_1	0	82.4122087679282
28.5714285714286	733.333333333333	78.4172748775708	0	78.4172748775708	DBCA	3_1	140	88.4407737734703
28.5714285714286	766.666666666667	79.4415753349772	0	79.4415753349772	DBCA	3_1	70	86.2847151675829
28.5714285714286	800	84.8008481595998	0	84.8008481595998	DBCA	3_1	280	90.1967228741509
28.5714285714286	833.333333333333	82.8814465906946	0	82.8814465906946	DBCA	3_2	140	92.904945486594
28.5714285714286	866.666666666667	80.7016810440768	0	80.7016810440768	DBCA	3_2	0	80.7016810440768
28.5714285714286	900	77.3871953276369	0	77.3871953276369	DBCA	3_2	280	82.783070042188
28.5714285714286	933.333333333333	84.206875198575	0	84.206875198575	DBCA	3_2	70	91.0500150311806
28.5714285714286	966.666666666667	88.2243718266601	0	88.2243718266601	DBCA	3_2	210	97.7654490165414
414.285714285714	666.666666666667	78.6676808406803	0	78.6676808406803	DBCA	30_1	0	78.6676808406803
414.285714285714	700	80.0147221805523	0	80.0147221805523	DBCA	30_1	140	90.0382210764517
414.285714285714	733.333333333333	74.6599348383715	0	74.6599348383715	DBCA	30_1	210	84.2010120282527
414.285714285714	766.666666666667	74.9001648096513	0	74.9001648096513	DBCA	30_1	70	81.7433046422569
414.285714285714	800	79.3731927733122	0	79.3731927733122	DBCA	30_1	280	84.7690674878633
414.285714285714	833.333333333333	75.877694316936	0	75.877694316936	DBCA	30_2	140	85.9011932128355
414.285714285714	866.666666666667	78.8173476075716	0	78.8173476075716	DBCA	30_2	0	78.8173476075716
414.285714285714	900	77.7190847390803	0	77.7190847390803	DBCA	30_2	210	87.2601619289616
414.285714285714	933.333333333333	75.0345905455435	0	75.0345905455435	DBCA	30_2	280	80.4304652600946
414.285714285714	966.666666666667	76.9426319991642	0	76.9426319991642	DBCA	30_2	70	83.7857718317699
428.571428571429	666.666666666667	77.7605764061819	0	77.7605764061819	DBCA	31_1	0	77.7605764061819
428.571428571429	700	79.1037028151337	0	79.1037028151337	DBCA	31_1	280	84.4995775296848
428.571428571429	733.333333333333	74.9251619846432	0	74.9251619846432	DBCA	31_1	70	81.7683018172488
428.571428571429	766.666666666667	76.4302859755245	0	76.4302859755245	DBCA	31_1	140	86.4537848714239
428.571428571429	800	74.706703933716	0	74.706703933716	DBCA	31_1	210	84.2477811235972
428.571428571429	833.333333333333	74.4559964064857	0	74.4559964064857	DBCA	31_2	210	83.997073596367
428.571428571429	866.666666666667	73.083964859399	0	73.083964859399	DBCA	31_2	140	83.1074637552984
428.571428571429	900	78.5948743386245	0	78.5948743386245	DBCA	31_2	0	78.5948743386245
428.571428571429	933.333333333333	73.5694287765532	0	73.5694287765532	DBCA	31_2	280	78.9653034911043
428.571428571429	966.666666666667	77.497450133185	0	77.497450133185	DBCA	31_2	70	84.3405899657907
442.857142857143	666.666666666667	79.4111191911215	0	79.4111191911215	DBCA	32_1	140	89.4346180870209
442.857142857143	700	79.6351469042303	0	79.6351469042303	DBCA	32_1	70	86.478286736836
442.857142857143	733.333333333333	80.7309331601448	0	80.7309331601448	DBCA	32_1	0	80.7309331601448
442.857142857143	766.666666666667	77.2823946987012	0	77.2823946987012	DBCA	32_1	280	82.6782694132523
442.857142857143	800	75.5922693657814	0	75.5922693657814	DBCA	32_1	210	85.1333465556626
442.857142857143	833.333333333333	72.3282074097228	0	72.3282074097228	DBCA	32_2	0	72.3282074097228
442.857142857143	866.666666666667	75.5975722335477	0	75.5975722335477	DBCA	32_2	210	85.1386494234289
442.857142857143	900	79.2358509157602	0	79.2358509157602	DBCA	32_2	140	89.2593498116596
442.857142857143	933.333333333333	74.3797501353452	0	74.3797501353452	DBCA	32_2	280	79.7756248498963
442.857142857143	966.666666666667	79.3399970780805	0	79.3399970780805	DBCA	32_2	70	86.1831369106862
457.142857142857	666.666666666667	82.3152214593219	0	82.3152214593219	DBCA	33_1	70	89.1583612919276
457.142857142857	700	81.5915870654418	0	81.5915870654418	DBCA	33_1	210	91.1326642553231
457.142857142857	733.333333333333	79.7305003143053	0	79.7305003143053	DBCA	33_1	0	79.7305003143053
457.142857142857	766.666666666667	80.0307639880505	0	80.0307639880505	DBCA	33_1	140	90.0542628839499
457.142857142857	800	73.9314381193035	0	73.9314381193035	DBCA	33_1	280	79.3273128338546
457.142857142857	833.333333333333	76.2870688499667	0	76.2870688499667	DBCA	33_2	70	83.1302086825724
457.142857142857	866.666666666667	74.6078701065989	0	74.6078701065989	DBCA	33_2	280	80.00374482115
457.142857142857	900	76.1977410218882	0	76.1977410218882	DBCA	33_2	210	85.7388182117694
457.142857142857	933.333333333333	74.4229096973301	0	74.4229096973301	DBCA	33_2	0	74.4229096973301
457.142857142857	966.666666666667	76.3896712933626	0	76.3896712933626	DBCA	33_2	140	86.413170189262
471.428571428571	666.666666666667	81.1373969766544	0	81.1373969766544	DBCA	34_1	0	81.1373969766544
471.428571428571	700	82.3277962171369	0	82.3277962171369	DBCA	34_1	140	92.3512951130363
471.428571428571	733.333333333333	79.2568604815922	0	79.2568604815922	DBCA	34_1	210	88.7979376714735
471.428571428571	766.666666666667	81.1788830148979	0	81.1788830148979	DBCA	34_1	70	88.0220228475036
471.428571428571	800	74.4558170320462	0	74.4558170320462	DBCA	34_1	280	79.8516917465973
471.428571428571	833.333333333333	80.1285509209995	0	80.1285509209995	DBCA	34_2	0	80.1285509209995
471.428571428571	866.666666666667	75.0682115138411	0	75.0682115138411	DBCA	34_2	140	85.0917104097406
471.428571428571	900	78.6751886514956	0	78.6751886514956	DBCA	34_2	70	85.5183284841013
471.428571428571	933.333333333333	77.7604976754999	0	77.7604976754999	DBCA	34_2	210	87.3015748653812
471.428571428571	966.666666666667	75.5121852941574	0	75.5121852941574	DBCA	34_2	280	80.9080600087085
485.714285714286	666.666666666667	78.9363225260251	0	78.9363225260251	DBCA	35_1	210	88.4773997159063
485.714285714286	700	82.4170060911031	0	82.4170060911031	DBCA	35_1	140	92.4405049870025
485.714285714286	733.333333333333	80.6816039616508	0	80.6816039616508	DBCA	35_1	280	86.0774786762019
485.714285714286	766.666666666667	77.1465991733901	0	77.1465991733901	DBCA	35_1	0	77.1465991733901
485.714285714286	800	79.4636681890235	0	79.4636681890235	DBCA	35_1	70	86.3068080216292
485.714285714286	833.333333333333	80.5614456507206	0	80.5614456507206	DBCA	35_2	70	87.4045854833263
485.714285714286	866.666666666667	74.5561506872643	0	74.5561506872643	DBCA	35_2	280	79.9520254018154
485.714285714286	900	76.5018587075782	0	76.5018587075782	DBCA	35_2	140	86.5253576034776
485.714285714286	933.333333333333	76.3365925105429	0	76.3365925105429	DBCA	35_2	210	85.8776697004241
485.714285714286	966.666666666667	80.5867787184448	0	80.5867787184448	DBCA	35_2	0	80.5867787184448
500	666.666666666667	79.8795489333614	0	79.8795489333614	DBCA	36_1	70	86.7226887659671
500	700	81.3612591063617	0	81.3612591063617	DBCA	36_1	0	81.3612591063617
500	733.333333333333	78.4053037028851	0	78.4053037028851	DBCA	36_1	140	88.4288025987845
500	766.666666666667	75.4880881756292	0	75.4880881756292	DBCA	36_1	280	80.8839628901803
500	800	76.4697993001739	0	76.4697993001739	DBCA	36_1	210	86.0108764900551
500	833.333333333333	76.2401548835492	0	76.2401548835492	DBCA	36_2	140	86.2636537794486
500	866.666666666667	77.6329178999936	0	77.6329178999936	DBCA	36_2	280	83.0287926145447
500	900	78.569045598355	0	78.569045598355	DBCA	36_2	70	85.4121854309607
500	933.333333333333	77.8394022396065	0	77.8394022396065	DBCA	36_2	0	77.8394022396065
500	966.666666666667	81.5009102815809	0	81.5009102815809	DBCA	36_2	210	91.0419874714621
514.285714285714	666.666666666667	80.6297550991772	24.6	105.229755099177	DBCA	37_1	0	105.229755099177
514.285714285714	700	82.362717353354	24.6	106.962717353354	DBCA	37_1	210	134.068194543235
514.285714285714	733.333333333333	76.7641536800746	24.6	101.364153680075	DBCA	37_1	70	114.06209351268
514.285714285714	766.666666666667	75.075937588439	24.6	99.675937588439	DBCA	37_1	140	121.409036484338
514.285714285714	800	75.0640023448087	24.6	99.6640023448087	DBCA	37_1	280	128.47907705936
514.285714285714	833.333333333333	79.1741890026752	24.6	103.774189002675	DBCA	37_2	0	103.774189002675
514.285714285714	866.666666666667	79.797175375534	24.6	104.397175375534	DBCA	37_2	70	117.09511520814
514.285714285714	900	75.6446857168571	24.6	100.244685716857	DBCA	37_2	210	127.350162906738
514.285714285714	933.333333333333	76.529142658569	24.6	101.129142658569	DBCA	37_2	280	129.94421737312
514.285714285714	966.666666666667	78.7071219551689	24.6	103.307121955169	DBCA	37_2	140	125.040220851068
528.571428571429	666.666666666667	80.7124194278263	24.6	105.312419427826	DBCA	38_1	140	127.045518323726
528.571428571429	700	82.8900504142067	24.6	107.490050414207	DBCA	38_1	0	107.490050414207
528.571428571429	733.333333333333	78.597932567817	24.6	103.197932567817	DBCA	38_1	280	132.013007282368
528.571428571429	766.666666666667	78.0921997162951	24.6	102.692199716295	DBCA	38_1	210	129.797676906176
528.571428571429	800	79.4357301438695	24.6	104.035730143869	DBCA	38_1	70	116.733669976475
528.571428571429	833.333333333333	79.187373051504	24.6	103.787373051504	DBCA	38_2	210	130.892850241385
528.571428571429	866.666666666667	77.6476725459452	24.6	102.247672545945	DBCA	38_2	140	123.980771441845
528.571428571429	900	79.5264201024354	24.6	104.126420102435	DBCA	38_2	70	116.824359935041
528.571428571429	933.333333333333	76.4373256435663	24.6	101.037325643566	DBCA	38_2	0	101.037325643566
528.571428571429	966.666666666667	79.9444112015325	24.6	104.544411201532	DBCA	38_2	280	133.359485916084
542.857142857143	666.666666666667	83.1664273292114	24.6	107.766427329211	DBCA	39_1	210	134.871904519093
542.857142857143	700	81.9512554742417	24.6	106.551255474242	DBCA	39_1	140	128.284354370141
542.857142857143	733.333333333333	83.3615012710995	24.6	107.9615012711	DBCA	39_1	70	120.659441103705
542.857142857143	766.666666666667	79.6081233080257	24.6	104.208123308026	DBCA	39_1	280	133.023198022577
542.857142857143	800	77.9407029515704	24.6	102.54070295157	DBCA	39_1	0	102.54070295157
542.857142857143	833.333333333333	78.0495459134955	24.6	102.649545913496	DBCA	39_2	280	131.464620628047
542.857142857143	866.666666666667	80.1037270280008	24.6	104.703727028001	DBCA	39_2	0	104.703727028001
542.857142857143	900	79.3303533047763	24.6	103.930353304776	DBCA	39_2	210	131.035830494658
542.857142857143	933.333333333333	75.8484008387891	24.6	100.448400838789	DBCA	39_2	140	122.181499734689
542.857142857143	966.666666666667	84.633072126751	24.6	109.233072126751	DBCA	39_2	70	121.931011959357
42.8571428571429	666.666666666667	85.1289524181016	0	85.1289524181016	DBCA	4_1	70	91.9720922507073
42.8571428571429	700	76.6872129722469	0	76.6872129722469	DBCA	4_1	140	86.7107118681463
42.8571428571429	733.333333333333	79.4095454472507	0	79.4095454472507	DBCA	4_1	210	88.9506226371319
42.8571428571429	766.666666666667	82.2981820262181	0	82.2981820262181	DBCA	4_1	0	82.2981820262181
42.8571428571429	800	82.4855852846188	0	82.4855852846188	DBCA	4_1	280	87.8814599991699
42.8571428571429	833.333333333333	81.9626334226274	0	81.9626334226274	DBCA	4_2	70	88.8057732552331
42.8571428571429	866.666666666667	82.669469668241	0	82.669469668241	DBCA	4_2	210	92.2105468581223
42.8571428571429	900	82.7865426587837	0	82.7865426587837	DBCA	4_2	280	88.1824173733349
42.8571428571429	933.333333333333	82.0091928818366	0	82.0091928818366	DBCA	4_2	0	82.0091928818366
42.8571428571429	966.666666666667	86.2598690480567	0	86.2598690480567	DBCA	4_2	140	96.2833679439562
557.142857142857	666.666666666667	82.1738548402102	24.6	106.77385484021	DBCA	40_1	280	135.588929554761
557.142857142857	700	80.8936783696869	24.6	105.493678369687	DBCA	40_1	0	105.493678369687
557.142857142857	733.333333333333	82.8534245404408	24.6	107.453424540441	DBCA	40_1	140	129.18652343634
557.142857142857	766.666666666667	82.6108960048631	24.6	107.210896004863	DBCA	40_1	70	119.908835837469
557.142857142857	800	79.4969158411483	24.6	104.096915841148	DBCA	40_1	210	131.20239303103
557.142857142857	833.333333333333	78.4569240625696	24.6	103.05692406257	DBCA	40_2	70	115.754863895175
557.142857142857	866.666666666667	82.9364957287297	24.6	107.53649572873	DBCA	40_2	210	134.641972918611
557.142857142857	900	82.426001021744	24.6	107.026001021744	DBCA	40_2	0	107.026001021744
557.142857142857	933.333333333333	75.7824694949921	24.6	100.382469494992	DBCA	40_2	280	129.197544209543
557.142857142857	966.666666666667	77.7328046844393	24.6	102.332804684439	DBCA	40_2	140	124.065903580339
571.428571428571	666.666666666667	85.0434209085841	24.6	109.643420908584	DBCA	41_1	280	138.458495623135
571.428571428571	700	80.9168756900914	24.6	105.516875690091	DBCA	41_1	210	132.622352879973
571.428571428571	733.333333333333	85.6201093706124	24.6	110.220109370612	DBCA	41_1	70	122.918049203218
571.428571428571	766.666666666667	81.4879420961633	24.6	106.087942096163	DBCA	41_1	140	127.821040992063
571.428571428571	800	79.1379841214653	24.6	103.737984121465	DBCA	41_1	0	103.737984121465
571.428571428571	833.333333333333	79.4243071794473	24.6	104.024307179447	DBCA	41_2	280	132.839381893998
571.428571428571	866.666666666667	79.5008971792905	24.6	104.10089717929	DBCA	41_2	140	125.83399607519
571.428571428571	900	82.0619719632111	24.6	106.661971963211	DBCA	41_2	0	106.661971963211
571.428571428571	933.333333333333	84.2407547024961	24.6	108.840754702496	DBCA	41_2	210	135.946231892377
571.428571428571	966.666666666667	81.4761839595442	24.6	106.076183959544	DBCA	41_2	70	118.77412379215
585.714285714286	666.666666666667	82.2571277391032	24.6	106.857127739103	DBCA	42_1	140	128.590226635003
585.714285714286	700	79.8492165166801	24.6	104.44921651668	DBCA	42_1	280	133.264291231231
585.714285714286	733.333333333333	85.9771355909134	24.6	110.577135590913	DBCA	42_1	210	137.682612780795
585.714285714286	766.666666666667	78.173535492206	24.6	102.773535492206	DBCA	42_1	70	115.471475324812
585.714285714286	800	79.8145965717681	24.6	104.414596571768	DBCA	42_1	0	104.414596571768
585.714285714286	833.333333333333	81.5340333521903	24.6	106.13403335219	DBCA	42_2	210	133.239510542072
585.714285714286	866.666666666667	79.0468713390112	24.6	103.646871339011	DBCA	42_2	70	116.344811171617
585.714285714286	900	81.8853594709848	24.6	106.485359470985	DBCA	42_2	140	128.218458366884
585.714285714286	933.333333333333	79.1095069564433	24.6	103.709506956443	DBCA	42_2	0	103.709506956443
585.714285714286	966.666666666667	84.1968877599515	24.6	108.796887759951	DBCA	42_2	280	137.611962474503
600	666.666666666667	82.0813712061389	24.6	106.681371206139	DBCA	43_1	210	133.78684839602
600	700	81.1989202249731	24.6	105.798920224973	DBCA	43_1	70	118.496860057579
600	733.333333333333	83.9486630772042	24.6	108.548663077204	DBCA	43_1	0	108.548663077204
600	766.666666666667	79.4602387009148	24.6	104.060238700915	DBCA	43_1	140	125.793337596814
600	800	84.4208805329467	24.6	109.020880532947	DBCA	43_1	280	137.835955247498
600	833.333333333333	84.0903559361837	24.6	108.690355936184	DBCA	43_2	210	135.795833126065
600	866.666666666667	78.835265637945	24.6	103.435265637945	DBCA	43_2	70	116.133205470551
600	900	81.5986735786755	24.6	106.198673578675	DBCA	43_2	280	135.013748293227
600	933.333333333333	84.4479606648663	24.6	109.047960664866	DBCA	43_2	140	130.781059560766
600	966.666666666667	85.7054035383367	24.6	110.305403538337	DBCA	43_2	0	110.305403538337
614.285714285714	666.666666666667	80.5195932311867	24.6	105.119593231187	DBCA	44_1	210	132.225070421068
614.285714285714	700	79.6328917917885	24.6	104.232891791788	DBCA	44_1	280	133.04796650634
614.285714285714	733.333333333333	82.3767337198218	24.6	106.976733719822	DBCA	44_1	0	106.976733719822
614.285714285714	766.666666666667	79.6923210593902	24.6	104.29232105939	DBCA	44_1	70	116.990260891996
614.285714285714	800	81.5010477639251	24.6	106.101047763925	DBCA	44_1	140	127.834146659825
614.285714285714	833.333333333333	80.8757125632886	24.6	105.475712563289	DBCA	44_2	0	105.475712563289
614.285714285714	866.666666666667	81.3796450048735	24.6	105.979645004873	DBCA	44_2	140	127.712743900773
614.285714285714	900	81.5430686576453	24.6	106.143068657645	DBCA	44_2	280	134.958143372196
614.285714285714	933.333333333333	81.1552908372002	24.6	105.7552908372	DBCA	44_2	210	132.860768027081
614.285714285714	966.666666666667	78.4698435144487	24.6	103.069843514449	DBCA	44_2	70	115.767783347054
628.571428571429	666.666666666667	77.4873018386902	24.6	102.08730183869	DBCA	45_1	210	129.192779028571
628.571428571429	700	80.7395972947577	24.6	105.339597294758	DBCA	45_1	0	105.339597294758
628.571428571429	733.333333333333	82.9588932767428	24.6	107.558893276743	DBCA	45_1	280	136.373967991294
628.571428571429	766.666666666667	83.4324181876849	24.6	108.032418187685	DBCA	45_1	140	129.765517083584
628.571428571429	800	86.7897218231768	24.6	111.389721823177	DBCA	45_1	70	124.087661655782
628.571428571429	833.333333333333	81.4978746914001	24.6	106.0978746914	DBCA	45_2	0	106.0978746914
628.571428571429	866.666666666667	83.596693149775	24.6	108.196693149775	DBCA	45_2	70	120.894632982381
628.571428571429	900	82.0465041161429	24.6	106.646504116143	DBCA	45_2	280	135.461578830694
628.571428571429	933.333333333333	80.4058693702922	24.6	105.005869370292	DBCA	45_2	140	126.738968266192
628.571428571429	966.666666666667	78.2846786254987	24.6	102.884678625499	DBCA	45_2	210	129.99015581538
642.857142857143	666.666666666667	79.9080689053643	24.6	104.508068905364	DBCA	46_1	280	133.323143619915
642.857142857143	700	81.1846572315461	24.6	105.784657231546	DBCA	46_1	70	118.482597064152
642.857142857143	733.333333333333	81.8169554803854	24.6	106.416955480385	DBCA	46_1	140	128.150054376285
642.857142857143	766.666666666667	82.3367045057625	24.6	106.936704505762	DBCA	46_1	0	106.936704505762
642.857142857143	800	85.9157302272279	24.6	110.515730227228	DBCA	46_1	210	137.621207417109
642.857142857143	833.333333333333	80.0409110455138	24.6	104.640911045514	DBCA	46_2	140	126.374009941413
642.857142857143	866.666666666667	84.7404073337599	24.6	109.34040733376	DBCA	46_2	210	136.445884523641
642.857142857143	900	79.07522642931	24.6	103.67522642931	DBCA	46_2	0	103.67522642931
642.857142857143	933.333333333333	76.5963807876086	24.6	101.196380787609	DBCA	46_2	70	113.894320620214
642.857142857143	966.666666666667	77.1250181104682	24.6	101.725018110468	DBCA	46_2	280	130.540092825019
657.142857142857	666.666666666667	75.3359750185717	24.6	99.9359750185717	DBCA	47_1	280	128.751049733123
657.142857142857	700	79.8082194032521	24.6	104.408219403252	DBCA	47_1	210	131.513696593133
657.142857142857	733.333333333333	79.9374356467062	24.6	104.537435646706	DBCA	47_1	0	104.537435646706
657.142857142857	766.666666666667	81.1534478066625	24.6	105.753447806662	DBCA	47_1	70	118.451387639268
657.142857142857	800	85.7240082451827	24.6	110.324008245183	DBCA	47_1	140	132.057107141082
657.142857142857	833.333333333333	82.9201748255932	24.6	107.520174825593	DBCA	47_2	140	129.253273721493
657.142857142857	866.666666666667	81.8510693609659	24.6	106.451069360966	DBCA	47_2	0	106.451069360966
657.142857142857	900	81.1631181483632	24.6	105.763118148363	DBCA	47_2	210	132.868595338244
657.142857142857	933.333333333333	79.8986626842793	24.6	104.498662684279	DBCA	47_2	280	133.31373739883
657.142857142857	966.666666666667	79.10138258969	24.6	103.70138258969	DBCA	47_2	70	116.399322422296
671.428571428571	666.666666666667	73.8819795334243	24.6	98.4819795334243	DBCA	48_1	140	120.215078429324
671.428571428571	700	83.038915398566	24.6	107.638915398566	DBCA	48_1	70	120.336855231172
671.428571428571	733.333333333333	80.1467707628215	24.6	104.746770762822	DBCA	48_1	280	133.561845477373
671.428571428571	766.666666666667	80.9461397941769	24.6	105.546139794177	DBCA	48_1	0	105.546139794177
671.428571428571	800	84.7289585294003	24.6	109.3289585294	DBCA	48_1	210	136.434435719282
671.428571428571	833.333333333333	82.3108647578886	24.6	106.910864757889	DBCA	48_2	210	134.01634194777
671.428571428571	866.666666666667	81.2845079336871	24.6	105.884507933687	DBCA	48_2	0	105.884507933687
671.428571428571	900	82.1275345677092	24.6	106.727534567709	DBCA	48_2	70	119.425474400315
671.428571428571	933.333333333333	80.578129238449	24.6	105.178129238449	DBCA	48_2	280	133.993203953
671.428571428571	966.666666666667	79.9911440571279	24.6	104.591144057128	DBCA	48_2	140	126.324242953027
685.714285714286	666.666666666667	76.8393168322472	24.6	101.439316832247	DBCA	49_1	0	101.439316832247
685.714285714286	700	77.9815596198836	24.6	102.581559619884	DBCA	49_1	280	131.396634334435
685.714285714286	733.333333333333	80.3637894965244	24.6	104.963789496524	DBCA	49_1	210	132.069266686406
685.714285714286	766.666666666667	79.2681036890539	24.6	103.868103689054	DBCA	49_1	140	125.601202584953
685.714285714286	800	80.493196777345	24.6	105.093196777345	DBCA	49_1	70	117.791136609951
685.714285714286	833.333333333333	77.3978121448497	24.6	101.99781214485	DBCA	49_2	140	123.730911040749
685.714285714286	866.666666666667	80.4091007213219	24.6	105.009100721322	DBCA	49_2	210	132.114577911203
685.714285714286	900	82.6815726767186	24.6	107.281572676719	DBCA	49_2	280	136.09664739127
685.714285714286	933.333333333333	81.6616946498671	24.6	106.261694649867	DBCA	49_2	0	106.261694649867
685.714285714286	966.666666666667	79.2615156707024	24.6	103.861515670702	DBCA	49_2	70	116.559455503308
57.1428571428571	666.666666666667	83.5355807473824	0	83.5355807473824	DBCA	5_1	70	90.378720579988
57.1428571428571	700	77.2510500051554	0	77.2510500051554	DBCA	5_1	280	82.6469247197065
57.1428571428571	733.333333333333	79.2831586931676	0	79.2831586931676	DBCA	5_1	210	88.8242358830488
57.1428571428571	766.666666666667	80.830302993034	0	80.830302993034	DBCA	5_1	0	80.830302993034
57.1428571428571	800	84.9099508893692	0	84.9099508893692	DBCA	5_1	140	94.9334497852686
57.1428571428571	833.333333333333	80.3704332767756	0	80.3704332767756	DBCA	5_2	210	89.9115104666569
57.1428571428571	866.666666666667	82.6341642198412	0	82.6341642198412	DBCA	5_2	280	88.0300389343923
57.1428571428571	900	82.5960489380794	0	82.5960489380794	DBCA	5_2	0	82.5960489380794
57.1428571428571	933.333333333333	80.4734944583315	0	80.4734944583315	DBCA	5_2	140	90.4969933542309
57.1428571428571	966.666666666667	83.7716761587599	0	83.7716761587599	DBCA	5_2	70	90.6148159913656
700	666.666666666667	77.7412542369574	24.6	102.341254236957	DBCA	50_1	70	115.039194069563
700	700	75.0392632087465	24.6	99.6392632087465	DBCA	50_1	140	121.372362104646
700	733.333333333333	82.615760054638	24.6	107.215760054638	DBCA	50_1	0	107.215760054638
700	766.666666666667	80.993772598626	24.6	105.593772598626	DBCA	50_1	280	134.408847313177
700	800	81.1407632288788	24.6	105.740763228879	DBCA	50_1	210	132.84624041876
700	833.333333333333	82.2194882724815	24.6	106.819488272482	DBCA	50_2	70	119.517428105087
700	866.666666666667	81.1342708093315	24.6	105.734270809331	DBCA	50_2	0	105.734270809331
700	900	76.5207665642867	24.6	101.120766564287	DBCA	50_2	210	128.226243754168
700	933.333333333333	78.3045028343168	24.6	102.904502834317	DBCA	50_2	140	124.637601730216
700	966.666666666667	78.6953354452692	24.6	103.295335445269	DBCA	50_2	280	132.11041015982
714.285714285714	666.666666666667	76.9329538628388	24.6	101.532953862839	DBCA	51_1	210	128.63843105272
714.285714285714	700	80.4676108254469	24.6	105.067610825447	DBCA	51_1	0	105.067610825447
714.285714285714	733.333333333333	83.8504226182592	24.6	108.450422618259	DBCA	51_1	70	121.148362450865
714.285714285714	766.666666666667	80.4148400363873	24.6	105.014840036387	DBCA	51_1	280	133.829914750938
714.285714285714	800	79.5505674681783	24.6	104.150567468178	DBCA	51_1	140	125.883666364078
714.285714285714	833.333333333333	81.2524079842213	24.6	105.852407984221	DBCA	51_2	140	127.585506880121
714.285714285714	866.666666666667	80.7378278105538	24.6	105.337827810554	DBCA	51_2	0	105.337827810554
714.285714285714	900	75.4500363408639	24.6	100.050036340864	DBCA	51_2	210	127.155513530745
714.285714285714	933.333333333333	79.9639329412138	24.6	104.563932941214	DBCA	51_2	280	133.379007655765
714.285714285714	966.666666666667	75.9921892291115	24.6	100.592189229112	DBCA	51_2	70	113.290129061717
728.571428571429	666.666666666667	78.2618413747898	24.6	102.86184137479	DBCA	52_1	140	124.594940270689
728.571428571429	700	76.6741498337317	24.6	101.274149833732	DBCA	52_1	70	113.972089666337
728.571428571429	733.333333333333	83.9226208982769	24.6	108.522620898277	DBCA	52_1	0	108.522620898277
728.571428571429	766.666666666667	85.9336651868037	24.6	110.533665186804	DBCA	52_1	210	137.639142376685
728.571428571429	800	79.5172826180465	24.6	104.117282618047	DBCA	52_1	280	132.932357332598
728.571428571429	833.333333333333	75.6532022959522	24.6	100.253202295952	DBCA	52_2	210	127.358679485833
728.571428571429	866.666666666667	79.0006548817434	24.6	103.600654881743	DBCA	52_2	70	116.298594714349
728.571428571429	900	75.0871185815347	24.6	99.6871185815347	DBCA	52_2	0	99.6871185815347
728.571428571429	933.333333333333	79.6471093488886	24.6	104.247109348889	DBCA	52_2	280	133.06218406344
728.571428571429	966.666666666667	78.0033367156524	24.6	102.603336715652	DBCA	52_2	140	124.336435611552
742.857142857143	666.666666666667	76.9457297329258	24.6	101.545729732926	DBCA	53_1	280	130.360804447477
742.857142857143	700	79.9444235592118	24.6	104.544423559212	DBCA	53_1	140	126.277522455111
742.857142857143	733.333333333333	83.2800776869982	24.6	107.880077686998	DBCA	53_1	210	134.985554876879
742.857142857143	766.666666666667	84.5961510016839	24.6	109.196151001684	DBCA	53_1	0	109.196151001684
742.857142857143	800	78.403837760017	24.6	103.003837760017	DBCA	53_1	70	115.701777592623
742.857142857143	833.333333333333	78.6862835538996	24.6	103.2862835539	DBCA	53_2	140	125.019382449799
742.857142857143	866.666666666667	81.3556921222651	24.6	105.955692122265	DBCA	53_2	210	133.061169312146
742.857142857143	900	78.9036538594283	24.6	103.503653859428	DBCA	53_2	280	132.318728573979
742.857142857143	933.333333333333	79.5468406157512	24.6	104.146840615751	DBCA	53_2	0	104.146840615751
742.857142857143	966.666666666667	76.0563232655744	24.6	100.656323265574	DBCA	53_2	70	113.35426309818
757.142857142857	666.666666666667	83.0352405067026	24.6	107.635240506703	DBCA	54_1	280	136.450315221254
757.142857142857	700	81.2848381264728	24.6	105.884838126473	DBCA	54_1	210	132.990315316354
757.142857142857	733.333333333333	85.4929657435339	24.6	110.092965743534	DBCA	54_1	0	110.092965743534
757.142857142857	766.666666666667	82.9704780653979	24.6	107.570478065398	DBCA	54_1	140	129.303576961297
757.142857142857	800	77.7126421685833	24.6	102.312642168583	DBCA	54_1	70	115.010582001189
757.142857142857	833.333333333333	82.021830909467	24.6	106.621830909467	DBCA	54_2	280	135.436905624018
757.142857142857	866.666666666667	83.0697598296521	24.6	107.669759829652	DBCA	54_2	0	107.669759829652
757.142857142857	900	80.2546827035418	24.6	104.854682703542	DBCA	54_2	140	126.587781599441
757.142857142857	933.333333333333	77.1537707796356	24.6	101.753770779636	DBCA	54_2	70	114.451710612241
757.142857142857	966.666666666667	75.1748064323562	24.6	99.7748064323562	DBCA	54_2	210	126.880283622237
771.428571428571	666.666666666667	82.4362221476334	24.6	107.036222147633	DBCA	55_1	140	128.769321043533
771.428571428571	700	83.7087660907084	24.6	108.308766090708	DBCA	55_1	70	121.006705923314
771.428571428571	733.333333333333	81.1307242279184	24.6	105.730724227918	DBCA	55_1	210	132.8362014178
771.428571428571	766.666666666667	82.1760877720364	24.6	106.776087772036	DBCA	55_1	280	135.591162486588
771.428571428571	800	82.0354503418821	24.6	106.635450341882	DBCA	55_1	0	106.635450341882
771.428571428571	833.333333333333	82.4866687148648	24.6	107.086668714865	DBCA	55_2	0	107.086668714865
771.428571428571	866.666666666667	82.715751636026	24.6	107.315751636026	DBCA	55_2	140	129.048850531925
771.428571428571	900	84.4593944370425	24.6	109.059394437042	DBCA	55_2	280	137.874469151594
771.428571428571	933.333333333333	74.9684741612656	24.6	99.5684741612656	DBCA	55_2	210	126.673951351147
771.428571428571	966.666666666667	78.833538785825	24.6	103.433538785825	DBCA	55_2	70	116.131478618431
785.714285714286	666.666666666667	85.9121719043264	24.6	110.512171904326	DBCA	56_1	140	132.245270800226
785.714285714286	700	82.1718288815698	24.6	106.77182888157	DBCA	56_1	210	133.877306071451
785.714285714286	733.333333333333	81.4708336688919	24.6	106.070833668892	DBCA	56_1	0	106.070833668892
785.714285714286	766.666666666667	80.7120250977625	24.6	105.312025097763	DBCA	56_1	70	118.009964930368
785.714285714286	800	80.9445601770757	24.6	105.544560177076	DBCA	56_1	280	134.359634891627
785.714285714286	833.333333333333	80.7501688707173	24.6	105.350168870717	DBCA	56_2	210	132.455646060599
785.714285714286	866.666666666667	82.0364447560631	24.6	106.636444756063	DBCA	56_2	280	135.451519470614
785.714285714286	900	79.3046950568088	24.6	103.904695056809	DBCA	56_2	140	125.637793952708
785.714285714286	933.333333333333	78.7484216862307	24.6	103.348421686231	DBCA	56_2	0	103.348421686231
785.714285714286	966.666666666667	79.0027852452812	24.6	103.602785245281	DBCA	56_2	70	116.300725077887
800	666.666666666667	80.9971090997299	24.6	105.59710909973	DBCA	57_1	140	127.330207995629
800	700	84.6049116711473	24.6	109.204911671147	DBCA	57_1	70	121.902851503753
800	733.333333333333	83.0785811355111	24.6	107.678581135511	DBCA	57_1	280	136.493655850062
800	766.666666666667	84.1638684419175	24.6	108.763868441917	DBCA	57_1	210	135.869345631799
800	800	84.340580037477	24.6	108.940580037477	DBCA	57_1	0	108.940580037477
800	833.333333333333	83.2562888029304	24.6	107.85628880293	DBCA	57_2	70	120.554228635536
800	866.666666666667	80.5327994079401	24.6	105.13279940794	DBCA	57_2	210	132.238276597821
800	900	82.8263323952877	24.6	107.426332395288	DBCA	57_2	280	136.241407109839
800	933.333333333333	78.7703253531029	24.6	103.370325353103	DBCA	57_2	0	103.370325353103
800	966.666666666667	77.7740144365813	24.6	102.374014436581	DBCA	57_2	140	124.107113332481
814.285714285714	666.666666666667	81.9009762626574	24.6	106.500976262657	DBCA	58_1	70	119.198916095263
814.285714285714	700	87.0007270181924	24.6	111.600727018192	DBCA	58_1	140	133.333825914092
814.285714285714	733.333333333333	83.4655710419706	24.6	108.065571041971	DBCA	58_1	210	135.171048231852
814.285714285714	766.666666666667	83.8102835198665	24.6	108.410283519867	DBCA	58_1	0	108.410283519867
814.285714285714	800	84.5759970633325	24.6	109.175997063333	DBCA	58_1	280	137.991071777884
814.285714285714	833.333333333333	79.4023151657222	24.6	104.002315165722	DBCA	58_2	0	104.002315165722
814.285714285714	866.666666666667	80.0856061992633	24.6	104.685606199263	DBCA	58_2	280	133.500680913814
814.285714285714	900	80.9447642591063	24.6	105.544764259106	DBCA	58_2	70	118.242704091712
814.285714285714	933.333333333333	81.4959690660368	24.6	106.095969066037	DBCA	58_2	210	133.201446255918
814.285714285714	966.666666666667	78.262754755815	24.6	102.862754755815	DBCA	58_2	140	124.595853651714
828.571428571429	666.666666666667	85.3658066598162	24.6	109.965806659816	DBCA	59_1	280	138.780881374367
828.571428571429	700	81.5654973448829	24.6	106.165497344883	DBCA	59_1	210	133.270974534764
828.571428571429	733.333333333333	82.4441887419845	24.6	107.044188741985	DBCA	59_1	0	107.044188741985
828.571428571429	766.666666666667	82.5794949752885	24.6	107.179494975289	DBCA	59_1	70	119.877434807894
828.571428571429	800	83.8766933498963	24.6	108.476693349896	DBCA	59_1	140	130.209792245796
828.571428571429	833.333333333333	80.1976711687457	24.6	104.797671168746	DBCA	59_2	210	131.903148358627
828.571428571429	866.666666666667	80.5431308863351	24.6	105.143130886335	DBCA	59_2	140	126.876229782235
828.571428571429	900	80.432865269738	24.6	105.032865269738	DBCA	59_2	280	133.847939984289
828.571428571429	933.333333333333	81.2658270979513	24.6	105.865827097951	DBCA	59_2	0	105.865827097951
828.571428571429	966.666666666667	83.5469572775333	24.6	108.146957277533	DBCA	59_2	70	120.844897110139
71.4285714285714	666.666666666667	81.8727106016654	0	81.8727106016654	DBCA	6_1	210	91.4137877915467
71.4285714285714	700	79.542982419197	0	79.542982419197	DBCA	6_1	70	86.3861222518027
71.4285714285714	733.333333333333	82.719857070425	0	82.719857070425	DBCA	6_1	140	92.7433559663244
71.4285714285714	766.666666666667	81.0903672279545	0	81.0903672279545	DBCA	6_1	280	86.4862419425056
71.4285714285714	800	83.6982855716863	0	83.6982855716863	DBCA	6_1	0	83.6982855716863
71.4285714285714	833.333333333333	81.0790908683887	0	81.0790908683887	DBCA	6_2	140	91.1025897642881
71.4285714285714	866.666666666667	81.21191457925	0	81.21191457925	DBCA	6_2	0	81.21191457925
71.4285714285714	900	80.633986094173	0	80.633986094173	DBCA	6_2	210	90.1750632840542
71.4285714285714	933.333333333333	82.8980528193762	0	82.8980528193762	DBCA	6_2	70	89.7411926519819
71.4285714285714	966.666666666667	78.4094809608763	0	78.4094809608763	DBCA	6_2	280	83.8053556754274
842.857142857143	666.666666666667	82.0018444069346	24.6	106.601844406935	DBCA	60_1	70	119.29978423954
842.857142857143	700	79.1277110737153	24.6	103.727711073715	DBCA	60_1	0	103.727711073715
842.857142857143	733.333333333333	83.482906110061	24.6	108.082906110061	DBCA	60_1	140	129.81600500596
842.857142857143	766.666666666667	83.1880908957563	24.6	107.788090895756	DBCA	60_1	280	136.603165610307
842.857142857143	800	83.2143412971769	24.6	107.814341297177	DBCA	60_1	210	134.919818487058
842.857142857143	833.333333333333	80.929981439556	24.6	105.529981439556	DBCA	60_2	280	134.345056154107
842.857142857143	866.666666666667	76.4799743243748	24.6	101.079974324375	DBCA	60_2	70	113.77791415698
842.857142857143	900	81.722559858164	24.6	106.322559858164	DBCA	60_2	210	133.428037048045
842.857142857143	933.333333333333	81.5091461216351	24.6	106.109146121635	DBCA	60_2	140	127.842245017535
842.857142857143	966.666666666667	79.9095285290632	24.6	104.509528529063	DBCA	60_2	0	104.509528529063
857.142857142857	666.666666666667	82.4825629180101	24.6	107.08256291801	DBCA	61_1	280	135.897637632561
857.142857142857	700	80.5146068046105	24.6	105.114606804611	DBCA	61_1	70	117.812546637216
857.142857142857	733.333333333333	82.0999273908759	24.6	106.699927390876	DBCA	61_1	140	128.433026286775
857.142857142857	766.666666666667	79.7143710091608	24.6	104.314371009161	DBCA	61_1	210	131.419848199042
857.142857142857	800	80.2268789418853	24.6	104.826878941885	DBCA	61_1	0	104.826878941885
857.142857142857	833.333333333333	79.930918448802	24.6	104.530918448802	DBCA	61_2	70	117.228858281408
857.142857142857	866.666666666667	73.6136262307402	24.6	98.2136262307401	DBCA	61_2	0	98.2136262307401
857.142857142857	900	80.1559527842414	24.6	104.755952784241	DBCA	61_2	280	133.571027498792
857.142857142857	933.333333333333	78.9566151228456	24.6	103.556615122846	DBCA	61_2	210	130.662092312727
857.142857142857	966.666666666667	83.4419576345311	24.6	108.041957634531	DBCA	61_2	140	129.775056530431
871.428571428571	666.666666666667	81.8472059110376	24.6	106.447205911038	DBCA	62_1	280	135.262280625589
871.428571428571	700	81.7187312078289	24.6	106.318731207829	DBCA	62_1	0	106.318731207829
871.428571428571	733.333333333333	84.0930453689179	24.6	108.693045368918	DBCA	62_1	70	121.390985201524
871.428571428571	766.666666666667	79.6132241535184	24.6	104.213224153518	DBCA	62_1	210	131.3187013434
871.428571428571	800	77.6145331548247	24.6	102.214533154825	DBCA	62_1	140	123.947632050724
871.428571428571	833.333333333333	77.582096367769	24.6	102.182096367769	DBCA	62_2	70	114.880036200375
871.428571428571	866.666666666667	77.4395943754934	24.6	102.039594375493	DBCA	62_2	0	102.039594375493
871.428571428571	900	79.6340829178233	24.6	104.234082917823	DBCA	62_2	140	125.967181813723
871.428571428571	933.333333333333	79.2746288237232	24.6	103.874628823723	DBCA	62_2	280	132.689703538274
871.428571428571	966.666666666667	82.4306428275014	24.6	107.030642827501	DBCA	62_2	210	134.136120017383
885.714285714286	666.666666666667	81.8899662808809	24.6	106.489966280881	DBCA	63_1	280	135.305040995432
885.714285714286	700	80.2395736935217	24.6	104.839573693522	DBCA	63_1	70	117.537513526127
885.714285714286	733.333333333333	77.7389993974561	24.6	102.338999397456	DBCA	63_1	0	102.338999397456
885.714285714286	766.666666666667	81.1265373608112	24.6	105.726537360811	DBCA	63_1	210	132.832014550692
885.714285714286	800	80.9808067901258	24.6	105.580806790126	DBCA	63_1	140	127.313905686025
885.714285714286	833.333333333333	80.0540495371572	24.6	104.654049537157	DBCA	63_2	140	126.387148433057
885.714285714286	866.666666666667	76.0338028202078	24.6	100.633802820208	DBCA	63_2	210	127.739280010089
885.714285714286	900	75.7197302205103	24.6	100.31973022051	DBCA	63_2	0	100.31973022051
885.714285714286	933.333333333333	85.0710876563052	24.6	109.671087656305	DBCA	63_2	70	122.369027488911
885.714285714286	966.666666666667	81.7879347664988	24.6	106.387934766499	DBCA	63_2	280	135.20300948105
900	666.666666666667	84.528254007509	24.6	109.128254007509	DBCA	64_1	140	130.861352903408
900	700	79.9520121662542	24.6	104.552012166254	DBCA	64_1	70	117.24995199886
900	733.333333333333	80.8324133501906	24.6	105.432413350191	DBCA	64_1	0	105.432413350191
900	766.666666666667	79.2037138551237	24.6	103.803713855124	DBCA	64_1	280	132.618788569675
900	800	79.0069416394139	24.6	103.606941639414	DBCA	64_1	210	130.712418829295
900	833.333333333333	78.363108954834	24.6	102.963108954834	DBCA	64_2	70	115.66104878744
900	866.666666666667	76.8117531389585	24.6	101.411753138959	DBCA	64_2	140	123.144852034858
900	900	78.3845812968038	24.6	102.984581296804	DBCA	64_2	0	102.984581296804
900	933.333333333333	79.548038363206	24.6	104.148038363206	DBCA	64_2	210	131.253515553087
900	966.666666666667	81.4995778181039	24.6	106.099577818104	DBCA	64_2	280	134.914652532655
914.285714285714	666.666666666667	84.3374758967513	24.6	108.937475896751	DBCA	65_1	0	108.937475896751
914.285714285714	700	77.848889365805	24.6	102.448889365805	DBCA	65_1	140	124.181988261704
914.285714285714	733.333333333333	78.0006381925134	24.6	102.600638192513	DBCA	65_1	210	129.706115382395
914.285714285714	766.666666666667	76.9522822107067	24.6	101.552282210707	DBCA	65_1	280	130.367356925258
914.285714285714	800	78.6952833351794	24.6	103.295283335179	DBCA	65_1	70	115.993223167785
914.285714285714	833.333333333333	80.0258453252547	24.6	104.625845325255	DBCA	65_2	70	117.32378515786
914.285714285714	866.666666666667	77.8826944473032	24.6	102.482694447303	DBCA	65_2	280	131.297769161854
914.285714285714	900	76.5842439395909	24.6	101.184243939591	DBCA	65_2	210	128.289721129472
914.285714285714	933.333333333333	78.3488952808985	24.6	102.948895280899	DBCA	65_2	140	124.681994176798
914.285714285714	966.666666666667	80.962118326609	24.6	105.562118326609	DBCA	65_2	0	105.562118326609
928.571428571429	666.666666666667	83.7628340344046	24.6	108.362834034405	DBCA	66_1	210	135.468311224286
928.571428571429	700	78.4656302914561	24.6	103.065630291456	DBCA	66_1	140	124.798729187355
928.571428571429	733.333333333333	78.6711218028184	24.6	103.271121802818	DBCA	66_1	280	132.086196517369
928.571428571429	766.666666666667	82.3284081536031	24.6	106.928408153603	DBCA	66_1	0	106.928408153603
928.571428571429	800	82.520731198225	24.6	107.120731198225	DBCA	66_1	70	119.818671030831
928.571428571429	833.333333333333	81.3983459170991	24.6	105.998345917099	DBCA	66_2	210	133.10382310698
928.571428571429	866.666666666667	75.6093401568441	24.6	100.209340156844	DBCA	66_2	140	121.942439052744
928.571428571429	900	74.9908204176253	24.6	99.5908204176253	DBCA	66_2	70	112.288760250231
928.571428571429	933.333333333333	78.9101509550388	24.6	103.510150955039	DBCA	66_2	280	132.32522566959
928.571428571429	966.666666666667	76.9147784874758	24.6	101.514778487476	DBCA	66_2	0	101.514778487476
942.857142857143	666.666666666667	86.1045251866625	24.6	110.704525186662	DBCA	67_1	140	132.437624082562
942.857142857143	700	83.3960509035615	24.6	107.996050903562	DBCA	67_1	0	107.996050903562
942.857142857143	733.333333333333	80.8034004083081	24.6	105.403400408308	DBCA	67_1	210	132.508877598189
942.857142857143	766.666666666667	82.6288027792051	24.6	107.228802779205	DBCA	67_1	70	119.926742611811
942.857142857143	800	80.6139465060735	24.6	105.213946506074	DBCA	67_1	280	134.029021220625
942.857142857143	833.333333333333	80.8000173511858	24.6	105.400017351186	DBCA	67_2	210	132.505494541067
942.857142857143	866.666666666667	77.2142190606788	24.6	101.814219060679	DBCA	67_2	140	123.547317956578
942.857142857143	900	80.9813337231986	24.6	105.581333723199	DBCA	67_2	70	118.279273555804
942.857142857143	933.333333333333	73.8404493501619	24.6	98.4404493501619	DBCA	67_2	0	98.4404493501619
942.857142857143	966.666666666667	77.9377715860388	24.6	102.537771586039	DBCA	67_2	280	131.35284630059
957.142857142857	666.666666666667	85.7968091895944	24.6	110.396809189594	DBCA	68_1	280	139.211883904145
957.142857142857	700	84.4399894163466	24.6	109.039989416347	DBCA	68_1	70	121.737929248952
957.142857142857	733.333333333333	83.566114083553	24.6	108.166114083553	DBCA	68_1	210	135.271591273434
957.142857142857	766.666666666667	83.6558558962173	24.6	108.255855896217	DBCA	68_1	0	108.255855896217
957.142857142857	800	81.0949709795073	24.6	105.694970979507	DBCA	68_1	140	127.428069875407
957.142857142857	833.333333333333	77.5476575671989	24.6	102.147657567199	DBCA	68_2	70	114.845597399805
957.142857142857	866.666666666667	76.4861853083281	24.6	101.086185308328	DBCA	68_2	0	101.086185308328
957.142857142857	900	79.4367894981186	24.6	104.036789498119	DBCA	68_2	210	131.142266688
957.142857142857	933.333333333333	79.0775797541742	24.6	103.677579754174	DBCA	68_2	280	132.492654468725
957.142857142857	966.666666666667	75.3670008621177	24.6	99.9670008621177	DBCA	68_2	140	121.700099758017
971.428571428571	666.666666666667	85.2804282459784	24.6	109.880428245978	DBCA	69_1	140	131.613527141878
971.428571428571	700	83.1149194984597	24.6	107.71491949846	DBCA	69_1	0	107.71491949846
971.428571428571	733.333333333333	82.7321409785834	24.6	107.332140978583	DBCA	69_1	70	120.030080811189
971.428571428571	766.666666666667	81.2396596209483	24.6	105.839659620948	DBCA	69_1	210	132.94513681083
971.428571428571	800	80.9852504825408	24.6	105.585250482541	DBCA	69_1	280	134.400325197092
971.428571428571	833.333333333333	80.6333329593697	24.6	105.23333295937	DBCA	69_2	0	105.23333295937
971.428571428571	866.666666666667	74.4364656890387	24.6	99.0364656890387	DBCA	69_2	210	126.14194287892
971.428571428571	900	77.9522854831935	24.6	102.552285483194	DBCA	69_2	140	124.285384379093
971.428571428571	933.333333333333	78.7531969628646	24.6	103.353196962865	DBCA	69_2	70	116.05113679547
971.428571428571	966.666666666667	79.0565807922855	24.6	103.656580792285	DBCA	69_2	280	132.471655506837
85.7142857142857	666.666666666667	85.5322629926933	0	85.5322629926933	DBCA	7_1	70	92.375402825299
85.7142857142857	700	79.0131587628435	0	79.0131587628435	DBCA	7_1	140	89.0366576587429
85.7142857142857	733.333333333333	81.9033386902819	0	81.9033386902819	DBCA	7_1	210	91.4444158801632
85.7142857142857	766.666666666667	80.0085715501167	0	80.0085715501167	DBCA	7_1	0	80.0085715501167
85.7142857142857	800	81.4577723909038	0	81.4577723909038	DBCA	7_1	280	86.8536471054549
85.7142857142857	833.333333333333	83.7974612418081	0	83.7974612418081	DBCA	7_2	70	90.6406010744138
85.7142857142857	866.666666666667	79.9690417983085	0	79.9690417983085	DBCA	7_2	210	89.5101189881898
85.7142857142857	900	79.4836918893696	0	79.4836918893696	DBCA	7_2	280	84.8795666039207
85.7142857142857	933.333333333333	77.4041903792365	0	77.4041903792365	DBCA	7_2	0	77.4041903792365
85.7142857142857	966.666666666667	82.9459895059046	0	82.9459895059046	DBCA	7_2	140	92.9694884018041
985.714285714286	666.666666666667	80.9531039766788	24.6	105.553103976679	DBCA	70_1	210	132.65858116656
985.714285714286	700	86.0707201717448	24.6	110.670720171745	DBCA	70_1	70	123.36866000435
985.714285714286	733.333333333333	80.4214644271384	24.6	105.021464427138	DBCA	70_1	140	126.754563323038
985.714285714286	766.666666666667	84.4064497981758	24.6	109.006449798176	DBCA	70_1	0	109.006449798176
985.714285714286	800	81.639313473368	24.6	106.239313473368	DBCA	70_1	280	135.054388187919
985.714285714286	833.333333333333	77.2550994302815	24.6	101.855099430281	DBCA	70_2	70	114.553039262887
985.714285714286	866.666666666667	75.7569433721978	24.6	100.356943372198	DBCA	70_2	280	129.172018086749
985.714285714286	900	75.1828283583722	24.6	99.7828283583722	DBCA	70_2	140	121.515927254272
985.714285714286	933.333333333333	81.1669352421686	24.6	105.766935242169	DBCA	70_2	210	132.87241243205
985.714285714286	966.666666666667	84.7816750906992	24.6	109.381675090699	DBCA	70_2	0	109.381675090699
1000	666.666666666667	83.1342257214645	24.6	107.734225721464	DBCA	71_1	210	134.839702911346
1000	700	83.4189953153859	24.6	108.018995315386	DBCA	71_1	70	120.716935147992
1000	733.333333333333	77.8978235478722	24.6	102.497823547872	DBCA	71_1	280	131.312898262423
1000	766.666666666667	79.4373368204931	24.6	104.037336820493	DBCA	71_1	140	125.770435716393
1000	800	81.5597283928714	24.6	106.159728392871	DBCA	71_1	0	106.159728392871
1000	833.333333333333	78.2997897068045	24.6	102.899789706804	DBCA	71_2	140	124.632888602704
1000	866.666666666667	75.8915616958882	24.6	100.491561695888	DBCA	71_2	280	129.306636410439
1000	900	80.5366764486417	24.6	105.136676448642	DBCA	71_2	70	117.834616281247
1000	933.333333333333	82.5993233779386	24.6	107.199323377939	DBCA	71_2	210	134.30480056782
1000	966.666666666667	81.6615951052194	24.6	106.261595105219	DBCA	71_2	0	106.261595105219
100	666.666666666667	84.7306850466985	0	84.7306850466985	DBCA	8_1	210	94.2717622365797
100	700	78.5057077743123	0	78.5057077743123	DBCA	8_1	140	88.5292066702117
100	733.333333333333	78.6194699013761	0	78.6194699013761	DBCA	8_1	0	78.6194699013761
100	766.666666666667	77.7154500239238	0	77.7154500239238	DBCA	8_1	280	83.1113247384749
100	800	79.4571156661033	0	79.4571156661033	DBCA	8_1	70	86.300255498709
100	833.333333333333	83.1841577301786	0	83.1841577301786	DBCA	8_2	140	93.2076566260781
100	866.666666666667	80.3726444065985	0	80.3726444065985	DBCA	8_2	280	85.7685191211496
100	900	79.4099230561327	0	79.4099230561327	DBCA	8_2	210	88.9510002460139
100	933.333333333333	78.6063250324841	0	78.6063250324841	DBCA	8_2	70	85.4494648650898
100	966.666666666667	78.2611418707844	0	78.2611418707844	DBCA	8_2	0	78.2611418707844
114.285714285714	666.666666666667	80.8560832059925	0	80.8560832059925	DBCA	9_1	210	90.3971603958737
114.285714285714	700	75.5747286640503	0	75.5747286640503	DBCA	9_1	280	80.9706033786014
114.285714285714	733.333333333333	77.3622118952945	0	77.3622118952945	DBCA	9_1	70	84.2053517279002
114.285714285714	766.666666666667	77.6183379586947	0	77.6183379586947	DBCA	9_1	140	87.6418368545942
114.285714285714	800	77.7897102367788	0	77.7897102367788	DBCA	9_1	0	77.7897102367788
114.285714285714	833.333333333333	79.9393763750007	0	79.9393763750007	DBCA	9_2	280	85.3352510895518
114.285714285714	866.666666666667	82.8880658960013	0	82.8880658960013	DBCA	9_2	0	82.8880658960013
114.285714285714	900	80.0642868601713	0	80.0642868601713	DBCA	9_2	210	89.6053640500525
114.285714285714	933.333333333333	78.8409035040176	0	78.8409035040176	DBCA	9_2	140	88.8644023999171
114.285714285714	966.666666666667	80.3586782801779	0	80.3586782801779	DBCA	9_2	70	87.2018181127835
0	1000	83.4596269252211	0	83.4596269252211	DBCA	1_3	NA	NA
14.2857142857143	1000	81.3911216587129	0	81.3911216587129	DBCA	2_3	NA	NA
28.5714285714286	1000	81.7187471633726	0	81.7187471633726	DBCA	3_3	NA	NA
42.8571428571429	1000	81.3975346411756	0	81.3975346411756	DBCA	4_3	NA	NA
57.1428571428571	1000	82.8269326034262	0	82.8269326034262	DBCA	5_3	NA	NA
71.4285714285714	1000	76.9435882937042	0	76.9435882937042	DBCA	6_3	NA	NA
85.7142857142857	1000	81.6927097562525	0	81.6927097562525	DBCA	7_3	NA	NA
100	1000	77.0218451830383	0	77.0218451830383	DBCA	8_3	NA	NA
114.285714285714	1000	78.5619158163957	0	78.5619158163957	DBCA	9_3	NA	NA
128.571428571429	1000	76.739982695474	0	76.739982695474	DBCA	10_3	NA	NA
142.857142857143	1000	78.2691883551466	0	78.2691883551466	DBCA	11_3	NA	NA
157.142857142857	1000	78.2970710642934	0	78.2970710642934	DBCA	12_3	NA	NA
171.428571428571	1000	78.9262208515096	0	78.9262208515096	DBCA	13_3	NA	NA
185.714285714286	1000	77.3107578264132	0	77.3107578264132	DBCA	14_3	NA	NA
200	1000	80.8080619204323	0	80.8080619204323	DBCA	15_3	NA	NA
214.285714285714	1000	78.3534163707626	0	78.3534163707626	DBCA	16_3	NA	NA
228.571428571429	1000	80.386434639046	0	80.386434639046	DBCA	17_3	NA	NA
242.857142857143	1000	85.7345196251959	0	85.7345196251959	DBCA	18_3	NA	NA
257.142857142857	1000	82.919353985286	0	82.919353985286	DBCA	19_3	NA	NA
271.428571428571	1000	81.5964759211209	0	81.5964759211209	DBCA	20_3	NA	NA
285.714285714286	1000	83.7407444015628	0	83.7407444015628	DBCA	21_3	NA	NA
300	1000	80.1750992001193	0	80.1750992001193	DBCA	22_3	NA	NA
314.285714285714	1000	82.1586319225152	0	82.1586319225152	DBCA	23_3	NA	NA
328.571428571429	1000	83.0729009067653	0	83.0729009067653	DBCA	24_3	NA	NA
342.857142857143	1000	76.1821075965672	0	76.1821075965672	DBCA	25_3	NA	NA
357.142857142857	1000	82.4463157810434	0	82.4463157810434	DBCA	26_3	NA	NA
371.428571428571	1000	79.5506928447692	0	79.5506928447692	DBCA	27_3	NA	NA
385.714285714286	1000	79.1216515941488	0	79.1216515941488	DBCA	28_3	NA	NA
400	1000	74.4584669734318	0	74.4584669734318	DBCA	29_3	NA	NA
414.285714285714	1000	78.3544283927292	0	78.3544283927292	DBCA	30_3	NA	NA
428.571428571429	1000	78.2033182014547	0	78.2033182014547	DBCA	31_3	NA	NA
442.857142857143	1000	78.41167459496	0	78.41167459496	DBCA	32_3	NA	NA
457.142857142857	1000	75.2067603602219	0	75.2067603602219	DBCA	33_3	NA	NA
471.428571428571	1000	76.9565570326373	0	76.9565570326373	DBCA	34_3	NA	NA
485.714285714286	1000	78.6524051525849	0	78.6524051525849	DBCA	35_3	NA	NA
500	1000	79.4602660542566	0	79.4602660542566	DBCA	36_3	NA	NA
514.285714285714	1000	79.565903414178	24.6	104.165903414178	DBCA	37_3	NA	NA
528.571428571429	1000	77.3724661164797	24.6	101.97246611648	DBCA	38_3	NA	NA
542.857142857143	1000	77.4039716186154	24.6	102.003971618615	DBCA	39_3	NA	NA
557.142857142857	1000	78.8909517790376	24.6	103.490951779038	DBCA	40_3	NA	NA
571.428571428571	1000	78.4467794582633	24.6	103.046779458263	DBCA	41_3	NA	NA
585.714285714286	1000	77.808361812546	24.6	102.408361812546	DBCA	42_3	NA	NA
600	1000	81.5102947117861	24.6	106.110294711786	DBCA	43_3	NA	NA
614.285714285714	1000	77.8147128616133	24.6	102.414712861613	DBCA	44_3	NA	NA
628.571428571429	1000	80.2659760737352	24.6	104.865976073735	DBCA	45_3	NA	NA
642.857142857143	1000	79.0898405370208	24.6	103.689840537021	DBCA	46_3	NA	NA
657.142857142857	1000	77.4169896865209	24.6	102.016989686521	DBCA	47_3	NA	NA
671.428571428571	1000	76.4972913912655	24.6	101.097291391266	DBCA	48_3	NA	NA
685.714285714286	1000	78.3111577004164	24.6	102.911157700416	DBCA	49_3	NA	NA
700	1000	81.9056491333049	24.6	106.505649133305	DBCA	50_3	NA	NA
714.285714285714	1000	77.6904547472702	24.6	102.29045474727	DBCA	51_3	NA	NA
728.571428571429	1000	79.1473204590428	24.6	103.747320459043	DBCA	52_3	NA	NA
742.857142857143	1000	77.8722948659237	24.6	102.472294865924	DBCA	53_3	NA	NA
757.142857142857	1000	76.7036198567432	24.6	101.303619856743	DBCA	54_3	NA	NA
771.428571428571	1000	74.862206482458	24.6	99.462206482458	DBCA	55_3	NA	NA
785.714285714286	1000	75.6917396099513	24.6	100.291739609951	DBCA	56_3	NA	NA
800	1000	80.7948497719359	24.6	105.394849771936	DBCA	57_3	NA	NA
814.285714285714	1000	80.1078075901266	24.6	104.707807590127	DBCA	58_3	NA	NA
828.571428571429	1000	76.9435946142959	24.6	101.543594614296	DBCA	59_3	NA	NA
842.857142857143	1000	78.3381248964156	24.6	102.938124896416	DBCA	60_3	NA	NA
857.142857142857	1000	81.3321910779374	24.6	105.932191077937	DBCA	61_3	NA	NA
871.428571428571	1000	79.6967348067216	24.6	104.296734806722	DBCA	62_3	NA	NA
885.714285714286	1000	80.0193424279421	24.6	104.619342427942	DBCA	63_3	NA	NA
900	1000	81.2498813234912	24.6	105.849881323491	DBCA	64_3	NA	NA
914.285714285714	1000	81.2148018147225	24.6	105.814801814722	DBCA	65_3	NA	NA
928.571428571429	1000	80.4792251150531	24.6	105.079225115053	DBCA	66_3	NA	NA
942.857142857143	1000	82.4274306499033	24.6	107.027430649903	DBCA	67_3	NA	NA
957.142857142857	1000	80.8774378856899	24.6	105.47743788569	DBCA	68_3	NA	NA
971.428571428571	1000	83.1578279017614	24.6	107.757827901761	DBCA	69_3	NA	NA
985.714285714286	1000	80.1139784591679	24.6	104.713978459168	DBCA	70_3	NA	NA
1000	1000	85.4653348164804	24.6	110.06533481648	DBCA	71_3	NA	NA
