x	y	variable1	Zona	ErrorConEfecto	Disenio	Bloque	AsigTrat	MiRto
0	666.666666666667	86.1759844145224	0	86.1759844145224	DBCA	1_1	70	93.7377309481957
0	700	82.1272202130219	0	82.1272202130219	DBCA	1_1	0	82.1272202130219
0	733.333333333333	76.9227770538952	0	76.9227770538952	DBCA	1_1	210	87.1102417344605
0	766.666666666667	81.287571298851	0	81.287571298851	DBCA	1_1	140	92.2451393927128
0	800	81.221649528572	0	81.221649528572	DBCA	1_1	280	86.4730858223557
0	833.333333333333	79.3103373224888	0	79.3103373224888	DBCA	1_2	140	90.2679054163505
0	866.666666666667	80.0573905189803	0	80.0573905189803	DBCA	1_2	0	80.0573905189803
0	900	82.3632438498716	0	82.3632438498716	DBCA	1_2	280	87.6146801436553
0	933.333333333333	78.5785600616369	0	78.5785600616369	DBCA	1_2	210	88.7660247422021
0	966.666666666667	83.2439999802767	0	83.2439999802767	DBCA	1_2	70	90.8057465139501
128.571428571429	666.666666666667	80.8282830786062	0	80.8282830786062	DBCA	10_1	280	86.0797193723899
128.571428571429	700	82.1995025797119	0	82.1995025797119	DBCA	10_1	70	89.7612491133852
128.571428571429	733.333333333333	81.0644866095438	0	81.0644866095438	DBCA	10_1	140	92.0220547034055
128.571428571429	766.666666666667	78.0273981327519	0	78.0273981327519	DBCA	10_1	0	78.0273981327519
128.571428571429	800	83.4917726654503	0	83.4917726654503	DBCA	10_1	210	93.6792373460155
128.571428571429	833.333333333333	82.783812128366	0	82.783812128366	DBCA	10_2	0	82.783812128366
128.571428571429	866.666666666667	80.6239655601732	0	80.6239655601732	DBCA	10_2	210	90.8114302407384
128.571428571429	900	84.5389921105718	0	84.5389921105718	DBCA	10_2	280	89.7904284043556
128.571428571429	933.333333333333	79.165834510243	0	79.165834510243	DBCA	10_2	70	86.7275810439163
128.571428571429	966.666666666667	81.8747706663886	0	81.8747706663886	DBCA	10_2	140	92.8323387602504
142.857142857143	666.666666666667	85.7546913935515	0	85.7546913935515	DBCA	11_1	70	93.3164379272248
142.857142857143	700	81.6613426059694	0	81.6613426059694	DBCA	11_1	280	86.9127788997531
142.857142857143	733.333333333333	81.5544241432603	0	81.5544241432603	DBCA	11_1	210	91.7418888238255
142.857142857143	766.666666666667	79.9814018627585	0	79.9814018627585	DBCA	11_1	0	79.9814018627585
142.857142857143	800	84.3660689375308	0	84.3660689375308	DBCA	11_1	140	95.3236370313925
142.857142857143	833.333333333333	83.8732366076696	0	83.8732366076696	DBCA	11_2	140	94.8308047015314
142.857142857143	866.666666666667	78.1197537040469	0	78.1197537040469	DBCA	11_2	0	78.1197537040469
142.857142857143	900	82.7233621506485	0	82.7233621506485	DBCA	11_2	70	90.2851086843218
142.857142857143	933.333333333333	81.8284793377178	0	81.8284793377178	DBCA	11_2	280	87.0799156315015
142.857142857143	966.666666666667	81.1290495849858	0	81.1290495849858	DBCA	11_2	210	91.316514265551
157.142857142857	666.666666666667	81.7290708430954	0	81.7290708430954	DBCA	12_1	140	92.6866389369571
157.142857142857	700	84.0369043707325	0	84.0369043707325	DBCA	12_1	280	89.2883406645162
157.142857142857	733.333333333333	80.6800126046469	0	80.6800126046469	DBCA	12_1	210	90.8674772852121
157.142857142857	766.666666666667	81.5983529815526	0	81.5983529815526	DBCA	12_1	70	89.1600995152259
157.142857142857	800	82.9182891466153	0	82.9182891466153	DBCA	12_1	0	82.9182891466153
157.142857142857	833.333333333333	81.8502444205212	0	81.8502444205212	DBCA	12_2	280	87.1016807143049
157.142857142857	866.666666666667	78.2173737944967	0	78.2173737944967	DBCA	12_2	140	89.1749418883585
157.142857142857	900	81.6755016785655	0	81.6755016785655	DBCA	12_2	0	81.6755016785655
157.142857142857	933.333333333333	79.3484424492105	0	79.3484424492105	DBCA	12_2	70	86.9101889828838
157.142857142857	966.666666666667	80.7243919703275	0	80.7243919703275	DBCA	12_2	210	90.9118566508927
171.428571428571	666.666666666667	81.0989501391978	0	81.0989501391978	DBCA	13_1	210	91.2864148197631
171.428571428571	700	80.0797145275706	0	80.0797145275706	DBCA	13_1	70	87.641461061244
171.428571428571	733.333333333333	81.6757582416501	0	81.6757582416501	DBCA	13_1	280	86.9271945354338
171.428571428571	766.666666666667	81.5230340694961	0	81.5230340694961	DBCA	13_1	0	81.5230340694961
171.428571428571	800	80.7249376536713	0	80.7249376536713	DBCA	13_1	140	91.6825057475331
171.428571428571	833.333333333333	79.9779460791211	0	79.9779460791211	DBCA	13_2	210	90.1654107596863
171.428571428571	866.666666666667	79.2067837256002	0	79.2067837256002	DBCA	13_2	0	79.2067837256002
171.428571428571	900	84.9555943811991	0	84.9555943811991	DBCA	13_2	70	92.5173409148725
171.428571428571	933.333333333333	81.4438986038608	0	81.4438986038608	DBCA	13_2	280	86.6953348976446
171.428571428571	966.666666666667	83.7310099232868	0	83.7310099232868	DBCA	13_2	140	94.6885780171485
185.714285714286	666.666666666667	80.7226437242211	0	80.7226437242211	DBCA	14_1	140	91.6802118180828
185.714285714286	700	80.2065286395568	0	80.2065286395568	DBCA	14_1	0	80.2065286395568
185.714285714286	733.333333333333	81.1199209099834	0	81.1199209099834	DBCA	14_1	70	88.6816674436567
185.714285714286	766.666666666667	78.7637819657231	0	78.7637819657231	DBCA	14_1	280	84.0152182595068
185.714285714286	800	78.1863617527229	0	78.1863617527229	DBCA	14_1	210	88.3738264332881
185.714285714286	833.333333333333	80.0465524515166	0	80.0465524515166	DBCA	14_2	280	85.2979887453003
185.714285714286	866.666666666667	84.0506239752517	0	84.0506239752517	DBCA	14_2	140	95.0081920691134
185.714285714286	900	82.2171391155929	0	82.2171391155929	DBCA	14_2	70	89.7788856492662
185.714285714286	933.333333333333	81.2095733637478	0	81.2095733637478	DBCA	14_2	210	91.397038044313
185.714285714286	966.666666666667	82.6435739830614	0	82.6435739830614	DBCA	14_2	0	82.6435739830614
200	666.666666666667	81.9196802409255	0	81.9196802409255	DBCA	15_1	280	87.1711165347093
200	700	83.6457959898042	0	83.6457959898042	DBCA	15_1	0	83.6457959898042
200	733.333333333333	76.3136438389689	0	76.3136438389689	DBCA	15_1	210	86.5011085195341
200	766.666666666667	79.4667083047125	0	79.4667083047125	DBCA	15_1	70	87.0284548383858
200	800	81.7462305427459	0	81.7462305427459	DBCA	15_1	140	92.7037986366077
200	833.333333333333	81.1442908185165	0	81.1442908185165	DBCA	15_2	0	81.1442908185165
200	866.666666666667	82.1985157047032	0	82.1985157047032	DBCA	15_2	140	93.1560837985649
200	900	80.7653534660857	0	80.7653534660857	DBCA	15_2	280	86.0167897598695
200	933.333333333333	87.2278231354358	0	87.2278231354358	DBCA	15_2	210	97.415287816001
200	966.666666666667	79.84229844723	0	79.84229844723	DBCA	15_2	70	87.4040449809034
214.285714285714	666.666666666667	80.6460356744572	0	80.6460356744572	DBCA	16_1	210	90.8335003550224
214.285714285714	700	80.7626232232385	0	80.7626232232385	DBCA	16_1	0	80.7626232232385
214.285714285714	733.333333333333	73.8194791517895	0	73.8194791517895	DBCA	16_1	280	79.0709154455732
214.285714285714	766.666666666667	82.0671111821002	0	82.0671111821002	DBCA	16_1	140	93.024679275962
214.285714285714	800	81.060420592253	0	81.060420592253	DBCA	16_1	70	88.6221671259264
214.285714285714	833.333333333333	80.3996776252964	0	80.3996776252964	DBCA	16_2	0	80.3996776252964
214.285714285714	866.666666666667	77.1063001540271	0	77.1063001540271	DBCA	16_2	70	84.6680466877004
214.285714285714	900	80.8650131256384	0	80.8650131256384	DBCA	16_2	140	91.8225812195001
214.285714285714	933.333333333333	81.4728762649226	0	81.4728762649226	DBCA	16_2	280	86.7243125587063
214.285714285714	966.666666666667	77.2193435069227	0	77.2193435069227	DBCA	16_2	210	87.406808187488
228.571428571429	666.666666666667	80.0871432025603	0	80.0871432025603	DBCA	17_1	140	91.044711296422
228.571428571429	700	77.7777952449932	0	77.7777952449932	DBCA	17_1	280	83.0292315387769
228.571428571429	733.333333333333	79.2016784884567	0	79.2016784884567	DBCA	17_1	70	86.7634250221301
228.571428571429	766.666666666667	79.9367211808092	0	79.9367211808092	DBCA	17_1	0	79.9367211808092
228.571428571429	800	81.0831278031456	0	81.0831278031456	DBCA	17_1	210	91.2705924837108
228.571428571429	833.333333333333	80.9621721374917	0	80.9621721374917	DBCA	17_2	0	80.9621721374917
228.571428571429	866.666666666667	81.2329710698907	0	81.2329710698907	DBCA	17_2	210	91.4204357504559
228.571428571429	900	79.1446601798257	0	79.1446601798257	DBCA	17_2	70	86.706406713499
228.571428571429	933.333333333333	80.5327791175265	0	80.5327791175265	DBCA	17_2	140	91.4903472113883
228.571428571429	966.666666666667	77.6755221992284	0	77.6755221992284	DBCA	17_2	280	82.9269584930122
242.857142857143	666.666666666667	81.0248657784122	0	81.0248657784122	DBCA	18_1	280	86.2763020721959
242.857142857143	700	79.9967089635658	0	79.9967089635658	DBCA	18_1	0	79.9967089635658
242.857142857143	733.333333333333	81.5266689689189	0	81.5266689689189	DBCA	18_1	70	89.0884155025923
242.857142857143	766.666666666667	80.0034454112913	0	80.0034454112913	DBCA	18_1	210	90.1909100918565
242.857142857143	800	79.6558208340765	0	79.6558208340765	DBCA	18_1	140	90.6133889279383
242.857142857143	833.333333333333	79.6616089902762	0	79.6616089902762	DBCA	18_2	70	87.2233555239496
242.857142857143	866.666666666667	78.9132126582859	0	78.9132126582859	DBCA	18_2	280	84.1646489520696
242.857142857143	900	78.4802631482516	0	78.4802631482516	DBCA	18_2	140	89.4378312421133
242.857142857143	933.333333333333	78.8739229774428	0	78.8739229774428	DBCA	18_2	0	78.8739229774428
242.857142857143	966.666666666667	77.7028449192739	0	77.7028449192739	DBCA	18_2	210	87.8903095998391
257.142857142857	666.666666666667	81.3713773073055	0	81.3713773073055	DBCA	19_1	140	92.3289454011672
257.142857142857	700	80.281542924362	0	80.281542924362	DBCA	19_1	0	80.281542924362
257.142857142857	733.333333333333	79.188301733723	0	79.188301733723	DBCA	19_1	210	89.3757664142883
257.142857142857	766.666666666667	76.4019029217502	0	76.4019029217502	DBCA	19_1	70	83.9636494554235
257.142857142857	800	79.0367822282812	0	79.0367822282812	DBCA	19_1	280	84.2882185220649
257.142857142857	833.333333333333	79.5831363608979	0	79.5831363608979	DBCA	19_2	280	84.8345726546817
257.142857142857	866.666666666667	78.7297115971821	0	78.7297115971821	DBCA	19_2	210	88.9171762777473
257.142857142857	900	79.9437292569276	0	79.9437292569276	DBCA	19_2	140	90.9012973507893
257.142857142857	933.333333333333	78.2572470189816	0	78.2572470189816	DBCA	19_2	0	78.2572470189816
257.142857142857	966.666666666667	79.6911486209944	0	79.6911486209944	DBCA	19_2	70	87.2528951546678
14.2857142857143	666.666666666667	83.0924743956138	0	83.0924743956138	DBCA	2_1	70	90.6542209292871
14.2857142857143	700	78.9042095030893	0	78.9042095030893	DBCA	2_1	280	84.155645796873
14.2857142857143	733.333333333333	76.2715520981173	0	76.2715520981173	DBCA	2_1	0	76.2715520981173
14.2857142857143	766.666666666667	79.8943564932176	0	79.8943564932176	DBCA	2_1	210	90.0818211737828
14.2857142857143	800	81.4830176966697	0	81.4830176966697	DBCA	2_1	140	92.4405857905314
14.2857142857143	833.333333333333	79.7634247500694	0	79.7634247500694	DBCA	2_2	70	87.3251712837428
14.2857142857143	866.666666666667	78.3157981996679	0	78.3157981996679	DBCA	2_2	210	88.5032628802332
14.2857142857143	900	80.1528673533289	0	80.1528673533289	DBCA	2_2	140	91.1104354471906
14.2857142857143	933.333333333333	77.8337162904358	0	77.8337162904358	DBCA	2_2	0	77.8337162904358
14.2857142857143	966.666666666667	84.1711766094297	0	84.1711766094297	DBCA	2_2	280	89.4226129032135
271.428571428571	666.666666666667	83.0096862457144	0	83.0096862457144	DBCA	20_1	210	93.1971509262796
271.428571428571	700	81.5762529911767	0	81.5762529911767	DBCA	20_1	280	86.8276892849604
271.428571428571	733.333333333333	76.5162768217935	0	76.5162768217935	DBCA	20_1	140	87.4738449156552
271.428571428571	766.666666666667	76.8438926373524	0	76.8438926373524	DBCA	20_1	0	76.8438926373524
271.428571428571	800	77.9104813943516	0	77.9104813943516	DBCA	20_1	70	85.472227928025
271.428571428571	833.333333333333	80.8001304635442	0	80.8001304635442	DBCA	20_2	210	90.9875951441094
271.428571428571	866.666666666667	76.0602444198725	0	76.0602444198725	DBCA	20_2	0	76.0602444198725
271.428571428571	900	82.2300328764903	0	82.2300328764903	DBCA	20_2	140	93.187600970352
271.428571428571	933.333333333333	79.6095000655474	0	79.6095000655474	DBCA	20_2	280	84.8609363593311
271.428571428571	966.666666666667	82.391022385384	0	82.391022385384	DBCA	20_2	70	89.9527689190574
285.714285714286	666.666666666667	83.745424298348	0	83.745424298348	DBCA	21_1	140	94.7029923922097
285.714285714286	700	79.1818400612885	0	79.1818400612885	DBCA	21_1	280	84.4332763550723
285.714285714286	733.333333333333	79.4152571722378	0	79.4152571722378	DBCA	21_1	0	79.4152571722378
285.714285714286	766.666666666667	82.5667472652547	0	82.5667472652547	DBCA	21_1	210	92.7542119458199
285.714285714286	800	80.4058163464575	0	80.4058163464575	DBCA	21_1	70	87.9675628801308
285.714285714286	833.333333333333	79.8536941590165	0	79.8536941590165	DBCA	21_2	0	79.8536941590165
285.714285714286	866.666666666667	78.0631657813824	0	78.0631657813824	DBCA	21_2	70	85.6249123150558
285.714285714286	900	81.5285073065022	0	81.5285073065022	DBCA	21_2	210	91.7159719870674
285.714285714286	933.333333333333	83.8406599885165	0	83.8406599885165	DBCA	21_2	140	94.7982280823783
285.714285714286	966.666666666667	80.4427063933709	0	80.4427063933709	DBCA	21_2	280	85.6941426871547
300	666.666666666667	79.9151283137602	0	79.9151283137602	DBCA	22_1	280	85.166564607544
300	700	82.537410825559	0	82.537410825559	DBCA	22_1	70	90.0991573592323
300	733.333333333333	83.5004347660441	0	83.5004347660441	DBCA	22_1	140	94.4580028599058
300	766.666666666667	82.7402839229467	0	82.7402839229467	DBCA	22_1	0	82.7402839229467
300	800	80.3987630734373	0	80.3987630734373	DBCA	22_1	210	90.5862277540025
300	833.333333333333	78.9545500245209	0	78.9545500245209	DBCA	22_2	0	78.9545500245209
300	866.666666666667	74.7245650047013	0	74.7245650047013	DBCA	22_2	280	79.976001298485
300	900	77.615293186883	0	77.615293186883	DBCA	22_2	140	88.5728612807448
300	933.333333333333	81.5430871956958	0	81.5430871956958	DBCA	22_2	210	91.730551876261
300	966.666666666667	78.8812012402851	0	78.8812012402851	DBCA	22_2	70	86.4429477739585
314.285714285714	666.666666666667	82.0377203373693	0	82.0377203373693	DBCA	23_1	280	87.289156631153
314.285714285714	700	82.5811403501292	0	82.5811403501292	DBCA	23_1	140	93.5387084439909
314.285714285714	733.333333333333	81.1271681063472	0	81.1271681063472	DBCA	23_1	70	88.6889146400205
314.285714285714	766.666666666667	82.2636060761451	0	82.2636060761451	DBCA	23_1	210	92.4510707567103
314.285714285714	800	80.4045270041876	0	80.4045270041876	DBCA	23_1	0	80.4045270041876
314.285714285714	833.333333333333	80.9905535763161	0	80.9905535763161	DBCA	23_2	280	86.2419898700998
314.285714285714	866.666666666667	74.1072725439715	0	74.1072725439715	DBCA	23_2	210	84.2947372245368
314.285714285714	900	77.1323130985498	0	77.1323130985498	DBCA	23_2	70	84.6940596322232
314.285714285714	933.333333333333	81.198130895427	0	81.198130895427	DBCA	23_2	140	92.1556989892887
314.285714285714	966.666666666667	79.5848107261948	0	79.5848107261948	DBCA	23_2	0	79.5848107261948
328.571428571429	666.666666666667	80.8138947192774	0	80.8138947192774	DBCA	24_1	280	86.0653310130611
328.571428571429	700	82.632003181135	0	82.632003181135	DBCA	24_1	70	90.1937497148083
328.571428571429	733.333333333333	80.9801724798504	0	80.9801724798504	DBCA	24_1	210	91.1676371604156
328.571428571429	766.666666666667	77.3186049819154	0	77.3186049819154	DBCA	24_1	140	88.2761730757771
328.571428571429	800	80.294715731961	0	80.294715731961	DBCA	24_1	0	80.294715731961
328.571428571429	833.333333333333	80.677195775502	0	80.677195775502	DBCA	24_2	210	90.8646604560672
328.571428571429	866.666666666667	75.79762137724	0	75.79762137724	DBCA	24_2	0	75.79762137724
328.571428571429	900	78.2174246184915	0	78.2174246184915	DBCA	24_2	280	83.4688609122752
328.571428571429	933.333333333333	79.5877808225613	0	79.5877808225613	DBCA	24_2	140	90.545348916423
328.571428571429	966.666666666667	80.8434894224636	0	80.8434894224636	DBCA	24_2	70	88.405235956137
342.857142857143	666.666666666667	78.2333864688872	0	78.2333864688872	DBCA	25_1	280	83.4848227626709
342.857142857143	700	83.7202185019176	0	83.7202185019176	DBCA	25_1	210	93.9076831824829
342.857142857143	733.333333333333	76.7831420744297	0	76.7831420744297	DBCA	25_1	0	76.7831420744297
342.857142857143	766.666666666667	81.699240178743	0	81.699240178743	DBCA	25_1	70	89.2609867124163
342.857142857143	800	80.2608459319016	0	80.2608459319016	DBCA	25_1	140	91.2184140257633
342.857142857143	833.333333333333	79.0385232066	0	79.0385232066	DBCA	25_2	210	89.2259878871653
342.857142857143	866.666666666667	76.8751523437891	0	76.8751523437891	DBCA	25_2	280	82.1265886375728
342.857142857143	900	80.8058600636038	0	80.8058600636038	DBCA	25_2	70	88.3676065972772
342.857142857143	933.333333333333	79.9168081721331	0	79.9168081721331	DBCA	25_2	0	79.9168081721331
342.857142857143	966.666666666667	80.5241129904052	0	80.5241129904052	DBCA	25_2	140	91.4816810842669
357.142857142857	666.666666666667	80.8833967070975	0	80.8833967070975	DBCA	26_1	0	80.8833967070975
357.142857142857	700	83.1663790423578	0	83.1663790423578	DBCA	26_1	210	93.353843722923
357.142857142857	733.333333333333	78.1374465541916	0	78.1374465541916	DBCA	26_1	70	85.6991930878649
357.142857142857	766.666666666667	77.2896763531895	0	77.2896763531895	DBCA	26_1	280	82.5411126469732
357.142857142857	800	75.3938269924954	0	75.3938269924954	DBCA	26_1	140	86.3513950863572
357.142857142857	833.333333333333	79.4960086088755	0	79.4960086088755	DBCA	26_2	70	87.0577551425489
357.142857142857	866.666666666667	76.8479254105596	0	76.8479254105596	DBCA	26_2	280	82.0993617043434
357.142857142857	900	80.168297198639	0	80.168297198639	DBCA	26_2	0	80.168297198639
357.142857142857	933.333333333333	81.9861413063655	0	81.9861413063655	DBCA	26_2	210	92.1736059869307
357.142857142857	966.666666666667	86.5389220018412	0	86.5389220018412	DBCA	26_2	140	97.496490095703
371.428571428571	666.666666666667	80.3077656707854	0	80.3077656707854	DBCA	27_1	280	85.5592019645691
371.428571428571	700	80.8864126440241	0	80.8864126440241	DBCA	27_1	0	80.8864126440241
371.428571428571	733.333333333333	78.4875052235377	0	78.4875052235377	DBCA	27_1	210	88.6749699041029
371.428571428571	766.666666666667	75.6104317632407	0	75.6104317632407	DBCA	27_1	140	86.5679998571024
371.428571428571	800	78.9544293346276	0	78.9544293346276	DBCA	27_1	70	86.5161758683009
371.428571428571	833.333333333333	77.5418087745543	0	77.5418087745543	DBCA	27_2	140	88.4993768684161
371.428571428571	866.666666666667	77.8183499078003	0	77.8183499078003	DBCA	27_2	280	83.069786201584
371.428571428571	900	78.0660790166151	0	78.0660790166151	DBCA	27_2	210	88.2535436971803
371.428571428571	933.333333333333	82.1453611962514	0	82.1453611962514	DBCA	27_2	70	89.7071077299247
371.428571428571	966.666666666667	84.6958329000302	0	84.6958329000302	DBCA	27_2	0	84.6958329000302
385.714285714286	666.666666666667	79.4733026068181	0	79.4733026068181	DBCA	28_1	70	87.0350491404914
385.714285714286	700	80.8721249613054	0	80.8721249613054	DBCA	28_1	210	91.0595896418707
385.714285714286	733.333333333333	77.2844900750812	0	77.2844900750812	DBCA	28_1	0	77.2844900750812
385.714285714286	766.666666666667	77.4475621474381	0	77.4475621474381	DBCA	28_1	140	88.4051302412999
385.714285714286	800	77.4741122766011	0	77.4741122766011	DBCA	28_1	280	82.7255485703848
385.714285714286	833.333333333333	79.4145901677305	0	79.4145901677305	DBCA	28_2	70	86.9763367014038
385.714285714286	866.666666666667	74.4159818267429	0	74.4159818267429	DBCA	28_2	280	79.6674181205267
385.714285714286	900	78.3404387371487	0	78.3404387371487	DBCA	28_2	140	89.2980068310104
385.714285714286	933.333333333333	82.3467789012118	0	82.3467789012118	DBCA	28_2	0	82.3467789012118
385.714285714286	966.666666666667	84.2117409090943	0	84.2117409090943	DBCA	28_2	210	94.3992055896595
400	666.666666666667	79.6256989698638	0	79.6256989698638	DBCA	29_1	280	84.8771352636475
400	700	81.2158671386181	0	81.2158671386181	DBCA	29_1	140	92.1734352324798
400	733.333333333333	79.1818675242195	0	79.1818675242195	DBCA	29_1	210	89.3693322047848
400	766.666666666667	78.5317416938431	0	78.5317416938431	DBCA	29_1	0	78.5317416938431
400	800	79.5730149461413	0	79.5730149461413	DBCA	29_1	70	87.1347614798146
400	833.333333333333	80.6877246930367	0	80.6877246930367	DBCA	29_2	0	80.6877246930367
400	866.666666666667	75.4512157791151	0	75.4512157791151	DBCA	29_2	140	86.4087838729768
400	900	80.0028235940762	0	80.0028235940762	DBCA	29_2	280	85.2542598878599
400	933.333333333333	80.5347350935595	0	80.5347350935595	DBCA	29_2	70	88.0964816272328
400	966.666666666667	80.7114151430918	0	80.7114151430918	DBCA	29_2	210	90.898879823657
28.5714285714286	666.666666666667	82.7586931720808	0	82.7586931720808	DBCA	3_1	140	93.7162612659426
28.5714285714286	700	79.8790603707632	0	79.8790603707632	DBCA	3_1	70	87.4408069044365
28.5714285714286	733.333333333333	79.2034613848139	0	79.2034613848139	DBCA	3_1	280	84.4548976785977
28.5714285714286	766.666666666667	81.5243158102819	0	81.5243158102819	DBCA	3_1	210	91.7117804908471
28.5714285714286	800	81.43288563607	0	81.43288563607	DBCA	3_1	0	81.43288563607
28.5714285714286	833.333333333333	83.1085878662311	0	83.1085878662311	DBCA	3_2	0	83.1085878662311
28.5714285714286	866.666666666667	80.3034570723794	0	80.3034570723794	DBCA	3_2	210	90.4909217529446
28.5714285714286	900	81.7941703433908	0	81.7941703433908	DBCA	3_2	140	92.7517384372525
28.5714285714286	933.333333333333	78.6086123912655	0	78.6086123912655	DBCA	3_2	280	83.8600486850493
28.5714285714286	966.666666666667	80.3407024524224	0	80.3407024524224	DBCA	3_2	70	87.9024489860957
414.285714285714	666.666666666667	79.2068353468861	0	79.2068353468861	DBCA	30_1	210	89.3943000274513
414.285714285714	700	81.757324889837	0	81.757324889837	DBCA	30_1	70	89.3190714235103
414.285714285714	733.333333333333	84.0922048496949	0	84.0922048496949	DBCA	30_1	0	84.0922048496949
414.285714285714	766.666666666667	79.700160738709	0	79.700160738709	DBCA	30_1	140	90.6577288325707
414.285714285714	800	81.6340323778697	0	81.6340323778697	DBCA	30_1	280	86.8854686716535
414.285714285714	833.333333333333	80.9834759046558	0	80.9834759046558	DBCA	30_2	0	80.9834759046558
414.285714285714	866.666666666667	77.2743431845708	0	77.2743431845708	DBCA	30_2	70	84.8360897182441
414.285714285714	900	78.230878101702	0	78.230878101702	DBCA	30_2	210	88.4183427822672
414.285714285714	933.333333333333	79.658312717088	0	79.658312717088	DBCA	30_2	140	90.6158808109497
414.285714285714	966.666666666667	78.1985455916663	0	78.1985455916663	DBCA	30_2	280	83.4499818854501
428.571428571429	666.666666666667	84.1197057661197	0	84.1197057661197	DBCA	31_1	140	95.0772738599814
428.571428571429	700	80.4401121113528	0	80.4401121113528	DBCA	31_1	0	80.4401121113528
428.571428571429	733.333333333333	80.0941012309542	0	80.0941012309542	DBCA	31_1	210	90.2815659115194
428.571428571429	766.666666666667	79.3682950786031	0	79.3682950786031	DBCA	31_1	70	86.9300416122764
428.571428571429	800	81.4304039886811	0	81.4304039886811	DBCA	31_1	280	86.6818402824649
428.571428571429	833.333333333333	78.7014700606768	0	78.7014700606768	DBCA	31_2	280	83.9529063544606
428.571428571429	866.666666666667	76.6849915408064	0	76.6849915408064	DBCA	31_2	70	84.2467380744797
428.571428571429	900	76.2389206348486	0	76.2389206348486	DBCA	31_2	0	76.2389206348486
428.571428571429	933.333333333333	77.9850991061497	0	77.9850991061497	DBCA	31_2	210	88.1725637867149
428.571428571429	966.666666666667	75.629637875366	0	75.629637875366	DBCA	31_2	140	86.5872059692278
442.857142857143	666.666666666667	81.7062245208686	0	81.7062245208686	DBCA	32_1	280	86.9576608146523
442.857142857143	700	80.6069549406432	0	80.6069549406432	DBCA	32_1	70	88.1687014743166
442.857142857143	733.333333333333	79.6455913720766	0	79.6455913720766	DBCA	32_1	140	90.6031594659383
442.857142857143	766.666666666667	81.0542024571913	0	81.0542024571913	DBCA	32_1	0	81.0542024571913
442.857142857143	800	80.1155508555878	0	80.1155508555878	DBCA	32_1	210	90.303015536153
442.857142857143	833.333333333333	75.9576892906345	0	75.9576892906345	DBCA	32_2	210	86.1451539711997
442.857142857143	866.666666666667	76.1248773914711	0	76.1248773914711	DBCA	32_2	140	87.0824454853328
442.857142857143	900	77.1875449133511	0	77.1875449133511	DBCA	32_2	70	84.7492914470244
442.857142857143	933.333333333333	78.5402801610012	0	78.5402801610012	DBCA	32_2	280	83.7917164547849
442.857142857143	966.666666666667	74.7435232126675	0	74.7435232126675	DBCA	32_2	0	74.7435232126675
457.142857142857	666.666666666667	85.7162722261337	0	85.7162722261337	DBCA	33_1	0	85.7162722261337
457.142857142857	700	82.3005027635616	0	82.3005027635616	DBCA	33_1	70	89.8622492972349
457.142857142857	733.333333333333	82.0790003958534	0	82.0790003958534	DBCA	33_1	210	92.2664650764186
457.142857142857	766.666666666667	76.6643294315071	0	76.6643294315071	DBCA	33_1	140	87.6218975253688
457.142857142857	800	78.8913484273721	0	78.8913484273721	DBCA	33_1	280	84.1427847211559
457.142857142857	833.333333333333	78.2988007109041	0	78.2988007109041	DBCA	33_2	70	85.8605472445775
457.142857142857	866.666666666667	75.9385356940529	0	75.9385356940529	DBCA	33_2	140	86.8961037879146
457.142857142857	900	75.3421885103527	0	75.3421885103527	DBCA	33_2	0	75.3421885103527
457.142857142857	933.333333333333	74.84289482923	0	74.84289482923	DBCA	33_2	210	85.0303595097952
457.142857142857	966.666666666667	78.0361314938277	0	78.0361314938277	DBCA	33_2	280	83.2875677876115
471.428571428571	666.666666666667	83.1614192148519	0	83.1614192148519	DBCA	34_1	0	83.1614192148519
471.428571428571	700	81.9543342521586	0	81.9543342521586	DBCA	34_1	70	89.5160807858319
471.428571428571	733.333333333333	79.4787835164272	0	79.4787835164272	DBCA	34_1	140	90.4363516102889
471.428571428571	766.666666666667	77.8724501947933	0	77.8724501947933	DBCA	34_1	280	83.1238864885771
471.428571428571	800	79.1149550353057	0	79.1149550353057	DBCA	34_1	210	89.3024197158709
471.428571428571	833.333333333333	82.409939894709	0	82.409939894709	DBCA	34_2	280	87.6613761884927
471.428571428571	866.666666666667	79.5999084574078	0	79.5999084574078	DBCA	34_2	140	90.5574765512696
471.428571428571	900	74.5581274082864	0	74.5581274082864	DBCA	34_2	210	84.7455920888516
471.428571428571	933.333333333333	76.8115380246895	0	76.8115380246895	DBCA	34_2	70	84.3732845583629
471.428571428571	966.666666666667	82.6922661720927	0	82.6922661720927	DBCA	34_2	0	82.6922661720927
485.714285714286	666.666666666667	80.4099290538518	0	80.4099290538518	DBCA	35_1	0	80.4099290538518
485.714285714286	700	81.6622024003635	0	81.6622024003635	DBCA	35_1	280	86.9136386941473
485.714285714286	733.333333333333	79.8443048924952	0	79.8443048924952	DBCA	35_1	140	90.8018729863569
485.714285714286	766.666666666667	77.9333867689263	0	77.9333867689263	DBCA	35_1	210	88.1208514494915
485.714285714286	800	76.9096767345129	0	76.9096767345129	DBCA	35_1	70	84.4714232681862
485.714285714286	833.333333333333	80.4721139866222	0	80.4721139866222	DBCA	35_2	280	85.723550280406
485.714285714286	866.666666666667	81.6420410934341	0	81.6420410934341	DBCA	35_2	0	81.6420410934341
485.714285714286	900	80.1929484967439	0	80.1929484967439	DBCA	35_2	70	87.7546950304172
485.714285714286	933.333333333333	76.2723779051217	0	76.2723779051217	DBCA	35_2	210	86.4598425856869
485.714285714286	966.666666666667	82.0191498118454	0	82.0191498118454	DBCA	35_2	140	92.9767179057071
500	666.666666666667	84.6847747026859	0	84.6847747026859	DBCA	36_1	140	95.6423427965476
500	700	79.4955908195031	0	79.4955908195031	DBCA	36_1	0	79.4955908195031
500	733.333333333333	78.3385126150346	0	78.3385126150346	DBCA	36_1	70	85.9002591487079
500	766.666666666667	80.2077509681943	0	80.2077509681943	DBCA	36_1	210	90.3952156487595
500	800	79.5773114969426	0	79.5773114969426	DBCA	36_1	280	84.8287477907263
500	833.333333333333	78.3776818429149	0	78.3776818429149	DBCA	36_2	210	88.5651465234802
500	866.666666666667	80.7475155929654	0	80.7475155929654	DBCA	36_2	0	80.7475155929654
500	900	79.6388998054352	0	79.6388998054352	DBCA	36_2	280	84.8903360992189
500	933.333333333333	79.0755418506395	0	79.0755418506395	DBCA	36_2	140	90.0331099445012
500	966.666666666667	80.6071302811946	0	80.6071302811946	DBCA	36_2	70	88.168876814868
514.285714285714	666.666666666667	80.6516786157663	24.6	105.251678615766	DBCA	37_1	280	133.92231490955
514.285714285714	700	79.1481747625025	24.6	103.748174762502	DBCA	37_1	140	126.415342856364
514.285714285714	733.333333333333	80.5311935272677	24.6	105.131193527268	DBCA	37_1	70	118.547740060941
514.285714285714	766.666666666667	76.8519268548651	24.6	101.451926854865	DBCA	37_1	210	129.20379153543
514.285714285714	800	80.5525985811376	24.6	105.152598581138	DBCA	37_1	0	105.152598581138
514.285714285714	833.333333333333	82.1593360097583	24.6	106.759336009758	DBCA	37_2	70	120.175882543432
514.285714285714	866.666666666667	82.8678035336305	24.6	107.467803533631	DBCA	37_2	140	130.134971627492
514.285714285714	900	77.1447291123788	24.6	101.744729112379	DBCA	37_2	210	129.496593792944
514.285714285714	933.333333333333	75.9722323708863	24.6	100.572232370886	DBCA	37_2	280	129.24286866467
514.285714285714	966.666666666667	83.1274200348182	24.6	107.727420034818	DBCA	37_2	0	107.727420034818
528.571428571429	666.666666666667	82.4060634446271	24.6	107.006063444627	DBCA	38_1	140	129.673231538489
528.571428571429	700	82.369458919753	24.6	106.969458919753	DBCA	38_1	0	106.969458919753
528.571428571429	733.333333333333	79.1537257936554	24.6	103.753725793655	DBCA	38_1	70	117.170272327329
528.571428571429	766.666666666667	76.1418822001805	24.6	100.74188220018	DBCA	38_1	210	128.493746880746
528.571428571429	800	80.8918055443191	24.6	105.491805544319	DBCA	38_1	280	134.162441838103
528.571428571429	833.333333333333	81.109357611712	24.6	105.709357611712	DBCA	38_2	70	119.125904145385
528.571428571429	866.666666666667	80.3422249664622	24.6	104.942224966462	DBCA	38_2	280	133.612861260246
528.571428571429	900	80.0622666838797	24.6	104.66226668388	DBCA	38_2	140	127.329434777741
528.571428571429	933.333333333333	76.9203543412395	24.6	101.52035434124	DBCA	38_2	210	129.272219021805
528.571428571429	966.666666666667	83.4817996063688	24.6	108.081799606369	DBCA	38_2	0	108.081799606369
542.857142857143	666.666666666667	78.2720692865104	24.6	102.87206928651	DBCA	39_1	280	131.542705580294
542.857142857143	700	80.4796927840612	24.6	105.079692784061	DBCA	39_1	0	105.079692784061
542.857142857143	733.333333333333	81.4805912289358	24.6	106.080591228936	DBCA	39_1	210	133.832455909501
542.857142857143	766.666666666667	78.9164499089494	24.6	103.516449908949	DBCA	39_1	70	116.932996442623
542.857142857143	800	82.9684775728641	24.6	107.568477572864	DBCA	39_1	140	130.235645666726
542.857142857143	833.333333333333	81.5040008030124	24.6	106.104000803012	DBCA	39_2	140	128.771168896874
542.857142857143	866.666666666667	82.4111895766536	24.6	107.011189576654	DBCA	39_2	0	107.011189576654
542.857142857143	900	76.3298252339815	24.6	100.929825233982	DBCA	39_2	70	114.346371767655
542.857142857143	933.333333333333	79.7192935273651	24.6	104.319293527365	DBCA	39_2	280	132.989929821149
542.857142857143	966.666666666667	77.5786955677717	24.6	102.178695567772	DBCA	39_2	210	129.930560248337
42.8571428571429	666.666666666667	83.2807245536165	0	83.2807245536165	DBCA	4_1	0	83.2807245536165
42.8571428571429	700	82.6439791952796	0	82.6439791952796	DBCA	4_1	140	93.6015472891413
42.8571428571429	733.333333333333	82.5079154551678	0	82.5079154551678	DBCA	4_1	70	90.0696619888412
42.8571428571429	766.666666666667	81.7566664872561	0	81.7566664872561	DBCA	4_1	210	91.9441311678213
42.8571428571429	800	81.7049906059182	0	81.7049906059182	DBCA	4_1	280	86.956426899702
42.8571428571429	833.333333333333	80.2050786614124	0	80.2050786614124	DBCA	4_2	140	91.1626467552742
42.8571428571429	866.666666666667	78.7727373966868	0	78.7727373966868	DBCA	4_2	210	88.960202077252
42.8571428571429	900	79.4090991359136	0	79.4090991359136	DBCA	4_2	280	84.6605354296974
42.8571428571429	933.333333333333	80.6979995303453	0	80.6979995303453	DBCA	4_2	70	88.2597460640186
42.8571428571429	966.666666666667	80.5324158851693	0	80.5324158851693	DBCA	4_2	0	80.5324158851693
557.142857142857	666.666666666667	77.733684624359	24.6	102.333684624359	DBCA	40_1	0	102.333684624359
557.142857142857	700	78.1724657500319	24.6	102.772465750032	DBCA	40_1	140	125.439633843894
557.142857142857	733.333333333333	79.483571285042	24.6	104.083571285042	DBCA	40_1	70	117.500117818715
557.142857142857	766.666666666667	78.9459123926855	24.6	103.545912392685	DBCA	40_1	280	132.216548686469
557.142857142857	800	84.549111418501	24.6	109.149111418501	DBCA	40_1	210	136.900976099066
557.142857142857	833.333333333333	83.2354421503894	24.6	107.835442150389	DBCA	40_2	70	121.251988684063
557.142857142857	866.666666666667	80.8477590360446	24.6	105.447759036045	DBCA	40_2	280	134.118395329828
557.142857142857	900	80.0567652210255	24.6	104.656765221026	DBCA	40_2	210	132.408629901591
557.142857142857	933.333333333333	78.7300859355372	24.6	103.330085935537	DBCA	40_2	0	103.330085935537
557.142857142857	966.666666666667	78.8722487124572	24.6	103.472248712457	DBCA	40_2	140	126.139416806319
571.428571428571	666.666666666667	76.2277917060187	24.6	100.827791706019	DBCA	41_1	210	128.579656386584
571.428571428571	700	77.576194259739	24.6	102.176194259739	DBCA	41_1	70	115.592740793412
571.428571428571	733.333333333333	77.5163384191814	24.6	102.116338419181	DBCA	41_1	140	124.783506513043
571.428571428571	766.666666666667	77.7335524016745	24.6	102.333552401674	DBCA	41_1	280	131.004188695458
571.428571428571	800	86.0871451428968	24.6	110.687145142897	DBCA	41_1	0	110.687145142897
571.428571428571	833.333333333333	83.7441389686022	24.6	108.344138968602	DBCA	41_2	0	108.344138968602
571.428571428571	866.666666666667	84.0420267476197	24.6	108.64202674762	DBCA	41_2	70	122.058573281293
571.428571428571	900	76.8779271336079	24.6	101.477927133608	DBCA	41_2	210	129.229791814173
571.428571428571	933.333333333333	79.0835417159441	24.6	103.683541715944	DBCA	41_2	140	126.350709809806
571.428571428571	966.666666666667	74.6774631979691	24.6	99.2774631979691	DBCA	41_2	280	127.948099491753
585.714285714286	666.666666666667	76.268865596294	24.6	100.868865596294	DBCA	42_1	0	100.868865596294
585.714285714286	700	75.7972280948762	24.6	100.397228094876	DBCA	42_1	140	123.064396188738
585.714285714286	733.333333333333	76.828910688281	24.6	101.428910688281	DBCA	42_1	280	130.099546982065
585.714285714286	766.666666666667	75.6135946669821	24.6	100.213594666982	DBCA	42_1	70	113.630141200655
585.714285714286	800	82.9176203797138	24.6	107.517620379714	DBCA	42_1	210	135.269485060279
585.714285714286	833.333333333333	84.285785955479	24.6	108.885785955479	DBCA	42_2	70	122.302332489152
585.714285714286	866.666666666667	83.1257848970268	24.6	107.725784897027	DBCA	42_2	280	136.396421190811
585.714285714286	900	79.6285748743701	24.6	104.22857487437	DBCA	42_2	0	104.22857487437
585.714285714286	933.333333333333	76.0290024175485	24.6	100.629002417548	DBCA	42_2	210	128.380867098114
585.714285714286	966.666666666667	79.0218994370161	24.6	103.621899437016	DBCA	42_2	140	126.289067530878
600	666.666666666667	75.707308570365	24.6	100.307308570365	DBCA	43_1	140	122.974476664227
600	700	78.4699185456514	24.6	103.069918545651	DBCA	43_1	70	116.486465079325
600	733.333333333333	77.8681718394882	24.6	102.468171839488	DBCA	43_1	280	131.138808133272
600	766.666666666667	77.0615969308201	24.6	101.66159693082	DBCA	43_1	210	129.413461611385
600	800	81.0592688765175	24.6	105.659268876517	DBCA	43_1	0	105.659268876517
600	833.333333333333	87.4541708086373	24.6	112.054170808637	DBCA	43_2	0	112.054170808637
600	866.666666666667	82.9925403116248	24.6	107.592540311625	DBCA	43_2	210	135.34440499219
600	900	84.1493293453252	24.6	108.749329345325	DBCA	43_2	70	122.165875878999
600	933.333333333333	78.7468533022143	24.6	103.346853302214	DBCA	43_2	140	126.014021396076
600	966.666666666667	76.9979445508417	24.6	101.597944550842	DBCA	43_2	280	130.268580844625
614.285714285714	666.666666666667	77.1814442916954	24.6	101.781444291695	DBCA	44_1	140	124.448612385557
614.285714285714	700	79.6917353602272	24.6	104.291735360227	DBCA	44_1	70	117.708281893901
614.285714285714	733.333333333333	78.2444582070117	24.6	102.844458207012	DBCA	44_1	210	130.596322887577
614.285714285714	766.666666666667	77.8935007461465	24.6	102.493500746146	DBCA	44_1	0	102.493500746146
614.285714285714	800	82.6306608839786	24.6	107.230660883979	DBCA	44_1	280	135.901297177762
614.285714285714	833.333333333333	83.565144288987	24.6	108.165144288987	DBCA	44_2	140	130.832312382849
614.285714285714	866.666666666667	81.3525976028643	24.6	105.952597602864	DBCA	44_2	210	133.70446228343
614.285714285714	900	80.3063506650125	24.6	104.906350665013	DBCA	44_2	0	104.906350665013
614.285714285714	933.333333333333	78.7701253769923	24.6	103.370125376992	DBCA	44_2	280	132.040761670776
614.285714285714	966.666666666667	77.7219278800828	24.6	102.321927880083	DBCA	44_2	70	115.738474413756
628.571428571429	666.666666666667	78.2491534279669	24.6	102.849153427967	DBCA	45_1	0	102.849153427967
628.571428571429	700	80.6947649480303	24.6	105.29476494803	DBCA	45_1	210	133.046629628595
628.571428571429	733.333333333333	78.8845448434145	24.6	103.484544843415	DBCA	45_1	140	126.151712937276
628.571428571429	766.666666666667	80.5873163982338	24.6	105.187316398234	DBCA	45_1	70	118.603862931907
628.571428571429	800	81.6445997360359	24.6	106.244599736036	DBCA	45_1	280	134.91523602982
628.571428571429	833.333333333333	83.4593390343149	24.6	108.059339034315	DBCA	45_2	140	130.726507128177
628.571428571429	866.666666666667	79.3071943645608	24.6	103.907194364561	DBCA	45_2	280	132.577830658345
628.571428571429	900	81.4944435629786	24.6	106.094443562979	DBCA	45_2	210	133.846308243544
628.571428571429	933.333333333333	79.6434724993653	24.6	104.243472499365	DBCA	45_2	70	117.660019033039
628.571428571429	966.666666666667	77.7568032044745	24.6	102.356803204474	DBCA	45_2	0	102.356803204474
642.857142857143	666.666666666667	78.7067406029365	24.6	103.306740602936	DBCA	46_1	0	103.306740602936
642.857142857143	700	79.8067626687759	24.6	104.406762668776	DBCA	46_1	140	127.073930762638
642.857142857143	733.333333333333	80.0566600275182	24.6	104.656660027518	DBCA	46_1	280	133.327296321302
642.857142857143	766.666666666667	80.9418260439507	24.6	105.541826043951	DBCA	46_1	210	133.293690724516
642.857142857143	800	81.5713259335191	24.6	106.171325933519	DBCA	46_1	70	119.587872467192
642.857142857143	833.333333333333	83.1851808458145	24.6	107.785180845815	DBCA	46_2	0	107.785180845815
642.857142857143	866.666666666667	79.0081022225539	24.6	103.608102222554	DBCA	46_2	280	132.278738516338
642.857142857143	900	79.3735725420652	24.6	103.973572542065	DBCA	46_2	70	117.390119075739
642.857142857143	933.333333333333	80.1279747478801	24.6	104.72797474788	DBCA	46_2	140	127.395142841742
642.857142857143	966.666666666667	78.5135992387737	24.6	103.113599238774	DBCA	46_2	210	130.865463919339
657.142857142857	666.666666666667	82.0991396151994	24.6	106.699139615199	DBCA	47_1	280	135.369775908983
657.142857142857	700	80.6586270312886	24.6	105.258627031289	DBCA	47_1	70	118.675173564962
657.142857142857	733.333333333333	75.3240561405342	24.6	99.9240561405342	DBCA	47_1	140	122.591224234396
657.142857142857	766.666666666667	80.8586586710543	24.6	105.458658671054	DBCA	47_1	0	105.458658671054
657.142857142857	800	83.0122273487803	24.6	107.61222734878	DBCA	47_1	210	135.364092029345
657.142857142857	833.333333333333	83.9104521741211	24.6	108.510452174121	DBCA	47_2	70	121.926998707794
657.142857142857	866.666666666667	84.7047796177349	24.6	109.304779617735	DBCA	47_2	140	131.971947711597
657.142857142857	900	81.3292190353103	24.6	105.92921903531	DBCA	47_2	280	134.599855329094
657.142857142857	933.333333333333	79.7617570363406	24.6	104.361757036341	DBCA	47_2	0	104.361757036341
657.142857142857	966.666666666667	76.8853223954486	24.6	101.485322395449	DBCA	47_2	210	129.237187076014
671.428571428571	666.666666666667	79.9150521543408	24.6	104.515052154341	DBCA	48_1	280	133.185688448125
671.428571428571	700	79.9578743348859	24.6	104.557874334886	DBCA	48_1	210	132.309739015451
671.428571428571	733.333333333333	77.5019358595356	24.6	102.101935859536	DBCA	48_1	70	115.518482393209
671.428571428571	766.666666666667	82.1713153053342	24.6	106.771315305334	DBCA	48_1	0	106.771315305334
671.428571428571	800	80.8984878427542	24.6	105.498487842754	DBCA	48_1	140	128.165655936616
671.428571428571	833.333333333333	83.2444158418335	24.6	107.844415841833	DBCA	48_2	140	130.511583935695
671.428571428571	866.666666666667	87.0670494442765	24.6	111.667049444277	DBCA	48_2	280	140.33768573806
671.428571428571	900	81.8222442836294	24.6	106.422244283629	DBCA	48_2	0	106.422244283629
671.428571428571	933.333333333333	76.9793561686248	24.6	101.579356168625	DBCA	48_2	210	129.33122084919
671.428571428571	966.666666666667	78.3753696150721	24.6	102.975369615072	DBCA	48_2	70	116.391916148745
685.714285714286	666.666666666667	78.2564432726788	24.6	102.856443272679	DBCA	49_1	70	116.272989806352
685.714285714286	700	82.8005290711467	24.6	107.400529071147	DBCA	49_1	140	130.067697165008
685.714285714286	733.333333333333	76.2185314624904	24.6	100.81853146249	DBCA	49_1	210	128.570396143056
685.714285714286	766.666666666667	83.4422690403174	24.6	108.042269040317	DBCA	49_1	280	136.712905334101
685.714285714286	800	79.2454262811378	24.6	103.845426281138	DBCA	49_1	0	103.845426281138
685.714285714286	833.333333333333	85.9901677292992	24.6	110.590167729299	DBCA	49_2	210	138.342032409864
685.714285714286	866.666666666667	86.3664472095033	24.6	110.966447209503	DBCA	49_2	140	133.633615303365
685.714285714286	900	77.0331067991782	24.6	101.633106799178	DBCA	49_2	70	115.049653332852
685.714285714286	933.333333333333	78.0507715272443	24.6	102.650771527244	DBCA	49_2	280	131.321407821028
685.714285714286	966.666666666667	75.3695218484534	24.6	99.9695218484534	DBCA	49_2	0	99.9695218484534
57.1428571428571	666.666666666667	83.0787448433073	0	83.0787448433073	DBCA	5_1	70	90.6404913769806
57.1428571428571	700	81.8971199340867	0	81.8971199340867	DBCA	5_1	0	81.8971199340867
57.1428571428571	733.333333333333	81.8416647746174	0	81.8416647746174	DBCA	5_1	280	87.0931010684011
57.1428571428571	766.666666666667	82.4914438846283	0	82.4914438846283	DBCA	5_1	210	92.6789085651935
57.1428571428571	800	79.5782767095915	0	79.5782767095915	DBCA	5_1	140	90.5358448034533
57.1428571428571	833.333333333333	80.4146554065136	0	80.4146554065136	DBCA	5_2	0	80.4146554065136
57.1428571428571	866.666666666667	81.5400339421793	0	81.5400339421793	DBCA	5_2	140	92.497602036041
57.1428571428571	900	82.7260174799094	0	82.7260174799094	DBCA	5_2	70	90.2877640135828
57.1428571428571	933.333333333333	76.889885482061	0	76.889885482061	DBCA	5_2	280	82.1413217758448
57.1428571428571	966.666666666667	78.5051581590696	0	78.5051581590696	DBCA	5_2	210	88.6926228396348
700	666.666666666667	85.0126127482126	24.6	109.612612748213	DBCA	50_1	70	123.029159281886
700	700	83.2710597253955	24.6	107.871059725395	DBCA	50_1	0	107.871059725395
700	733.333333333333	78.0406013793777	24.6	102.640601379378	DBCA	50_1	210	130.392466059943
700	766.666666666667	80.6781522159007	24.6	105.278152215901	DBCA	50_1	140	127.945320309762
700	800	84.1281719288256	24.6	108.728171928826	DBCA	50_1	280	137.398808222609
700	833.333333333333	82.1547954255467	24.6	106.754795425547	DBCA	50_2	0	106.754795425547
700	866.666666666667	86.0729485961269	24.6	110.672948596127	DBCA	50_2	70	124.0894951298
700	900	81.1449865376286	24.6	105.744986537629	DBCA	50_2	280	134.415622831412
700	933.333333333333	75.4742103765845	24.6	100.074210376584	DBCA	50_2	210	127.82607505715
700	966.666666666667	74.7553872335002	24.6	99.3553872335002	DBCA	50_2	140	122.022555327362
714.285714285714	666.666666666667	81.095008457686	24.6	105.695008457686	DBCA	51_1	210	133.446873138251
714.285714285714	700	86.9152431364473	24.6	111.515243136447	DBCA	51_1	140	134.182411230309
714.285714285714	733.333333333333	81.8522919003012	24.6	106.452291900301	DBCA	51_1	280	135.122928194085
714.285714285714	766.666666666667	85.0020280867107	24.6	109.602028086711	DBCA	51_1	0	109.602028086711
714.285714285714	800	83.4541967532374	24.6	108.054196753237	DBCA	51_1	70	121.470743286911
714.285714285714	833.333333333333	82.5109696402182	24.6	107.110969640218	DBCA	51_2	210	134.862834320783
714.285714285714	866.666666666667	84.108701437102	24.6	108.708701437102	DBCA	51_2	0	108.708701437102
714.285714285714	900	76.7966658077595	24.6	101.39666580776	DBCA	51_2	280	130.067302101543
714.285714285714	933.333333333333	74.6155780063269	24.6	99.2155780063269	DBCA	51_2	70	112.63212454
714.285714285714	966.666666666667	74.1251508977343	24.6	98.7251508977343	DBCA	51_2	140	121.392318991596
728.571428571429	666.666666666667	79.9790927894605	24.6	104.57909278946	DBCA	52_1	210	132.330957470026
728.571428571429	700	84.3062815376559	24.6	108.906281537656	DBCA	52_1	280	137.57691783144
728.571428571429	733.333333333333	80.8720644197159	24.6	105.472064419716	DBCA	52_1	70	118.888610953389
728.571428571429	766.666666666667	82.4512441283051	24.6	107.051244128305	DBCA	52_1	0	107.051244128305
728.571428571429	800	82.4773341889103	24.6	107.07733418891	DBCA	52_1	140	129.744502282772
728.571428571429	833.333333333333	82.7665095697645	24.6	107.366509569764	DBCA	52_2	140	130.033677663626
728.571428571429	866.666666666667	81.3845618964939	24.6	105.984561896494	DBCA	52_2	280	134.655198190278
728.571428571429	900	79.9991868611926	24.6	104.599186861193	DBCA	52_2	210	132.351051541758
728.571428571429	933.333333333333	77.0506315961256	24.6	101.650631596126	DBCA	52_2	0	101.650631596126
728.571428571429	966.666666666667	74.4439629240995	24.6	99.0439629240995	DBCA	52_2	70	112.460509457773
742.857142857143	666.666666666667	82.9054650538368	24.6	107.505465053837	DBCA	53_1	0	107.505465053837
742.857142857143	700	82.9997046748764	24.6	107.599704674876	DBCA	53_1	70	121.01625120855
742.857142857143	733.333333333333	84.4102879581909	24.6	109.010287958191	DBCA	53_1	280	137.680924251975
742.857142857143	766.666666666667	81.5232688837275	24.6	106.123268883728	DBCA	53_1	210	133.875133564293
742.857142857143	800	81.4196364444381	24.6	106.019636444438	DBCA	53_1	140	128.6868045383
742.857142857143	833.333333333333	78.6361986090757	24.6	103.236198609076	DBCA	53_2	140	125.903366702937
742.857142857143	866.666666666667	80.6734151902303	24.6	105.27341519023	DBCA	53_2	0	105.27341519023
742.857142857143	900	79.4972081096533	24.6	104.097208109653	DBCA	53_2	210	131.849072790219
742.857142857143	933.333333333333	75.6541530220988	24.6	100.254153022099	DBCA	53_2	280	128.924789315882
742.857142857143	966.666666666667	75.2431022877938	24.6	99.8431022877938	DBCA	53_2	70	113.259648821467
757.142857142857	666.666666666667	85.6288911584896	24.6	110.22889115849	DBCA	54_1	0	110.22889115849
757.142857142857	700	82.4787737580882	24.6	107.078773758088	DBCA	54_1	210	134.830638438653
757.142857142857	733.333333333333	78.9685057388277	24.6	103.568505738828	DBCA	54_1	280	132.239142032611
757.142857142857	766.666666666667	79.0649175101386	24.6	103.664917510139	DBCA	54_1	70	117.081464043812
757.142857142857	800	81.2713882953071	24.6	105.871388295307	DBCA	54_1	140	128.538556389169
757.142857142857	833.333333333333	81.5269182368413	24.6	106.126918236841	DBCA	54_2	280	134.797554530625
757.142857142857	866.666666666667	82.0578165800265	24.6	106.657816580026	DBCA	54_2	210	134.409681260592
757.142857142857	900	79.9797435952572	24.6	104.579743595257	DBCA	54_2	0	104.579743595257
757.142857142857	933.333333333333	74.3820678011181	24.6	98.9820678011181	DBCA	54_2	70	112.398614334791
757.142857142857	966.666666666667	75.3060746692061	24.6	99.9060746692061	DBCA	54_2	140	122.573242763068
771.428571428571	666.666666666667	87.800041087566	24.6	112.400041087566	DBCA	55_1	0	112.400041087566
771.428571428571	700	81.0917111018099	24.6	105.69171110181	DBCA	55_1	210	133.443575782375
771.428571428571	733.333333333333	79.1723575207062	24.6	103.772357520706	DBCA	55_1	70	117.18890405438
771.428571428571	766.666666666667	76.2239290676622	24.6	100.823929067662	DBCA	55_1	280	129.494565361446
771.428571428571	800	84.9600111485015	24.6	109.560011148501	DBCA	55_1	140	132.227179242363
771.428571428571	833.333333333333	85.3231795611893	24.6	109.923179561189	DBCA	55_2	140	132.590347655051
771.428571428571	866.666666666667	79.928440850125	24.6	104.528440850125	DBCA	55_2	280	133.199077143909
771.428571428571	900	82.3165740299241	24.6	106.916574029924	DBCA	55_2	70	120.333120563597
771.428571428571	933.333333333333	75.7631549624557	24.6	100.363154962456	DBCA	55_2	0	100.363154962456
771.428571428571	966.666666666667	74.667098632836	24.6	99.267098632836	DBCA	55_2	210	127.018963313401
785.714285714286	666.666666666667	83.7870748459407	24.6	108.387074845941	DBCA	56_1	140	131.054242939802
785.714285714286	700	81.2614895958009	24.6	105.861489595801	DBCA	56_1	70	119.278036129474
785.714285714286	733.333333333333	80.18566775635	24.6	104.78566775635	DBCA	56_1	210	132.537532436915
785.714285714286	766.666666666667	79.6326196599663	24.6	104.232619659966	DBCA	56_1	280	132.90325595375
785.714285714286	800	82.088891564969	24.6	106.688891564969	DBCA	56_1	0	106.688891564969
785.714285714286	833.333333333333	82.1738703890762	24.6	106.773870389076	DBCA	56_2	70	120.19041692275
785.714285714286	866.666666666667	81.4047730116024	24.6	106.004773011602	DBCA	56_2	0	106.004773011602
785.714285714286	900	79.5716901565078	24.6	104.171690156508	DBCA	56_2	280	132.842326450292
785.714285714286	933.333333333333	79.9172379009508	24.6	104.517237900951	DBCA	56_2	210	132.269102581516
785.714285714286	966.666666666667	75.2747984402519	24.6	99.8747984402519	DBCA	56_2	140	122.541966534114
800	666.666666666667	82.6604305951139	24.6	107.260430595114	DBCA	57_1	0	107.260430595114
800	700	78.8388646587619	24.6	103.438864658762	DBCA	57_1	210	131.190729339327
800	733.333333333333	80.9451937387793	24.6	105.545193738779	DBCA	57_1	140	128.212361832641
800	766.666666666667	81.2585489952092	24.6	105.858548995209	DBCA	57_1	280	134.529185288993
800	800	81.9445149721971	24.6	106.544514972197	DBCA	57_1	70	119.96106150587
800	833.333333333333	82.4630454114081	24.6	107.063045411408	DBCA	57_2	280	135.733681705192
800	866.666666666667	81.6757727960164	24.6	106.275772796016	DBCA	57_2	0	106.275772796016
800	900	81.7292573521921	24.6	106.329257352192	DBCA	57_2	140	128.996425446054
800	933.333333333333	78.0173138893199	24.6	102.61731388932	DBCA	57_2	70	116.033860422993
800	966.666666666667	75.1685725961485	24.6	99.7685725961485	DBCA	57_2	210	127.520437276714
814.285714285714	666.666666666667	86.8005959430001	24.6	111.400595943	DBCA	58_1	210	139.152460623565
814.285714285714	700	79.4754034804504	24.6	104.07540348045	DBCA	58_1	0	104.07540348045
814.285714285714	733.333333333333	81.3252770415824	24.6	105.925277041582	DBCA	58_1	140	128.592445135444
814.285714285714	766.666666666667	79.180262716502	24.6	103.780262716502	DBCA	58_1	280	132.450899010286
814.285714285714	800	82.4304551561312	24.6	107.030455156131	DBCA	58_1	70	120.447001689805
814.285714285714	833.333333333333	81.5847859995495	24.6	106.184785999549	DBCA	58_2	0	106.184785999549
814.285714285714	866.666666666667	80.8231158014349	24.6	105.423115801435	DBCA	58_2	280	134.093752095219
814.285714285714	900	80.6184427282815	24.6	105.218442728282	DBCA	58_2	140	127.885610822143
814.285714285714	933.333333333333	74.4464147892036	24.6	99.0464147892036	DBCA	58_2	70	112.462961322877
814.285714285714	966.666666666667	73.8099550445472	24.6	98.4099550445472	DBCA	58_2	210	126.161819725112
828.571428571429	666.666666666667	82.244263898887	24.6	106.844263898887	DBCA	59_1	0	106.844263898887
828.571428571429	700	82.1925483940788	24.6	106.792548394079	DBCA	59_1	140	129.459716487941
828.571428571429	733.333333333333	76.5678114645131	24.6	101.167811464513	DBCA	59_1	280	129.838447758297
828.571428571429	766.666666666667	80.8388105817995	24.6	105.438810581799	DBCA	59_1	70	118.855357115473
828.571428571429	800	80.7817540456889	24.6	105.381754045689	DBCA	59_1	210	133.133618726254
828.571428571429	833.333333333333	75.400511674549	24.6	100.000511674549	DBCA	59_2	280	128.671147968333
828.571428571429	866.666666666667	79.2724590249909	24.6	103.872459024991	DBCA	59_2	70	117.289005558664
828.571428571429	900	79.0113260431978	24.6	103.611326043198	DBCA	59_2	210	131.363190723763
828.571428571429	933.333333333333	73.9655735954219	24.6	98.5655735954219	DBCA	59_2	140	121.232741689284
828.571428571429	966.666666666667	72.6145504761932	24.6	97.2145504761932	DBCA	59_2	0	97.2145504761932
71.4285714285714	666.666666666667	83.8487557980553	0	83.8487557980553	DBCA	6_1	210	94.0362204786205
71.4285714285714	700	82.387556516112	0	82.387556516112	DBCA	6_1	0	82.387556516112
71.4285714285714	733.333333333333	81.0823532488156	0	81.0823532488156	DBCA	6_1	140	92.0399213426774
71.4285714285714	766.666666666667	81.4937756094009	0	81.4937756094009	DBCA	6_1	70	89.0555221430742
71.4285714285714	800	82.9298575158981	0	82.9298575158981	DBCA	6_1	280	88.1812938096818
71.4285714285714	833.333333333333	80.5820042567877	0	80.5820042567877	DBCA	6_2	140	91.5395723506495
71.4285714285714	866.666666666667	79.2925318817394	0	79.2925318817394	DBCA	6_2	280	84.5439681755231
71.4285714285714	900	80.2298018996662	0	80.2298018996662	DBCA	6_2	0	80.2298018996662
71.4285714285714	933.333333333333	82.5073880706462	0	82.5073880706462	DBCA	6_2	210	92.6948527512114
71.4285714285714	966.666666666667	80.7953231112219	0	80.7953231112219	DBCA	6_2	70	88.3570696448953
842.857142857143	666.666666666667	81.3324715312326	24.6	105.932471531233	DBCA	60_1	0	105.932471531233
842.857142857143	700	75.8156328325306	24.6	100.415632832531	DBCA	60_1	210	128.167497513096
842.857142857143	733.333333333333	77.6991783372737	24.6	102.299178337274	DBCA	60_1	70	115.715724870947
842.857142857143	766.666666666667	79.2659486586811	24.6	103.865948658681	DBCA	60_1	280	132.536584952465
842.857142857143	800	82.0597124653461	24.6	106.659712465346	DBCA	60_1	140	129.326880559208
842.857142857143	833.333333333333	78.9530975267415	24.6	103.553097526741	DBCA	60_2	0	103.553097526741
842.857142857143	866.666666666667	78.8758617372594	24.6	103.475861737259	DBCA	60_2	210	131.227726417825
842.857142857143	900	78.590665436775	24.6	103.190665436775	DBCA	60_2	280	131.861301730559
842.857142857143	933.333333333333	75.2071690771199	24.6	99.8071690771199	DBCA	60_2	70	113.223715610793
842.857142857143	966.666666666667	77.8604998645783	24.6	102.460499864578	DBCA	60_2	140	125.12766795844
857.142857142857	666.666666666667	78.1674429981253	24.6	102.767442998125	DBCA	61_1	140	125.434611091987
857.142857142857	700	78.7576614327959	24.6	103.357661432796	DBCA	61_1	0	103.357661432796
857.142857142857	733.333333333333	78.6657844588994	24.6	103.265784458899	DBCA	61_1	210	131.017649139465
857.142857142857	766.666666666667	82.5853581751383	24.6	107.185358175138	DBCA	61_1	280	135.855994468922
857.142857142857	800	83.8422564848518	24.6	108.442256484852	DBCA	61_1	70	121.858803018525
857.142857142857	833.333333333333	82.3646149502489	24.6	106.964614950249	DBCA	61_2	280	135.635251244033
857.142857142857	866.666666666667	76.8416151501948	24.6	101.441615150195	DBCA	61_2	70	114.858161683868
857.142857142857	900	76.658898506161	24.6	101.258898506161	DBCA	61_2	140	123.926066600023
857.142857142857	933.333333333333	77.6180112958993	24.6	102.218011295899	DBCA	61_2	0	102.218011295899
857.142857142857	966.666666666667	77.8353401578328	24.6	102.435340157833	DBCA	61_2	210	130.187204838398
871.428571428571	666.666666666667	71.7166084846234	24.6	96.3166084846234	DBCA	62_1	0	96.3166084846234
871.428571428571	700	81.3658707739037	24.6	105.965870773904	DBCA	62_1	70	119.382417307577
871.428571428571	733.333333333333	82.8921218027643	24.6	107.492121802764	DBCA	62_1	280	136.162758096548
871.428571428571	766.666666666667	87.4398426115076	24.6	112.039842611508	DBCA	62_1	140	134.707010705369
871.428571428571	800	82.2205583771099	24.6	106.82055837711	DBCA	62_1	210	134.572423057675
871.428571428571	833.333333333333	84.6708255541055	24.6	109.270825554106	DBCA	62_2	140	131.937993647967
871.428571428571	866.666666666667	79.5237087542834	24.6	104.123708754283	DBCA	62_2	0	104.123708754283
871.428571428571	900	78.0808087338268	24.6	102.680808733827	DBCA	62_2	210	130.432673414392
871.428571428571	933.333333333333	79.9885666309504	24.6	104.58856663095	DBCA	62_2	70	118.005113164624
871.428571428571	966.666666666667	77.4286450498651	24.6	102.028645049865	DBCA	62_2	280	130.699281343649
885.714285714286	666.666666666667	77.3673299742305	24.6	101.967329974231	DBCA	63_1	70	115.383876507904
885.714285714286	700	78.5136628339307	24.6	103.113662833931	DBCA	63_1	140	125.780830927792
885.714285714286	733.333333333333	79.6881423568097	24.6	104.28814235681	DBCA	63_1	0	104.28814235681
885.714285714286	766.666666666667	85.3356418452684	24.6	109.935641845268	DBCA	63_1	210	137.687506525834
885.714285714286	800	81.7846880185338	24.6	106.384688018534	DBCA	63_1	280	135.055324312318
885.714285714286	833.333333333333	83.8101015324584	24.6	108.410101532458	DBCA	63_2	0	108.410101532458
885.714285714286	866.666666666667	77.2222035644819	24.6	101.822203564482	DBCA	63_2	280	130.492839858266
885.714285714286	900	79.6492957713774	24.6	104.249295771377	DBCA	63_2	140	126.916463865239
885.714285714286	933.333333333333	81.4377664422435	24.6	106.037766442244	DBCA	63_2	70	119.454312975917
885.714285714286	966.666666666667	80.5634113482444	24.6	105.163411348244	DBCA	63_2	210	132.91527602881
900	666.666666666667	79.1877729552519	24.6	103.787772955252	DBCA	64_1	210	131.539637635817
900	700	78.2557313601485	24.6	102.855731360148	DBCA	64_1	70	116.272277893822
900	733.333333333333	78.9914101606376	24.6	103.591410160638	DBCA	64_1	140	126.258578254499
900	766.666666666667	81.8332074928473	24.6	106.433207492847	DBCA	64_1	280	135.103843786631
900	800	80.6824843594913	24.6	105.282484359491	DBCA	64_1	0	105.282484359491
900	833.333333333333	85.3473882660099	24.6	109.94738826601	DBCA	64_2	70	123.363934799683
900	866.666666666667	79.9848145512022	24.6	104.584814551202	DBCA	64_2	0	104.584814551202
900	900	76.56452996241	24.6	101.16452996241	DBCA	64_2	140	123.831698056272
900	933.333333333333	78.8417928273508	24.6	103.441792827351	DBCA	64_2	280	132.112429121135
900	966.666666666667	82.5505636899814	24.6	107.150563689981	DBCA	64_2	210	134.902428370547
914.285714285714	666.666666666667	78.3690239241164	24.6	102.969023924116	DBCA	65_1	280	131.6396602179
914.285714285714	700	76.5908286549468	24.6	101.190828654947	DBCA	65_1	0	101.190828654947
914.285714285714	733.333333333333	77.8342543434421	24.6	102.434254343442	DBCA	65_1	140	125.101422437304
914.285714285714	766.666666666667	78.8537097872441	24.6	103.453709787244	DBCA	65_1	70	116.870256320917
914.285714285714	800	82.243569578182	24.6	106.843569578182	DBCA	65_1	210	134.595434258747
914.285714285714	833.333333333333	83.5472900843781	24.6	108.147290084378	DBCA	65_2	70	121.563836618051
914.285714285714	866.666666666667	79.8776379808258	24.6	104.477637980826	DBCA	65_2	140	127.144806074687
914.285714285714	900	78.2929456801245	24.6	102.892945680125	DBCA	65_2	210	130.64481036069
914.285714285714	933.333333333333	77.9833991969791	24.6	102.583399196979	DBCA	65_2	0	102.583399196979
914.285714285714	966.666666666667	82.4505501080882	24.6	107.050550108088	DBCA	65_2	280	135.721186401872
928.571428571429	666.666666666667	78.9063085192013	24.6	103.506308519201	DBCA	66_1	0	103.506308519201
928.571428571429	700	81.3871946992831	24.6	105.987194699283	DBCA	66_1	140	128.654362793145
928.571428571429	733.333333333333	77.3895569197575	24.6	101.989556919758	DBCA	66_1	280	130.660193213541
928.571428571429	766.666666666667	77.520923356905	24.6	102.120923356905	DBCA	66_1	70	115.537469890578
928.571428571429	800	80.5663244363842	24.6	105.166324436384	DBCA	66_1	210	132.918189116949
928.571428571429	833.333333333333	79.0301002392769	24.6	103.630100239277	DBCA	66_2	140	126.297268333139
928.571428571429	866.666666666667	79.0048992439582	24.6	103.604899243958	DBCA	66_2	70	117.021445777632
928.571428571429	900	78.7334160545357	24.6	103.333416054536	DBCA	66_2	0	103.333416054536
928.571428571429	933.333333333333	79.5333405141262	24.6	104.133340514126	DBCA	66_2	280	132.80397680791
928.571428571429	966.666666666667	83.2866620131056	24.6	107.886662013106	DBCA	66_2	210	135.638526693671
942.857142857143	666.666666666667	77.6908000490606	24.6	102.290800049061	DBCA	67_1	70	115.707346582734
942.857142857143	700	81.0370694765087	24.6	105.637069476509	DBCA	67_1	0	105.637069476509
942.857142857143	733.333333333333	78.4656698680974	24.6	103.065669868097	DBCA	67_1	280	131.736306161881
942.857142857143	766.666666666667	77.3076709603938	24.6	101.907670960394	DBCA	67_1	140	124.574839054255
942.857142857143	800	79.7525544916831	24.6	104.352554491683	DBCA	67_1	210	132.104419172248
942.857142857143	833.333333333333	76.7716253510154	24.6	101.371625351015	DBCA	67_2	70	114.788171884689
942.857142857143	866.666666666667	78.2882360776011	24.6	102.888236077601	DBCA	67_2	280	131.558872371385
942.857142857143	900	77.9012752118732	24.6	102.501275211873	DBCA	67_2	0	102.501275211873
942.857142857143	933.333333333333	81.7495070242365	24.6	106.349507024236	DBCA	67_2	210	134.101371704802
942.857142857143	966.666666666667	77.4427849236463	24.6	102.042784923646	DBCA	67_2	140	124.709953017508
957.142857142857	666.666666666667	72.8430539678974	24.6	97.4430539678974	DBCA	68_1	280	126.113690261681
957.142857142857	700	76.8794637418556	24.6	101.479463741856	DBCA	68_1	70	114.896010275529
957.142857142857	733.333333333333	78.5262200001405	24.6	103.126220000141	DBCA	68_1	140	125.793388094002
957.142857142857	766.666666666667	78.3892068435913	24.6	102.989206843591	DBCA	68_1	0	102.989206843591
957.142857142857	800	77.9630080636201	24.6	102.56300806362	DBCA	68_1	210	130.314872744185
957.142857142857	833.333333333333	81.0196234730966	24.6	105.619623473097	DBCA	68_2	210	133.371488153662
957.142857142857	866.666666666667	77.7978501276202	24.6	102.39785012762	DBCA	68_2	140	125.065018221482
957.142857142857	900	79.0698039646854	24.6	103.669803964685	DBCA	68_2	70	117.086350498359
957.142857142857	933.333333333333	80.8944764520507	24.6	105.494476452051	DBCA	68_2	280	134.165112745834
957.142857142857	966.666666666667	77.4314873010457	24.6	102.031487301046	DBCA	68_2	0	102.031487301046
971.428571428571	666.666666666667	79.1907276899166	24.6	103.790727689917	DBCA	69_1	0	103.790727689917
971.428571428571	700	77.1419252664269	24.6	101.741925266427	DBCA	69_1	280	130.412561560211
971.428571428571	733.333333333333	78.5972198562716	24.6	103.197219856272	DBCA	69_1	140	125.864387950133
971.428571428571	766.666666666667	73.7163343825488	24.6	98.3163343825487	DBCA	69_1	70	111.732880916222
971.428571428571	800	77.7168735750089	24.6	102.316873575009	DBCA	69_1	210	130.068738255574
971.428571428571	833.333333333333	74.5427100618458	24.6	99.1427100618458	DBCA	69_2	280	127.81334635563
971.428571428571	866.666666666667	78.1384205406538	24.6	102.738420540654	DBCA	69_2	210	130.490285221219
971.428571428571	900	81.1453768695284	24.6	105.745376869528	DBCA	69_2	70	119.161923403202
971.428571428571	933.333333333333	78.107569591718	24.6	102.707569591718	DBCA	69_2	0	102.707569591718
971.428571428571	966.666666666667	75.798399284705	24.6	100.398399284705	DBCA	69_2	140	123.065567378567
85.7142857142857	666.666666666667	82.6739690393023	0	82.6739690393023	DBCA	7_1	210	92.8614337198675
85.7142857142857	700	79.1935886045531	0	79.1935886045531	DBCA	7_1	70	86.7553351382264
85.7142857142857	733.333333333333	81.2002233366378	0	81.2002233366378	DBCA	7_1	280	86.4516596304215
85.7142857142857	766.666666666667	81.6155255641369	0	81.6155255641369	DBCA	7_1	140	92.5730936579986
85.7142857142857	800	79.2129359628006	0	79.2129359628006	DBCA	7_1	0	79.2129359628006
85.7142857142857	833.333333333333	78.89372664822	0	78.89372664822	DBCA	7_2	280	84.1451629420037
85.7142857142857	866.666666666667	78.9589079134652	0	78.9589079134652	DBCA	7_2	0	78.9589079134652
85.7142857142857	900	79.3935811075289	0	79.3935811075289	DBCA	7_2	210	89.5810457880941
85.7142857142857	933.333333333333	83.1097386619956	0	83.1097386619956	DBCA	7_2	70	90.671485195669
85.7142857142857	966.666666666667	79.2308597908324	0	79.2308597908324	DBCA	7_2	140	90.1884278846942
985.714285714286	666.666666666667	76.9171306334349	24.6	101.517130633435	DBCA	70_1	140	124.184298727297
985.714285714286	700	77.9233904676683	24.6	102.523390467668	DBCA	70_1	70	115.939937001342
985.714285714286	733.333333333333	76.6181874955954	24.6	101.218187495595	DBCA	70_1	280	129.888823789379
985.714285714286	766.666666666667	73.4389566818453	24.6	98.0389566818453	DBCA	70_1	0	98.0389566818453
985.714285714286	800	76.7629233207189	24.6	101.362923320719	DBCA	70_1	210	129.114788001284
985.714285714286	833.333333333333	74.9185709946811	24.6	99.5185709946811	DBCA	70_2	0	99.5185709946811
985.714285714286	866.666666666667	78.5697579647866	24.6	103.169757964787	DBCA	70_2	140	125.836926058648
985.714285714286	900	83.4548520973552	24.6	108.054852097355	DBCA	70_2	210	135.80671677792
985.714285714286	933.333333333333	82.9065920912458	24.6	107.506592091246	DBCA	70_2	70	120.923138624919
985.714285714286	966.666666666667	75.3147888905334	24.6	99.9147888905334	DBCA	70_2	280	128.585425184317
1000	666.666666666667	73.5146270051368	24.6	98.1146270051368	DBCA	71_1	70	111.53117353881
1000	700	76.0404315792253	24.6	100.640431579225	DBCA	71_1	210	128.39229625979
1000	733.333333333333	79.2379529780261	24.6	103.837952978026	DBCA	71_1	0	103.837952978026
1000	766.666666666667	77.5776663484802	24.6	102.17766634848	DBCA	71_1	140	124.844834442342
1000	800	77.6702155373717	24.6	102.270215537372	DBCA	71_1	280	130.940851831155
1000	833.333333333333	78.2745668329174	24.6	102.874566832917	DBCA	71_2	280	131.545203126701
1000	866.666666666667	78.0223853168023	24.6	102.622385316802	DBCA	71_2	70	116.038931850476
1000	900	81.5587369715408	24.6	106.158736971541	DBCA	71_2	210	133.910601652106
1000	933.333333333333	77.1276969201156	24.6	101.727696920116	DBCA	71_2	140	124.394865013977
1000	966.666666666667	76.5879498413311	24.6	101.187949841331	DBCA	71_2	0	101.187949841331
100	666.666666666667	81.2720996616689	0	81.2720996616689	DBCA	8_1	70	88.8338461953423
100	700	82.3018924078037	0	82.3018924078037	DBCA	8_1	210	92.489357088369
100	733.333333333333	80.7794679057354	0	80.7794679057354	DBCA	8_1	140	91.7370359995971
100	766.666666666667	80.8014691076862	0	80.8014691076862	DBCA	8_1	0	80.8014691076862
100	800	82.672483086644	0	82.672483086644	DBCA	8_1	280	87.9239193804277
100	833.333333333333	81.2640005707845	0	81.2640005707845	DBCA	8_2	210	91.4514652513497
100	866.666666666667	78.9523782943841	0	78.9523782943841	DBCA	8_2	0	78.9523782943841
100	900	81.1170559466069	0	81.1170559466069	DBCA	8_2	280	86.3684922403907
100	933.333333333333	81.9204489060506	0	81.9204489060506	DBCA	8_2	140	92.8780169999124
100	966.666666666667	84.5992919777312	0	84.5992919777312	DBCA	8_2	70	92.1610385114046
114.285714285714	666.666666666667	81.935557987362	0	81.935557987362	DBCA	9_1	280	87.1869942811458
114.285714285714	700	84.0478806188527	0	84.0478806188527	DBCA	9_1	0	84.0478806188527
114.285714285714	733.333333333333	79.9957856313512	0	79.9957856313512	DBCA	9_1	210	90.1832503119165
114.285714285714	766.666666666667	79.3592626741335	0	79.3592626741335	DBCA	9_1	70	86.9210092078069
114.285714285714	800	83.7709398927485	0	83.7709398927485	DBCA	9_1	140	94.7285079866103
114.285714285714	833.333333333333	82.1601539865718	0	82.1601539865718	DBCA	9_2	0	82.1601539865718
114.285714285714	866.666666666667	81.066385875954	0	81.066385875954	DBCA	9_2	140	92.0239539698158
114.285714285714	900	87.1410353970789	0	87.1410353970789	DBCA	9_2	210	97.3285000776441
114.285714285714	933.333333333333	80.9598207800109	0	80.9598207800109	DBCA	9_2	280	86.2112570737947
114.285714285714	966.666666666667	83.133321955506	0	83.133321955506	DBCA	9_2	70	90.6950684891794
0	1000	80.5365780428077	0	80.5365780428077	DBCA	1_3	NA	NA
14.2857142857143	1000	78.1732454104147	0	78.1732454104147	DBCA	2_3	NA	NA
28.5714285714286	1000	78.0749878507939	0	78.0749878507939	DBCA	3_3	NA	NA
42.8571428571429	1000	79.7740944393803	0	79.7740944393803	DBCA	4_3	NA	NA
57.1428571428571	1000	81.9517153745544	0	81.9517153745544	DBCA	5_3	NA	NA
71.4285714285714	1000	80.94045937436	0	80.94045937436	DBCA	6_3	NA	NA
85.7142857142857	1000	80.077739074989	0	80.077739074989	DBCA	7_3	NA	NA
100	1000	77.2605608093441	0	77.2605608093441	DBCA	8_3	NA	NA
114.285714285714	1000	80.8222860119418	0	80.8222860119418	DBCA	9_3	NA	NA
128.571428571429	1000	80.2504983508387	0	80.2504983508387	DBCA	10_3	NA	NA
142.857142857143	1000	78.3017999819255	0	78.3017999819255	DBCA	11_3	NA	NA
157.142857142857	1000	84.342694526426	0	84.342694526426	DBCA	12_3	NA	NA
171.428571428571	1000	83.1004841141082	0	83.1004841141082	DBCA	13_3	NA	NA
185.714285714286	1000	82.4895043372269	0	82.4895043372269	DBCA	14_3	NA	NA
200	1000	80.9755506982484	0	80.9755506982484	DBCA	15_3	NA	NA
214.285714285714	1000	78.4089204059225	0	78.4089204059225	DBCA	16_3	NA	NA
228.571428571429	1000	76.0639287306858	0	76.0639287306858	DBCA	17_3	NA	NA
242.857142857143	1000	81.6041140613301	0	81.6041140613301	DBCA	18_3	NA	NA
257.142857142857	1000	81.4450373646434	0	81.4450373646434	DBCA	19_3	NA	NA
271.428571428571	1000	81.339800931829	0	81.339800931829	DBCA	20_3	NA	NA
285.714285714286	1000	81.645851643861	0	81.645851643861	DBCA	21_3	NA	NA
300	1000	83.2952929696899	0	83.2952929696899	DBCA	22_3	NA	NA
314.285714285714	1000	81.5542824688658	0	81.5542824688658	DBCA	23_3	NA	NA
328.571428571429	1000	82.7893238011281	0	82.7893238011281	DBCA	24_3	NA	NA
342.857142857143	1000	80.7362980298112	0	80.7362980298112	DBCA	25_3	NA	NA
357.142857142857	1000	81.9665046294169	0	81.9665046294169	DBCA	26_3	NA	NA
371.428571428571	1000	81.5150565892021	0	81.5150565892021	DBCA	27_3	NA	NA
385.714285714286	1000	82.946544491416	0	82.946544491416	DBCA	28_3	NA	NA
400	1000	80.6899618723563	0	80.6899618723563	DBCA	29_3	NA	NA
414.285714285714	1000	81.0192483474703	0	81.0192483474703	DBCA	30_3	NA	NA
428.571428571429	1000	80.6303007923486	0	80.6303007923486	DBCA	31_3	NA	NA
442.857142857143	1000	80.9377553203147	0	80.9377553203147	DBCA	32_3	NA	NA
457.142857142857	1000	82.3307737269262	0	82.3307737269262	DBCA	33_3	NA	NA
471.428571428571	1000	80.1124690037928	0	80.1124690037928	DBCA	34_3	NA	NA
485.714285714286	1000	81.2929639575954	0	81.2929639575954	DBCA	35_3	NA	NA
500	1000	81.8010938430481	0	81.8010938430481	DBCA	36_3	NA	NA
514.285714285714	1000	79.6501198763016	24.6	104.250119876302	DBCA	37_3	NA	NA
528.571428571429	1000	77.6626959758612	24.6	102.262695975861	DBCA	38_3	NA	NA
542.857142857143	1000	77.0921206211725	24.6	101.692120621172	DBCA	39_3	NA	NA
557.142857142857	1000	76.8162343799406	24.6	101.416234379941	DBCA	40_3	NA	NA
571.428571428571	1000	75.0313826368097	24.6	99.6313826368097	DBCA	41_3	NA	NA
585.714285714286	1000	80.7742269649656	24.6	105.374226964966	DBCA	42_3	NA	NA
600	1000	80.9706703978689	24.6	105.570670397869	DBCA	43_3	NA	NA
614.285714285714	1000	76.7236794301497	24.6	101.32367943015	DBCA	44_3	NA	NA
628.571428571429	1000	78.3270260605755	24.6	102.927026060575	DBCA	45_3	NA	NA
642.857142857143	1000	74.7625600140115	24.6	99.3625600140115	DBCA	46_3	NA	NA
657.142857142857	1000	75.6648470981856	24.6	100.264847098186	DBCA	47_3	NA	NA
671.428571428571	1000	75.9348083322077	24.6	100.534808332208	DBCA	48_3	NA	NA
685.714285714286	1000	75.6217522480163	24.6	100.221752248016	DBCA	49_3	NA	NA
700	1000	73.7897827502502	24.6	98.3897827502502	DBCA	50_3	NA	NA
714.285714285714	1000	77.0777832640111	24.6	101.677783264011	DBCA	51_3	NA	NA
728.571428571429	1000	75.2859522033888	24.6	99.8859522033888	DBCA	52_3	NA	NA
742.857142857143	1000	80.0367935022707	24.6	104.636793502271	DBCA	53_3	NA	NA
757.142857142857	1000	78.6015939188425	24.6	103.201593918843	DBCA	54_3	NA	NA
771.428571428571	1000	78.7146059134588	24.6	103.314605913459	DBCA	55_3	NA	NA
785.714285714286	1000	77.3256474856987	24.6	101.925647485699	DBCA	56_3	NA	NA
800	1000	80.9684107572926	24.6	105.568410757293	DBCA	57_3	NA	NA
814.285714285714	1000	76.9589835483622	24.6	101.558983548362	DBCA	58_3	NA	NA
828.571428571429	1000	76.9584466657527	24.6	101.558446665753	DBCA	59_3	NA	NA
842.857142857143	1000	81.452944708675	24.6	106.052944708675	DBCA	60_3	NA	NA
857.142857142857	1000	80.9400288272466	24.6	105.540028827247	DBCA	61_3	NA	NA
871.428571428571	1000	83.4422311253701	24.6	108.04223112537	DBCA	62_3	NA	NA
885.714285714286	1000	78.1967051710439	24.6	102.796705171044	DBCA	63_3	NA	NA
900	1000	78.8765263085218	24.6	103.476526308522	DBCA	64_3	NA	NA
914.285714285714	1000	78.7756246836742	24.6	103.375624683674	DBCA	65_3	NA	NA
928.571428571429	1000	77.2910343620067	24.6	101.891034362007	DBCA	66_3	NA	NA
942.857142857143	1000	73.9285065308812	24.6	98.5285065308812	DBCA	67_3	NA	NA
957.142857142857	1000	75.1548643063511	24.6	99.7548643063511	DBCA	68_3	NA	NA
971.428571428571	1000	72.4145182957627	24.6	97.0145182957627	DBCA	69_3	NA	NA
985.714285714286	1000	75.3963292221801	24.6	99.9963292221801	DBCA	70_3	NA	NA
1000	1000	78.9619980576817	24.6	103.561998057682	DBCA	71_3	NA	NA
