x	y	variable1	Zona	ErrorConEfecto	Disenio	Bloque	AsigTrat	MiRto
0	666.666666666667	82.2167193094223	0	82.2167193094223	DBCA	1_1	0	82.2167193094223
0	700	85.7519433147686	0	85.7519433147686	DBCA	1_1	70	91.1126621658335
0	733.333333333333	82.7538690579256	0	82.7538690579256	DBCA	1_1	280	78.0631793436845
0	766.666666666667	80.8219549888366	0	80.8219549888366	DBCA	1_1	210	83.837328982781
0	800	82.2537008423762	0	82.2537008423762	DBCA	1_1	140	88.6195443580892
0	833.333333333333	81.1438712584011	0	81.1438712584011	DBCA	1_2	0	81.1438712584011
0	866.666666666667	77.0696187757497	0	77.0696187757497	DBCA	1_2	280	72.3789290615086
0	900	75.9847260303627	0	75.9847260303627	DBCA	1_2	70	81.3454448814275
0	933.333333333333	77.2915216219657	0	77.2915216219657	DBCA	1_2	210	80.3068956159101
0	966.666666666667	74.4804956044322	0	74.4804956044322	DBCA	1_2	140	80.8463391201452
128.571428571429	666.666666666667	80.9364072987221	0	80.9364072987221	DBCA	10_1	70	86.2971261497869
128.571428571429	700	77.2099971910921	0	77.2099971910921	DBCA	10_1	210	80.2253711850365
128.571428571429	733.333333333333	76.7646506387501	0	76.7646506387501	DBCA	10_1	280	72.0739609245091
128.571428571429	766.666666666667	79.1741009306916	0	79.1741009306916	DBCA	10_1	0	79.1741009306916
128.571428571429	800	78.6547794833253	0	78.6547794833253	DBCA	10_1	140	85.0206229990383
128.571428571429	833.333333333333	80.4938777482306	0	80.4938777482306	DBCA	10_2	210	83.509251742175
128.571428571429	866.666666666667	80.0538393857039	0	80.0538393857039	DBCA	10_2	280	75.3631496714628
128.571428571429	900	75.821760190945	0	75.821760190945	DBCA	10_2	0	75.821760190945
128.571428571429	933.333333333333	79.5302030686989	0	79.5302030686989	DBCA	10_2	140	85.8960465844118
128.571428571429	966.666666666667	79.0017016376412	0	79.0017016376412	DBCA	10_2	70	84.3624204887061
142.857142857143	666.666666666667	78.8354467574047	0	78.8354467574047	DBCA	11_1	140	85.2012902731176
142.857142857143	700	75.414668112578	0	75.414668112578	DBCA	11_1	70	80.7753869636429
142.857142857143	733.333333333333	78.4075266742344	0	78.4075266742344	DBCA	11_1	280	73.7168369599934
142.857142857143	766.666666666667	78.4173387785559	0	78.4173387785559	DBCA	11_1	0	78.4173387785559
142.857142857143	800	78.9885184426466	0	78.9885184426466	DBCA	11_1	210	82.0038924365909
142.857142857143	833.333333333333	81.4902808820759	0	81.4902808820759	DBCA	11_2	140	87.8561243977889
142.857142857143	866.666666666667	83.2449659072881	0	83.2449659072881	DBCA	11_2	0	83.2449659072881
142.857142857143	900	79.2971837681089	0	79.2971837681089	DBCA	11_2	210	82.3125577620533
142.857142857143	933.333333333333	82.7076070694092	0	82.7076070694092	DBCA	11_2	70	88.0683259204741
142.857142857143	966.666666666667	79.6398917831677	0	79.6398917831677	DBCA	11_2	280	74.9492020689266
157.142857142857	666.666666666667	77.9355193256895	0	77.9355193256895	DBCA	12_1	210	80.9508933196338
157.142857142857	700	77.233651990732	0	77.233651990732	DBCA	12_1	70	82.5943708417968
157.142857142857	733.333333333333	78.9076883005803	0	78.9076883005803	DBCA	12_1	280	74.2169985863392
157.142857142857	766.666666666667	78.8842393549095	0	78.8842393549095	DBCA	12_1	0	78.8842393549095
157.142857142857	800	80.9495133093264	0	80.9495133093264	DBCA	12_1	140	87.3153568250394
157.142857142857	833.333333333333	79.2267183436515	0	79.2267183436515	DBCA	12_2	70	84.5874371947164
157.142857142857	866.666666666667	81.3388507642316	0	81.3388507642316	DBCA	12_2	210	84.3542247581759
157.142857142857	900	76.6718734850476	0	76.6718734850476	DBCA	12_2	280	71.9811837708065
157.142857142857	933.333333333333	82.7537588510765	0	82.7537588510765	DBCA	12_2	140	89.1196023667895
157.142857142857	966.666666666667	81.5202957019008	0	81.5202957019008	DBCA	12_2	0	81.5202957019008
171.428571428571	666.666666666667	75.3181382739676	0	75.3181382739676	DBCA	13_1	70	80.6788571250325
171.428571428571	700	77.6658771404322	0	77.6658771404322	DBCA	13_1	280	72.9751874261912
171.428571428571	733.333333333333	78.4586431259333	0	78.4586431259333	DBCA	13_1	140	84.8244866416463
171.428571428571	766.666666666667	77.390378925496	0	77.390378925496	DBCA	13_1	0	77.390378925496
171.428571428571	800	79.6832016487962	0	79.6832016487962	DBCA	13_1	210	82.6985756427405
171.428571428571	833.333333333333	78.8218058231479	0	78.8218058231479	DBCA	13_2	140	85.1876493388609
171.428571428571	866.666666666667	79.3298761277319	0	79.3298761277319	DBCA	13_2	280	74.6391864134908
171.428571428571	900	82.5439040439222	0	82.5439040439222	DBCA	13_2	70	87.9046228949871
171.428571428571	933.333333333333	82.8847445192068	0	82.8847445192068	DBCA	13_2	0	82.8847445192068
171.428571428571	966.666666666667	83.9131106642684	0	83.9131106642684	DBCA	13_2	210	86.9284846582127
185.714285714286	666.666666666667	77.5085252645029	0	77.5085252645029	DBCA	14_1	70	82.8692441155678
185.714285714286	700	77.6091142177084	0	77.6091142177084	DBCA	14_1	210	80.6244882116527
185.714285714286	733.333333333333	77.7919593126226	0	77.7919593126226	DBCA	14_1	140	84.1578028283355
185.714285714286	766.666666666667	77.8814852934888	0	77.8814852934888	DBCA	14_1	0	77.8814852934888
185.714285714286	800	78.3265488093394	0	78.3265488093394	DBCA	14_1	280	73.6358590950984
185.714285714286	833.333333333333	78.2463973595647	0	78.2463973595647	DBCA	14_2	70	83.6071162106296
185.714285714286	866.666666666667	78.9184629470993	0	78.9184629470993	DBCA	14_2	0	78.9184629470993
185.714285714286	900	81.0489848144433	0	81.0489848144433	DBCA	14_2	140	87.4148283301563
185.714285714286	933.333333333333	85.1078511983596	0	85.1078511983596	DBCA	14_2	210	88.1232251923039
185.714285714286	966.666666666667	84.7566087982354	0	84.7566087982354	DBCA	14_2	280	80.0659190839944
200	666.666666666667	78.5872384506022	0	78.5872384506022	DBCA	15_1	70	83.9479573016671
200	700	76.4452827128756	0	76.4452827128756	DBCA	15_1	140	82.8111262285885
200	733.333333333333	77.3684209493498	0	77.3684209493498	DBCA	15_1	280	72.6777312351087
200	766.666666666667	77.876885904391	0	77.876885904391	DBCA	15_1	0	77.876885904391
200	800	80.1786615649119	0	80.1786615649119	DBCA	15_1	210	83.1940355588562
200	833.333333333333	77.7656445808028	0	77.7656445808028	DBCA	15_2	140	84.1314880965158
200	866.666666666667	79.2426229746654	0	79.2426229746654	DBCA	15_2	210	82.2579969686097
200	900	80.6999978085346	0	80.6999978085346	DBCA	15_2	280	76.0093080942935
200	933.333333333333	86.5984338209933	0	86.5984338209933	DBCA	15_2	70	91.9591526720582
200	966.666666666667	83.3160475278377	0	83.3160475278377	DBCA	15_2	0	83.3160475278377
214.285714285714	666.666666666667	76.8022870471321	0	76.8022870471321	DBCA	16_1	70	82.163005898197
214.285714285714	700	75.7059985304564	0	75.7059985304564	DBCA	16_1	280	71.0153088162153
214.285714285714	733.333333333333	77.3107725055408	0	77.3107725055408	DBCA	16_1	210	80.3261464994852
214.285714285714	766.666666666667	80.5829059434526	0	80.5829059434526	DBCA	16_1	0	80.5829059434526
214.285714285714	800	85.5886649536145	0	85.5886649536145	DBCA	16_1	140	91.9545084693275
214.285714285714	833.333333333333	79.2281119921412	0	79.2281119921412	DBCA	16_2	70	84.588830843206
214.285714285714	866.666666666667	81.9970382245686	0	81.9970382245686	DBCA	16_2	140	88.3628817402816
214.285714285714	900	82.0213084228226	0	82.0213084228226	DBCA	16_2	280	77.3306187085815
214.285714285714	933.333333333333	81.6333098276897	0	81.6333098276897	DBCA	16_2	0	81.6333098276897
214.285714285714	966.666666666667	83.6737656818112	0	83.6737656818112	DBCA	16_2	210	86.6891396757555
228.571428571429	666.666666666667	80.520058733259	0	80.520058733259	DBCA	17_1	210	83.5354327272033
228.571428571429	700	75.5847147598034	0	75.5847147598034	DBCA	17_1	70	80.9454336108683
228.571428571429	733.333333333333	76.9064813675122	0	76.9064813675122	DBCA	17_1	280	72.2157916532711
228.571428571429	766.666666666667	79.8084630759496	0	79.8084630759496	DBCA	17_1	0	79.8084630759496
228.571428571429	800	83.278711061766	0	83.278711061766	DBCA	17_1	140	89.644554577479
228.571428571429	833.333333333333	79.4656682102926	0	79.4656682102926	DBCA	17_2	280	74.7749784960515
228.571428571429	866.666666666667	82.8769063110684	0	82.8769063110684	DBCA	17_2	0	82.8769063110684
228.571428571429	900	77.0988115861071	0	77.0988115861071	DBCA	17_2	70	82.459530437172
228.571428571429	933.333333333333	81.1225963350736	0	81.1225963350736	DBCA	17_2	210	84.1379703290179
228.571428571429	966.666666666667	85.0294337948663	0	85.0294337948663	DBCA	17_2	140	91.3952773105792
242.857142857143	666.666666666667	79.5475386098659	0	79.5475386098659	DBCA	18_1	210	82.5629126038102
242.857142857143	700	78.5850867806396	0	78.5850867806396	DBCA	18_1	0	78.5850867806396
242.857142857143	733.333333333333	82.3832566280679	0	82.3832566280679	DBCA	18_1	280	77.6925669138268
242.857142857143	766.666666666667	83.5801382978517	0	83.5801382978517	DBCA	18_1	70	88.9408571489166
242.857142857143	800	81.559584044685	0	81.559584044685	DBCA	18_1	140	87.925427560398
242.857142857143	833.333333333333	78.9239617643546	0	78.9239617643546	DBCA	18_2	0	78.9239617643546
242.857142857143	866.666666666667	81.4233488087842	0	81.4233488087842	DBCA	18_2	280	76.7326590945431
242.857142857143	900	80.9934456622144	0	80.9934456622144	DBCA	18_2	70	86.3541645132793
242.857142857143	933.333333333333	80.7475768822907	0	80.7475768822907	DBCA	18_2	210	83.762950876235
242.857142857143	966.666666666667	85.532049177862	0	85.532049177862	DBCA	18_2	140	91.897892693575
257.142857142857	666.666666666667	84.94273162683	0	84.94273162683	DBCA	19_1	140	91.308575142543
257.142857142857	700	83.2250496976622	0	83.2250496976622	DBCA	19_1	70	88.5857685487271
257.142857142857	733.333333333333	83.3383146739569	0	83.3383146739569	DBCA	19_1	210	86.3536886679012
257.142857142857	766.666666666667	82.2492266009225	0	82.2492266009225	DBCA	19_1	0	82.2492266009225
257.142857142857	800	84.4219660285359	0	84.4219660285359	DBCA	19_1	280	79.7312763142949
257.142857142857	833.333333333333	78.6750744349132	0	78.6750744349132	DBCA	19_2	280	73.9843847206722
257.142857142857	866.666666666667	81.9155055733552	0	81.9155055733552	DBCA	19_2	210	84.9308795672996
257.142857142857	900	79.9357870551556	0	79.9357870551556	DBCA	19_2	0	79.9357870551556
257.142857142857	933.333333333333	78.9543145785591	0	78.9543145785591	DBCA	19_2	70	84.315033429624
257.142857142857	966.666666666667	88.3264304287688	0	88.3264304287688	DBCA	19_2	140	94.6922739444818
14.2857142857143	666.666666666667	85.4714417592862	0	85.4714417592862	DBCA	2_1	140	91.8372852749991
14.2857142857143	700	84.1814459554158	0	84.1814459554158	DBCA	2_1	280	79.4907562411747
14.2857142857143	733.333333333333	80.9418478740031	0	80.9418478740031	DBCA	2_1	210	83.9572218679475
14.2857142857143	766.666666666667	82.0909260885635	0	82.0909260885635	DBCA	2_1	70	87.4516449396284
14.2857142857143	800	83.6858183160954	0	83.6858183160954	DBCA	2_1	0	83.6858183160954
14.2857142857143	833.333333333333	80.5830659775967	0	80.5830659775967	DBCA	2_2	0	80.5830659775967
14.2857142857143	866.666666666667	76.1377769345355	0	76.1377769345355	DBCA	2_2	210	79.1531509284799
14.2857142857143	900	75.8612229875787	0	75.8612229875787	DBCA	2_2	70	81.2219418386436
14.2857142857143	933.333333333333	75.3639896712562	0	75.3639896712562	DBCA	2_2	140	81.7298331869692
14.2857142857143	966.666666666667	76.7768910620807	0	76.7768910620807	DBCA	2_2	280	72.0862013478396
271.428571428571	666.666666666667	84.9665229757782	0	84.9665229757782	DBCA	20_1	140	91.3323664914912
271.428571428571	700	83.8922931006974	0	83.8922931006974	DBCA	20_1	210	86.9076670946417
271.428571428571	733.333333333333	85.6883340119309	0	85.6883340119309	DBCA	20_1	280	80.9976442976899
271.428571428571	766.666666666667	80.590530023801	0	80.590530023801	DBCA	20_1	0	80.590530023801
271.428571428571	800	78.1083559394414	0	78.1083559394414	DBCA	20_1	70	83.4690747905063
271.428571428571	833.333333333333	81.4678173512957	0	81.4678173512957	DBCA	20_2	140	87.8336608670087
271.428571428571	866.666666666667	81.6838358964959	0	81.6838358964959	DBCA	20_2	70	87.0445547475608
271.428571428571	900	75.4378588199136	0	75.4378588199136	DBCA	20_2	210	78.4532328138579
271.428571428571	933.333333333333	78.8963405444516	0	78.8963405444516	DBCA	20_2	280	74.2056508302105
271.428571428571	966.666666666667	84.4647209295884	0	84.4647209295884	DBCA	20_2	0	84.4647209295884
285.714285714286	666.666666666667	85.2638859729343	0	85.2638859729343	DBCA	21_1	210	88.2792599668786
285.714285714286	700	83.3913502640228	0	83.3913502640228	DBCA	21_1	140	89.7571937797358
285.714285714286	733.333333333333	83.5732639359495	0	83.5732639359495	DBCA	21_1	0	83.5732639359495
285.714285714286	766.666666666667	85.9977169988571	0	85.9977169988571	DBCA	21_1	70	91.3584358499219
285.714285714286	800	84.2109238839771	0	84.2109238839771	DBCA	21_1	280	79.520234169736
285.714285714286	833.333333333333	80.0444000589841	0	80.0444000589841	DBCA	21_2	210	83.0597740529284
285.714285714286	866.666666666667	79.3333567455411	0	79.3333567455411	DBCA	21_2	280	74.6426670313001
285.714285714286	900	75.2521524402768	0	75.2521524402768	DBCA	21_2	70	80.6128712913416
285.714285714286	933.333333333333	76.1814488091125	0	76.1814488091125	DBCA	21_2	140	82.5472923248255
285.714285714286	966.666666666667	80.7658960757078	0	80.7658960757078	DBCA	21_2	0	80.7658960757078
300	666.666666666667	86.3538161450213	0	86.3538161450213	DBCA	22_1	140	92.7196596607343
300	700	88.4590569404757	0	88.4590569404757	DBCA	22_1	70	93.8197757915406
300	733.333333333333	84.2822956754809	0	84.2822956754809	DBCA	22_1	210	87.2976696694252
300	766.666666666667	84.6917374813912	0	84.6917374813912	DBCA	22_1	0	84.6917374813912
300	800	85.6047976196148	0	85.6047976196148	DBCA	22_1	280	80.9141079053737
300	833.333333333333	81.3229695743277	0	81.3229695743277	DBCA	22_2	0	81.3229695743277
300	866.666666666667	76.8747732360825	0	76.8747732360825	DBCA	22_2	70	82.2354920871474
300	900	75.0397336979652	0	75.0397336979652	DBCA	22_2	210	78.0551076919096
300	933.333333333333	73.7054859331228	0	73.7054859331228	DBCA	22_2	140	80.0713294488358
300	966.666666666667	79.8170440127403	0	79.8170440127403	DBCA	22_2	280	75.1263542984992
314.285714285714	666.666666666667	82.9555006014759	0	82.9555006014759	DBCA	23_1	140	89.3213441171889
314.285714285714	700	83.2677088929332	0	83.2677088929332	DBCA	23_1	280	78.5770191786921
314.285714285714	733.333333333333	85.1075269052465	0	85.1075269052465	DBCA	23_1	0	85.1075269052465
314.285714285714	766.666666666667	83.4318748193324	0	83.4318748193324	DBCA	23_1	210	86.4472488132768
314.285714285714	800	85.5647575268878	0	85.5647575268878	DBCA	23_1	70	90.9254763779527
314.285714285714	833.333333333333	81.9346180769075	0	81.9346180769075	DBCA	23_2	140	88.3004615926205
314.285714285714	866.666666666667	77.6857865626352	0	77.6857865626352	DBCA	23_2	0	77.6857865626352
314.285714285714	900	77.3770055364119	0	77.3770055364119	DBCA	23_2	280	72.6863158221709
314.285714285714	933.333333333333	74.3217993653152	0	74.3217993653152	DBCA	23_2	210	77.3371733592595
314.285714285714	966.666666666667	80.7912051515712	0	80.7912051515712	DBCA	23_2	70	86.1519240026361
328.571428571429	666.666666666667	83.852145318257	0	83.852145318257	DBCA	24_1	280	79.161455604016
328.571428571429	700	82.6807140136438	0	82.6807140136438	DBCA	24_1	210	85.6960880075882
328.571428571429	733.333333333333	84.1141153249689	0	84.1141153249689	DBCA	24_1	0	84.1141153249689
328.571428571429	766.666666666667	79.819014803959	0	79.819014803959	DBCA	24_1	70	85.1797336550239
328.571428571429	800	86.9722507149562	0	86.9722507149562	DBCA	24_1	140	93.3380942306692
328.571428571429	833.333333333333	77.0566683340557	0	77.0566683340557	DBCA	24_2	210	80.0720423280001
328.571428571429	866.666666666667	76.229719208216	0	76.229719208216	DBCA	24_2	70	81.5904380592809
328.571428571429	900	75.039285722642	0	75.039285722642	DBCA	24_2	140	81.405129238355
328.571428571429	933.333333333333	75.7538296055623	0	75.7538296055623	DBCA	24_2	0	75.7538296055623
328.571428571429	966.666666666667	76.0241197530469	0	76.0241197530469	DBCA	24_2	280	71.3334300388059
342.857142857143	666.666666666667	79.9305395113034	0	79.9305395113034	DBCA	25_1	0	79.9305395113034
342.857142857143	700	79.3905733040941	0	79.3905733040941	DBCA	25_1	140	85.7564168198071
342.857142857143	733.333333333333	82.2680528253603	0	82.2680528253603	DBCA	25_1	70	87.6287716764251
342.857142857143	766.666666666667	83.7226712190518	0	83.7226712190518	DBCA	25_1	280	79.0319815048107
342.857142857143	800	78.5835933336602	0	78.5835933336602	DBCA	25_1	210	81.5989673276046
342.857142857143	833.333333333333	80.6857025775213	0	80.6857025775213	DBCA	25_2	0	80.6857025775213
342.857142857143	866.666666666667	79.6499877862993	0	79.6499877862993	DBCA	25_2	140	86.0158313020123
342.857142857143	900	74.8236453526014	0	74.8236453526014	DBCA	25_2	280	70.1329556383603
342.857142857143	933.333333333333	75.3285282831839	0	75.3285282831839	DBCA	25_2	70	80.6892471342488
342.857142857143	966.666666666667	75.3643588731498	0	75.3643588731498	DBCA	25_2	210	78.3797328670941
357.142857142857	666.666666666667	80.0068949005704	0	80.0068949005704	DBCA	26_1	70	85.3676137516353
357.142857142857	700	82.1042977710226	0	82.1042977710226	DBCA	26_1	280	77.4136080567815
357.142857142857	733.333333333333	82.7936481595623	0	82.7936481595623	DBCA	26_1	0	82.7936481595623
357.142857142857	766.666666666667	82.2083287573631	0	82.2083287573631	DBCA	26_1	140	88.5741722730761
357.142857142857	800	80.8568702741869	0	80.8568702741869	DBCA	26_1	210	83.8722442681313
357.142857142857	833.333333333333	78.9835984903087	0	78.9835984903087	DBCA	26_2	0	78.9835984903087
357.142857142857	866.666666666667	83.4309850357088	0	83.4309850357088	DBCA	26_2	280	78.7402953214677
357.142857142857	900	78.5846673506251	0	78.5846673506251	DBCA	26_2	70	83.94538620169
357.142857142857	933.333333333333	75.7844836460101	0	75.7844836460101	DBCA	26_2	140	82.1503271617231
357.142857142857	966.666666666667	79.7665435153904	0	79.7665435153904	DBCA	26_2	210	82.7819175093347
371.428571428571	666.666666666667	80.6900629850613	0	80.6900629850613	DBCA	27_1	0	80.6900629850613
371.428571428571	700	80.250675475834	0	80.250675475834	DBCA	27_1	210	83.2660494697784
371.428571428571	733.333333333333	78.6578626750943	0	78.6578626750943	DBCA	27_1	140	85.0237061908072
371.428571428571	766.666666666667	81.9720158074969	0	81.9720158074969	DBCA	27_1	70	87.3327346585618
371.428571428571	800	76.5989520031252	0	76.5989520031252	DBCA	27_1	280	71.9082622888842
371.428571428571	833.333333333333	77.6711949140019	0	77.6711949140019	DBCA	27_2	0	77.6711949140019
371.428571428571	866.666666666667	86.1489526485929	0	86.1489526485929	DBCA	27_2	280	81.4582629343518
371.428571428571	900	77.0841238929209	0	77.0841238929209	DBCA	27_2	70	82.4448427439857
371.428571428571	933.333333333333	79.4376740198626	0	79.4376740198626	DBCA	27_2	210	82.4530480138069
371.428571428571	966.666666666667	77.6335573814046	0	77.6335573814046	DBCA	27_2	140	83.9994008971176
385.714285714286	666.666666666667	81.9202907244649	0	81.9202907244649	DBCA	28_1	280	77.2296010102238
385.714285714286	700	78.2799727131932	0	78.2799727131932	DBCA	28_1	70	83.640691564258
385.714285714286	733.333333333333	78.9437246829716	0	78.9437246829716	DBCA	28_1	140	85.3095681986846
385.714285714286	766.666666666667	81.1823970256146	0	81.1823970256146	DBCA	28_1	0	81.1823970256146
385.714285714286	800	80.887936251315	0	80.887936251315	DBCA	28_1	210	83.9033102452594
385.714285714286	833.333333333333	80.4871426162723	0	80.4871426162723	DBCA	28_2	0	80.4871426162723
385.714285714286	866.666666666667	83.7641625955723	0	83.7641625955723	DBCA	28_2	280	79.0734728813312
385.714285714286	900	78.2674958622025	0	78.2674958622025	DBCA	28_2	70	83.6282147132674
385.714285714286	933.333333333333	80.4683766052313	0	80.4683766052313	DBCA	28_2	140	86.8342201209443
385.714285714286	966.666666666667	81.5827332415795	0	81.5827332415795	DBCA	28_2	210	84.5981072355239
400	666.666666666667	83.2489582739611	0	83.2489582739611	DBCA	29_1	140	89.6148017896741
400	700	80.6027875703882	0	80.6027875703882	DBCA	29_1	0	80.6027875703882
400	733.333333333333	75.9255110850543	0	75.9255110850543	DBCA	29_1	210	78.9408850789986
400	766.666666666667	79.6997854020819	0	79.6997854020819	DBCA	29_1	70	85.0605042531468
400	800	78.2626827505742	0	78.2626827505742	DBCA	29_1	280	73.5719930363332
400	833.333333333333	80.7282409828253	0	80.7282409828253	DBCA	29_2	280	76.0375512685842
400	866.666666666667	83.0893577444997	0	83.0893577444997	DBCA	29_2	210	86.104731738444
400	900	81.0275786636992	0	81.0275786636992	DBCA	29_2	140	87.3934221794122
400	933.333333333333	81.6238589653129	0	81.6238589653129	DBCA	29_2	0	81.6238589653129
400	966.666666666667	78.0810420480174	0	78.0810420480174	DBCA	29_2	70	83.4417608990823
28.5714285714286	666.666666666667	83.6451941920463	0	83.6451941920463	DBCA	3_1	210	86.6605681859906
28.5714285714286	700	82.8349202041786	0	82.8349202041786	DBCA	3_1	140	89.2007637198916
28.5714285714286	733.333333333333	82.1459935333547	0	82.1459935333547	DBCA	3_1	70	87.5067123844196
28.5714285714286	766.666666666667	79.1941088914582	0	79.1941088914582	DBCA	3_1	0	79.1941088914582
28.5714285714286	800	82.1221305318986	0	82.1221305318986	DBCA	3_1	280	77.4314408176576
28.5714285714286	833.333333333333	79.8752938948914	0	79.8752938948914	DBCA	3_2	70	85.2360127459563
28.5714285714286	866.666666666667	72.9245644527945	0	72.9245644527945	DBCA	3_2	140	79.2904079685075
28.5714285714286	900	74.453268912986	0	74.453268912986	DBCA	3_2	280	69.7625791987449
28.5714285714286	933.333333333333	74.9111161166955	0	74.9111161166955	DBCA	3_2	0	74.9111161166955
28.5714285714286	966.666666666667	77.2770046012484	0	77.2770046012484	DBCA	3_2	210	80.2923785951927
414.285714285714	666.666666666667	79.1347201522341	0	79.1347201522341	DBCA	30_1	70	84.495439003299
414.285714285714	700	76.0547596773305	0	76.0547596773305	DBCA	30_1	0	76.0547596773305
414.285714285714	733.333333333333	75.877850196813	0	75.877850196813	DBCA	30_1	280	71.1871604825719
414.285714285714	766.666666666667	80.4313375333825	0	80.4313375333825	DBCA	30_1	210	83.4467115273269
414.285714285714	800	77.5514170426157	0	77.5514170426157	DBCA	30_1	140	83.9172605583287
414.285714285714	833.333333333333	80.1782730380459	0	80.1782730380459	DBCA	30_2	210	83.1936470319902
414.285714285714	866.666666666667	82.4786442964706	0	82.4786442964706	DBCA	30_2	280	77.7879545822295
414.285714285714	900	83.0545097872694	0	83.0545097872694	DBCA	30_2	0	83.0545097872694
414.285714285714	933.333333333333	83.9405713849622	0	83.9405713849622	DBCA	30_2	140	90.3064149006752
414.285714285714	966.666666666667	79.1606373499384	0	79.1606373499384	DBCA	30_2	70	84.5213562010033
428.571428571429	666.666666666667	81.1322412765879	0	81.1322412765879	DBCA	31_1	210	84.1476152705322
428.571428571429	700	77.815859337824	0	77.815859337824	DBCA	31_1	70	83.1765781888889
428.571428571429	733.333333333333	69.5111933454513	0	69.5111933454513	DBCA	31_1	280	64.8205036312102
428.571428571429	766.666666666667	76.1061349074346	0	76.1061349074346	DBCA	31_1	140	82.4719784231476
428.571428571429	800	76.4141211998426	0	76.4141211998426	DBCA	31_1	0	76.4141211998426
428.571428571429	833.333333333333	81.9974756620493	0	81.9974756620493	DBCA	31_2	210	85.0128496559937
428.571428571429	866.666666666667	81.1833835655052	0	81.1833835655052	DBCA	31_2	70	86.5441024165701
428.571428571429	900	85.9325178622686	0	85.9325178622686	DBCA	31_2	280	81.2418281480276
428.571428571429	933.333333333333	83.0603727266535	0	83.0603727266535	DBCA	31_2	0	83.0603727266535
428.571428571429	966.666666666667	82.1460449649493	0	82.1460449649493	DBCA	31_2	140	88.5118884806623
442.857142857143	666.666666666667	84.4073276887815	0	84.4073276887815	DBCA	32_1	140	90.7731712044944
442.857142857143	700	74.4706835885281	0	74.4706835885281	DBCA	32_1	70	79.8314024395929
442.857142857143	733.333333333333	74.3305308986917	0	74.3305308986917	DBCA	32_1	280	69.6398411844506
442.857142857143	766.666666666667	74.4528667081734	0	74.4528667081734	DBCA	32_1	210	77.4682407021177
442.857142857143	800	78.1155362358188	0	78.1155362358188	DBCA	32_1	0	78.1155362358188
442.857142857143	833.333333333333	79.6388135292885	0	79.6388135292885	DBCA	32_2	140	86.0046570450015
442.857142857143	866.666666666667	82.212173059539	0	82.212173059539	DBCA	32_2	210	85.2275470534834
442.857142857143	900	86.6868952849968	0	86.6868952849968	DBCA	32_2	0	86.6868952849968
442.857142857143	933.333333333333	85.8702090955591	0	85.8702090955591	DBCA	32_2	280	81.1795193813181
442.857142857143	966.666666666667	83.5009855964422	0	83.5009855964422	DBCA	32_2	70	88.8617044475071
457.142857142857	666.666666666667	79.8870063390336	0	79.8870063390336	DBCA	33_1	280	75.1963166247925
457.142857142857	700	77.2651500142285	0	77.2651500142285	DBCA	33_1	140	83.6309935299415
457.142857142857	733.333333333333	79.4382381547818	0	79.4382381547818	DBCA	33_1	210	82.4536121487262
457.142857142857	766.666666666667	78.6035048011396	0	78.6035048011396	DBCA	33_1	0	78.6035048011396
457.142857142857	800	79.0758569841015	0	79.0758569841015	DBCA	33_1	70	84.4365758351664
457.142857142857	833.333333333333	81.5211680630727	0	81.5211680630727	DBCA	33_2	0	81.5211680630727
457.142857142857	866.666666666667	87.56129793184	0	87.56129793184	DBCA	33_2	140	93.927141447553
457.142857142857	900	85.8596392556069	0	85.8596392556069	DBCA	33_2	280	81.1689495413659
457.142857142857	933.333333333333	84.435665875765	0	84.435665875765	DBCA	33_2	210	87.4510398697093
457.142857142857	966.666666666667	79.1147106267803	0	79.1147106267803	DBCA	33_2	70	84.4754294778451
471.428571428571	666.666666666667	82.2702903233452	0	82.2702903233452	DBCA	34_1	210	85.2856643172896
471.428571428571	700	81.2394104810149	0	81.2394104810149	DBCA	34_1	0	81.2394104810149
471.428571428571	733.333333333333	82.118777059287	0	82.118777059287	DBCA	34_1	280	77.428087345046
471.428571428571	766.666666666667	76.9744885277243	0	76.9744885277243	DBCA	34_1	70	82.3352073787892
471.428571428571	800	79.4795011989363	0	79.4795011989363	DBCA	34_1	140	85.8453447146493
471.428571428571	833.333333333333	82.9605424860288	0	82.9605424860288	DBCA	34_2	0	82.9605424860288
471.428571428571	866.666666666667	83.5726343078932	0	83.5726343078932	DBCA	34_2	210	86.5880083018375
471.428571428571	900	83.5034262767658	0	83.5034262767658	DBCA	34_2	140	89.8692697924788
471.428571428571	933.333333333333	84.8439330077074	0	84.8439330077074	DBCA	34_2	280	80.1532432934663
471.428571428571	966.666666666667	82.7651045165556	0	82.7651045165556	DBCA	34_2	70	88.1258233676205
485.714285714286	666.666666666667	78.446428866318	0	78.446428866318	DBCA	35_1	140	84.812272382031
485.714285714286	700	81.2619968150335	0	81.2619968150335	DBCA	35_1	70	86.6227156660984
485.714285714286	733.333333333333	78.7435024963754	0	78.7435024963754	DBCA	35_1	280	74.0528127821344
485.714285714286	766.666666666667	77.4151143304711	0	77.4151143304711	DBCA	35_1	210	80.4304883244155
485.714285714286	800	82.3893244467356	0	82.3893244467356	DBCA	35_1	0	82.3893244467356
485.714285714286	833.333333333333	80.9388438417882	0	80.9388438417882	DBCA	35_2	280	76.2481541275471
485.714285714286	866.666666666667	80.1801252609935	0	80.1801252609935	DBCA	35_2	0	80.1801252609935
485.714285714286	900	82.3936402586384	0	82.3936402586384	DBCA	35_2	210	85.4090142525828
485.714285714286	933.333333333333	85.7972264636932	0	85.7972264636932	DBCA	35_2	140	92.1630699794062
485.714285714286	966.666666666667	84.2812839230526	0	84.2812839230526	DBCA	35_2	70	89.6420027741174
500	666.666666666667	77.385675850044	0	77.385675850044	DBCA	36_1	70	82.7463947011089
500	700	81.657255846844	0	81.657255846844	DBCA	36_1	210	84.6726298407883
500	733.333333333333	79.0536609608369	0	79.0536609608369	DBCA	36_1	280	74.3629712465958
500	766.666666666667	81.6206340975782	0	81.6206340975782	DBCA	36_1	140	87.9864776132912
500	800	82.4572120490871	0	82.4572120490871	DBCA	36_1	0	82.4572120490871
500	833.333333333333	84.581818218077	0	84.581818218077	DBCA	36_2	210	87.5971922120213
500	866.666666666667	79.4473750038217	0	79.4473750038217	DBCA	36_2	0	79.4473750038217
500	900	82.1752765531945	0	82.1752765531945	DBCA	36_2	70	87.5359954042594
500	933.333333333333	79.5922034455406	0	79.5922034455406	DBCA	36_2	280	74.9015137312995
500	966.666666666667	82.1846677632986	0	82.1846677632986	DBCA	36_2	140	88.5505112790116
514.285714285714	666.666666666667	82.4399344307898	24.6	107.03993443079	DBCA	37_1	140	125.115377946503
514.285714285714	700	80.2297938297665	24.6	104.829793829767	DBCA	37_1	280	123.558304115525
514.285714285714	733.333333333333	81.2811052135543	24.6	105.881105213554	DBCA	37_1	70	117.096624064619
514.285714285714	766.666666666667	77.0489314230424	24.6	101.648931423042	DBCA	37_1	0	101.648931423042
514.285714285714	800	78.2685781520432	24.6	102.868578152043	DBCA	37_1	210	123.448352145988
514.285714285714	833.333333333333	83.7164066944409	24.6	108.316406694441	DBCA	37_2	70	119.531925545506
514.285714285714	866.666666666667	79.7357800882506	24.6	104.335780088251	DBCA	37_2	0	104.335780088251
514.285714285714	900	74.6624251778144	24.6	99.2624251778144	DBCA	37_2	210	119.842199171759
514.285714285714	933.333333333333	78.2164596535382	24.6	102.816459653538	DBCA	37_2	140	120.891903169251
514.285714285714	966.666666666667	82.2365435645783	24.6	106.836543564578	DBCA	37_2	280	125.565053850337
528.571428571429	666.666666666667	80.6382409002889	24.6	105.238240900289	DBCA	38_1	210	125.818014894233
528.571428571429	700	81.7516198334044	24.6	106.351619833404	DBCA	38_1	70	117.567138684469
528.571428571429	733.333333333333	78.1402587223258	24.6	102.740258722326	DBCA	38_1	0	102.740258722326
528.571428571429	766.666666666667	80.4156921351894	24.6	105.015692135189	DBCA	38_1	280	123.744202420948
528.571428571429	800	80.0770055892436	24.6	104.677005589244	DBCA	38_1	140	122.752449104957
528.571428571429	833.333333333333	78.1450470212259	24.6	102.745047021226	DBCA	38_2	70	113.960565872291
528.571428571429	866.666666666667	75.9237612657277	24.6	100.523761265728	DBCA	38_2	140	118.599204781441
528.571428571429	900	79.5263843787145	24.6	104.126384378714	DBCA	38_2	280	122.854894664473
528.571428571429	933.333333333333	79.8506290890597	24.6	104.45062908906	DBCA	38_2	0	104.45062908906
528.571428571429	966.666666666667	81.0062775548149	24.6	105.606277554815	DBCA	38_2	210	126.186051548759
542.857142857143	666.666666666667	78.5661429242498	24.6	103.16614292425	DBCA	39_1	280	121.894653210009
542.857142857143	700	82.8495402289641	24.6	107.449540228964	DBCA	39_1	210	128.029314222908
542.857142857143	733.333333333333	81.0032477732918	24.6	105.603247773292	DBCA	39_1	0	105.603247773292
542.857142857143	766.666666666667	82.0691414882568	24.6	106.669141488257	DBCA	39_1	140	124.74458500397
542.857142857143	800	78.1018813862869	24.6	102.701881386287	DBCA	39_1	70	113.917400237352
542.857142857143	833.333333333333	77.622980916694	24.6	102.222980916694	DBCA	39_2	210	122.802754910638
542.857142857143	866.666666666667	78.6628813145175	24.6	103.262881314518	DBCA	39_2	0	103.262881314518
542.857142857143	900	78.9027807352183	24.6	103.502780735218	DBCA	39_2	280	122.231291020977
542.857142857143	933.333333333333	81.0844820809729	24.6	105.684482080973	DBCA	39_2	70	116.900000932038
542.857142857143	966.666666666667	79.4698971379306	24.6	104.069897137931	DBCA	39_2	140	122.145340653644
42.8571428571429	666.666666666667	80.4996343219984	0	80.4996343219984	DBCA	4_1	0	80.4996343219984
42.8571428571429	700	80.363311778648	0	80.363311778648	DBCA	4_1	70	85.7240306297128
42.8571428571429	733.333333333333	81.6065606356504	0	81.6065606356504	DBCA	4_1	280	76.9158709214094
42.8571428571429	766.666666666667	79.8796108220696	0	79.8796108220696	DBCA	4_1	140	86.2454543377826
42.8571428571429	800	81.650731657701	0	81.650731657701	DBCA	4_1	210	84.6661056516454
42.8571428571429	833.333333333333	77.7051860716148	0	77.7051860716148	DBCA	4_2	140	84.0710295873278
42.8571428571429	866.666666666667	72.5799245654712	0	72.5799245654712	DBCA	4_2	70	77.9406434165361
42.8571428571429	900	74.7314377543777	0	74.7314377543777	DBCA	4_2	280	70.0407480401366
42.8571428571429	933.333333333333	75.3557499391335	0	75.3557499391335	DBCA	4_2	210	78.3711239330779
42.8571428571429	966.666666666667	77.0037022906108	0	77.0037022906108	DBCA	4_2	0	77.0037022906108
557.142857142857	666.666666666667	84.937218084317	24.6	109.537218084317	DBCA	40_1	70	120.752736935382
557.142857142857	700	80.379044123324	24.6	104.979044123324	DBCA	40_1	0	104.979044123324
557.142857142857	733.333333333333	81.901876719566	24.6	106.501876719566	DBCA	40_1	210	127.08165071351
557.142857142857	766.666666666667	80.7517444772606	24.6	105.351744477261	DBCA	40_1	140	123.427187992974
557.142857142857	800	78.9072537315599	24.6	103.50725373156	DBCA	40_1	280	122.235764017319
557.142857142857	833.333333333333	77.9850293706626	24.6	102.585029370663	DBCA	40_2	140	120.660472886376
557.142857142857	866.666666666667	80.8225736078256	24.6	105.422573607826	DBCA	40_2	70	116.63809245889
557.142857142857	900	77.6204394139541	24.6	102.220439413954	DBCA	40_2	280	120.948949699713
557.142857142857	933.333333333333	80.6011140463728	24.6	105.201114046373	DBCA	40_2	0	105.201114046373
557.142857142857	966.666666666667	78.0694776350589	24.6	102.669477635059	DBCA	40_2	210	123.249251629003
571.428571428571	666.666666666667	81.6201320061595	24.6	106.22013200616	DBCA	41_1	0	106.22013200616
571.428571428571	700	83.284649561542	24.6	107.884649561542	DBCA	41_1	140	125.960093077255
571.428571428571	733.333333333333	82.8121864826711	24.6	107.412186482671	DBCA	41_1	210	127.991960476615
571.428571428571	766.666666666667	81.4728448478222	24.6	106.072844847822	DBCA	41_1	70	117.288363698887
571.428571428571	800	78.0228893873923	24.6	102.622889387392	DBCA	41_1	280	121.351399673151
571.428571428571	833.333333333333	77.7218210508876	24.6	102.321821050888	DBCA	41_2	70	113.537339901952
571.428571428571	866.666666666667	76.3384437213505	24.6	100.93844372135	DBCA	41_2	210	121.518217715295
571.428571428571	900	84.2323492372658	24.6	108.832349237266	DBCA	41_2	140	126.907792752979
571.428571428571	933.333333333333	81.5813456993161	24.6	106.181345699316	DBCA	41_2	0	106.181345699316
571.428571428571	966.666666666667	80.8529095891975	24.6	105.452909589197	DBCA	41_2	280	124.181419874956
585.714285714286	666.666666666667	81.789395898556	24.6	106.389395898556	DBCA	42_1	210	126.9691698925
585.714285714286	700	81.426680910902	24.6	106.026680910902	DBCA	42_1	280	124.755191196661
585.714285714286	733.333333333333	85.8497887455201	24.6	110.44978874552	DBCA	42_1	140	128.525232261233
585.714285714286	766.666666666667	81.0112802022226	24.6	105.611280202223	DBCA	42_1	0	105.611280202223
585.714285714286	800	78.4918292362479	24.6	103.091829236248	DBCA	42_1	70	114.307348087313
585.714285714286	833.333333333333	78.2235287424532	24.6	102.823528742453	DBCA	42_2	140	120.898972258166
585.714285714286	866.666666666667	78.5681850723229	24.6	103.168185072323	DBCA	42_2	70	114.383703923388
585.714285714286	900	80.8562577364821	24.6	105.456257736482	DBCA	42_2	280	124.184768022241
585.714285714286	933.333333333333	79.800734707746	24.6	104.400734707746	DBCA	42_2	210	124.98050870169
585.714285714286	966.666666666667	79.4315561105331	24.6	104.031556110533	DBCA	42_2	0	104.031556110533
600	666.666666666667	79.7417676963045	24.6	104.341767696305	DBCA	43_1	70	115.557286547369
600	700	78.4175160452118	24.6	103.017516045212	DBCA	43_1	140	121.092959560925
600	733.333333333333	85.0647348520656	24.6	109.664734852066	DBCA	43_1	280	128.393245137824
600	766.666666666667	81.2216474008861	24.6	105.821647400886	DBCA	43_1	210	126.40142139483
600	800	78.2885098706603	24.6	102.88850987066	DBCA	43_1	0	102.88850987066
600	833.333333333333	77.5807161375787	24.6	102.180716137579	DBCA	43_2	0	102.180716137579
600	866.666666666667	76.846468617166	24.6	101.446468617166	DBCA	43_2	70	112.661987468231
600	900	83.6457265380452	24.6	108.245726538045	DBCA	43_2	140	126.321170053758
600	933.333333333333	78.7937176675307	24.6	103.393717667531	DBCA	43_2	280	122.12222795329
600	966.666666666667	79.5523727437283	24.6	104.152372743728	DBCA	43_2	210	124.732146737673
614.285714285714	666.666666666667	80.4265988248816	24.6	105.026598824882	DBCA	44_1	140	123.102042340595
614.285714285714	700	78.7050862870034	24.6	103.305086287003	DBCA	44_1	0	103.305086287003
614.285714285714	733.333333333333	81.4756891844896	24.6	106.07568918449	DBCA	44_1	280	124.804199470249
614.285714285714	766.666666666667	81.8071814908991	24.6	106.407181490899	DBCA	44_1	70	117.622700341964
614.285714285714	800	80.9527294100464	24.6	105.552729410046	DBCA	44_1	210	126.132503403991
614.285714285714	833.333333333333	76.2847974554973	24.6	100.884797455497	DBCA	44_2	0	100.884797455497
614.285714285714	866.666666666667	80.078177601557	24.6	104.678177601557	DBCA	44_2	280	123.406687887316
614.285714285714	900	83.1442773935448	24.6	107.744277393545	DBCA	44_2	210	128.324051387489
614.285714285714	933.333333333333	86.2951168703325	24.6	110.895116870332	DBCA	44_2	140	128.970560386045
614.285714285714	966.666666666667	77.4348294239965	24.6	102.034829423997	DBCA	44_2	70	113.250348275061
628.571428571429	666.666666666667	79.0510166335148	24.6	103.651016633515	DBCA	45_1	280	122.379526919274
628.571428571429	700	81.5791626171015	24.6	106.179162617102	DBCA	45_1	140	124.254606132815
628.571428571429	733.333333333333	79.9557432538148	24.6	104.555743253815	DBCA	45_1	210	125.135517247759
628.571428571429	766.666666666667	81.8337794743751	24.6	106.433779474375	DBCA	45_1	0	106.433779474375
628.571428571429	800	80.0929860462795	24.6	104.69298604628	DBCA	45_1	70	115.908504897344
628.571428571429	833.333333333333	76.696732711655	24.6	101.296732711655	DBCA	45_2	140	119.372176227368
628.571428571429	866.666666666667	80.1997974516524	24.6	104.799797451652	DBCA	45_2	0	104.799797451652
628.571428571429	900	84.4477928840556	24.6	109.047792884056	DBCA	45_2	280	127.776303169814
628.571428571429	933.333333333333	85.4552487801156	24.6	110.055248780116	DBCA	45_2	70	121.27076763118
628.571428571429	966.666666666667	77.8066192010084	24.6	102.406619201008	DBCA	45_2	210	122.986393194953
642.857142857143	666.666666666667	83.8953004740025	24.6	108.495300474002	DBCA	46_1	280	127.223810759761
642.857142857143	700	79.1489285945304	24.6	103.74892859453	DBCA	46_1	140	121.824372110243
642.857142857143	733.333333333333	80.8686411464535	24.6	105.468641146454	DBCA	46_1	0	105.468641146454
642.857142857143	766.666666666667	78.9471519267486	24.6	103.547151926749	DBCA	46_1	70	114.762670777813
642.857142857143	800	81.8611753187218	24.6	106.461175318722	DBCA	46_1	210	127.040949312666
642.857142857143	833.333333333333	80.8665916044755	24.6	105.466591604476	DBCA	46_2	140	123.542035120189
642.857142857143	866.666666666667	77.3419055843651	24.6	101.941905584365	DBCA	46_2	0	101.941905584365
642.857142857143	900	85.2868927740898	24.6	109.88689277409	DBCA	46_2	280	128.615403059849
642.857142857143	933.333333333333	81.9605678076607	24.6	106.560567807661	DBCA	46_2	210	127.140341801605
642.857142857143	966.666666666667	81.3549704696406	24.6	105.954970469641	DBCA	46_2	70	117.170489320705
657.142857142857	666.666666666667	82.7880933867872	24.6	107.388093386787	DBCA	47_1	280	126.116603672546
657.142857142857	700	77.248490446621	24.6	101.848490446621	DBCA	47_1	210	122.428264440565
657.142857142857	733.333333333333	78.425216962515	24.6	103.025216962515	DBCA	47_1	70	114.24073581358
657.142857142857	766.666666666667	81.8584655734353	24.6	106.458465573435	DBCA	47_1	140	124.533909089148
657.142857142857	800	81.3296563705532	24.6	105.929656370553	DBCA	47_1	0	105.929656370553
657.142857142857	833.333333333333	81.6075341834721	24.6	106.207534183472	DBCA	47_2	70	117.423053034537
657.142857142857	866.666666666667	83.082960345341	24.6	107.682960345341	DBCA	47_2	0	107.682960345341
657.142857142857	900	80.7172140958574	24.6	105.317214095857	DBCA	47_2	280	124.045724381616
657.142857142857	933.333333333333	82.8911878282408	24.6	107.491187828241	DBCA	47_2	140	125.566631343954
657.142857142857	966.666666666667	81.0404597751433	24.6	105.640459775143	DBCA	47_2	210	126.220233769088
671.428571428571	666.666666666667	80.313258664269	24.6	104.913258664269	DBCA	48_1	280	123.641768950028
671.428571428571	700	79.4838126916394	24.6	104.083812691639	DBCA	48_1	140	122.159256207352
671.428571428571	733.333333333333	78.4875044694312	24.6	103.087504469431	DBCA	48_1	70	114.303023320496
671.428571428571	766.666666666667	79.130815108737	24.6	103.730815108737	DBCA	48_1	0	103.730815108737
671.428571428571	800	80.7534442876489	24.6	105.353444287649	DBCA	48_1	210	125.933218281593
671.428571428571	833.333333333333	80.9535460870475	24.6	105.553546087047	DBCA	48_2	0	105.553546087047
671.428571428571	866.666666666667	83.5906167364624	24.6	108.190616736462	DBCA	48_2	210	128.770390730407
671.428571428571	900	79.3173451988384	24.6	103.917345198838	DBCA	48_2	140	121.992788714551
671.428571428571	933.333333333333	84.9051716830791	24.6	109.505171683079	DBCA	48_2	70	120.720690534144
671.428571428571	966.666666666667	81.5330297688154	24.6	106.133029768815	DBCA	48_2	280	124.861540054574
685.714285714286	666.666666666667	79.4049407191901	24.6	104.00494071919	DBCA	49_1	210	124.584714713134
685.714285714286	700	81.3184024868262	24.6	105.918402486826	DBCA	49_1	280	124.646912772585
685.714285714286	733.333333333333	82.1154648276051	24.6	106.715464827605	DBCA	49_1	0	106.715464827605
685.714285714286	766.666666666667	76.0771391524146	24.6	100.677139152415	DBCA	49_1	70	111.892658003479
685.714285714286	800	78.6218307169461	24.6	103.221830716946	DBCA	49_1	140	121.297274232659
685.714285714286	833.333333333333	80.1172377026189	24.6	104.717237702619	DBCA	49_2	140	122.792681218332
685.714285714286	866.666666666667	83.6577364464843	24.6	108.257736446484	DBCA	49_2	70	119.473255297549
685.714285714286	900	80.0712306740159	24.6	104.671230674016	DBCA	49_2	0	104.671230674016
685.714285714286	933.333333333333	85.2111038087782	24.6	109.811103808778	DBCA	49_2	210	130.390877802723
685.714285714286	966.666666666667	82.3153686604488	24.6	106.915368660449	DBCA	49_2	280	125.643878946208
57.1428571428571	666.666666666667	78.9721369068186	0	78.9721369068186	DBCA	5_1	280	74.2814471925775
57.1428571428571	700	80.6277105003777	0	80.6277105003777	DBCA	5_1	0	80.6277105003777
57.1428571428571	733.333333333333	79.4354288209149	0	79.4354288209149	DBCA	5_1	70	84.7961476719798
57.1428571428571	766.666666666667	84.1418148592685	0	84.1418148592685	DBCA	5_1	210	87.1571888532128
57.1428571428571	800	79.3352528294817	0	79.3352528294817	DBCA	5_1	140	85.7010963451947
57.1428571428571	833.333333333333	80.5489852869359	0	80.5489852869359	DBCA	5_2	70	85.9097041380008
57.1428571428571	866.666666666667	76.8667578796207	0	76.8667578796207	DBCA	5_2	210	79.8821318735651
57.1428571428571	900	73.7746922010081	0	73.7746922010081	DBCA	5_2	0	73.7746922010081
57.1428571428571	933.333333333333	75.009703125966	0	75.009703125966	DBCA	5_2	280	70.319013411725
57.1428571428571	966.666666666667	73.8251733633742	0	73.8251733633742	DBCA	5_2	140	80.1910168790872
700	666.666666666667	77.5829579804334	24.6	102.182957980433	DBCA	50_1	210	122.762731974378
700	700	76.0628984838515	24.6	100.662898483851	DBCA	50_1	280	119.39140876961
700	733.333333333333	78.9769284232618	24.6	103.576928423262	DBCA	50_1	70	114.792447274327
700	766.666666666667	77.5453178391813	24.6	102.145317839181	DBCA	50_1	140	120.220761354894
700	800	79.6769969042295	24.6	104.276996904229	DBCA	50_1	0	104.276996904229
700	833.333333333333	81.4759504526315	24.6	106.075950452631	DBCA	50_2	280	124.80446073839
700	866.666666666667	83.2266680246743	24.6	107.826668024674	DBCA	50_2	70	119.042186875739
700	900	79.3343914285452	24.6	103.934391428545	DBCA	50_2	210	124.51416542249
700	933.333333333333	79.7836528018723	24.6	104.383652801872	DBCA	50_2	140	122.459096317585
700	966.666666666667	80.8472689174719	24.6	105.447268917472	DBCA	50_2	0	105.447268917472
714.285714285714	666.666666666667	79.0767018807892	24.6	103.676701880789	DBCA	51_1	70	114.892220731854
714.285714285714	700	75.6397321513199	24.6	100.23973215132	DBCA	51_1	280	118.968242437079
714.285714285714	733.333333333333	78.8688907352924	24.6	103.468890735292	DBCA	51_1	0	103.468890735292
714.285714285714	766.666666666667	79.9863463593508	24.6	104.586346359351	DBCA	51_1	210	125.166120353295
714.285714285714	800	79.810337152778	24.6	104.410337152778	DBCA	51_1	140	122.485780668491
714.285714285714	833.333333333333	83.4922758009213	24.6	108.092275800921	DBCA	51_2	280	126.82078608668
714.285714285714	866.666666666667	80.8936859217854	24.6	105.493685921785	DBCA	51_2	140	123.569129437498
714.285714285714	900	79.4150121452369	24.6	104.015012145237	DBCA	51_2	70	115.230530996302
714.285714285714	933.333333333333	82.3258201056111	24.6	106.925820105611	DBCA	51_2	210	127.505594099555
714.285714285714	966.666666666667	76.7051461759126	24.6	101.305146175913	DBCA	51_2	0	101.305146175913
728.571428571429	666.666666666667	79.2273185143171	24.6	103.827318514317	DBCA	52_1	0	103.827318514317
728.571428571429	700	79.4201726126917	24.6	104.020172612692	DBCA	52_1	210	124.599946606636
728.571428571429	733.333333333333	76.701626653716	24.6	101.301626653716	DBCA	52_1	70	112.517145504781
728.571428571429	766.666666666667	79.3546755977629	24.6	103.954675597763	DBCA	52_1	140	122.030119113476
728.571428571429	800	81.6544673475061	24.6	106.254467347506	DBCA	52_1	280	124.982977633265
728.571428571429	833.333333333333	79.2683901563031	24.6	103.868390156303	DBCA	52_2	140	121.943833672016
728.571428571429	866.666666666667	81.9656327602548	24.6	106.565632760255	DBCA	52_2	280	125.294143046014
728.571428571429	900	80.6501394905058	24.6	105.250139490506	DBCA	52_2	210	125.82991348445
728.571428571429	933.333333333333	85.6409106632656	24.6	110.240910663266	DBCA	52_2	0	110.240910663266
728.571428571429	966.666666666667	78.782603359006	24.6	103.382603359006	DBCA	52_2	70	114.598122210071
742.857142857143	666.666666666667	81.2691738691585	24.6	105.869173869159	DBCA	53_1	0	105.869173869159
742.857142857143	700	82.1377032836019	24.6	106.737703283602	DBCA	53_1	280	125.466213569361
742.857142857143	733.333333333333	77.570167415034	24.6	102.170167415034	DBCA	53_1	70	113.385686266099
742.857142857143	766.666666666667	80.0659103036043	24.6	104.665910303604	DBCA	53_1	140	122.741353819317
742.857142857143	800	81.4077026324498	24.6	106.00770263245	DBCA	53_1	210	126.587476626394
742.857142857143	833.333333333333	79.9619905138352	24.6	104.561990513835	DBCA	53_2	210	125.141764507779
742.857142857143	866.666666666667	77.5862452861934	24.6	102.186245286193	DBCA	53_2	0	102.186245286193
742.857142857143	900	81.7129687222552	24.6	106.312968722255	DBCA	53_2	140	124.388412237968
742.857142857143	933.333333333333	82.2483981329146	24.6	106.848398132915	DBCA	53_2	280	125.576908418673
742.857142857143	966.666666666667	80.1432268709316	24.6	104.743226870932	DBCA	53_2	70	115.958745721996
757.142857142857	666.666666666667	81.1128937818938	24.6	105.712893781894	DBCA	54_1	280	124.441404067653
757.142857142857	700	80.5240497692571	24.6	105.124049769257	DBCA	54_1	140	123.19949328497
757.142857142857	733.333333333333	79.2749058893063	24.6	103.874905889306	DBCA	54_1	210	124.454679883251
757.142857142857	766.666666666667	81.2683433073519	24.6	105.868343307352	DBCA	54_1	0	105.868343307352
757.142857142857	800	81.4096388491181	24.6	106.009638849118	DBCA	54_1	70	117.225157700183
757.142857142857	833.333333333333	81.5129832416273	24.6	106.112983241627	DBCA	54_2	280	124.841493527386
757.142857142857	866.666666666667	75.8917187513224	24.6	100.491718751322	DBCA	54_2	210	121.071492745267
757.142857142857	900	80.4491853756873	24.6	105.049185375687	DBCA	54_2	70	116.264704226752
757.142857142857	933.333333333333	80.5797101427987	24.6	105.179710142799	DBCA	54_2	140	123.255153658512
757.142857142857	966.666666666667	78.0450758430956	24.6	102.645075843096	DBCA	54_2	0	102.645075843096
771.428571428571	666.666666666667	81.3136781964677	24.6	105.913678196468	DBCA	55_1	140	123.989121712181
771.428571428571	700	75.7391012453455	24.6	100.339101245345	DBCA	55_1	280	119.067611531104
771.428571428571	733.333333333333	78.8829316029993	24.6	103.482931602999	DBCA	55_1	70	114.698450454064
771.428571428571	766.666666666667	80.4686341025192	24.6	105.068634102519	DBCA	55_1	210	125.648408096464
771.428571428571	800	78.3165277649236	24.6	102.916527764924	DBCA	55_1	0	102.916527764924
771.428571428571	833.333333333333	77.7854661176676	24.6	102.385466117668	DBCA	55_2	280	121.113976403427
771.428571428571	866.666666666667	76.6755543039353	24.6	101.275554303935	DBCA	55_2	70	112.491073155
771.428571428571	900	80.4894685010017	24.6	105.089468501002	DBCA	55_2	210	125.669242494946
771.428571428571	933.333333333333	78.3747764171442	24.6	102.974776417144	DBCA	55_2	140	121.050219932857
771.428571428571	966.666666666667	79.9254249459265	24.6	104.525424945926	DBCA	55_2	0	104.525424945926
785.714285714286	666.666666666667	83.0858823032331	24.6	107.685882303233	DBCA	56_1	140	125.761325818946
785.714285714286	700	77.1957835240084	24.6	101.795783524008	DBCA	56_1	0	101.795783524008
785.714285714286	733.333333333333	76.5186606968488	24.6	101.118660696849	DBCA	56_1	210	121.698434690793
785.714285714286	766.666666666667	80.7448380986284	24.6	105.344838098628	DBCA	56_1	70	116.560356949693
785.714285714286	800	76.2295120124207	24.6	100.829512012421	DBCA	56_1	280	119.55802229818
785.714285714286	833.333333333333	79.1577260270855	24.6	103.757726027086	DBCA	56_2	280	122.486236312844
785.714285714286	866.666666666667	79.6516996377711	24.6	104.251699637771	DBCA	56_2	210	124.831473631715
785.714285714286	900	78.3978989721046	24.6	102.997898972105	DBCA	56_2	70	114.21341782317
785.714285714286	933.333333333333	79.1722262078305	24.6	103.77222620783	DBCA	56_2	0	103.77222620783
785.714285714286	966.666666666667	78.1391613634124	24.6	102.739161363412	DBCA	56_2	140	120.814604879125
800	666.666666666667	79.4985051920372	24.6	104.098505192037	DBCA	57_1	0	104.098505192037
800	700	78.3055799626908	24.6	102.905579962691	DBCA	57_1	140	120.981023478404
800	733.333333333333	74.3694682258965	24.6	98.9694682258965	DBCA	57_1	70	110.184987076961
800	766.666666666667	77.7867224399607	24.6	102.386722439961	DBCA	57_1	280	121.11523272572
800	800	75.9933818166683	24.6	100.593381816668	DBCA	57_1	210	121.173155810613
800	833.333333333333	79.588848713325	24.6	104.188848713325	DBCA	57_2	0	104.188848713325
800	866.666666666667	79.3955844561212	24.6	103.995584456121	DBCA	57_2	210	124.575358450066
800	900	76.1126946958844	24.6	100.712694695884	DBCA	57_2	280	119.441204981643
800	933.333333333333	78.5495432039529	24.6	103.149543203953	DBCA	57_2	140	121.224986719666
800	966.666666666667	75.3652188287758	24.6	99.9652188287758	DBCA	57_2	70	111.180737679841
814.285714285714	666.666666666667	80.4031287018388	24.6	105.003128701839	DBCA	58_1	70	116.218647552904
814.285714285714	700	77.9985979698395	24.6	102.59859796984	DBCA	58_1	210	123.178371963784
814.285714285714	733.333333333333	75.7587120656318	24.6	100.358712065632	DBCA	58_1	140	118.434155581345
814.285714285714	766.666666666667	81.21027243258	24.6	105.81027243258	DBCA	58_1	0	105.81027243258
814.285714285714	800	77.5277117651285	24.6	102.127711765128	DBCA	58_1	280	120.856222050887
814.285714285714	833.333333333333	77.9947520490758	24.6	102.594752049076	DBCA	58_2	70	113.810270900141
814.285714285714	866.666666666667	78.722952119146	24.6	103.322952119146	DBCA	58_2	0	103.322952119146
814.285714285714	900	81.7250435323771	24.6	106.325043532377	DBCA	58_2	280	125.053553818136
814.285714285714	933.333333333333	75.5040703683227	24.6	100.104070368323	DBCA	58_2	140	118.179513884036
814.285714285714	966.666666666667	76.6434061025124	24.6	101.243406102512	DBCA	58_2	210	121.823180096457
828.571428571429	666.666666666667	78.0806344313013	24.6	102.680634431301	DBCA	59_1	280	121.40914471706
828.571428571429	700	77.5912841718456	24.6	102.191284171846	DBCA	59_1	140	120.266727687559
828.571428571429	733.333333333333	81.7435987519082	24.6	106.343598751908	DBCA	59_1	0	106.343598751908
828.571428571429	766.666666666667	82.9159234839392	24.6	107.515923483939	DBCA	59_1	70	118.731442335004
828.571428571429	800	81.8817696365321	24.6	106.481769636532	DBCA	59_1	210	127.061543630476
828.571428571429	833.333333333333	75.9245740464001	24.6	100.5245740464	DBCA	59_2	70	111.740092897465
828.571428571429	866.666666666667	81.7980084515799	24.6	106.39800845158	DBCA	59_2	140	124.473451967293
828.571428571429	900	75.5329661080027	24.6	100.132966108003	DBCA	59_2	280	118.861476393762
828.571428571429	933.333333333333	78.0834554031321	24.6	102.683455403132	DBCA	59_2	0	102.683455403132
828.571428571429	966.666666666667	82.1025269184821	24.6	106.702526918482	DBCA	59_2	210	127.282300912426
71.4285714285714	666.666666666667	81.1596868686543	0	81.1596868686543	DBCA	6_1	0	81.1596868686543
71.4285714285714	700	81.7232558047877	0	81.7232558047877	DBCA	6_1	140	88.0890993205007
71.4285714285714	733.333333333333	79.5781440306229	0	79.5781440306229	DBCA	6_1	280	74.8874543163818
71.4285714285714	766.666666666667	80.3856941758786	0	80.3856941758786	DBCA	6_1	70	85.7464130269435
71.4285714285714	800	81.893162247741	0	81.893162247741	DBCA	6_1	210	84.9085362416854
71.4285714285714	833.333333333333	77.85268014573	0	77.85268014573	DBCA	6_2	0	77.85268014573
71.4285714285714	866.666666666667	75.5559834745499	0	75.5559834745499	DBCA	6_2	70	80.9167023256148
71.4285714285714	900	73.8132772898814	0	73.8132772898814	DBCA	6_2	140	80.1791208055944
71.4285714285714	933.333333333333	74.659989952019	0	74.659989952019	DBCA	6_2	210	77.6753639459634
71.4285714285714	966.666666666667	73.8935004214061	0	73.8935004214061	DBCA	6_2	280	69.2028107071651
842.857142857143	666.666666666667	80.9471375362042	24.6	105.547137536204	DBCA	60_1	210	126.126911530149
842.857142857143	700	84.0609872984234	24.6	108.660987298423	DBCA	60_1	280	127.389497584182
842.857142857143	733.333333333333	81.5561103013856	24.6	106.156110301386	DBCA	60_1	0	106.156110301386
842.857142857143	766.666666666667	78.5127465423253	24.6	103.112746542325	DBCA	60_1	70	114.32826539339
842.857142857143	800	77.3464359691844	24.6	101.946435969184	DBCA	60_1	140	120.021879484897
842.857142857143	833.333333333333	74.8432018081237	24.6	99.4432018081237	DBCA	60_2	140	117.518645323837
842.857142857143	866.666666666667	79.973400677444	24.6	104.573400677444	DBCA	60_2	70	115.788919528509
842.857142857143	900	79.1566493165857	24.6	103.756649316586	DBCA	60_2	210	124.33642331053
842.857142857143	933.333333333333	81.3589441793578	24.6	105.958944179358	DBCA	60_2	0	105.958944179358
842.857142857143	966.666666666667	79.0718701576411	24.6	103.671870157641	DBCA	60_2	280	122.4003804434
857.142857142857	666.666666666667	83.4614554147173	24.6	108.061455414717	DBCA	61_1	140	126.13689893043
857.142857142857	700	84.0706349156564	24.6	108.670634915656	DBCA	61_1	0	108.670634915656
857.142857142857	733.333333333333	82.9593776098179	24.6	107.559377609818	DBCA	61_1	210	128.139151603762
857.142857142857	766.666666666667	77.3903803947059	24.6	101.990380394706	DBCA	61_1	280	120.718890680465
857.142857142857	800	78.9779608882426	24.6	103.577960888243	DBCA	61_1	70	114.793479739307
857.142857142857	833.333333333333	78.0370341965073	24.6	102.637034196507	DBCA	61_2	70	113.852553047572
857.142857142857	866.666666666667	77.5526224505344	24.6	102.152622450534	DBCA	61_2	280	120.881132736293
857.142857142857	900	78.4603787171809	24.6	103.060378717181	DBCA	61_2	140	121.135822232894
857.142857142857	933.333333333333	79.8361560129445	24.6	104.436156012944	DBCA	61_2	210	125.015930006889
857.142857142857	966.666666666667	80.3963474080257	24.6	104.996347408026	DBCA	61_2	0	104.996347408026
871.428571428571	666.666666666667	84.0547114580248	24.6	108.654711458025	DBCA	62_1	280	127.383221743784
871.428571428571	700	79.4369907738233	24.6	104.036990773823	DBCA	62_1	0	104.036990773823
871.428571428571	733.333333333333	81.3290928733213	24.6	105.929092873321	DBCA	62_1	140	124.004536389034
871.428571428571	766.666666666667	79.406330092432	24.6	104.006330092432	DBCA	62_1	70	115.221848943497
871.428571428571	800	81.308500314227	24.6	105.908500314227	DBCA	62_1	210	126.488274308171
871.428571428571	833.333333333333	81.8680441452622	24.6	106.468044145262	DBCA	62_2	0	106.468044145262
871.428571428571	866.666666666667	82.053705446578	24.6	106.653705446578	DBCA	62_2	280	125.382215732337
871.428571428571	900	79.1698937940059	24.6	103.769893794006	DBCA	62_2	70	114.985412645071
871.428571428571	933.333333333333	79.5360527778627	24.6	104.136052777863	DBCA	62_2	210	124.715826771807
871.428571428571	966.666666666667	79.4731114619185	24.6	104.073111461918	DBCA	62_2	140	122.148554977631
885.714285714286	666.666666666667	85.1839994129075	24.6	109.783999412908	DBCA	63_1	280	128.512509698666
885.714285714286	700	84.18797464843	24.6	108.78797464843	DBCA	63_1	0	108.78797464843
885.714285714286	733.333333333333	77.510989668131	24.6	102.110989668131	DBCA	63_1	140	120.186433183844
885.714285714286	766.666666666667	79.7662006199104	24.6	104.36620061991	DBCA	63_1	210	124.945974613855
885.714285714286	800	80.1126829140689	24.6	104.712682914069	DBCA	63_1	70	115.928201765134
885.714285714286	833.333333333333	81.4931862832997	24.6	106.0931862833	DBCA	63_2	70	117.308705134365
885.714285714286	866.666666666667	78.5639917550975	24.6	103.163991755097	DBCA	63_2	0	103.163991755097
885.714285714286	900	79.7923001085782	24.6	104.392300108578	DBCA	63_2	210	124.972074102523
885.714285714286	933.333333333333	81.399009252082	24.6	105.999009252082	DBCA	63_2	280	124.727519537841
885.714285714286	966.666666666667	78.1655952840966	24.6	102.765595284097	DBCA	63_2	140	120.84103879981
900	666.666666666667	78.9434855188223	24.6	103.543485518822	DBCA	64_1	210	124.123259512767
900	700	81.4669223727667	24.6	106.066922372767	DBCA	64_1	140	124.14236588848
900	733.333333333333	77.5735373601559	24.6	102.173537360156	DBCA	64_1	280	120.902047645915
900	766.666666666667	75.8960152782444	24.6	100.496015278244	DBCA	64_1	0	100.496015278244
900	800	80.2563733653506	24.6	104.856373365351	DBCA	64_1	70	116.071892216415
900	833.333333333333	81.3134520283734	24.6	105.913452028373	DBCA	64_2	140	123.988895544086
900	866.666666666667	75.5724074736529	24.6	100.172407473653	DBCA	64_2	280	118.900917759412
900	900	79.9113151335143	24.6	104.511315133514	DBCA	64_2	0	104.511315133514
900	933.333333333333	78.9505296897754	24.6	103.550529689775	DBCA	64_2	210	124.13030368372
900	966.666666666667	79.4273777351488	24.6	104.027377735149	DBCA	64_2	70	115.242896586214
914.285714285714	666.666666666667	76.8769812837588	24.6	101.476981283759	DBCA	65_1	0	101.476981283759
914.285714285714	700	79.1350640596512	24.6	103.735064059651	DBCA	65_1	70	114.950582910716
914.285714285714	733.333333333333	80.705559412791	24.6	105.305559412791	DBCA	65_1	140	123.381002928504
914.285714285714	766.666666666667	74.8176232034536	24.6	99.4176232034536	DBCA	65_1	210	119.997397197398
914.285714285714	800	82.515044586347	24.6	107.115044586347	DBCA	65_1	280	125.843554872106
914.285714285714	833.333333333333	78.179000292069	24.6	102.779000292069	DBCA	65_2	0	102.779000292069
914.285714285714	866.666666666667	80.8173803254268	24.6	105.417380325427	DBCA	65_2	210	125.997154319371
914.285714285714	900	80.4728365161649	24.6	105.072836516165	DBCA	65_2	280	123.801346801924
914.285714285714	933.333333333333	80.3526307099932	24.6	104.952630709993	DBCA	65_2	70	116.168149561058
914.285714285714	966.666666666667	82.2088071096509	24.6	106.808807109651	DBCA	65_2	140	124.884250625364
928.571428571429	666.666666666667	74.2788281558896	24.6	98.8788281558896	DBCA	66_1	0	98.8788281558896
928.571428571429	700	76.2014503111649	24.6	100.801450311165	DBCA	66_1	280	119.529960596924
928.571428571429	733.333333333333	75.6326902205463	24.6	100.232690220546	DBCA	66_1	70	111.448209071611
928.571428571429	766.666666666667	75.1073958111379	24.6	99.7073958111379	DBCA	66_1	210	120.287169805082
928.571428571429	800	80.282265967162	24.6	104.882265967162	DBCA	66_1	140	122.957709482875
928.571428571429	833.333333333333	79.6312977167362	24.6	104.231297716736	DBCA	66_2	0	104.231297716736
928.571428571429	866.666666666667	78.3775337903276	24.6	102.977533790328	DBCA	66_2	210	123.557307784272
928.571428571429	900	80.6446453578848	24.6	105.244645357885	DBCA	66_2	140	123.320088873598
928.571428571429	933.333333333333	81.2204943084254	24.6	105.820494308425	DBCA	66_2	70	117.03601315949
928.571428571429	966.666666666667	80.4351640972045	24.6	105.035164097204	DBCA	66_2	280	123.763674382963
942.857142857143	666.666666666667	75.0384334388212	24.6	99.6384334388212	DBCA	67_1	210	120.218207432765
942.857142857143	700	77.6450809356604	24.6	102.24508093566	DBCA	67_1	140	120.320524451373
942.857142857143	733.333333333333	74.8598371609167	24.6	99.4598371609167	DBCA	67_1	280	118.188347446676
942.857142857143	766.666666666667	76.9971502341481	24.6	101.597150234148	DBCA	67_1	0	101.597150234148
942.857142857143	800	81.9994934796777	24.6	106.599493479678	DBCA	67_1	70	117.815012330743
942.857142857143	833.333333333333	79.7318804377442	24.6	104.331880437744	DBCA	67_2	70	115.547399288809
942.857142857143	866.666666666667	80.2902965389263	24.6	104.890296538926	DBCA	67_2	210	125.470070532871
942.857142857143	900	80.4473688789693	24.6	105.047368878969	DBCA	67_2	0	105.047368878969
942.857142857143	933.333333333333	80.1272636077203	24.6	104.72726360772	DBCA	67_2	140	122.802707123433
942.857142857143	966.666666666667	76.8372555940362	24.6	101.437255594036	DBCA	67_2	280	120.165765879795
957.142857142857	666.666666666667	75.4155074406963	24.6	100.015507440696	DBCA	68_1	140	118.090950956409
957.142857142857	700	77.9917403099104	24.6	102.59174030991	DBCA	68_1	210	123.171514303855
957.142857142857	733.333333333333	75.6796722145048	24.6	100.279672214505	DBCA	68_1	280	119.008182500264
957.142857142857	766.666666666667	80.7150388573613	24.6	105.315038857361	DBCA	68_1	70	116.530557708426
957.142857142857	800	85.3173038007735	24.6	109.917303800774	DBCA	68_1	0	109.917303800774
957.142857142857	833.333333333333	77.6307726097056	24.6	102.230772609706	DBCA	68_2	70	113.44629146077
957.142857142857	866.666666666667	78.7038758300221	24.6	103.303875830022	DBCA	68_2	280	122.032386115781
957.142857142857	900	80.7954534014002	24.6	105.3954534014	DBCA	68_2	210	125.975227395344
957.142857142857	933.333333333333	79.4143799170554	24.6	104.014379917055	DBCA	68_2	0	104.014379917055
957.142857142857	966.666666666667	78.8846291572201	24.6	103.48462915722	DBCA	68_2	140	121.560072672933
971.428571428571	666.666666666667	74.4029297116576	24.6	99.0029297116576	DBCA	69_1	140	117.078373227371
971.428571428571	700	77.5284346006963	24.6	102.128434600696	DBCA	69_1	280	120.856944886455
971.428571428571	733.333333333333	78.4516244918102	24.6	103.05162449181	DBCA	69_1	70	114.267143342875
971.428571428571	766.666666666667	79.7842386661985	24.6	104.384238666198	DBCA	69_1	210	124.964012660143
971.428571428571	800	80.5001876922566	24.6	105.100187692257	DBCA	69_1	0	105.100187692257
971.428571428571	833.333333333333	73.9445165710301	24.6	98.5445165710301	DBCA	69_2	70	109.760035422095
971.428571428571	866.666666666667	79.9827594697859	24.6	104.582759469786	DBCA	69_2	210	125.16253346373
971.428571428571	900	80.1292751334595	24.6	104.729275133459	DBCA	69_2	0	104.729275133459
971.428571428571	933.333333333333	79.0964355652503	24.6	103.69643556525	DBCA	69_2	280	122.424945851009
971.428571428571	966.666666666667	79.6246996189077	24.6	104.224699618908	DBCA	69_2	140	122.300143134621
85.7142857142857	666.666666666667	80.5011851488148	0	80.5011851488148	DBCA	7_1	70	85.8619039998797
85.7142857142857	700	78.4395127443792	0	78.4395127443792	DBCA	7_1	210	81.4548867383235
85.7142857142857	733.333333333333	76.5832249258951	0	76.5832249258951	DBCA	7_1	140	82.9490684416081
85.7142857142857	766.666666666667	77.9405643018913	0	77.9405643018913	DBCA	7_1	280	73.2498745876502
85.7142857142857	800	77.6474310435719	0	77.6474310435719	DBCA	7_1	0	77.6474310435719
85.7142857142857	833.333333333333	80.5476890464148	0	80.5476890464148	DBCA	7_2	210	83.5630630403591
85.7142857142857	866.666666666667	75.9054361396609	0	75.9054361396609	DBCA	7_2	140	82.2712796553739
85.7142857142857	900	74.2512892835728	0	74.2512892835728	DBCA	7_2	280	69.5605995693318
85.7142857142857	933.333333333333	72.0753707816407	0	72.0753707816407	DBCA	7_2	70	77.4360896327055
85.7142857142857	966.666666666667	74.7654005932657	0	74.7654005932657	DBCA	7_2	0	74.7654005932657
985.714285714286	666.666666666667	77.4732278529155	24.6	102.073227852916	DBCA	70_1	0	102.073227852916
985.714285714286	700	80.7105246445987	24.6	105.310524644599	DBCA	70_1	280	124.039034930358
985.714285714286	733.333333333333	75.038739863877	24.6	99.6387398638769	DBCA	70_1	70	110.854258714942
985.714285714286	766.666666666667	76.2180812082517	24.6	100.818081208252	DBCA	70_1	140	118.893524723965
985.714285714286	800	76.0255321950907	24.6	100.625532195091	DBCA	70_1	210	121.205306189035
985.714285714286	833.333333333333	77.1857107249209	24.6	101.785710724921	DBCA	70_2	140	119.861154240634
985.714285714286	866.666666666667	80.4841144839892	24.6	105.084114483989	DBCA	70_2	70	116.299633335054
985.714285714286	900	81.2809926929578	24.6	105.880992692958	DBCA	70_2	280	124.609502978717
985.714285714286	933.333333333333	78.2542369464526	24.6	102.854236946453	DBCA	70_2	0	102.854236946453
985.714285714286	966.666666666667	77.1502033645293	24.6	101.750203364529	DBCA	70_2	210	122.329977358474
1000	666.666666666667	76.566661264913	24.6	101.166661264913	DBCA	71_1	280	119.895171550672
1000	700	79.2177965213887	24.6	103.817796521389	DBCA	71_1	140	121.893240037102
1000	733.333333333333	79.0290387780461	24.6	103.629038778046	DBCA	71_1	210	124.20881277199
1000	766.666666666667	77.6933999246704	24.6	102.29339992467	DBCA	71_1	70	113.508918775735
1000	800	77.4837808717674	24.6	102.083780871767	DBCA	71_1	0	102.083780871767
1000	833.333333333333	73.6784101939549	24.6	98.2784101939549	DBCA	71_2	70	109.49392904502
1000	866.666666666667	82.6692154197834	24.6	107.269215419783	DBCA	71_2	210	127.848989413728
1000	900	80.5325860332185	24.6	105.132586033218	DBCA	71_2	140	123.208029548931
1000	933.333333333333	76.6647098875943	24.6	101.264709887594	DBCA	71_2	0	101.264709887594
1000	966.666666666667	76.8409263603479	24.6	101.440926360348	DBCA	71_2	280	120.169436646107
100	666.666666666667	81.7443320369852	0	81.7443320369852	DBCA	8_1	210	84.7597060309296
100	700	79.3922719707439	0	79.3922719707439	DBCA	8_1	0	79.3922719707439
100	733.333333333333	77.7627649305928	0	77.7627649305928	DBCA	8_1	280	73.0720752163518
100	766.666666666667	80.0588727739648	0	80.0588727739648	DBCA	8_1	140	86.4247162896778
100	800	77.9834803107518	0	77.9834803107518	DBCA	8_1	70	83.3441991618167
100	833.333333333333	80.3581285043035	0	80.3581285043035	DBCA	8_2	140	86.7239720200164
100	866.666666666667	77.3366240113452	0	77.3366240113452	DBCA	8_2	70	82.6973428624101
100	900	77.0591164741292	0	77.0591164741292	DBCA	8_2	0	77.0591164741292
100	933.333333333333	76.7169070452385	0	76.7169070452385	DBCA	8_2	210	79.7322810391829
100	966.666666666667	74.0161768724127	0	74.0161768724127	DBCA	8_2	280	69.3254871581716
114.285714285714	666.666666666667	79.2465662448089	0	79.2465662448089	DBCA	9_1	210	82.2619402387533
114.285714285714	700	78.587860470283	0	78.587860470283	DBCA	9_1	0	78.587860470283
114.285714285714	733.333333333333	79.1098266065887	0	79.1098266065887	DBCA	9_1	140	85.4756701223017
114.285714285714	766.666666666667	78.4949538595026	0	78.4949538595026	DBCA	9_1	70	83.8556727105674
114.285714285714	800	78.0819534463496	0	78.0819534463496	DBCA	9_1	280	73.3912637321086
114.285714285714	833.333333333333	80.4306458315764	0	80.4306458315764	DBCA	9_2	70	85.7913646826413
114.285714285714	866.666666666667	78.3387641857446	0	78.3387641857446	DBCA	9_2	140	84.7046077014576
114.285714285714	900	77.8502743983241	0	77.8502743983241	DBCA	9_2	0	77.8502743983241
114.285714285714	933.333333333333	79.2683771252368	0	79.2683771252368	DBCA	9_2	210	82.2837511191811
114.285714285714	966.666666666667	75.8751186048653	0	75.8751186048653	DBCA	9_2	280	71.1844288906242
0	1000	75.6896191236016	0	75.6896191236016	DBCA	1_3	NA	NA
14.2857142857143	1000	77.2092228167583	0	77.2092228167583	DBCA	2_3	NA	NA
28.5714285714286	1000	77.8128778870235	0	77.8128778870235	DBCA	3_3	NA	NA
42.8571428571429	1000	78.8454779906555	0	78.8454779906555	DBCA	4_3	NA	NA
57.1428571428571	1000	74.8275514621558	0	74.8275514621558	DBCA	5_3	NA	NA
71.4285714285714	1000	77.4940828558922	0	77.4940828558922	DBCA	6_3	NA	NA
85.7142857142857	1000	75.358091228738	0	75.358091228738	DBCA	7_3	NA	NA
100	1000	76.3605905624379	0	76.3605905624379	DBCA	8_3	NA	NA
114.285714285714	1000	77.7253251947485	0	77.7253251947485	DBCA	9_3	NA	NA
128.571428571429	1000	73.9948844778028	0	73.9948844778028	DBCA	10_3	NA	NA
142.857142857143	1000	77.8378924615009	0	77.8378924615009	DBCA	11_3	NA	NA
157.142857142857	1000	78.1176167560062	0	78.1176167560062	DBCA	12_3	NA	NA
171.428571428571	1000	81.3307435173512	0	81.3307435173512	DBCA	13_3	NA	NA
185.714285714286	1000	87.0578008401624	0	87.0578008401624	DBCA	14_3	NA	NA
200	1000	83.8272665582153	0	83.8272665582153	DBCA	15_3	NA	NA
214.285714285714	1000	87.3061420606772	0	87.3061420606772	DBCA	16_3	NA	NA
228.571428571429	1000	88.3395657688542	0	88.3395657688542	DBCA	17_3	NA	NA
242.857142857143	1000	85.3570773408943	0	85.3570773408943	DBCA	18_3	NA	NA
257.142857142857	1000	85.7086219627084	0	85.7086219627084	DBCA	19_3	NA	NA
271.428571428571	1000	84.6357570464846	0	84.6357570464846	DBCA	20_3	NA	NA
285.714285714286	1000	84.5381377324081	0	84.5381377324081	DBCA	21_3	NA	NA
300	1000	82.5249302519711	0	82.5249302519711	DBCA	22_3	NA	NA
314.285714285714	1000	80.2114404343986	0	80.2114404343986	DBCA	23_3	NA	NA
328.571428571429	1000	78.3491824021961	0	78.3491824021961	DBCA	24_3	NA	NA
342.857142857143	1000	81.6274881759592	0	81.6274881759592	DBCA	25_3	NA	NA
357.142857142857	1000	81.2010534051257	0	81.2010534051257	DBCA	26_3	NA	NA
371.428571428571	1000	81.3877311557302	0	81.3877311557302	DBCA	27_3	NA	NA
385.714285714286	1000	78.779550763187	0	78.779550763187	DBCA	28_3	NA	NA
400	1000	77.5363325121467	0	77.5363325121467	DBCA	29_3	NA	NA
414.285714285714	1000	79.2364709495588	0	79.2364709495588	DBCA	30_3	NA	NA
428.571428571429	1000	83.1716448579897	0	83.1716448579897	DBCA	31_3	NA	NA
442.857142857143	1000	80.9886302228305	0	80.9886302228305	DBCA	32_3	NA	NA
457.142857142857	1000	81.221898008884	0	81.221898008884	DBCA	33_3	NA	NA
471.428571428571	1000	81.9493512240332	0	81.9493512240332	DBCA	34_3	NA	NA
485.714285714286	1000	79.9767474973927	0	79.9767474973927	DBCA	35_3	NA	NA
500	1000	83.5759543472375	0	83.5759543472375	DBCA	36_3	NA	NA
514.285714285714	1000	80.3772304847303	24.6	104.97723048473	DBCA	37_3	NA	NA
528.571428571429	1000	81.587381363057	24.6	106.187381363057	DBCA	38_3	NA	NA
542.857142857143	1000	77.8714534299378	24.6	102.471453429938	DBCA	39_3	NA	NA
557.142857142857	1000	74.5344250277676	24.6	99.1344250277676	DBCA	40_3	NA	NA
571.428571428571	1000	80.9800477371553	24.6	105.580047737155	DBCA	41_3	NA	NA
585.714285714286	1000	78.5544441137369	24.6	103.154444113737	DBCA	42_3	NA	NA
600	1000	78.1215044854203	24.6	102.72150448542	DBCA	43_3	NA	NA
614.285714285714	1000	78.9714022286443	24.6	103.571402228644	DBCA	44_3	NA	NA
628.571428571429	1000	78.081130960792	24.6	102.681130960792	DBCA	45_3	NA	NA
642.857142857143	1000	79.7172090335816	24.6	104.317209033582	DBCA	46_3	NA	NA
657.142857142857	1000	77.5534738129422	24.6	102.153473812942	DBCA	47_3	NA	NA
671.428571428571	1000	78.6397297395335	24.6	103.239729739534	DBCA	48_3	NA	NA
685.714285714286	1000	75.0884013039428	24.6	99.6884013039428	DBCA	49_3	NA	NA
700	1000	80.0021533878197	24.6	104.60215338782	DBCA	50_3	NA	NA
714.285714285714	1000	79.8241095509976	24.6	104.424109550998	DBCA	51_3	NA	NA
728.571428571429	1000	79.6073194192385	24.6	104.207319419238	DBCA	52_3	NA	NA
742.857142857143	1000	76.0820671127118	24.6	100.682067112712	DBCA	53_3	NA	NA
757.142857142857	1000	79.655090356698	24.6	104.255090356698	DBCA	54_3	NA	NA
771.428571428571	1000	77.2160551901709	24.6	101.816055190171	DBCA	55_3	NA	NA
785.714285714286	1000	76.1655813350561	24.6	100.765581335056	DBCA	56_3	NA	NA
800	1000	80.4683690559831	24.6	105.068369055983	DBCA	57_3	NA	NA
814.285714285714	1000	79.5464097044334	24.6	104.146409704433	DBCA	58_3	NA	NA
828.571428571429	1000	78.6959576371593	24.6	103.295957637159	DBCA	59_3	NA	NA
842.857142857143	1000	78.2299280130807	24.6	102.829928013081	DBCA	60_3	NA	NA
857.142857142857	1000	78.7111012609468	24.6	103.311101260947	DBCA	61_3	NA	NA
871.428571428571	1000	75.0464444857951	24.6	99.6464444857951	DBCA	62_3	NA	NA
885.714285714286	1000	77.3094437052537	24.6	101.909443705254	DBCA	63_3	NA	NA
900	1000	80.4027812029786	24.6	105.002781202979	DBCA	64_3	NA	NA
914.285714285714	1000	79.5998003803451	24.6	104.199800380345	DBCA	65_3	NA	NA
928.571428571429	1000	81.3754233476496	24.6	105.97542334765	DBCA	66_3	NA	NA
942.857142857143	1000	80.3899243924764	24.6	104.989924392476	DBCA	67_3	NA	NA
957.142857142857	1000	78.4820480583931	24.6	103.082048058393	DBCA	68_3	NA	NA
971.428571428571	1000	77.9575994928615	24.6	102.557599492861	DBCA	69_3	NA	NA
985.714285714286	1000	76.6397285226504	24.6	101.23972852265	DBCA	70_3	NA	NA
1000	1000	77.552266535823	24.6	102.152266535823	DBCA	71_3	NA	NA
