x	y	variable1	Zona	ErrorConEfecto	Disenio	Bloque	AsigTrat	MiRto
0	666.666666666667	76.0090207871918	0	76.0090207871918	DBCA	1_1	280	76.4106898578597
0	700	82.9884967018974	0	82.9884967018974	DBCA	1_1	210	88.8926634663901
0	733.333333333333	76.3558267451438	0	76.3558267451438	DBCA	1_1	140	84.0272145624667
0	766.666666666667	80.1070397908267	0	80.1070397908267	DBCA	1_1	70	85.8103720199854
0	800	78.1661700341701	0	78.1661700341701	DBCA	1_1	0	78.1661700341701
0	833.333333333333	76.9481844935219	0	76.9481844935219	DBCA	1_2	280	77.3498535641898
0	866.666666666667	76.7340327396519	0	76.7340327396519	DBCA	1_2	210	82.6381995041445
0	900	77.6813362048251	0	77.6813362048251	DBCA	1_2	70	83.3846684339838
0	933.333333333333	77.3526873936461	0	77.3526873936461	DBCA	1_2	0	77.3526873936461
0	966.666666666667	76.5318710146609	0	76.5318710146609	DBCA	1_2	140	84.2032588319838
128.571428571429	666.666666666667	81.2211371639753	0	81.2211371639753	DBCA	10_1	210	87.125303928468
128.571428571429	700	80.8656392705092	0	80.8656392705092	DBCA	10_1	0	80.8656392705092
128.571428571429	733.333333333333	77.7363908626118	0	77.7363908626118	DBCA	10_1	70	83.4397230917705
128.571428571429	766.666666666667	75.0095990157184	0	75.0095990157184	DBCA	10_1	140	82.6809868330413
128.571428571429	800	75.9294827579984	0	75.9294827579984	DBCA	10_1	280	76.3311518286663
128.571428571429	833.333333333333	76.2775518102017	0	76.2775518102017	DBCA	10_2	210	82.1817185746944
128.571428571429	866.666666666667	73.1744695318058	0	73.1744695318058	DBCA	10_2	0	73.1744695318058
128.571428571429	900	73.9438281810923	0	73.9438281810923	DBCA	10_2	140	81.6152159984152
128.571428571429	933.333333333333	79.0414116896228	0	79.0414116896228	DBCA	10_2	70	84.7447439187815
128.571428571429	966.666666666667	80.6376753819539	0	80.6376753819539	DBCA	10_2	280	81.0393444526218
142.857142857143	666.666666666667	80.3041431698204	0	80.3041431698204	DBCA	11_1	140	87.9755309871434
142.857142857143	700	80.1155554908486	0	80.1155554908486	DBCA	11_1	0	80.1155554908486
142.857142857143	733.333333333333	75.388892615562	0	75.388892615562	DBCA	11_1	210	81.2930593800546
142.857142857143	766.666666666667	77.0269449243081	0	77.0269449243081	DBCA	11_1	70	82.7302771534668
142.857142857143	800	77.3256952199175	0	77.3256952199175	DBCA	11_1	280	77.7273642905854
142.857142857143	833.333333333333	76.2947657852449	0	76.2947657852449	DBCA	11_2	0	76.2947657852449
142.857142857143	866.666666666667	73.7996954915634	0	73.7996954915634	DBCA	11_2	70	79.5030277207221
142.857142857143	900	74.9985178419376	0	74.9985178419376	DBCA	11_2	210	80.9026846064302
142.857142857143	933.333333333333	81.0875209293125	0	81.0875209293125	DBCA	11_2	280	81.4891899999804
142.857142857143	966.666666666667	80.0030120131601	0	80.0030120131601	DBCA	11_2	140	87.674399830483
157.142857142857	666.666666666667	82.1464982303409	0	82.1464982303409	DBCA	12_1	70	87.8498304594996
157.142857142857	700	78.4711208746363	0	78.4711208746363	DBCA	12_1	210	84.3752876391289
157.142857142857	733.333333333333	77.9789264553896	0	77.9789264553896	DBCA	12_1	140	85.6503142727125
157.142857142857	766.666666666667	75.7324336992717	0	75.7324336992717	DBCA	12_1	280	76.1341027699396
157.142857142857	800	83.6319423040882	0	83.6319423040882	DBCA	12_1	0	83.6319423040882
157.142857142857	833.333333333333	77.7919393629628	0	77.7919393629628	DBCA	12_2	280	78.1936084336307
157.142857142857	866.666666666667	77.2011354678952	0	77.2011354678952	DBCA	12_2	70	82.9044676970539
157.142857142857	900	75.0150698271818	0	75.0150698271818	DBCA	12_2	0	75.0150698271818
157.142857142857	933.333333333333	78.9973421185533	0	78.9973421185533	DBCA	12_2	140	86.6687299358762
157.142857142857	966.666666666667	77.1594396870044	0	77.1594396870044	DBCA	12_2	210	83.063606451497
171.428571428571	666.666666666667	79.1873975153869	0	79.1873975153869	DBCA	13_1	140	86.8587853327098
171.428571428571	700	81.9441322401235	0	81.9441322401235	DBCA	13_1	70	87.6474644692822
171.428571428571	733.333333333333	80.1021426941527	0	80.1021426941527	DBCA	13_1	280	80.5038117648205
171.428571428571	766.666666666667	76.1128726871947	0	76.1128726871947	DBCA	13_1	210	82.0170394516873
171.428571428571	800	82.0770823620744	0	82.0770823620744	DBCA	13_1	0	82.0770823620744
171.428571428571	833.333333333333	81.0524972132762	0	81.0524972132762	DBCA	13_2	70	86.7558294424349
171.428571428571	866.666666666667	77.2691180382334	0	77.2691180382334	DBCA	13_2	210	83.173284802726
171.428571428571	900	77.0599834708895	0	77.0599834708895	DBCA	13_2	0	77.0599834708895
171.428571428571	933.333333333333	78.3246737602022	0	78.3246737602022	DBCA	13_2	280	78.7263428308701
171.428571428571	966.666666666667	78.7870580842284	0	78.7870580842284	DBCA	13_2	140	86.4584459015514
185.714285714286	666.666666666667	81.5850438445261	0	81.5850438445261	DBCA	14_1	280	81.986712915194
185.714285714286	700	79.2970001551113	0	79.2970001551113	DBCA	14_1	210	85.2011669196039
185.714285714286	733.333333333333	78.4917198070579	0	78.4917198070579	DBCA	14_1	140	86.1631076243809
185.714285714286	766.666666666667	77.1812907589448	0	77.1812907589448	DBCA	14_1	70	82.8846229881035
185.714285714286	800	81.3901934463905	0	81.3901934463905	DBCA	14_1	0	81.3901934463905
185.714285714286	833.333333333333	77.7633139717844	0	77.7633139717844	DBCA	14_2	140	85.4347017891073
185.714285714286	866.666666666667	77.6219300407857	0	77.6219300407857	DBCA	14_2	0	77.6219300407857
185.714285714286	900	77.532670762439	0	77.532670762439	DBCA	14_2	280	77.9343398331068
185.714285714286	933.333333333333	78.5052149968161	0	78.5052149968161	DBCA	14_2	210	84.4093817613088
185.714285714286	966.666666666667	79.8528041132317	0	79.8528041132317	DBCA	14_2	70	85.5561363423904
200	666.666666666667	81.7632767508219	0	81.7632767508219	DBCA	15_1	140	89.4346645681449
200	700	78.0932325026736	0	78.0932325026736	DBCA	15_1	70	83.7965647318323
200	733.333333333333	78.020325893552	0	78.020325893552	DBCA	15_1	0	78.020325893552
200	766.666666666667	73.4716655668061	0	73.4716655668061	DBCA	15_1	210	79.3758323312988
200	800	79.375877797322	0	79.375877797322	DBCA	15_1	280	79.7775468679899
200	833.333333333333	80.2573274742697	0	80.2573274742697	DBCA	15_2	140	87.9287152915926
200	866.666666666667	81.7953051677792	0	81.7953051677792	DBCA	15_2	70	87.498637396938
200	900	77.4117775707553	0	77.4117775707553	DBCA	15_2	0	77.4117775707553
200	933.333333333333	73.9699243611495	0	73.9699243611495	DBCA	15_2	210	79.8740911256421
200	966.666666666667	80.513004647919	0	80.513004647919	DBCA	15_2	280	80.9146737185869
214.285714285714	666.666666666667	80.0282902433919	0	80.0282902433919	DBCA	16_1	210	85.9324570078845
214.285714285714	700	77.2493307824527	0	77.2493307824527	DBCA	16_1	0	77.2493307824527
214.285714285714	733.333333333333	79.8825479565336	0	79.8825479565336	DBCA	16_1	70	85.5858801856923
214.285714285714	766.666666666667	73.7517322887288	0	73.7517322887288	DBCA	16_1	140	81.4231201060517
214.285714285714	800	78.1996413792287	0	78.1996413792287	DBCA	16_1	280	78.6013104498966
214.285714285714	833.333333333333	79.3488638838732	0	79.3488638838732	DBCA	16_2	140	87.0202517011961
214.285714285714	866.666666666667	80.2280343995402	0	80.2280343995402	DBCA	16_2	210	86.1322011640328
214.285714285714	900	74.3586677471625	0	74.3586677471625	DBCA	16_2	70	80.0619999763212
214.285714285714	933.333333333333	76.0212979528639	0	76.0212979528639	DBCA	16_2	0	76.0212979528639
214.285714285714	966.666666666667	79.5071653145081	0	79.5071653145081	DBCA	16_2	280	79.9088343851759
228.571428571429	666.666666666667	78.5585096727756	0	78.5585096727756	DBCA	17_1	280	78.9601787434434
228.571428571429	700	78.6636625404978	0	78.6636625404978	DBCA	17_1	140	86.3350503578207
228.571428571429	733.333333333333	75.7421007754293	0	75.7421007754293	DBCA	17_1	70	81.4454330045881
228.571428571429	766.666666666667	76.7423928149366	0	76.7423928149366	DBCA	17_1	0	76.7423928149366
228.571428571429	800	77.4558709809603	0	77.4558709809603	DBCA	17_1	210	83.360037745453
228.571428571429	833.333333333333	83.2551911470796	0	83.2551911470796	DBCA	17_2	280	83.6568602177475
228.571428571429	866.666666666667	77.0811910045877	0	77.0811910045877	DBCA	17_2	70	82.7845232337464
228.571428571429	900	76.0438953810514	0	76.0438953810514	DBCA	17_2	0	76.0438953810514
228.571428571429	933.333333333333	78.9721252073045	0	78.9721252073045	DBCA	17_2	140	86.6435130246274
228.571428571429	966.666666666667	80.2757150853377	0	80.2757150853377	DBCA	17_2	210	86.1798818498303
242.857142857143	666.666666666667	78.1643181842129	0	78.1643181842129	DBCA	18_1	70	83.8676504133716
242.857142857143	700	76.2764563723047	0	76.2764563723047	DBCA	18_1	140	83.9478441896277
242.857142857143	733.333333333333	73.9155281470869	0	73.9155281470869	DBCA	18_1	0	73.9155281470869
242.857142857143	766.666666666667	74.7342666362727	0	74.7342666362727	DBCA	18_1	280	75.1359357069405
242.857142857143	800	78.8517813582308	0	78.8517813582308	DBCA	18_1	210	84.7559481227234
242.857142857143	833.333333333333	79.1966670463984	0	79.1966670463984	DBCA	18_2	140	86.8680548637214
242.857142857143	866.666666666667	80.0349750711614	0	80.0349750711614	DBCA	18_2	280	80.4366441418293
242.857142857143	900	75.1917641070487	0	75.1917641070487	DBCA	18_2	0	75.1917641070487
242.857142857143	933.333333333333	79.3861299500142	0	79.3861299500142	DBCA	18_2	70	85.0894621791729
242.857142857143	966.666666666667	81.4807437615262	0	81.4807437615262	DBCA	18_2	210	87.3849105260188
257.142857142857	666.666666666667	80.1575404996906	0	80.1575404996906	DBCA	19_1	0	80.1575404996906
257.142857142857	700	78.6862776822973	0	78.6862776822973	DBCA	19_1	70	84.389609911456
257.142857142857	733.333333333333	77.0209731892659	0	77.0209731892659	DBCA	19_1	140	84.6923610065888
257.142857142857	766.666666666667	76.8515249463468	0	76.8515249463468	DBCA	19_1	280	77.2531940170147
257.142857142857	800	76.4896272001236	0	76.4896272001236	DBCA	19_1	210	82.3937939646162
257.142857142857	833.333333333333	78.9028637797768	0	78.9028637797768	DBCA	19_2	70	84.6061960089355
257.142857142857	866.666666666667	78.7567648725545	0	78.7567648725545	DBCA	19_2	140	86.4281526898774
257.142857142857	900	75.484008924428	0	75.484008924428	DBCA	19_2	210	81.3881756889206
257.142857142857	933.333333333333	77.8900914668483	0	77.8900914668483	DBCA	19_2	280	78.2917605375161
257.142857142857	966.666666666667	79.7048920571299	0	79.7048920571299	DBCA	19_2	0	79.7048920571299
14.2857142857143	666.666666666667	79.3922597794411	0	79.3922597794411	DBCA	2_1	140	87.063647596764
14.2857142857143	700	76.6703348510622	0	76.6703348510622	DBCA	2_1	210	82.5745016155548
14.2857142857143	733.333333333333	74.4759869954813	0	74.4759869954813	DBCA	2_1	0	74.4759869954813
14.2857142857143	766.666666666667	82.4451198001136	0	82.4451198001136	DBCA	2_1	70	88.1484520292723
14.2857142857143	800	79.2341414606324	0	79.2341414606324	DBCA	2_1	280	79.6358105313003
14.2857142857143	833.333333333333	78.1884213124898	0	78.1884213124898	DBCA	2_2	280	78.5900903831577
14.2857142857143	866.666666666667	79.0090533360091	0	79.0090533360091	DBCA	2_2	0	79.0090533360091
14.2857142857143	900	76.346261874081	0	76.346261874081	DBCA	2_2	140	84.0176496914039
14.2857142857143	933.333333333333	74.6606327498259	0	74.6606327498259	DBCA	2_2	70	80.3639649789846
14.2857142857143	966.666666666667	75.1653649879503	0	75.1653649879503	DBCA	2_2	210	81.069531752443
271.428571428571	666.666666666667	81.539427044574	0	81.539427044574	DBCA	20_1	140	89.210814861897
271.428571428571	700	77.7166780978692	0	77.7166780978692	DBCA	20_1	210	83.6208448623618
271.428571428571	733.333333333333	74.9876982808503	0	74.9876982808503	DBCA	20_1	280	75.3893673515182
271.428571428571	766.666666666667	76.8268655169493	0	76.8268655169493	DBCA	20_1	0	76.8268655169493
271.428571428571	800	78.2221868602516	0	78.2221868602516	DBCA	20_1	70	83.9255190894103
271.428571428571	833.333333333333	79.3740022008474	0	79.3740022008474	DBCA	20_2	210	85.27816896534
271.428571428571	866.666666666667	78.1930343676927	0	78.1930343676927	DBCA	20_2	70	83.8963665968514
271.428571428571	900	75.3421683667599	0	75.3421683667599	DBCA	20_2	140	83.0135561840828
271.428571428571	933.333333333333	73.779467017696	0	73.779467017696	DBCA	20_2	0	73.779467017696
271.428571428571	966.666666666667	76.0565347104722	0	76.0565347104722	DBCA	20_2	280	76.4582037811401
285.714285714286	666.666666666667	80.9034676612712	0	80.9034676612712	DBCA	21_1	0	80.9034676612712
285.714285714286	700	77.5254321033384	0	77.5254321033384	DBCA	21_1	70	83.2287643324971
285.714285714286	733.333333333333	77.4796402760728	0	77.4796402760728	DBCA	21_1	210	83.3838070405654
285.714285714286	766.666666666667	70.5022201214602	0	70.5022201214602	DBCA	21_1	280	70.9038891921281
285.714285714286	800	76.9993959942699	0	76.9993959942699	DBCA	21_1	140	84.6707838115928
285.714285714286	833.333333333333	77.8862430738888	0	77.8862430738888	DBCA	21_2	280	78.2879121445567
285.714285714286	866.666666666667	79.118502353334	0	79.118502353334	DBCA	21_2	0	79.118502353334
285.714285714286	900	74.9286964152294	0	74.9286964152294	DBCA	21_2	210	80.8328631797221
285.714285714286	933.333333333333	77.8145231147312	0	77.8145231147312	DBCA	21_2	70	83.5178553438899
285.714285714286	966.666666666667	75.6587207734913	0	75.6587207734913	DBCA	21_2	140	83.3301085908142
300	666.666666666667	78.9080486008881	0	78.9080486008881	DBCA	22_1	0	78.9080486008881
300	700	76.2459327284063	0	76.2459327284063	DBCA	22_1	280	76.6476017990742
300	733.333333333333	73.8406110986411	0	73.8406110986411	DBCA	22_1	210	79.7447778631338
300	766.666666666667	71.90047263077	0	71.90047263077	DBCA	22_1	140	79.571860448093
300	800	73.3977680343674	0	73.3977680343674	DBCA	22_1	70	79.1011002635261
300	833.333333333333	77.1587447553998	0	77.1587447553998	DBCA	22_2	210	83.0629115198925
300	866.666666666667	80.7714199846997	0	80.7714199846997	DBCA	22_2	70	86.4747522138584
300	900	77.1787371748636	0	77.1787371748636	DBCA	22_2	280	77.5804062455314
300	933.333333333333	75.692522844051	0	75.692522844051	DBCA	22_2	0	75.692522844051
300	966.666666666667	75.5487160830975	0	75.5487160830975	DBCA	22_2	140	83.2201039004205
314.285714285714	666.666666666667	81.6823459716132	0	81.6823459716132	DBCA	23_1	140	89.3537337889361
314.285714285714	700	80.3490221761567	0	80.3490221761567	DBCA	23_1	280	80.7506912468246
314.285714285714	733.333333333333	78.2407505978122	0	78.2407505978122	DBCA	23_1	210	84.1449173623048
314.285714285714	766.666666666667	70.3695034600142	0	70.3695034600142	DBCA	23_1	0	70.3695034600142
314.285714285714	800	70.8070452353817	0	70.8070452353817	DBCA	23_1	70	76.5103774645404
314.285714285714	833.333333333333	74.4941265379589	0	74.4941265379589	DBCA	23_2	210	80.3982933024516
314.285714285714	866.666666666667	79.6319775457109	0	79.6319775457109	DBCA	23_2	280	80.0336466163787
314.285714285714	900	80.4482958005836	0	80.4482958005836	DBCA	23_2	140	88.1196836179065
314.285714285714	933.333333333333	73.0143966550871	0	73.0143966550871	DBCA	23_2	0	73.0143966550871
314.285714285714	966.666666666667	76.35954595982	0	76.35954595982	DBCA	23_2	70	82.0628781889787
328.571428571429	666.666666666667	80.5914162280619	0	80.5914162280619	DBCA	24_1	140	88.2628040453848
328.571428571429	700	73.7231431760345	0	73.7231431760345	DBCA	24_1	0	73.7231431760345
328.571428571429	733.333333333333	78.2566751386217	0	78.2566751386217	DBCA	24_1	280	78.6583442092896
328.571428571429	766.666666666667	75.7940679543212	0	75.7940679543212	DBCA	24_1	70	81.4974001834799
328.571428571429	800	73.0215537115851	0	73.0215537115851	DBCA	24_1	210	78.9257204760778
328.571428571429	833.333333333333	76.0427583727835	0	76.0427583727835	DBCA	24_2	140	83.7141461901064
328.571428571429	866.666666666667	78.9533223447659	0	78.9533223447659	DBCA	24_2	280	79.3549914154338
328.571428571429	900	79.3679626170257	0	79.3679626170257	DBCA	24_2	0	79.3679626170257
328.571428571429	933.333333333333	76.0237204327964	0	76.0237204327964	DBCA	24_2	70	81.7270526619551
328.571428571429	966.666666666667	78.166991084367	0	78.166991084367	DBCA	24_2	210	84.0711578488597
342.857142857143	666.666666666667	83.512225318947	0	83.512225318947	DBCA	25_1	0	83.512225318947
342.857142857143	700	78.3490586296367	0	78.3490586296367	DBCA	25_1	140	86.0204464469596
342.857142857143	733.333333333333	76.8685276215301	0	76.8685276215301	DBCA	25_1	70	82.5718598506888
342.857142857143	766.666666666667	74.6364879769496	0	74.6364879769496	DBCA	25_1	210	80.5406547414423
342.857142857143	800	73.870469765114	0	73.870469765114	DBCA	25_1	280	74.2721388357818
342.857142857143	833.333333333333	79.6388622428658	0	79.6388622428658	DBCA	25_2	0	79.6388622428658
342.857142857143	866.666666666667	81.8283176074241	0	81.8283176074241	DBCA	25_2	280	82.229986678092
342.857142857143	900	77.4044190051295	0	77.4044190051295	DBCA	25_2	140	85.0758068224524
342.857142857143	933.333333333333	75.1712390792728	0	75.1712390792728	DBCA	25_2	70	80.8745713084315
342.857142857143	966.666666666667	76.4926521020591	0	76.4926521020591	DBCA	25_2	210	82.3968188665517
357.142857142857	666.666666666667	82.61129247506	0	82.61129247506	DBCA	26_1	140	90.2826802923829
357.142857142857	700	75.414710832846	0	75.414710832846	DBCA	26_1	280	75.8163799035139
357.142857142857	733.333333333333	78.5485692699865	0	78.5485692699865	DBCA	26_1	210	84.4527360344792
357.142857142857	766.666666666667	79.832549790709	0	79.832549790709	DBCA	26_1	70	85.5358820198677
357.142857142857	800	75.0190637593068	0	75.0190637593068	DBCA	26_1	0	75.0190637593068
357.142857142857	833.333333333333	78.352488135414	0	78.352488135414	DBCA	26_2	140	86.0238759527369
357.142857142857	866.666666666667	79.8476579092129	0	79.8476579092129	DBCA	26_2	0	79.8476579092129
357.142857142857	900	77.5563908634536	0	77.5563908634536	DBCA	26_2	210	83.4605576279463
357.142857142857	933.333333333333	74.4918802131784	0	74.4918802131784	DBCA	26_2	280	74.8935492838463
357.142857142857	966.666666666667	78.8330944973435	0	78.8330944973435	DBCA	26_2	70	84.5364267265022
371.428571428571	666.666666666667	79.6752916386414	0	79.6752916386414	DBCA	27_1	70	85.3786238678001
371.428571428571	700	83.4357477589565	0	83.4357477589565	DBCA	27_1	140	91.1071355762794
371.428571428571	733.333333333333	78.3603382129818	0	78.3603382129818	DBCA	27_1	280	78.7620072836496
371.428571428571	766.666666666667	79.2294778901549	0	79.2294778901549	DBCA	27_1	210	85.1336446546475
371.428571428571	800	80.073993158367	0	80.073993158367	DBCA	27_1	0	80.073993158367
371.428571428571	833.333333333333	78.717915207287	0	78.717915207287	DBCA	27_2	280	79.1195842779549
371.428571428571	866.666666666667	80.6701212863818	0	80.6701212863818	DBCA	27_2	140	88.3415091037048
371.428571428571	900	77.6885301509124	0	77.6885301509124	DBCA	27_2	210	83.592696915405
371.428571428571	933.333333333333	76.200147929989	0	76.200147929989	DBCA	27_2	0	76.200147929989
371.428571428571	966.666666666667	78.5467314032213	0	78.5467314032213	DBCA	27_2	70	84.25006363238
385.714285714286	666.666666666667	80.7976567319205	0	80.7976567319205	DBCA	28_1	280	81.1993258025884
385.714285714286	700	84.3036617785988	0	84.3036617785988	DBCA	28_1	70	90.0069940077575
385.714285714286	733.333333333333	80.0780209098648	0	80.0780209098648	DBCA	28_1	140	87.7494087271878
385.714285714286	766.666666666667	81.4915503248669	0	81.4915503248669	DBCA	28_1	0	81.4915503248669
385.714285714286	800	79.6308975084444	0	79.6308975084444	DBCA	28_1	210	85.5350642729371
385.714285714286	833.333333333333	81.8875517867174	0	81.8875517867174	DBCA	28_2	210	87.7917185512101
385.714285714286	866.666666666667	76.6118391549137	0	76.6118391549137	DBCA	28_2	0	76.6118391549137
385.714285714286	900	75.3536888171452	0	75.3536888171452	DBCA	28_2	280	75.7553578878131
385.714285714286	933.333333333333	75.7757231012625	0	75.7757231012625	DBCA	28_2	70	81.4790553304212
385.714285714286	966.666666666667	79.5338222769707	0	79.5338222769707	DBCA	28_2	140	87.2052100942936
400	666.666666666667	78.9365760623778	0	78.9365760623778	DBCA	29_1	0	78.9365760623778
400	700	79.1495301074915	0	79.1495301074915	DBCA	29_1	140	86.8209179248145
400	733.333333333333	80.0579296764689	0	80.0579296764689	DBCA	29_1	280	80.4595987471368
400	766.666666666667	77.5346221495276	0	77.5346221495276	DBCA	29_1	70	83.2379543786863
400	800	81.7555774325843	0	81.7555774325843	DBCA	29_1	210	87.659744197077
400	833.333333333333	80.0167151866833	0	80.0167151866833	DBCA	29_2	70	85.720047415842
400	866.666666666667	80.7381057498068	0	80.7381057498068	DBCA	29_2	210	86.6422725142994
400	900	76.7267424489278	0	76.7267424489278	DBCA	29_2	280	77.1284115195957
400	933.333333333333	76.8154002786038	0	76.8154002786038	DBCA	29_2	140	84.4867880959267
400	966.666666666667	73.5394109743049	0	73.5394109743049	DBCA	29_2	0	73.5394109743049
28.5714285714286	666.666666666667	77.3379528598147	0	77.3379528598147	DBCA	3_1	140	85.0093406771376
28.5714285714286	700	79.9708464665986	0	79.9708464665986	DBCA	3_1	0	79.9708464665986
28.5714285714286	733.333333333333	78.7877826975277	0	78.7877826975277	DBCA	3_1	70	84.4911149266864
28.5714285714286	766.666666666667	79.7712005710952	0	79.7712005710952	DBCA	3_1	280	80.1728696417631
28.5714285714286	800	78.0548393129266	0	78.0548393129266	DBCA	3_1	210	83.9590060774193
28.5714285714286	833.333333333333	81.6960697603715	0	81.6960697603715	DBCA	3_2	70	87.3994019895302
28.5714285714286	866.666666666667	77.5481653381193	0	77.5481653381193	DBCA	3_2	140	85.2195531554423
28.5714285714286	900	79.0921738096147	0	79.0921738096147	DBCA	3_2	280	79.4938428802826
28.5714285714286	933.333333333333	80.2188219297727	0	80.2188219297727	DBCA	3_2	0	80.2188219297727
28.5714285714286	966.666666666667	78.9496976682411	0	78.9496976682411	DBCA	3_2	210	84.8538644327338
414.285714285714	666.666666666667	78.7741755673823	0	78.7741755673823	DBCA	30_1	280	79.1758446380502
414.285714285714	700	78.2945401244203	0	78.2945401244203	DBCA	30_1	0	78.2945401244203
414.285714285714	733.333333333333	78.5151355155048	0	78.5151355155048	DBCA	30_1	210	84.4193022799975
414.285714285714	766.666666666667	77.856780688344	0	77.856780688344	DBCA	30_1	70	83.5601129175027
414.285714285714	800	78.111274596142	0	78.111274596142	DBCA	30_1	140	85.782662413465
414.285714285714	833.333333333333	81.3072429625685	0	81.3072429625685	DBCA	30_2	280	81.7089120332363
414.285714285714	866.666666666667	79.8240365505645	0	79.8240365505645	DBCA	30_2	0	79.8240365505645
414.285714285714	900	79.6694378898044	0	79.6694378898044	DBCA	30_2	70	85.3727701189631
414.285714285714	933.333333333333	75.9559649428749	0	75.9559649428749	DBCA	30_2	210	81.8601317073676
414.285714285714	966.666666666667	78.9184058494567	0	78.9184058494567	DBCA	30_2	140	86.5897936667796
428.571428571429	666.666666666667	78.104877988372	0	78.104877988372	DBCA	31_1	0	78.104877988372
428.571428571429	700	78.6217534524121	0	78.6217534524121	DBCA	31_1	280	79.02342252308
428.571428571429	733.333333333333	79.8870362005691	0	79.8870362005691	DBCA	31_1	140	87.558424017892
428.571428571429	766.666666666667	78.8528437720777	0	78.8528437720777	DBCA	31_1	210	84.7570105365704
428.571428571429	800	77.6428322282806	0	77.6428322282806	DBCA	31_1	70	83.3461644574393
428.571428571429	833.333333333333	79.1291898462954	0	79.1291898462954	DBCA	31_2	140	86.8005776636183
428.571428571429	866.666666666667	78.3645002295428	0	78.3645002295428	DBCA	31_2	280	78.7661693002107
428.571428571429	900	77.8442467108919	0	77.8442467108919	DBCA	31_2	0	77.8442467108919
428.571428571429	933.333333333333	73.8200793307648	0	73.8200793307648	DBCA	31_2	70	79.5234115599235
428.571428571429	966.666666666667	75.1285302109246	0	75.1285302109246	DBCA	31_2	210	81.0326969754172
442.857142857143	666.666666666667	77.3927935436418	0	77.3927935436418	DBCA	32_1	140	85.0641813609647
442.857142857143	700	80.7617208160873	0	80.7617208160873	DBCA	32_1	0	80.7617208160873
442.857142857143	733.333333333333	78.2105413553789	0	78.2105413553789	DBCA	32_1	280	78.6122104260468
442.857142857143	766.666666666667	78.4336107845994	0	78.4336107845994	DBCA	32_1	210	84.3377775490921
442.857142857143	800	79.9698514406135	0	79.9698514406135	DBCA	32_1	70	85.6731836697722
442.857142857143	833.333333333333	80.7490512107251	0	80.7490512107251	DBCA	32_2	210	86.6532179752177
442.857142857143	866.666666666667	77.4317954295839	0	77.4317954295839	DBCA	32_2	70	83.1351276587426
442.857142857143	900	79.5907515107687	0	79.5907515107687	DBCA	32_2	140	87.2621393280917
442.857142857143	933.333333333333	76.9724068519301	0	76.9724068519301	DBCA	32_2	280	77.374075922598
442.857142857143	966.666666666667	71.5237791879189	0	71.5237791879189	DBCA	32_2	0	71.5237791879189
457.142857142857	666.666666666667	78.662088680237	0	78.662088680237	DBCA	33_1	70	84.3654209093957
457.142857142857	700	76.7842259069899	0	76.7842259069899	DBCA	33_1	140	84.4556137243128
457.142857142857	733.333333333333	79.7540807708514	0	79.7540807708514	DBCA	33_1	0	79.7540807708514
457.142857142857	766.666666666667	78.9549164596684	0	78.9549164596684	DBCA	33_1	210	84.8590832241611
457.142857142857	800	80.3563797057695	0	80.3563797057695	DBCA	33_1	280	80.7580487764374
457.142857142857	833.333333333333	79.8362221830766	0	79.8362221830766	DBCA	33_2	70	85.5395544122353
457.142857142857	866.666666666667	76.717316451398	0	76.717316451398	DBCA	33_2	0	76.717316451398
457.142857142857	900	81.2197712698129	0	81.2197712698129	DBCA	33_2	280	81.6214403404808
457.142857142857	933.333333333333	77.7341333610171	0	77.7341333610171	DBCA	33_2	140	85.40552117834
457.142857142857	966.666666666667	75.9796086028447	0	75.9796086028447	DBCA	33_2	210	81.8837753673373
471.428571428571	666.666666666667	78.3071134456255	0	78.3071134456255	DBCA	34_1	280	78.7087825162934
471.428571428571	700	79.6876504513666	0	79.6876504513666	DBCA	34_1	70	85.3909826805253
471.428571428571	733.333333333333	80.4227706012555	0	80.4227706012555	DBCA	34_1	140	88.0941584185784
471.428571428571	766.666666666667	80.2374250898399	0	80.2374250898399	DBCA	34_1	210	86.1415918543326
471.428571428571	800	78.5479812114504	0	78.5479812114504	DBCA	34_1	0	78.5479812114504
471.428571428571	833.333333333333	74.985225735588	0	74.985225735588	DBCA	34_2	280	75.3868948062558
471.428571428571	866.666666666667	77.6606735641859	0	77.6606735641859	DBCA	34_2	70	83.3640057933446
471.428571428571	900	80.4410940535275	0	80.4410940535275	DBCA	34_2	140	88.1124818708504
471.428571428571	933.333333333333	76.7690277447228	0	76.7690277447228	DBCA	34_2	210	82.6731945092154
471.428571428571	966.666666666667	79.8844872273544	0	79.8844872273544	DBCA	34_2	0	79.8844872273544
485.714285714286	666.666666666667	79.5347631914508	0	79.5347631914508	DBCA	35_1	70	85.2380954206095
485.714285714286	700	78.4494644187474	0	78.4494644187474	DBCA	35_1	0	78.4494644187474
485.714285714286	733.333333333333	78.5095510001456	0	78.5095510001456	DBCA	35_1	140	86.1809388174685
485.714285714286	766.666666666667	82.5739080362175	0	82.5739080362175	DBCA	35_1	280	82.9755771068854
485.714285714286	800	76.5053232163506	0	76.5053232163506	DBCA	35_1	210	82.4094899808432
485.714285714286	833.333333333333	79.4841707045352	0	79.4841707045352	DBCA	35_2	280	79.8858397752031
485.714285714286	866.666666666667	74.4517819409265	0	74.4517819409265	DBCA	35_2	140	82.1231697582494
485.714285714286	900	81.9796892159231	0	81.9796892159231	DBCA	35_2	70	87.6830214450818
485.714285714286	933.333333333333	79.6817922394612	0	79.6817922394612	DBCA	35_2	0	79.6817922394612
485.714285714286	966.666666666667	78.7691412618035	0	78.7691412618035	DBCA	35_2	210	84.6733080262962
500	666.666666666667	78.7460154063948	0	78.7460154063948	DBCA	36_1	210	84.6501821708875
500	700	79.3057880611489	0	79.3057880611489	DBCA	36_1	280	79.7074571318168
500	733.333333333333	81.816848870931	0	81.816848870931	DBCA	36_1	140	89.4882366882539
500	766.666666666667	81.4651465773943	0	81.4651465773943	DBCA	36_1	70	87.168478806553
500	800	76.6478087342282	0	76.6478087342282	DBCA	36_1	0	76.6478087342282
500	833.333333333333	77.7346322901257	0	77.7346322901257	DBCA	36_2	280	78.1363013607936
500	866.666666666667	78.7765377252661	0	78.7765377252661	DBCA	36_2	0	78.7765377252661
500	900	80.5807214333625	0	80.5807214333625	DBCA	36_2	140	88.2521092506854
500	933.333333333333	79.5512306482894	0	79.5512306482894	DBCA	36_2	210	85.4553974127821
500	966.666666666667	77.3031568347541	0	77.3031568347541	DBCA	36_2	70	83.0064890639128
514.285714285714	666.666666666667	78.2369555296358	24.6	102.836955529636	DBCA	37_1	0	102.836955529636
514.285714285714	700	80.4517749245571	24.6	105.051774924557	DBCA	37_1	140	124.43276274188
514.285714285714	733.333333333333	80.7607321896605	24.6	105.36073218966	DBCA	37_1	210	128.829298954153
514.285714285714	766.666666666667	78.4347458103081	24.6	103.034745810308	DBCA	37_1	70	114.592878039467
514.285714285714	800	80.5378534838584	24.6	105.137853483858	DBCA	37_1	280	128.958722554526
514.285714285714	833.333333333333	75.1269553781232	24.6	99.7269553781232	DBCA	37_2	140	119.107943195446
514.285714285714	866.666666666667	79.4256949110327	24.6	104.025694911033	DBCA	37_2	70	115.583827140191
514.285714285714	900	80.3130150675174	24.6	104.913015067517	DBCA	37_2	0	104.913015067517
514.285714285714	933.333333333333	74.9106887242279	24.6	99.5106887242279	DBCA	37_2	280	123.331557794896
514.285714285714	966.666666666667	76.5034082547709	24.6	101.103408254771	DBCA	37_2	210	124.571975019264
528.571428571429	666.666666666667	77.991465022566	24.6	102.591465022566	DBCA	38_1	280	126.412334093234
528.571428571429	700	81.6014894662981	24.6	106.201489466298	DBCA	38_1	70	117.759621695457
528.571428571429	733.333333333333	80.7655486115034	24.6	105.365548611503	DBCA	38_1	210	128.834115375996
528.571428571429	766.666666666667	84.5333597195526	24.6	109.133359719553	DBCA	38_1	0	109.133359719553
528.571428571429	800	81.0186712818027	24.6	105.618671281803	DBCA	38_1	140	124.999659099126
528.571428571429	833.333333333333	79.2113092894071	24.6	103.811309289407	DBCA	38_2	210	127.2798760539
528.571428571429	866.666666666667	82.5450437869583	24.6	107.145043786958	DBCA	38_2	280	130.965912857626
528.571428571429	900	79.867183164832	24.6	104.467183164832	DBCA	38_2	140	123.848170982155
528.571428571429	933.333333333333	78.9980129051956	24.6	103.598012905196	DBCA	38_2	0	103.598012905196
528.571428571429	966.666666666667	77.9561839839275	24.6	102.556183983927	DBCA	38_2	70	114.114316213086
542.857142857143	666.666666666667	80.1253297218301	24.6	104.72532972183	DBCA	39_1	0	104.72532972183
542.857142857143	700	78.3806285942718	24.6	102.980628594272	DBCA	39_1	210	126.449195358764
542.857142857143	733.333333333333	79.7748096500953	24.6	104.374809650095	DBCA	39_1	140	123.755797467418
542.857142857143	766.666666666667	83.7906135622914	24.6	108.390613562291	DBCA	39_1	70	119.94874579145
542.857142857143	800	82.0864269594047	24.6	106.686426959405	DBCA	39_1	280	130.507296030073
542.857142857143	833.333333333333	78.4019189113914	24.6	103.001918911391	DBCA	39_2	280	126.822787982059
542.857142857143	866.666666666667	85.0780601696704	24.6	109.67806016967	DBCA	39_2	0	109.67806016967
542.857142857143	900	76.1893277451831	24.6	100.789327745183	DBCA	39_2	70	112.347459974342
542.857142857143	933.333333333333	74.6366934901229	24.6	99.2366934901229	DBCA	39_2	210	122.705260254616
542.857142857143	966.666666666667	74.9862893915393	24.6	99.5862893915393	DBCA	39_2	140	118.967277208862
42.8571428571429	666.666666666667	78.3437154953477	0	78.3437154953477	DBCA	4_1	210	84.2478822598404
42.8571428571429	700	77.1224226834906	0	77.1224226834906	DBCA	4_1	70	82.8257549126493
42.8571428571429	733.333333333333	78.8976944955809	0	78.8976944955809	DBCA	4_1	280	79.2993635662488
42.8571428571429	766.666666666667	77.4672024529334	0	77.4672024529334	DBCA	4_1	0	77.4672024529334
42.8571428571429	800	76.8475302936062	0	76.8475302936062	DBCA	4_1	140	84.5189181109291
42.8571428571429	833.333333333333	77.8856135133937	0	77.8856135133937	DBCA	4_2	0	77.8856135133937
42.8571428571429	866.666666666667	80.2042602123807	0	80.2042602123807	DBCA	4_2	140	87.8756480297036
42.8571428571429	900	79.4029981708265	0	79.4029981708265	DBCA	4_2	210	85.3071649353191
42.8571428571429	933.333333333333	77.0098045176752	0	77.0098045176752	DBCA	4_2	280	77.4114735883431
42.8571428571429	966.666666666667	79.555957637431	0	79.555957637431	DBCA	4_2	70	85.2592898665897
557.142857142857	666.666666666667	79.4210387700163	24.6	104.021038770016	DBCA	40_1	70	115.579170999175
557.142857142857	700	75.7946959915348	24.6	100.394695991535	DBCA	40_1	280	124.215565062203
557.142857142857	733.333333333333	80.2964163865724	24.6	104.896416386572	DBCA	40_1	140	124.277404203895
557.142857142857	766.666666666667	80.3350433497613	24.6	104.935043349761	DBCA	40_1	210	128.403610114254
557.142857142857	800	79.4479637535131	24.6	104.047963753513	DBCA	40_1	0	104.047963753513
557.142857142857	833.333333333333	81.8489008852943	24.6	106.448900885294	DBCA	40_2	210	129.917467649787
557.142857142857	866.666666666667	84.1691898000825	24.6	108.769189800083	DBCA	40_2	70	120.327322029241
557.142857142857	900	76.6009778087395	24.6	101.200977808739	DBCA	40_2	280	125.021846879407
557.142857142857	933.333333333333	76.1826981487759	24.6	100.782698148776	DBCA	40_2	140	120.163685966099
557.142857142857	966.666666666667	76.346723884126	24.6	100.946723884126	DBCA	40_2	0	100.946723884126
571.428571428571	666.666666666667	78.252569465118	24.6	102.852569465118	DBCA	41_1	140	122.233557282441
571.428571428571	700	76.8981827967107	24.6	101.498182796711	DBCA	41_1	70	113.056315025869
571.428571428571	733.333333333333	81.4401674861052	24.6	106.040167486105	DBCA	41_1	210	129.508734250598
571.428571428571	766.666666666667	80.6764894506945	24.6	105.276489450695	DBCA	41_1	0	105.276489450695
571.428571428571	800	77.9275530086951	24.6	102.527553008695	DBCA	41_1	280	126.348422079363
571.428571428571	833.333333333333	82.5241846068452	24.6	107.124184606845	DBCA	41_2	140	126.505172424168
571.428571428571	866.666666666667	81.3834699872119	24.6	105.983469987212	DBCA	41_2	70	117.541602216371
571.428571428571	900	77.6362629881594	24.6	102.236262988159	DBCA	41_2	210	125.704829752652
571.428571428571	933.333333333333	78.2860884420044	24.6	102.886088442004	DBCA	41_2	280	126.706957512672
571.428571428571	966.666666666667	80.0271316093648	24.6	104.627131609365	DBCA	41_2	0	104.627131609365
585.714285714286	666.666666666667	77.4547166835042	24.6	102.054716683504	DBCA	42_1	280	125.875585754172
585.714285714286	700	79.5536821866646	24.6	104.153682186665	DBCA	42_1	0	104.153682186665
585.714285714286	733.333333333333	78.7586747231524	24.6	103.358674723152	DBCA	42_1	140	122.739662540475
585.714285714286	766.666666666667	80.7908479434844	24.6	105.390847943484	DBCA	42_1	70	116.948980172643
585.714285714286	800	78.2844807776834	24.6	102.884480777683	DBCA	42_1	210	126.353047542176
585.714285714286	833.333333333333	81.4206020900563	24.6	106.020602090056	DBCA	42_2	280	129.841471160724
585.714285714286	866.666666666667	82.0015289477167	24.6	106.601528947717	DBCA	42_2	140	125.98251676504
585.714285714286	900	79.5440932476698	24.6	104.14409324767	DBCA	42_2	210	127.612660012162
585.714285714286	933.333333333333	78.6296204784791	24.6	103.229620478479	DBCA	42_2	0	103.229620478479
585.714285714286	966.666666666667	81.1713493093755	24.6	105.771349309376	DBCA	42_2	70	117.329481538534
600	666.666666666667	78.1665196017286	24.6	102.766519601729	DBCA	43_1	210	126.235086366221
600	700	81.7669003085015	24.6	106.366900308501	DBCA	43_1	0	106.366900308501
600	733.333333333333	80.5846719942593	24.6	105.184671994259	DBCA	43_1	140	124.565659811582
600	766.666666666667	81.3827433772091	24.6	105.982743377209	DBCA	43_1	280	129.803612447877
600	800	79.767724384392	24.6	104.367724384392	DBCA	43_1	70	115.925856613551
600	833.333333333333	82.3500780201139	24.6	106.950078020114	DBCA	43_2	0	106.950078020114
600	866.666666666667	78.4894352234673	24.6	103.089435223467	DBCA	43_2	70	114.647567452626
600	900	81.7158644168945	24.6	106.315864416894	DBCA	43_2	210	129.784431181387
600	933.333333333333	81.3741726851521	24.6	105.974172685152	DBCA	43_2	280	129.79504175582
600	966.666666666667	79.4205095494695	24.6	104.02050954947	DBCA	43_2	140	123.401497366792
614.285714285714	666.666666666667	78.2263542159107	24.6	102.826354215911	DBCA	44_1	0	102.826354215911
614.285714285714	700	78.8286572230673	24.6	103.428657223067	DBCA	44_1	140	122.80964504039
614.285714285714	733.333333333333	82.7182930819996	24.6	107.318293082	DBCA	44_1	280	131.139162152667
614.285714285714	766.666666666667	81.5244994385615	24.6	106.124499438561	DBCA	44_1	210	129.593066203054
614.285714285714	800	81.6665841673872	24.6	106.266584167387	DBCA	44_1	70	117.824716396546
614.285714285714	833.333333333333	81.9781246863654	24.6	106.578124686365	DBCA	44_2	70	118.136256915524
614.285714285714	866.666666666667	77.7868202210336	24.6	102.386820221034	DBCA	44_2	0	102.386820221034
614.285714285714	900	80.6863731574366	24.6	105.286373157437	DBCA	44_2	210	128.754939921929
614.285714285714	933.333333333333	82.2228692246182	24.6	106.822869224618	DBCA	44_2	140	126.203857041941
614.285714285714	966.666666666667	79.0703355513937	24.6	103.670335551394	DBCA	44_2	280	127.491204622062
628.571428571429	666.666666666667	77.7808422463913	24.6	102.380842246391	DBCA	45_1	210	125.849409010884
628.571428571429	700	82.6612975523244	24.6	107.261297552324	DBCA	45_1	140	126.642285369647
628.571428571429	733.333333333333	81.1337855150809	24.6	105.733785515081	DBCA	45_1	70	117.29191774424
628.571428571429	766.666666666667	82.5122605126819	24.6	107.112260512682	DBCA	45_1	280	130.93312958335
628.571428571429	800	78.823884860292	24.6	103.423884860292	DBCA	45_1	0	103.423884860292
628.571428571429	833.333333333333	81.5923110615467	24.6	106.192311061547	DBCA	45_2	210	129.660877826039
628.571428571429	866.666666666667	78.6314765466621	24.6	103.231476546662	DBCA	45_2	280	127.05234561733
628.571428571429	900	83.4540499495561	24.6	108.054049949556	DBCA	45_2	70	119.612182178715
628.571428571429	933.333333333333	81.4485167983117	24.6	106.048516798312	DBCA	45_2	140	125.429504615635
628.571428571429	966.666666666667	80.7770630898436	24.6	105.377063089844	DBCA	45_2	0	105.377063089844
642.857142857143	666.666666666667	77.8996016399194	24.6	102.499601639919	DBCA	46_1	210	125.968168404412
642.857142857143	700	83.3027087656507	24.6	107.902708765651	DBCA	46_1	140	127.283696582974
642.857142857143	733.333333333333	81.7816799434438	24.6	106.381679943444	DBCA	46_1	70	117.939812172602
642.857142857143	766.666666666667	82.8148260404697	24.6	107.41482604047	DBCA	46_1	280	131.235695111138
642.857142857143	800	78.994777558837	24.6	103.594777558837	DBCA	46_1	0	103.594777558837
642.857142857143	833.333333333333	80.6652417105853	24.6	105.265241710585	DBCA	46_2	70	116.823373939744
642.857142857143	866.666666666667	79.8881054097571	24.6	104.488105409757	DBCA	46_2	210	127.95667217425
642.857142857143	900	80.2984090599961	24.6	104.898409059996	DBCA	46_2	280	128.719278130664
642.857142857143	933.333333333333	85.0669041577353	24.6	109.666904157735	DBCA	46_2	140	129.047891975058
642.857142857143	966.666666666667	81.1695697596533	24.6	105.769569759653	DBCA	46_2	0	105.769569759653
657.142857142857	666.666666666667	80.1638231842967	24.6	104.763823184297	DBCA	47_1	0	104.763823184297
657.142857142857	700	81.2168467340834	24.6	105.816846734083	DBCA	47_1	280	129.637715804751
657.142857142857	733.333333333333	81.0674101398356	24.6	105.667410139836	DBCA	47_1	210	129.135976904328
657.142857142857	766.666666666667	84.0139347718012	24.6	108.613934771801	DBCA	47_1	140	127.994922589124
657.142857142857	800	84.1500652119143	24.6	108.750065211914	DBCA	47_1	70	120.308197441073
657.142857142857	833.333333333333	81.4413546677925	24.6	106.041354667792	DBCA	47_2	0	106.041354667792
657.142857142857	866.666666666667	82.9721044063832	24.6	107.572104406383	DBCA	47_2	140	126.953092223706
657.142857142857	900	81.565713345346	24.6	106.165713345346	DBCA	47_2	70	117.723845574505
657.142857142857	933.333333333333	85.1245646425465	24.6	109.724564642546	DBCA	47_2	210	133.193131407039
657.142857142857	966.666666666667	86.432237203775	24.6	111.032237203775	DBCA	47_2	280	134.853106274443
671.428571428571	666.666666666667	79.6762196875805	24.6	104.27621968758	DBCA	48_1	140	123.657207504903
671.428571428571	700	82.1689832679588	24.6	106.768983267959	DBCA	48_1	280	130.589852338627
671.428571428571	733.333333333333	80.3619176008031	24.6	104.961917600803	DBCA	48_1	0	104.961917600803
671.428571428571	766.666666666667	82.2705422680646	24.6	106.870542268065	DBCA	48_1	210	130.339109032557
671.428571428571	800	82.3364839808143	24.6	106.936483980814	DBCA	48_1	70	118.494616209973
671.428571428571	833.333333333333	79.3994917707683	24.6	103.999491770768	DBCA	48_2	70	115.557623999927
671.428571428571	866.666666666667	85.4604731287119	24.6	110.060473128712	DBCA	48_2	280	133.88134219938
671.428571428571	900	80.8610296409191	24.6	105.461029640919	DBCA	48_2	0	105.461029640919
671.428571428571	933.333333333333	79.4408939513279	24.6	104.040893951328	DBCA	48_2	210	127.509460715821
671.428571428571	966.666666666667	84.8815266478626	24.6	109.481526647863	DBCA	48_2	140	128.862514465185
685.714285714286	666.666666666667	79.5651187585619	24.6	104.165118758562	DBCA	49_1	70	115.723250987721
685.714285714286	700	80.4896336727848	24.6	105.089633672785	DBCA	49_1	210	128.558200437277
685.714285714286	733.333333333333	79.658070881047	24.6	104.258070881047	DBCA	49_1	140	123.63905869837
685.714285714286	766.666666666667	80.0750887519666	24.6	104.675088751967	DBCA	49_1	280	128.495957822634
685.714285714286	800	80.8834929782706	24.6	105.483492978271	DBCA	49_1	0	105.483492978271
685.714285714286	833.333333333333	81.3191337462381	24.6	105.919133746238	DBCA	49_2	210	129.387700510731
685.714285714286	866.666666666667	79.4550198231685	24.6	104.055019823169	DBCA	49_2	70	115.613152052327
685.714285714286	900	78.9400713258818	24.6	103.540071325882	DBCA	49_2	0	103.540071325882
685.714285714286	933.333333333333	82.0751889564748	24.6	106.675188956475	DBCA	49_2	280	130.496058027143
685.714285714286	966.666666666667	83.9461157549999	24.6	108.546115755	DBCA	49_2	140	127.927103572323
57.1428571428571	666.666666666667	77.9627110636376	0	77.9627110636376	DBCA	5_1	0	77.9627110636376
57.1428571428571	700	77.0909847967433	0	77.0909847967433	DBCA	5_1	280	77.4926538674112
57.1428571428571	733.333333333333	77.3260480278865	0	77.3260480278865	DBCA	5_1	70	83.0293802570452
57.1428571428571	766.666666666667	78.8905013730248	0	78.8905013730248	DBCA	5_1	210	84.7946681375174
57.1428571428571	800	77.2655080544772	0	77.2655080544772	DBCA	5_1	140	84.9368958718001
57.1428571428571	833.333333333333	80.628919122816	0	80.628919122816	DBCA	5_2	70	86.3322513519747
57.1428571428571	866.666666666667	77.0456179632483	0	77.0456179632483	DBCA	5_2	210	82.9497847277409
57.1428571428571	900	80.6860141238346	0	80.6860141238346	DBCA	5_2	0	80.6860141238346
57.1428571428571	933.333333333333	80.4812616148061	0	80.4812616148061	DBCA	5_2	280	80.8829306854739
57.1428571428571	966.666666666667	79.1420291425207	0	79.1420291425207	DBCA	5_2	140	86.8134169598436
700	666.666666666667	83.3803260485079	24.6	107.980326048508	DBCA	50_1	0	107.980326048508
700	700	79.8643768843403	24.6	104.46437688434	DBCA	50_1	210	127.932943648833
700	733.333333333333	76.0036193001791	24.6	100.603619300179	DBCA	50_1	280	124.424488370847
700	766.666666666667	81.0745053925642	24.6	105.674505392564	DBCA	50_1	70	117.232637621723
700	800	81.9312899351599	24.6	106.53128993516	DBCA	50_1	140	125.912277752483
700	833.333333333333	82.183114093327	24.6	106.783114093327	DBCA	50_2	0	106.783114093327
700	866.666666666667	82.063982828727	24.6	106.663982828727	DBCA	50_2	140	126.04497064605
700	900	78.1815776785747	24.6	102.781577678575	DBCA	50_2	280	126.602446749243
700	933.333333333333	79.8107923102928	24.6	104.410792310293	DBCA	50_2	210	127.879359074785
700	966.666666666667	80.2598518579388	24.6	104.859851857939	DBCA	50_2	70	116.417984087098
714.285714285714	666.666666666667	81.8557596578675	24.6	106.455759657868	DBCA	51_1	210	129.92432642236
714.285714285714	700	83.0691340631219	24.6	107.669134063122	DBCA	51_1	280	131.49000313379
714.285714285714	733.333333333333	78.743950906186	24.6	103.343950906186	DBCA	51_1	70	114.902083135345
714.285714285714	766.666666666667	78.1112176687199	24.6	102.71121766872	DBCA	51_1	140	122.092205486043
714.285714285714	800	77.5487579028126	24.6	102.148757902813	DBCA	51_1	0	102.148757902813
714.285714285714	833.333333333333	80.3030104638805	24.6	104.90301046388	DBCA	51_2	210	128.371577228373
714.285714285714	866.666666666667	83.0691671675364	24.6	107.669167167536	DBCA	51_2	140	127.050154984859
714.285714285714	900	78.6138590349326	24.6	103.213859034933	DBCA	51_2	70	114.771991264091
714.285714285714	933.333333333333	80.0268609930002	24.6	104.626860993	DBCA	51_2	280	128.447730063668
714.285714285714	966.666666666667	84.1437257721383	24.6	108.743725772138	DBCA	51_2	0	108.743725772138
728.571428571429	666.666666666667	83.9236768451203	24.6	108.52367684512	DBCA	52_1	70	120.081809074279
728.571428571429	700	82.4769565104717	24.6	107.076956510472	DBCA	52_1	140	126.457944327795
728.571428571429	733.333333333333	78.39391245353	24.6	102.99391245353	DBCA	52_1	210	126.462479218023
728.571428571429	766.666666666667	79.8831792158178	24.6	104.483179215818	DBCA	52_1	0	104.483179215818
728.571428571429	800	79.9633603738618	24.6	104.563360373862	DBCA	52_1	280	128.38422944453
728.571428571429	833.333333333333	78.9084942245245	24.6	103.508494224524	DBCA	52_2	280	127.329363295192
728.571428571429	866.666666666667	82.0889838290149	24.6	106.688983829015	DBCA	52_2	70	118.247116058174
728.571428571429	900	75.9536293262168	24.6	100.553629326217	DBCA	52_2	0	100.553629326217
728.571428571429	933.333333333333	81.1121522177652	24.6	105.712152217765	DBCA	52_2	210	129.180718982258
728.571428571429	966.666666666667	80.3985538398712	24.6	104.998553839871	DBCA	52_2	140	124.379541657194
742.857142857143	666.666666666667	84.2118715254112	24.6	108.811871525411	DBCA	53_1	70	120.37000375457
742.857142857143	700	82.841975702761	24.6	107.441975702761	DBCA	53_1	140	126.822963520084
742.857142857143	733.333333333333	81.4075325096894	24.6	106.007532509689	DBCA	53_1	280	129.828401580357
742.857142857143	766.666666666667	80.0924522807885	24.6	104.692452280788	DBCA	53_1	0	104.692452280788
742.857142857143	800	83.0117944560685	24.6	107.611794456068	DBCA	53_1	210	131.080361220561
742.857142857143	833.333333333333	81.5686442017235	24.6	106.168644201723	DBCA	53_2	70	117.726776430882
742.857142857143	866.666666666667	83.7528978648377	24.6	108.352897864838	DBCA	53_2	280	132.173766935506
742.857142857143	900	80.4417663659487	24.6	105.041766365949	DBCA	53_2	140	124.422754183272
742.857142857143	933.333333333333	84.8927660313415	24.6	109.492766031341	DBCA	53_2	0	109.492766031341
742.857142857143	966.666666666667	83.0378583727449	24.6	107.637858372745	DBCA	53_2	210	131.106425137238
757.142857142857	666.666666666667	84.2619876721704	24.6	108.86198767217	DBCA	54_1	280	132.682856742838
757.142857142857	700	80.0936753296368	24.6	104.693675329637	DBCA	54_1	210	128.162242094129
757.142857142857	733.333333333333	81.557228696188	24.6	106.157228696188	DBCA	54_1	70	117.715360925347
757.142857142857	766.666666666667	79.8909487241828	24.6	104.490948724183	DBCA	54_1	0	104.490948724183
757.142857142857	800	80.4589202424842	24.6	105.058920242484	DBCA	54_1	140	124.439908059807
757.142857142857	833.333333333333	83.3924024026763	24.6	107.992402402676	DBCA	54_2	140	127.373390219999
757.142857142857	866.666666666667	84.3936529850652	24.6	108.993652985065	DBCA	54_2	0	108.993652985065
757.142857142857	900	79.3567939430728	24.6	103.956793943073	DBCA	54_2	280	127.777663013741
757.142857142857	933.333333333333	85.2732082051848	24.6	109.873208205185	DBCA	54_2	70	121.431340434343
757.142857142857	966.666666666667	79.9517784351205	24.6	104.55177843512	DBCA	54_2	210	128.020345199613
771.428571428571	666.666666666667	83.3053278377031	24.6	107.905327837703	DBCA	55_1	70	119.463460066862
771.428571428571	700	80.1849354676987	24.6	104.784935467699	DBCA	55_1	140	124.165923285022
771.428571428571	733.333333333333	80.6310766090802	24.6	105.23107660908	DBCA	55_1	0	105.23107660908
771.428571428571	766.666666666667	79.4731198597947	24.6	104.073119859795	DBCA	55_1	210	127.541686624287
771.428571428571	800	77.8976769591437	24.6	102.497676959144	DBCA	55_1	280	126.318546029812
771.428571428571	833.333333333333	82.3824291427049	24.6	106.982429142705	DBCA	55_2	280	130.803298213373
771.428571428571	866.666666666667	84.6940222863949	24.6	109.294022286395	DBCA	55_2	70	120.852154515554
771.428571428571	900	78.870434621484	24.6	103.470434621484	DBCA	55_2	0	103.470434621484
771.428571428571	933.333333333333	82.7424206613297	24.6	107.34242066133	DBCA	55_2	210	130.810987425822
771.428571428571	966.666666666667	80.8535212588683	24.6	105.453521258868	DBCA	55_2	140	124.834509076191
785.714285714286	666.666666666667	81.5245252779975	24.6	106.124525277997	DBCA	56_1	280	129.945394348665
785.714285714286	700	79.4296302808653	24.6	104.029630280865	DBCA	56_1	210	127.498197045358
785.714285714286	733.333333333333	82.1866870543285	24.6	106.786687054329	DBCA	56_1	0	106.786687054329
785.714285714286	766.666666666667	78.5312295900418	24.6	103.131229590042	DBCA	56_1	140	122.512217407365
785.714285714286	800	76.6533864622802	24.6	101.25338646228	DBCA	56_1	70	112.811518691439
785.714285714286	833.333333333333	85.519106201987	24.6	110.119106201987	DBCA	56_2	70	121.677238431146
785.714285714286	866.666666666667	84.0360408492606	24.6	108.636040849261	DBCA	56_2	210	132.104607613753
785.714285714286	900	77.3639433730543	24.6	101.963943373054	DBCA	56_2	280	125.784812443722
785.714285714286	933.333333333333	81.040517394949	24.6	105.640517394949	DBCA	56_2	140	125.021505212272
785.714285714286	966.666666666667	80.5486294990392	24.6	105.148629499039	DBCA	56_2	0	105.148629499039
800	666.666666666667	84.9214300767268	24.6	109.521430076727	DBCA	57_1	0	109.521430076727
800	700	79.7385655574704	24.6	104.33856555747	DBCA	57_1	140	123.719553374793
800	733.333333333333	77.8042899424269	24.6	102.404289942427	DBCA	57_1	70	113.962422171586
800	766.666666666667	77.0599127133032	24.6	101.659912713303	DBCA	57_1	280	125.480781783971
800	800	81.0408761687252	24.6	105.640876168725	DBCA	57_1	210	129.109442933218
800	833.333333333333	82.9278077961663	24.6	107.527807796166	DBCA	57_2	280	131.348676866834
800	866.666666666667	82.4749408293682	24.6	107.074940829368	DBCA	57_2	140	126.455928646691
800	900	78.8197099777014	24.6	103.419709977701	DBCA	57_2	0	103.419709977701
800	933.333333333333	81.6474747870012	24.6	106.247474787001	DBCA	57_2	70	117.80560701616
800	966.666666666667	82.6549490387621	24.6	107.254949038762	DBCA	57_2	210	130.723515803255
814.285714285714	666.666666666667	79.7397752194213	24.6	104.339775219421	DBCA	58_1	280	128.160644290089
814.285714285714	700	80.8011844468264	24.6	105.401184446826	DBCA	58_1	70	116.959316675985
814.285714285714	733.333333333333	77.234962818065	24.6	101.834962818065	DBCA	58_1	140	121.215950635388
814.285714285714	766.666666666667	77.6870845615352	24.6	102.287084561535	DBCA	58_1	210	125.755651326028
814.285714285714	800	78.8396679438153	24.6	103.439667943815	DBCA	58_1	0	103.439667943815
814.285714285714	833.333333333333	80.2962519783764	24.6	104.896251978376	DBCA	58_2	70	116.454384207535
814.285714285714	866.666666666667	83.3940196374377	24.6	107.994019637438	DBCA	58_2	0	107.994019637438
814.285714285714	900	78.2013171565853	24.6	102.801317156585	DBCA	58_2	280	126.622186227253
814.285714285714	933.333333333333	79.0755319774391	24.6	103.675531977439	DBCA	58_2	140	123.056519794762
814.285714285714	966.666666666667	81.5659746106142	24.6	106.165974610614	DBCA	58_2	210	129.634541375107
828.571428571429	666.666666666667	83.7018178209643	24.6	108.301817820964	DBCA	59_1	70	119.859950050123
828.571428571429	700	80.0590003401077	24.6	104.659000340108	DBCA	59_1	140	124.039988157431
828.571428571429	733.333333333333	77.3703236059397	24.6	101.97032360594	DBCA	59_1	210	125.438890370432
828.571428571429	766.666666666667	79.5726449066257	24.6	104.172644906626	DBCA	59_1	280	127.993513977294
828.571428571429	800	78.1743083587081	24.6	102.774308358708	DBCA	59_1	0	102.774308358708
828.571428571429	833.333333333333	80.3213217574457	24.6	104.921321757446	DBCA	59_2	70	116.479453986604
828.571428571429	866.666666666667	81.1792559326942	24.6	105.779255932694	DBCA	59_2	210	129.247822697187
828.571428571429	900	74.894127931749	24.6	99.494127931749	DBCA	59_2	140	118.875115749072
828.571428571429	933.333333333333	81.6928891310236	24.6	106.292889131024	DBCA	59_2	0	106.292889131024
828.571428571429	966.666666666667	81.5834508889359	24.6	106.183450888936	DBCA	59_2	280	130.004319959604
71.4285714285714	666.666666666667	76.126702658884	0	76.126702658884	DBCA	6_1	210	82.0308694233767
71.4285714285714	700	81.3043089130964	0	81.3043089130964	DBCA	6_1	140	88.9756967304193
71.4285714285714	733.333333333333	76.1603165130996	0	76.1603165130996	DBCA	6_1	70	81.8636487422583
71.4285714285714	766.666666666667	78.6617001670904	0	78.6617001670904	DBCA	6_1	280	79.0633692377583
71.4285714285714	800	76.7088804287606	0	76.7088804287606	DBCA	6_1	0	76.7088804287606
71.4285714285714	833.333333333333	83.7520809471373	0	83.7520809471373	DBCA	6_2	280	84.1537500178052
71.4285714285714	866.666666666667	78.478527334466	0	78.478527334466	DBCA	6_2	0	78.478527334466
71.4285714285714	900	78.2929135490394	0	78.2929135490394	DBCA	6_2	140	85.9643013663623
71.4285714285714	933.333333333333	78.7260199013169	0	78.7260199013169	DBCA	6_2	210	84.6301866658096
71.4285714285714	966.666666666667	82.3060620924101	0	82.3060620924101	DBCA	6_2	70	88.0093943215688
842.857142857143	666.666666666667	83.4279616622648	24.6	108.027961662265	DBCA	60_1	140	127.408949479588
842.857142857143	700	83.7355538915906	24.6	108.335553891591	DBCA	60_1	70	119.893686120749
842.857142857143	733.333333333333	80.1860667616264	24.6	104.786066761626	DBCA	60_1	280	128.606935832294
842.857142857143	766.666666666667	80.3075204203197	24.6	104.90752042032	DBCA	60_1	0	104.90752042032
842.857142857143	800	78.8051230600749	24.6	103.405123060075	DBCA	60_1	210	126.873689824568
842.857142857143	833.333333333333	82.1627825735629	24.6	106.762782573563	DBCA	60_2	0	106.762782573563
842.857142857143	866.666666666667	77.5666867630732	24.6	102.166686763073	DBCA	60_2	140	121.547674580396
842.857142857143	900	79.6481598336733	24.6	104.248159833673	DBCA	60_2	210	127.716726598166
842.857142857143	933.333333333333	79.8697790645446	24.6	104.469779064545	DBCA	60_2	280	128.290648135213
842.857142857143	966.666666666667	79.4910782556395	24.6	104.091078255639	DBCA	60_2	70	115.649210484798
857.142857142857	666.666666666667	82.1977050042049	24.6	106.797705004205	DBCA	61_1	140	126.178692821528
857.142857142857	700	87.6612500175272	24.6	112.261250017527	DBCA	61_1	280	136.082119088195
857.142857142857	733.333333333333	82.4853097137647	24.6	107.085309713765	DBCA	61_1	0	107.085309713765
857.142857142857	766.666666666667	82.7836088156228	24.6	107.383608815623	DBCA	61_1	70	118.941741044782
857.142857142857	800	78.244866360307	24.6	102.844866360307	DBCA	61_1	210	126.3134331248
857.142857142857	833.333333333333	79.9736178286248	24.6	104.573617828625	DBCA	61_2	140	123.954605645948
857.142857142857	866.666666666667	77.3171143439178	24.6	101.917114343918	DBCA	61_2	70	113.475246573077
857.142857142857	900	76.7584714648897	24.6	101.35847146489	DBCA	61_2	0	101.35847146489
857.142857142857	933.333333333333	82.1615155198199	24.6	106.76151551982	DBCA	61_2	280	130.582384590488
857.142857142857	966.666666666667	78.1888881875108	24.6	102.788888187511	DBCA	61_2	210	126.257454952003
871.428571428571	666.666666666667	85.761840246365	24.6	110.361840246365	DBCA	62_1	280	134.182709317033
871.428571428571	700	79.9088303801263	24.6	104.508830380126	DBCA	62_1	0	104.508830380126
871.428571428571	733.333333333333	79.9876472861972	24.6	104.587647286197	DBCA	62_1	210	128.05621405069
871.428571428571	766.666666666667	80.6291760987313	24.6	105.229176098731	DBCA	62_1	70	116.78730832789
871.428571428571	800	77.9457051057286	24.6	102.545705105729	DBCA	62_1	140	121.926692923052
871.428571428571	833.333333333333	77.1100755677327	24.6	101.710075567733	DBCA	62_2	70	113.268207796891
871.428571428571	866.666666666667	78.2329143719027	24.6	102.832914371903	DBCA	62_2	210	126.301481136395
871.428571428571	900	71.6243044889329	24.6	96.2243044889329	DBCA	62_2	140	115.605292306256
871.428571428571	933.333333333333	80.5250522973146	24.6	105.125052297315	DBCA	62_2	0	105.125052297315
871.428571428571	966.666666666667	79.2059393531414	24.6	103.805939353141	DBCA	62_2	280	127.626808423809
885.714285714286	666.666666666667	81.8817830372172	24.6	106.481783037217	DBCA	63_1	0	106.481783037217
885.714285714286	700	82.7142147244762	24.6	107.314214724476	DBCA	63_1	70	118.872346953635
885.714285714286	733.333333333333	80.5661932696819	24.6	105.166193269682	DBCA	63_1	280	128.98706234035
885.714285714286	766.666666666667	78.3105721631943	24.6	102.910572163194	DBCA	63_1	140	122.291559980517
885.714285714286	800	81.2794631143049	24.6	105.879463114305	DBCA	63_1	210	129.348029878798
885.714285714286	833.333333333333	77.7050955916543	24.6	102.305095591654	DBCA	63_2	210	125.773662356147
885.714285714286	866.666666666667	75.8518723115543	24.6	100.451872311554	DBCA	63_2	280	124.272741382222
885.714285714286	900	76.7927273822888	24.6	101.392727382289	DBCA	63_2	70	112.950859611448
885.714285714286	933.333333333333	79.1438388420107	24.6	103.743838842011	DBCA	63_2	0	103.743838842011
885.714285714286	966.666666666667	81.2076667626872	24.6	105.807666762687	DBCA	63_2	140	125.18865458001
900	666.666666666667	80.2255376606078	24.6	104.825537660608	DBCA	64_1	210	128.2941044251
900	700	81.8786102725294	24.6	106.478610272529	DBCA	64_1	70	118.036742501688
900	733.333333333333	79.6716650235267	24.6	104.271665023527	DBCA	64_1	280	128.092534094195
900	766.666666666667	77.3454570533805	24.6	101.945457053381	DBCA	64_1	0	101.945457053381
900	800	77.8371818864245	24.6	102.437181886424	DBCA	64_1	140	121.818169703747
900	833.333333333333	79.9745675712477	24.6	104.574567571248	DBCA	64_2	0	104.574567571248
900	866.666666666667	80.7447167283759	24.6	105.344716728376	DBCA	64_2	210	128.813283492869
900	900	78.4226475278541	24.6	103.022647527854	DBCA	64_2	280	126.843516598522
900	933.333333333333	80.1062661465924	24.6	104.706266146592	DBCA	64_2	140	124.087253963915
900	966.666666666667	81.4743024470391	24.6	106.074302447039	DBCA	64_2	70	117.632434676198
914.285714285714	666.666666666667	82.3102892445977	24.6	106.910289244598	DBCA	65_1	280	130.731158315266
914.285714285714	700	82.5927356494242	24.6	107.192735649424	DBCA	65_1	140	126.573723466747
914.285714285714	733.333333333333	80.8138393330444	24.6	105.413839333044	DBCA	65_1	70	116.971971562203
914.285714285714	766.666666666667	80.7999914139416	24.6	105.399991413942	DBCA	65_1	210	128.868558178434
914.285714285714	800	76.9053250476042	24.6	101.505325047604	DBCA	65_1	0	101.505325047604
914.285714285714	833.333333333333	76.4239007942734	24.6	101.023900794273	DBCA	65_2	0	101.023900794273
914.285714285714	866.666666666667	78.3806961509599	24.6	102.98069615096	DBCA	65_2	210	126.449262915453
914.285714285714	900	78.4179885603581	24.6	103.017988560358	DBCA	65_2	280	126.838857631026
914.285714285714	933.333333333333	78.3811782845733	24.6	102.981178284573	DBCA	65_2	140	122.362166101896
914.285714285714	966.666666666667	77.4599193074519	24.6	102.059919307452	DBCA	65_2	70	113.618051536611
928.571428571429	666.666666666667	78.5180669555122	24.6	103.118066955512	DBCA	66_1	140	122.499054772835
928.571428571429	700	79.9860688110716	24.6	104.586068811072	DBCA	66_1	210	128.054635575564
928.571428571429	733.333333333333	80.2543906696595	24.6	104.85439066966	DBCA	66_1	70	116.412522898818
928.571428571429	766.666666666667	78.5108037795797	24.6	103.11080377958	DBCA	66_1	280	126.931672850248
928.571428571429	800	76.4394078520447	24.6	101.039407852045	DBCA	66_1	0	101.039407852045
928.571428571429	833.333333333333	77.5705501544263	24.6	102.170550154426	DBCA	66_2	0	102.170550154426
928.571428571429	866.666666666667	77.1471829093304	24.6	101.74718290933	DBCA	66_2	70	113.305315138489
928.571428571429	900	81.2950275943241	24.6	105.895027594324	DBCA	66_2	140	125.276015411647
928.571428571429	933.333333333333	83.3379007182016	24.6	107.937900718202	DBCA	66_2	210	131.406467482694
928.571428571429	966.666666666667	77.0031763515865	24.6	101.603176351586	DBCA	66_2	280	125.424045422254
942.857142857143	666.666666666667	78.8177308072668	24.6	103.417730807267	DBCA	67_1	210	126.886297571759
942.857142857143	700	79.6376096922841	24.6	104.237609692284	DBCA	67_1	0	104.237609692284
942.857142857143	733.333333333333	76.2736733780643	24.6	100.873673378064	DBCA	67_1	140	120.254661195387
942.857142857143	766.666666666667	79.5920959188399	24.6	104.19209591884	DBCA	67_1	70	115.750228147999
942.857142857143	800	78.2595486675519	24.6	102.859548667552	DBCA	67_1	280	126.68041773822
942.857142857143	833.333333333333	81.0335111182871	24.6	105.633511118287	DBCA	67_2	210	129.10207788278
942.857142857143	866.666666666667	82.2012656079331	24.6	106.801265607933	DBCA	67_2	140	126.182253425256
942.857142857143	900	82.3813312827151	24.6	106.981331282715	DBCA	67_2	0	106.981331282715
942.857142857143	933.333333333333	82.25729357731	24.6	106.85729357731	DBCA	67_2	280	130.678162647978
942.857142857143	966.666666666667	79.4449732311586	24.6	104.044973231159	DBCA	67_2	70	115.603105460317
957.142857142857	666.666666666667	81.2389919229698	24.6	105.83899192297	DBCA	68_1	140	125.219979740293
957.142857142857	700	83.1181603184847	24.6	107.718160318485	DBCA	68_1	280	131.539029389153
957.142857142857	733.333333333333	81.0870712381712	24.6	105.687071238171	DBCA	68_1	210	129.155638002664
957.142857142857	766.666666666667	79.6367294641496	24.6	104.23672946415	DBCA	68_1	0	104.23672946415
957.142857142857	800	81.6937995408214	24.6	106.293799540821	DBCA	68_1	70	117.85193176998
957.142857142857	833.333333333333	81.7977890542104	24.6	106.39778905421	DBCA	68_2	70	117.955921283369
957.142857142857	866.666666666667	82.2466762144732	24.6	106.846676214473	DBCA	68_2	0	106.846676214473
957.142857142857	900	85.8690051058719	24.6	110.469005105872	DBCA	68_2	280	134.28987417654
957.142857142857	933.333333333333	83.4175057082773	24.6	108.017505708277	DBCA	68_2	140	127.3984935256
957.142857142857	966.666666666667	77.5019323088083	24.6	102.101932308808	DBCA	68_2	210	125.570499073301
971.428571428571	666.666666666667	78.4238927019486	24.6	103.023892701949	DBCA	69_1	0	103.023892701949
971.428571428571	700	79.6919817418355	24.6	104.291981741835	DBCA	69_1	210	127.760548506328
971.428571428571	733.333333333333	79.7616814670835	24.6	104.361681467083	DBCA	69_1	140	123.742669284406
971.428571428571	766.666666666667	78.4901978541947	24.6	103.090197854195	DBCA	69_1	70	114.648330083353
971.428571428571	800	81.8473040573817	24.6	106.447304057382	DBCA	69_1	280	130.26817312805
971.428571428571	833.333333333333	83.2959762055511	24.6	107.895976205551	DBCA	69_2	210	131.364542970044
971.428571428571	866.666666666667	83.9257792750957	24.6	108.525779275096	DBCA	69_2	0	108.525779275096
971.428571428571	900	85.4610257294064	24.6	110.061025729406	DBCA	69_2	140	129.442013546729
971.428571428571	933.333333333333	82.1978994357247	24.6	106.797899435725	DBCA	69_2	280	130.618768506393
971.428571428571	966.666666666667	79.7152940238825	24.6	104.315294023882	DBCA	69_2	70	115.873426253041
85.7142857142857	666.666666666667	79.5362658584644	0	79.5362658584644	DBCA	7_1	140	87.2076536757873
85.7142857142857	700	80.4069429526923	0	80.4069429526923	DBCA	7_1	70	86.110275181851
85.7142857142857	733.333333333333	77.4753850491582	0	77.4753850491582	DBCA	7_1	210	83.3795518136509
85.7142857142857	766.666666666667	74.4944393270507	0	74.4944393270507	DBCA	7_1	280	74.8961083977186
85.7142857142857	800	75.8766472212585	0	75.8766472212585	DBCA	7_1	0	75.8766472212585
85.7142857142857	833.333333333333	80.5608391203362	0	80.5608391203362	DBCA	7_2	70	86.2641713494949
85.7142857142857	866.666666666667	80.9026544107919	0	80.9026544107919	DBCA	7_2	140	88.5740422281148
85.7142857142857	900	77.7157705128314	0	77.7157705128314	DBCA	7_2	210	83.619937277324
85.7142857142857	933.333333333333	77.7459248313243	0	77.7459248313243	DBCA	7_2	0	77.7459248313243
85.7142857142857	966.666666666667	80.931296875711	0	80.931296875711	DBCA	7_2	280	81.3329659463788
985.714285714286	666.666666666667	81.1492191658418	24.6	105.749219165842	DBCA	70_1	0	105.749219165842
985.714285714286	700	83.9549981666153	24.6	108.554998166615	DBCA	70_1	70	120.113130395774
985.714285714286	733.333333333333	82.6223339517176	24.6	107.222333951718	DBCA	70_1	140	126.603321769041
985.714285714286	766.666666666667	83.7096854664013	24.6	108.309685466401	DBCA	70_1	210	131.778252230894
985.714285714286	800	87.7111130143848	24.6	112.311113014385	DBCA	70_1	280	136.131982085053
985.714285714286	833.333333333333	84.8867237476955	24.6	109.486723747696	DBCA	70_2	0	109.486723747696
985.714285714286	866.666666666667	84.7005185505823	24.6	109.300518550582	DBCA	70_2	140	128.681506367905
985.714285714286	900	87.195998264304	24.6	111.795998264304	DBCA	70_2	280	135.616867334972
985.714285714286	933.333333333333	83.5770791527049	24.6	108.177079152705	DBCA	70_2	210	131.645645917198
985.714285714286	966.666666666667	81.7410628587775	24.6	106.341062858777	DBCA	70_2	70	117.899195087936
1000	666.666666666667	80.4444359499503	24.6	105.04443594995	DBCA	71_1	280	128.865305020618
1000	700	83.0713446902837	24.6	107.671344690284	DBCA	71_1	0	107.671344690284
1000	733.333333333333	84.9751511617125	24.6	109.575151161713	DBCA	71_1	140	128.956138979035
1000	766.666666666667	85.5474645116497	24.6	110.14746451165	DBCA	71_1	70	121.705596740808
1000	800	85.7476970881904	24.6	110.34769708819	DBCA	71_1	210	133.816263852683
1000	833.333333333333	86.1510863299067	24.6	110.751086329907	DBCA	71_2	70	122.309218559065
1000	866.666666666667	84.1806778316736	24.6	108.780677831674	DBCA	71_2	210	132.249244596166
1000	900	87.351397679744	24.6	111.951397679744	DBCA	71_2	140	131.332385497067
1000	933.333333333333	83.9080455428923	24.6	108.508045542892	DBCA	71_2	280	132.32891461356
1000	966.666666666667	85.0098142324945	24.6	109.609814232495	DBCA	71_2	0	109.609814232495
100	666.666666666667	78.8194551137537	0	78.8194551137537	DBCA	8_1	280	79.2211241844216
100	700	73.3712505835292	0	73.3712505835292	DBCA	8_1	210	79.2754173480218
100	733.333333333333	79.4226133377688	0	79.4226133377688	DBCA	8_1	70	85.1259455669275
100	766.666666666667	75.400769195036	0	75.400769195036	DBCA	8_1	0	75.400769195036
100	800	76.0951171590578	0	76.0951171590578	DBCA	8_1	140	83.7665049763808
100	833.333333333333	78.959764143386	0	78.959764143386	DBCA	8_2	0	78.959764143386
100	866.666666666667	79.5263101893883	0	79.5263101893883	DBCA	8_2	210	85.430476953881
100	900	76.717443383897	0	76.717443383897	DBCA	8_2	280	77.1191124545649
100	933.333333333333	77.9986418904366	0	77.9986418904366	DBCA	8_2	140	85.6700297077596
100	966.666666666667	80.0812580237505	0	80.0812580237505	DBCA	8_2	70	85.7845902529092
114.285714285714	666.666666666667	79.8151460638446	0	79.8151460638446	DBCA	9_1	140	87.4865338811675
114.285714285714	700	77.6901760165844	0	77.6901760165844	DBCA	9_1	280	78.0918450872523
114.285714285714	733.333333333333	78.4594426699465	0	78.4594426699465	DBCA	9_1	210	84.3636094344392
114.285714285714	766.666666666667	75.6751057922281	0	75.6751057922281	DBCA	9_1	70	81.3784380213868
114.285714285714	800	73.6505460511885	0	73.6505460511885	DBCA	9_1	0	73.6505460511885
114.285714285714	833.333333333333	77.5777648333822	0	77.5777648333822	DBCA	9_2	0	77.5777648333822
114.285714285714	866.666666666667	78.580444707653	0	78.580444707653	DBCA	9_2	140	86.2518325249759
114.285714285714	900	79.9424024361409	0	79.9424024361409	DBCA	9_2	280	80.3440715068088
114.285714285714	933.333333333333	77.7903324328856	0	77.7903324328856	DBCA	9_2	210	83.6944991973782
114.285714285714	966.666666666667	81.0337350625316	0	81.0337350625316	DBCA	9_2	70	86.7370672916903
0	1000	80.2044184879058	0	80.2044184879058	DBCA	1_3	NA	NA
14.2857142857143	1000	76.7505815825485	0	76.7505815825485	DBCA	2_3	NA	NA
28.5714285714286	1000	79.4403372567782	0	79.4403372567782	DBCA	3_3	NA	NA
42.8571428571429	1000	79.3968254185243	0	79.3968254185243	DBCA	4_3	NA	NA
57.1428571428571	1000	81.4455700534539	0	81.4455700534539	DBCA	5_3	NA	NA
71.4285714285714	1000	82.0682075157458	0	82.0682075157458	DBCA	6_3	NA	NA
85.7142857142857	1000	82.7081988770784	0	82.7081988770784	DBCA	7_3	NA	NA
100	1000	80.9653530764901	0	80.9653530764901	DBCA	8_3	NA	NA
114.285714285714	1000	77.1048791944839	0	77.1048791944839	DBCA	9_3	NA	NA
128.571428571429	1000	78.8974987268167	0	78.8974987268167	DBCA	10_3	NA	NA
142.857142857143	1000	82.0688232773464	0	82.0688232773464	DBCA	11_3	NA	NA
157.142857142857	1000	80.4238035151004	0	80.4238035151004	DBCA	12_3	NA	NA
171.428571428571	1000	80.5340511062662	0	80.5340511062662	DBCA	13_3	NA	NA
185.714285714286	1000	79.9121047101219	0	79.9121047101219	DBCA	14_3	NA	NA
200	1000	81.1857814983711	0	81.1857814983711	DBCA	15_3	NA	NA
214.285714285714	1000	77.3091789476741	0	77.3091789476741	DBCA	16_3	NA	NA
228.571428571429	1000	79.2529171567732	0	79.2529171567732	DBCA	17_3	NA	NA
242.857142857143	1000	81.9370936837865	0	81.9370936837865	DBCA	18_3	NA	NA
257.142857142857	1000	76.7281793578027	0	76.7281793578027	DBCA	19_3	NA	NA
271.428571428571	1000	78.5370017167532	0	78.5370017167532	DBCA	20_3	NA	NA
285.714285714286	1000	78.2300742569117	0	78.2300742569117	DBCA	21_3	NA	NA
300	1000	78.9974179654372	0	78.9974179654372	DBCA	22_3	NA	NA
314.285714285714	1000	80.6940614757969	0	80.6940614757969	DBCA	23_3	NA	NA
328.571428571429	1000	78.7101798065838	0	78.7101798065838	DBCA	24_3	NA	NA
342.857142857143	1000	79.4694107677469	0	79.4694107677469	DBCA	25_3	NA	NA
357.142857142857	1000	79.9440306042293	0	79.9440306042293	DBCA	26_3	NA	NA
371.428571428571	1000	83.3786820107153	0	83.3786820107153	DBCA	27_3	NA	NA
385.714285714286	1000	81.7047516181434	0	81.7047516181434	DBCA	28_3	NA	NA
400	1000	78.1069048979162	0	78.1069048979162	DBCA	29_3	NA	NA
414.285714285714	1000	78.2463834371018	0	78.2463834371018	DBCA	30_3	NA	NA
428.571428571429	1000	76.480503901527	0	76.480503901527	DBCA	31_3	NA	NA
442.857142857143	1000	77.7811155812632	0	77.7811155812632	DBCA	32_3	NA	NA
457.142857142857	1000	75.3666370504554	0	75.3666370504554	DBCA	33_3	NA	NA
471.428571428571	1000	79.9249663863787	0	79.9249663863787	DBCA	34_3	NA	NA
485.714285714286	1000	79.3226042331629	0	79.3226042331629	DBCA	35_3	NA	NA
500	1000	81.3956098889552	0	81.3956098889552	DBCA	36_3	NA	NA
514.285714285714	1000	82.2016386476111	24.6	106.801638647611	DBCA	37_3	NA	NA
528.571428571429	1000	78.1687204106765	24.6	102.768720410676	DBCA	38_3	NA	NA
542.857142857143	1000	81.043227687914	24.6	105.643227687914	DBCA	39_3	NA	NA
557.142857142857	1000	79.2475215180219	24.6	103.847521518022	DBCA	40_3	NA	NA
571.428571428571	1000	81.9901488011343	24.6	106.590148801134	DBCA	41_3	NA	NA
585.714285714286	1000	81.6321793253456	24.6	106.232179325346	DBCA	42_3	NA	NA
600	1000	82.8093304835037	24.6	107.409330483504	DBCA	43_3	NA	NA
614.285714285714	1000	80.9620119986763	24.6	105.562011998676	DBCA	44_3	NA	NA
628.571428571429	1000	83.2887444048768	24.6	107.888744404877	DBCA	45_3	NA	NA
642.857142857143	1000	80.6537179956671	24.6	105.253717995667	DBCA	46_3	NA	NA
657.142857142857	1000	85.015343733069	24.6	109.615343733069	DBCA	47_3	NA	NA
671.428571428571	1000	84.8356535803453	24.6	109.435653580345	DBCA	48_3	NA	NA
685.714285714286	1000	81.1149332661512	24.6	105.714933266151	DBCA	49_3	NA	NA
700	1000	82.0416543454056	24.6	106.641654345406	DBCA	50_3	NA	NA
714.285714285714	1000	79.8276547866141	24.6	104.427654786614	DBCA	51_3	NA	NA
728.571428571429	1000	83.5829789447345	24.6	108.182978944735	DBCA	52_3	NA	NA
742.857142857143	1000	84.084250870836	24.6	108.684250870836	DBCA	53_3	NA	NA
757.142857142857	1000	81.2388392649745	24.6	105.838839264974	DBCA	54_3	NA	NA
771.428571428571	1000	83.1045017775014	24.6	107.704501777501	DBCA	55_3	NA	NA
785.714285714286	1000	85.0407351382241	24.6	109.640735138224	DBCA	56_3	NA	NA
800	1000	83.9714433551979	24.6	108.571443355198	DBCA	57_3	NA	NA
814.285714285714	1000	81.8997464623801	24.6	106.49974646238	DBCA	58_3	NA	NA
828.571428571429	1000	81.4973096485056	24.6	106.097309648506	DBCA	59_3	NA	NA
842.857142857143	1000	79.7941297692271	24.6	104.394129769227	DBCA	60_3	NA	NA
857.142857142857	1000	81.432242926259	24.6	106.032242926259	DBCA	61_3	NA	NA
871.428571428571	1000	79.5600386633096	24.6	104.16003866331	DBCA	62_3	NA	NA
885.714285714286	1000	80.5631324720103	24.6	105.16313247201	DBCA	63_3	NA	NA
900	1000	78.9074221373174	24.6	103.507422137317	DBCA	64_3	NA	NA
914.285714285714	1000	78.5501398434819	24.6	103.150139843482	DBCA	65_3	NA	NA
928.571428571429	1000	75.9350542031778	24.6	100.535054203178	DBCA	66_3	NA	NA
942.857142857143	1000	75.0735456041351	24.6	99.6735456041351	DBCA	67_3	NA	NA
957.142857142857	1000	78.931322204665	24.6	103.531322204665	DBCA	68_3	NA	NA
971.428571428571	1000	81.5607560642541	24.6	106.160756064254	DBCA	69_3	NA	NA
985.714285714286	1000	83.539583248606	24.6	108.139583248606	DBCA	70_3	NA	NA
1000	1000	83.398773801505	24.6	107.998773801505	DBCA	71_3	NA	NA
