x	y	variable1	Zona	ErrorConEfecto	Disenio	Bloque	AsigTrat	MiRto
0	666.666666666667	79.2323125037649	0	79.2323125037649	DBCA	1_1	280	91.7986112243347
0	700	80.2041590313354	0	80.2041590313354	DBCA	1_1	210	94.656186253485
0	733.333333333333	76.4821562110189	0	76.4821562110189	DBCA	1_1	70	84.6510340728836
0	766.666666666667	77.0863660720144	0	77.0863660720144	DBCA	1_1	140	90.0725863412624
0	800	80.0755895622538	0	80.0755895622538	DBCA	1_1	0	80.0755895622538
0	833.333333333333	80.4219718084218	0	80.4219718084218	DBCA	1_2	280	92.9882705289916
0	866.666666666667	78.2531342954448	0	78.2531342954448	DBCA	1_2	70	86.4220121573095
0	900	82.3798810209367	0	82.3798810209367	DBCA	1_2	210	96.8319082430864
0	933.333333333333	77.3521644899574	0	77.3521644899574	DBCA	1_2	140	90.3383847592053
0	966.666666666667	87.0605568055185	0	87.0605568055185	DBCA	1_2	0	87.0605568055185
128.571428571429	666.666666666667	77.7153123166006	0	77.7153123166006	DBCA	10_1	0	77.7153123166006
128.571428571429	700	74.4210870028157	0	74.4210870028157	DBCA	10_1	140	87.4073072720637
128.571428571429	733.333333333333	79.4884854965279	0	79.4884854965279	DBCA	10_1	210	93.9405127186776
128.571428571429	766.666666666667	81.1881588651295	0	81.1881588651295	DBCA	10_1	280	93.7544575856993
128.571428571429	800	77.9406590938786	0	77.9406590938786	DBCA	10_1	70	86.1095369557434
128.571428571429	833.333333333333	80.3907091062558	0	80.3907091062558	DBCA	10_2	210	94.8427363284055
128.571428571429	866.666666666667	75.5613526417656	0	75.5613526417656	DBCA	10_2	280	88.1276513623354
128.571428571429	900	79.9298255205029	0	79.9298255205029	DBCA	10_2	70	88.0987033823676
128.571428571429	933.333333333333	81.1787478271821	0	81.1787478271821	DBCA	10_2	0	81.1787478271821
128.571428571429	966.666666666667	81.1042557175871	0	81.1042557175871	DBCA	10_2	140	94.090475986835
142.857142857143	666.666666666667	77.829509759647	0	77.829509759647	DBCA	11_1	0	77.829509759647
142.857142857143	700	74.9940260547452	0	74.9940260547452	DBCA	11_1	210	89.4460532768949
142.857142857143	733.333333333333	79.5779319488111	0	79.5779319488111	DBCA	11_1	70	87.7468098106759
142.857142857143	766.666666666667	79.3044341108825	0	79.3044341108825	DBCA	11_1	280	91.8707328314523
142.857142857143	800	77.1428133040282	0	77.1428133040282	DBCA	11_1	140	90.1290335732762
142.857142857143	833.333333333333	81.6512308062356	0	81.6512308062356	DBCA	11_2	0	81.6512308062356
142.857142857143	866.666666666667	78.5181209888421	0	78.5181209888421	DBCA	11_2	280	91.0844197094119
142.857142857143	900	80.5554422994129	0	80.5554422994129	DBCA	11_2	210	95.0074695215626
142.857142857143	933.333333333333	80.1362358453097	0	80.1362358453097	DBCA	11_2	70	88.3051137071745
142.857142857143	966.666666666667	80.7544013015043	0	80.7544013015043	DBCA	11_2	140	93.7406215707523
157.142857142857	666.666666666667	79.1510848835604	0	79.1510848835604	DBCA	12_1	70	87.3199627454251
157.142857142857	700	77.4024853579263	0	77.4024853579263	DBCA	12_1	210	91.8545125800759
157.142857142857	733.333333333333	80.2272028609309	0	80.2272028609309	DBCA	12_1	280	92.7935015815007
157.142857142857	766.666666666667	79.3475340744255	0	79.3475340744255	DBCA	12_1	140	92.3337543436735
157.142857142857	800	78.1694668635753	0	78.1694668635753	DBCA	12_1	0	78.1694668635753
157.142857142857	833.333333333333	81.4152124059503	0	81.4152124059503	DBCA	12_2	0	81.4152124059503
157.142857142857	866.666666666667	74.3764961895829	0	74.3764961895829	DBCA	12_2	280	86.9427949101527
157.142857142857	900	77.0865211854506	0	77.0865211854506	DBCA	12_2	140	90.0727414546986
157.142857142857	933.333333333333	76.4836172461953	0	76.4836172461953	DBCA	12_2	70	84.6524951080601
157.142857142857	966.666666666667	81.3928113634687	0	81.3928113634687	DBCA	12_2	210	95.8448385856183
171.428571428571	666.666666666667	79.6900174687912	0	79.6900174687912	DBCA	13_1	280	92.256316189361
171.428571428571	700	79.3362546859123	0	79.3362546859123	DBCA	13_1	70	87.505132547777
171.428571428571	733.333333333333	80.1146189214717	0	80.1146189214717	DBCA	13_1	140	93.1008391907197
171.428571428571	766.666666666667	79.819717909126	0	79.819717909126	DBCA	13_1	0	79.819717909126
171.428571428571	800	79.8577970744334	0	79.8577970744334	DBCA	13_1	210	94.309824296583
171.428571428571	833.333333333333	79.667563096933	0	79.667563096933	DBCA	13_2	140	92.653783366181
171.428571428571	866.666666666667	77.4737953517037	0	77.4737953517037	DBCA	13_2	0	77.4737953517037
171.428571428571	900	77.6442601934547	0	77.6442601934547	DBCA	13_2	210	92.0962874156043
171.428571428571	933.333333333333	79.3103611710285	0	79.3103611710285	DBCA	13_2	280	91.8766598915983
171.428571428571	966.666666666667	78.6899663241357	0	78.6899663241357	DBCA	13_2	70	86.8588441860004
185.714285714286	666.666666666667	77.6671654906384	0	77.6671654906384	DBCA	14_1	280	90.2334642112082
185.714285714286	700	71.6964914655058	0	71.6964914655058	DBCA	14_1	140	84.6827117347538
185.714285714286	733.333333333333	76.7110180669077	0	76.7110180669077	DBCA	14_1	70	84.8798959287725
185.714285714286	766.666666666667	79.1875814915506	0	79.1875814915506	DBCA	14_1	0	79.1875814915506
185.714285714286	800	79.2815672651801	0	79.2815672651801	DBCA	14_1	210	93.7335944873298
185.714285714286	833.333333333333	78.4626971184109	0	78.4626971184109	DBCA	14_2	210	92.9147243405605
185.714285714286	866.666666666667	77.4654407550278	0	77.4654407550278	DBCA	14_2	280	90.0317394755976
185.714285714286	900	74.6830980325483	0	74.6830980325483	DBCA	14_2	0	74.6830980325483
185.714285714286	933.333333333333	78.6652670095676	0	78.6652670095676	DBCA	14_2	70	86.8341448714323
185.714285714286	966.666666666667	79.0655341212584	0	79.0655341212584	DBCA	14_2	140	92.0517543905064
200	666.666666666667	82.5241277356493	0	82.5241277356493	DBCA	15_1	210	96.9761549577989
200	700	72.4570453787689	0	72.4570453787689	DBCA	15_1	140	85.4432656480169
200	733.333333333333	78.3143381905911	0	78.3143381905911	DBCA	15_1	280	90.880636911161
200	766.666666666667	76.7557643000358	0	76.7557643000358	DBCA	15_1	0	76.7557643000358
200	800	74.3304276950137	0	74.3304276950137	DBCA	15_1	70	82.4993055568784
200	833.333333333333	79.5411618639032	0	79.5411618639032	DBCA	15_2	210	93.9931890860529
200	866.666666666667	75.3005058310845	0	75.3005058310845	DBCA	15_2	140	88.2867261003325
200	900	75.8862928667483	0	75.8862928667483	DBCA	15_2	70	84.0551707286131
200	933.333333333333	76.2549112463239	0	76.2549112463239	DBCA	15_2	280	88.8212099668937
200	966.666666666667	81.1718001966056	0	81.1718001966056	DBCA	15_2	0	81.1718001966056
214.285714285714	666.666666666667	77.7708549466715	0	77.7708549466715	DBCA	16_1	0	77.7708549466715
214.285714285714	700	74.2830365689442	0	74.2830365689442	DBCA	16_1	280	86.849335289514
214.285714285714	733.333333333333	77.2772079027155	0	77.2772079027155	DBCA	16_1	140	90.2634281719634
214.285714285714	766.666666666667	74.3743280059378	0	74.3743280059378	DBCA	16_1	210	88.8263552280875
214.285714285714	800	77.9287484267088	0	77.9287484267088	DBCA	16_1	70	86.0976262885735
214.285714285714	833.333333333333	78.3965688413682	0	78.3965688413682	DBCA	16_2	140	91.3827891106162
214.285714285714	866.666666666667	79.5856142820515	0	79.5856142820515	DBCA	16_2	210	94.0376415042012
214.285714285714	900	80.5362855217333	0	80.5362855217333	DBCA	16_2	280	93.1025842423032
214.285714285714	933.333333333333	80.8947020037196	0	80.8947020037196	DBCA	16_2	70	89.0635798655844
214.285714285714	966.666666666667	81.3709340570357	0	81.3709340570357	DBCA	16_2	0	81.3709340570357
228.571428571429	666.666666666667	79.2216986472259	0	79.2216986472259	DBCA	17_1	210	93.6737258693755
228.571428571429	700	75.3083532520222	0	75.3083532520222	DBCA	17_1	140	88.2945735212702
228.571428571429	733.333333333333	79.3430727089155	0	79.3430727089155	DBCA	17_1	70	87.5119505707803
228.571428571429	766.666666666667	73.4490197428727	0	73.4490197428727	DBCA	17_1	0	73.4490197428727
228.571428571429	800	78.4499363375108	0	78.4499363375108	DBCA	17_1	280	91.0162350580806
228.571428571429	833.333333333333	76.5209705914201	0	76.5209705914201	DBCA	17_2	280	89.08726931199
228.571428571429	866.666666666667	79.1438588434977	0	79.1438588434977	DBCA	17_2	70	87.3127367053625
228.571428571429	900	82.681489363684	0	82.681489363684	DBCA	17_2	140	95.667709632932
228.571428571429	933.333333333333	81.3228070128488	0	81.3228070128488	DBCA	17_2	0	81.3228070128488
228.571428571429	966.666666666667	80.4837464876333	0	80.4837464876333	DBCA	17_2	210	94.935773709783
242.857142857143	666.666666666667	79.42429574764	0	79.42429574764	DBCA	18_1	70	87.5931736095047
242.857142857143	700	76.0644851376071	0	76.0644851376071	DBCA	18_1	280	88.6307838581769
242.857142857143	733.333333333333	76.0858584500219	0	76.0858584500219	DBCA	18_1	140	89.0720787192698
242.857142857143	766.666666666667	79.1367904322031	0	79.1367904322031	DBCA	18_1	0	79.1367904322031
242.857142857143	800	76.8560247093128	0	76.8560247093128	DBCA	18_1	210	91.3080519314625
242.857142857143	833.333333333333	75.5128459882794	0	75.5128459882794	DBCA	18_2	210	89.9648732104291
242.857142857143	866.666666666667	81.1419505813895	0	81.1419505813895	DBCA	18_2	280	93.7082493019593
242.857142857143	900	83.901540739153	0	83.901540739153	DBCA	18_2	70	92.0704186010177
242.857142857143	933.333333333333	79.2381048044429	0	79.2381048044429	DBCA	18_2	0	79.2381048044429
242.857142857143	966.666666666667	79.837718257291	0	79.837718257291	DBCA	18_2	140	92.823938526539
257.142857142857	666.666666666667	82.1897938455332	0	82.1897938455332	DBCA	19_1	280	94.756092566103
257.142857142857	700	77.5762597207173	0	77.5762597207173	DBCA	19_1	0	77.5762597207173
257.142857142857	733.333333333333	74.3427331884295	0	74.3427331884295	DBCA	19_1	210	88.7947604105791
257.142857142857	766.666666666667	71.6504495648064	0	71.6504495648064	DBCA	19_1	140	84.6366698340543
257.142857142857	800	74.9990024188067	0	74.9990024188067	DBCA	19_1	70	83.1678802806715
257.142857142857	833.333333333333	75.1893124108156	0	75.1893124108156	DBCA	19_2	70	83.3581902726803
257.142857142857	866.666666666667	81.9678169290839	0	81.9678169290839	DBCA	19_2	280	94.5341156496537
257.142857142857	900	80.7306004230507	0	80.7306004230507	DBCA	19_2	210	95.1826276452004
257.142857142857	933.333333333333	82.8438661771639	0	82.8438661771639	DBCA	19_2	0	82.8438661771639
257.142857142857	966.666666666667	77.9856593790769	0	77.9856593790769	DBCA	19_2	140	90.9718796483249
14.2857142857143	666.666666666667	75.8068402662576	0	75.8068402662576	DBCA	2_1	0	75.8068402662576
14.2857142857143	700	80.2127468524649	0	80.2127468524649	DBCA	2_1	280	92.7790455730347
14.2857142857143	733.333333333333	78.8664775890563	0	78.8664775890563	DBCA	2_1	210	93.318504811206
14.2857142857143	766.666666666667	81.0062155302526	0	81.0062155302526	DBCA	2_1	70	89.1750933921173
14.2857142857143	800	80.9029364409553	0	80.9029364409553	DBCA	2_1	140	93.8891567102033
14.2857142857143	833.333333333333	76.8743561887896	0	76.8743561887896	DBCA	2_2	0	76.8743561887896
14.2857142857143	866.666666666667	75.3704481382034	0	75.3704481382034	DBCA	2_2	140	88.3566684074514
14.2857142857143	900	80.6754469211559	0	80.6754469211559	DBCA	2_2	210	95.1274741433056
14.2857142857143	933.333333333333	79.7574714087527	0	79.7574714087527	DBCA	2_2	280	92.3237701293225
14.2857142857143	966.666666666667	81.7397672028774	0	81.7397672028774	DBCA	2_2	70	89.9086450647421
271.428571428571	666.666666666667	81.3543296505949	0	81.3543296505949	DBCA	20_1	210	95.8063568727446
271.428571428571	700	78.4754857437054	0	78.4754857437054	DBCA	20_1	0	78.4754857437054
271.428571428571	733.333333333333	75.7751589577313	0	75.7751589577313	DBCA	20_1	70	83.9440368195961
271.428571428571	766.666666666667	71.002615696264	0	71.002615696264	DBCA	20_1	280	83.5689144168338
271.428571428571	800	78.1441395693378	0	78.1441395693378	DBCA	20_1	140	91.1303598385858
271.428571428571	833.333333333333	77.4055308206373	0	77.4055308206373	DBCA	20_2	0	77.4055308206373
271.428571428571	866.666666666667	78.78607665148	0	78.78607665148	DBCA	20_2	140	91.7722969207279
271.428571428571	900	77.2735830961525	0	77.2735830961525	DBCA	20_2	70	85.4424609580173
271.428571428571	933.333333333333	81.6229180532694	0	81.6229180532694	DBCA	20_2	280	94.1892167738392
271.428571428571	966.666666666667	77.71918663622	0	77.71918663622	DBCA	20_2	210	92.1712138583697
285.714285714286	666.666666666667	81.8915683473458	0	81.8915683473458	DBCA	21_1	70	90.0604462092106
285.714285714286	700	80.9374428527108	0	80.9374428527108	DBCA	21_1	140	93.9236631219587
285.714285714286	733.333333333333	75.1894903460709	0	75.1894903460709	DBCA	21_1	210	89.6415175682205
285.714285714286	766.666666666667	69.6791283550326	0	69.6791283550326	DBCA	21_1	280	82.2454270756024
285.714285714286	800	78.978258464045	0	78.978258464045	DBCA	21_1	0	78.978258464045
285.714285714286	833.333333333333	82.2119021502004	0	82.2119021502004	DBCA	21_2	210	96.66392937235
285.714285714286	866.666666666667	78.6979985647126	0	78.6979985647126	DBCA	21_2	70	86.8668764265773
285.714285714286	900	77.5793051727432	0	77.5793051727432	DBCA	21_2	140	90.5655254419912
285.714285714286	933.333333333333	79.8241029720106	0	79.8241029720106	DBCA	21_2	0	79.8241029720106
285.714285714286	966.666666666667	78.747464960652	0	78.747464960652	DBCA	21_2	280	91.3137636812218
300	666.666666666667	78.6450801288174	0	78.6450801288174	DBCA	22_1	210	93.097107350967
300	700	78.1187674157946	0	78.1187674157946	DBCA	22_1	70	86.2876452776593
300	733.333333333333	75.7160045366821	0	75.7160045366821	DBCA	22_1	280	88.2823032572519
300	766.666666666667	77.3962377798355	0	77.3962377798355	DBCA	22_1	140	90.3824580490835
300	800	77.2375839744195	0	77.2375839744195	DBCA	22_1	0	77.2375839744195
300	833.333333333333	82.1431540030332	0	82.1431540030332	DBCA	22_2	280	94.7094527236031
300	866.666666666667	82.1680509291848	0	82.1680509291848	DBCA	22_2	70	90.3369287910495
300	900	78.7334004218886	0	78.7334004218886	DBCA	22_2	210	93.1854276440383
300	933.333333333333	80.5398126127346	0	80.5398126127346	DBCA	22_2	140	93.5260328819825
300	966.666666666667	79.5024953918729	0	79.5024953918729	DBCA	22_2	0	79.5024953918729
314.285714285714	666.666666666667	81.6413435366201	0	81.6413435366201	DBCA	23_1	140	94.6275638058681
314.285714285714	700	81.2264809255672	0	81.2264809255672	DBCA	23_1	70	89.395358787432
314.285714285714	733.333333333333	77.4452451316871	0	77.4452451316871	DBCA	23_1	0	77.4452451316871
314.285714285714	766.666666666667	78.7848736569397	0	78.7848736569397	DBCA	23_1	210	93.2369008790894
314.285714285714	800	78.0567569679181	0	78.0567569679181	DBCA	23_1	280	90.6230556884879
314.285714285714	833.333333333333	77.611687917554	0	77.611687917554	DBCA	23_2	210	92.0637151397036
314.285714285714	866.666666666667	78.0681375132093	0	78.0681375132093	DBCA	23_2	70	86.2370153750741
314.285714285714	900	75.6538092388377	0	75.6538092388377	DBCA	23_2	280	88.2201079594075
314.285714285714	933.333333333333	78.0121803654596	0	78.0121803654596	DBCA	23_2	140	90.9984006347076
314.285714285714	966.666666666667	79.6572233147574	0	79.6572233147574	DBCA	23_2	0	79.6572233147574
328.571428571429	666.666666666667	82.6831401506097	0	82.6831401506097	DBCA	24_1	210	97.1351673727593
328.571428571429	700	83.8592265120073	0	83.8592265120073	DBCA	24_1	140	96.8454467812552
328.571428571429	733.333333333333	76.4517422141673	0	76.4517422141673	DBCA	24_1	0	76.4517422141673
328.571428571429	766.666666666667	77.0774775302256	0	77.0774775302256	DBCA	24_1	280	89.6437762507955
328.571428571429	800	78.9601559790743	0	78.9601559790743	DBCA	24_1	70	87.129033840939
328.571428571429	833.333333333333	78.7686896747053	0	78.7686896747053	DBCA	24_2	210	93.220716896855
328.571428571429	866.666666666667	78.1417034883015	0	78.1417034883015	DBCA	24_2	140	91.1279237575494
328.571428571429	900	76.8519860607514	0	76.8519860607514	DBCA	24_2	280	89.4182847813213
328.571428571429	933.333333333333	75.4753506603271	0	75.4753506603271	DBCA	24_2	70	83.6442285221918
328.571428571429	966.666666666667	77.8303592168416	0	77.8303592168416	DBCA	24_2	0	77.8303592168416
342.857142857143	666.666666666667	82.8389864105524	0	82.8389864105524	DBCA	25_1	280	95.4052851311222
342.857142857143	700	82.9692526288934	0	82.9692526288934	DBCA	25_1	210	97.4212798510431
342.857142857143	733.333333333333	78.8994540988952	0	78.8994540988952	DBCA	25_1	0	78.8994540988952
342.857142857143	766.666666666667	76.8037422601677	0	76.8037422601677	DBCA	25_1	70	84.9726201220325
342.857142857143	800	79.0409618423658	0	79.0409618423658	DBCA	25_1	140	92.0271821116138
342.857142857143	833.333333333333	76.4735041773634	0	76.4735041773634	DBCA	25_2	210	90.9255313995131
342.857142857143	866.666666666667	80.5023065980978	0	80.5023065980978	DBCA	25_2	280	93.0686053186676
342.857142857143	900	73.1272280750207	0	73.1272280750207	DBCA	25_2	140	86.1134483442687
342.857142857143	933.333333333333	76.0577070635502	0	76.0577070635502	DBCA	25_2	0	76.0577070635502
342.857142857143	966.666666666667	76.5355564479336	0	76.5355564479336	DBCA	25_2	70	84.7044343097983
357.142857142857	666.666666666667	83.0055970354623	0	83.0055970354623	DBCA	26_1	140	95.9918173047102
357.142857142857	700	84.3353976352389	0	84.3353976352389	DBCA	26_1	210	98.7874248573886
357.142857142857	733.333333333333	78.5780683822859	0	78.5780683822859	DBCA	26_1	70	86.7469462441507
357.142857142857	766.666666666667	76.6794272473542	0	76.6794272473542	DBCA	26_1	0	76.6794272473542
357.142857142857	800	77.0388517558682	0	77.0388517558682	DBCA	26_1	280	89.605150476438
357.142857142857	833.333333333333	78.678861622836	0	78.678861622836	DBCA	26_2	0	78.678861622836
357.142857142857	866.666666666667	78.0532414925682	0	78.0532414925682	DBCA	26_2	140	91.0394617618162
357.142857142857	900	75.0675772765459	0	75.0675772765459	DBCA	26_2	280	87.6338759971158
357.142857142857	933.333333333333	76.2265497550544	0	76.2265497550544	DBCA	26_2	210	90.6785769772041
357.142857142857	966.666666666667	81.7510896962648	0	81.7510896962648	DBCA	26_2	70	89.9199675581296
371.428571428571	666.666666666667	79.5850119307016	0	79.5850119307016	DBCA	27_1	210	94.0370391528513
371.428571428571	700	82.2287583457903	0	82.2287583457903	DBCA	27_1	280	94.7950570663601
371.428571428571	733.333333333333	82.4547106459553	0	82.4547106459553	DBCA	27_1	140	95.4409309152033
371.428571428571	766.666666666667	79.0584118683834	0	79.0584118683834	DBCA	27_1	0	79.0584118683834
371.428571428571	800	79.1447265078224	0	79.1447265078224	DBCA	27_1	70	87.3136043696871
371.428571428571	833.333333333333	79.1251464318702	0	79.1251464318702	DBCA	27_2	70	87.294024293735
371.428571428571	866.666666666667	77.7318534800963	0	77.7318534800963	DBCA	27_2	0	77.7318534800963
371.428571428571	900	79.0191431907637	0	79.0191431907637	DBCA	27_2	140	92.0053634600116
371.428571428571	933.333333333333	79.182089019671	0	79.182089019671	DBCA	27_2	280	91.7483877402408
371.428571428571	966.666666666667	79.2939822410533	0	79.2939822410533	DBCA	27_2	210	93.746009463203
385.714285714286	666.666666666667	81.2454901860721	0	81.2454901860721	DBCA	28_1	70	89.4143680479368
385.714285714286	700	85.1480314440193	0	85.1480314440193	DBCA	28_1	210	99.6000586661689
385.714285714286	733.333333333333	85.1575653947252	0	85.1575653947252	DBCA	28_1	140	98.1437856639732
385.714285714286	766.666666666667	83.4842524573563	0	83.4842524573563	DBCA	28_1	0	83.4842524573563
385.714285714286	800	80.0787363673533	0	80.0787363673533	DBCA	28_1	280	92.6450350879232
385.714285714286	833.333333333333	79.1290079266009	0	79.1290079266009	DBCA	28_2	280	91.6953066471707
385.714285714286	866.666666666667	77.0594963201631	0	77.0594963201631	DBCA	28_2	70	85.2283741820278
385.714285714286	900	78.3126902357436	0	78.3126902357436	DBCA	28_2	0	78.3126902357436
385.714285714286	933.333333333333	79.2202436358065	0	79.2202436358065	DBCA	28_2	210	93.6722708579561
385.714285714286	966.666666666667	79.5274649041712	0	79.5274649041712	DBCA	28_2	140	92.5136851734192
400	666.666666666667	80.0489180732283	0	80.0489180732283	DBCA	29_1	140	93.0351383424763
400	700	80.1990745883093	0	80.1990745883093	DBCA	29_1	0	80.1990745883093
400	733.333333333333	85.9567444736834	0	85.9567444736834	DBCA	29_1	280	98.5230431942532
400	766.666666666667	83.6140375443051	0	83.6140375443051	DBCA	29_1	70	91.7829154061699
400	800	80.0515380960055	0	80.0515380960055	DBCA	29_1	210	94.5035653181552
400	833.333333333333	76.3770991538745	0	76.3770991538745	DBCA	29_2	70	84.5459770157393
400	866.666666666667	79.3581107740516	0	79.3581107740516	DBCA	29_2	210	93.8101379962013
400	900	81.2317640303686	0	81.2317640303686	DBCA	29_2	280	93.7980627509384
400	933.333333333333	77.5038851351309	0	77.5038851351309	DBCA	29_2	0	77.5038851351309
400	966.666666666667	83.0679544282479	0	83.0679544282479	DBCA	29_2	140	96.0541746974959
28.5714285714286	666.666666666667	78.9486931839261	0	78.9486931839261	DBCA	3_1	140	91.9349134531741
28.5714285714286	700	81.3655344484362	0	81.3655344484362	DBCA	3_1	210	95.8175616705859
28.5714285714286	733.333333333333	80.5520422804663	0	80.5520422804663	DBCA	3_1	70	88.720920142331
28.5714285714286	766.666666666667	80.2028608127808	0	80.2028608127808	DBCA	3_1	0	80.2028608127808
28.5714285714286	800	79.1863024743244	0	79.1863024743244	DBCA	3_1	280	91.7526011948943
28.5714285714286	833.333333333333	78.7492895893735	0	78.7492895893735	DBCA	3_2	140	91.7355098586215
28.5714285714286	866.666666666667	77.8469479545007	0	77.8469479545007	DBCA	3_2	210	92.2989751766503
28.5714285714286	900	75.6136916846258	0	75.6136916846258	DBCA	3_2	280	88.1799904051957
28.5714285714286	933.333333333333	79.7855337339458	0	79.7855337339458	DBCA	3_2	70	87.9544115958106
28.5714285714286	966.666666666667	78.2859888091049	0	78.2859888091049	DBCA	3_2	0	78.2859888091049
414.285714285714	666.666666666667	83.1865327852769	0	83.1865327852769	DBCA	30_1	280	95.7528315058467
414.285714285714	700	80.3125807982962	0	80.3125807982962	DBCA	30_1	140	93.2988010675442
414.285714285714	733.333333333333	84.828246663441	0	84.828246663441	DBCA	30_1	70	92.9971245253058
414.285714285714	766.666666666667	82.5954111054948	0	82.5954111054948	DBCA	30_1	210	97.0474383276444
414.285714285714	800	77.7952290523659	0	77.7952290523659	DBCA	30_1	0	77.7952290523659
414.285714285714	833.333333333333	77.6310584026247	0	77.6310584026247	DBCA	30_2	140	90.6172786718727
414.285714285714	866.666666666667	76.5899713265887	0	76.5899713265887	DBCA	30_2	0	76.5899713265887
414.285714285714	900	81.5635550847214	0	81.5635550847214	DBCA	30_2	210	96.0155823068711
414.285714285714	933.333333333333	81.2077228327795	0	81.2077228327795	DBCA	30_2	70	89.3766006946442
414.285714285714	966.666666666667	80.9568270709363	0	80.9568270709363	DBCA	30_2	280	93.5231257915062
428.571428571429	666.666666666667	81.2585930969557	0	81.2585930969557	DBCA	31_1	210	95.7106203191054
428.571428571429	700	79.5007301270062	0	79.5007301270062	DBCA	31_1	140	92.4869503962542
428.571428571429	733.333333333333	83.9915482043564	0	83.9915482043564	DBCA	31_1	70	92.1604260662212
428.571428571429	766.666666666667	80.0138149583286	0	80.0138149583286	DBCA	31_1	0	80.0138149583286
428.571428571429	800	77.0973259349794	0	77.0973259349794	DBCA	31_1	280	89.6636246555493
428.571428571429	833.333333333333	79.7964288353867	0	79.7964288353867	DBCA	31_2	70	87.9653066972514
428.571428571429	866.666666666667	80.4150183295063	0	80.4150183295063	DBCA	31_2	140	93.4012385987542
428.571428571429	900	81.2407485579594	0	81.2407485579594	DBCA	31_2	280	93.8070472785293
428.571428571429	933.333333333333	83.9648566934768	0	83.9648566934768	DBCA	31_2	0	83.9648566934768
428.571428571429	966.666666666667	79.9134866143122	0	79.9134866143122	DBCA	31_2	210	94.3655138364619
442.857142857143	666.666666666667	76.378651181445	0	76.378651181445	DBCA	32_1	210	90.8306784035946
442.857142857143	700	80.84240066401	0	80.84240066401	DBCA	32_1	70	89.0112785258747
442.857142857143	733.333333333333	84.0071793358362	0	84.0071793358362	DBCA	32_1	280	96.573478056406
442.857142857143	766.666666666667	82.0569960875096	0	82.0569960875096	DBCA	32_1	140	95.0432163567576
442.857142857143	800	77.5974248544493	0	77.5974248544493	DBCA	32_1	0	77.5974248544493
442.857142857143	833.333333333333	77.2705977664393	0	77.2705977664393	DBCA	32_2	70	85.439475628304
442.857142857143	866.666666666667	74.8240247397852	0	74.8240247397852	DBCA	32_2	0	74.8240247397852
442.857142857143	900	78.3391536155189	0	78.3391536155189	DBCA	32_2	140	91.3253738847669
442.857142857143	933.333333333333	78.4482870657063	0	78.4482870657063	DBCA	32_2	280	91.0145857862761
442.857142857143	966.666666666667	81.4046718243998	0	81.4046718243998	DBCA	32_2	210	95.8566990465495
457.142857142857	666.666666666667	80.7299165873291	0	80.7299165873291	DBCA	33_1	140	93.7161368565771
457.142857142857	700	78.0447997621122	0	78.0447997621122	DBCA	33_1	210	92.4968269842618
457.142857142857	733.333333333333	81.605137655228	0	81.605137655228	DBCA	33_1	70	89.7740155170928
457.142857142857	766.666666666667	82.1944214996333	0	82.1944214996333	DBCA	33_1	0	82.1944214996333
457.142857142857	800	77.1431823160437	0	77.1431823160437	DBCA	33_1	280	89.7094810366135
457.142857142857	833.333333333333	76.1435170139527	0	76.1435170139527	DBCA	33_2	70	84.3123948758174
457.142857142857	866.666666666667	77.6831215026158	0	77.6831215026158	DBCA	33_2	210	92.1351487247655
457.142857142857	900	77.3450640124556	0	77.3450640124556	DBCA	33_2	280	89.9113627330255
457.142857142857	933.333333333333	79.4108733039375	0	79.4108733039375	DBCA	33_2	0	79.4108733039375
457.142857142857	966.666666666667	80.3807050232744	0	80.3807050232744	DBCA	33_2	140	93.3669252925224
471.428571428571	666.666666666667	82.3461927043831	0	82.3461927043831	DBCA	34_1	0	82.3461927043831
471.428571428571	700	80.298676179784	0	80.298676179784	DBCA	34_1	280	92.8649749003539
471.428571428571	733.333333333333	79.2215813932731	0	79.2215813932731	DBCA	34_1	70	87.3904592551378
471.428571428571	766.666666666667	81.1475925330978	0	81.1475925330978	DBCA	34_1	140	94.1338128023457
471.428571428571	800	76.9430648705511	0	76.9430648705511	DBCA	34_1	210	91.3950920927008
471.428571428571	833.333333333333	77.2502849955708	0	77.2502849955708	DBCA	34_2	280	89.8165837161407
471.428571428571	866.666666666667	77.1474541678649	0	77.1474541678649	DBCA	34_2	140	90.1336744371129
471.428571428571	900	81.0186959963739	0	81.0186959963739	DBCA	34_2	210	95.4707232185236
471.428571428571	933.333333333333	79.9632562252741	0	79.9632562252741	DBCA	34_2	0	79.9632562252741
471.428571428571	966.666666666667	79.7773825299494	0	79.7773825299494	DBCA	34_2	70	87.9462603918142
485.714285714286	666.666666666667	83.1553708307127	0	83.1553708307127	DBCA	35_1	70	91.3242486925775
485.714285714286	700	81.1345916118492	0	81.1345916118492	DBCA	35_1	0	81.1345916118492
485.714285714286	733.333333333333	78.4197370622096	0	78.4197370622096	DBCA	35_1	140	91.4059573314576
485.714285714286	766.666666666667	79.7587667161828	0	79.7587667161828	DBCA	35_1	280	92.3250654367526
485.714285714286	800	77.5700320994576	0	77.5700320994576	DBCA	35_1	210	92.0220593216073
485.714285714286	833.333333333333	79.2018943722153	0	79.2018943722153	DBCA	35_2	140	92.1881146414633
485.714285714286	866.666666666667	74.9422036566928	0	74.9422036566928	DBCA	35_2	280	87.5085023772626
485.714285714286	900	76.9808388790611	0	76.9808388790611	DBCA	35_2	70	85.1497167409258
485.714285714286	933.333333333333	80.8556955350169	0	80.8556955350169	DBCA	35_2	0	80.8556955350169
485.714285714286	966.666666666667	82.9096584189159	0	82.9096584189159	DBCA	35_2	210	97.3616856410656
500	666.666666666667	81.9099704018869	0	81.9099704018869	DBCA	36_1	210	96.3619976240366
500	700	83.0635599416731	0	83.0635599416731	DBCA	36_1	0	83.0635599416731
500	733.333333333333	75.8928503725564	0	75.8928503725564	DBCA	36_1	280	88.4591490931263
500	766.666666666667	78.2187362695456	0	78.2187362695456	DBCA	36_1	140	91.2049565387936
500	800	77.1556957413818	0	77.1556957413818	DBCA	36_1	70	85.3245736032466
500	833.333333333333	80.9809253703051	0	80.9809253703051	DBCA	36_2	70	89.1498032321698
500	866.666666666667	76.0369434819654	0	76.0369434819654	DBCA	36_2	140	89.0231637512134
500	900	77.2106621960961	0	77.2106621960961	DBCA	36_2	0	77.2106621960961
500	933.333333333333	78.1981236403503	0	78.1981236403503	DBCA	36_2	210	92.6501508625
500	966.666666666667	82.1118342060962	0	82.1118342060962	DBCA	36_2	280	94.6781329266661
514.285714285714	666.666666666667	83.6934129384852	24.6	108.293412938485	DBCA	37_1	70	122.31709080035
514.285714285714	700	81.2394964122481	24.6	105.839496412248	DBCA	37_1	280	141.824995132818
514.285714285714	733.333333333333	76.2389531567724	24.6	100.838953156772	DBCA	37_1	210	132.855380378922
514.285714285714	766.666666666667	78.2421504486332	24.6	102.842150448633	DBCA	37_1	0	102.842150448633
514.285714285714	800	80.7800635068592	24.6	105.380063506859	DBCA	37_1	140	130.075883776107
514.285714285714	833.333333333333	79.0278793391055	24.6	103.627879339106	DBCA	37_2	0	103.627879339106
514.285714285714	866.666666666667	79.3907031076752	24.6	103.990703107675	DBCA	37_2	210	136.007130329825
514.285714285714	900	76.5989903603323	24.6	101.198990360332	DBCA	37_2	140	125.89481062958
514.285714285714	933.333333333333	77.9119353962596	24.6	102.51193539626	DBCA	37_2	70	116.535613258124
514.285714285714	966.666666666667	81.3137365307386	24.6	105.913736530739	DBCA	37_2	280	141.899235251308
528.571428571429	666.666666666667	81.7185024591814	24.6	106.318502459181	DBCA	38_1	70	120.342180321046
528.571428571429	700	78.7146901105164	24.6	103.314690110516	DBCA	38_1	0	103.314690110516
528.571428571429	733.333333333333	79.1735138333799	24.6	103.77351383338	DBCA	38_1	210	135.78994105553
528.571428571429	766.666666666667	74.9807479942797	24.6	99.5807479942796	DBCA	38_1	140	124.276568263528
528.571428571429	800	77.7668472596956	24.6	102.366847259696	DBCA	38_1	280	138.352345980265
528.571428571429	833.333333333333	80.9360513741678	24.6	105.536051374168	DBCA	38_2	140	130.231871643416
528.571428571429	866.666666666667	81.8652964229201	24.6	106.46529642292	DBCA	38_2	0	106.46529642292
528.571428571429	900	78.1417351756958	24.6	102.741735175696	DBCA	38_2	70	116.76541303756
528.571428571429	933.333333333333	81.4379065205272	24.6	106.037906520527	DBCA	38_2	280	142.023405241097
528.571428571429	966.666666666667	83.2682365499741	24.6	107.868236549974	DBCA	38_2	210	139.884663772124
542.857142857143	666.666666666667	81.6619975072207	24.6	106.261997507221	DBCA	39_1	70	120.285675369085
542.857142857143	700	79.9139313966803	24.6	104.51393139668	DBCA	39_1	210	136.53035861883
542.857142857143	733.333333333333	76.8347616587443	24.6	101.434761658744	DBCA	39_1	140	126.130581927992
542.857142857143	766.666666666667	76.6314367972984	24.6	101.231436797298	DBCA	39_1	280	137.216935517868
542.857142857143	800	77.5953763870807	24.6	102.195376387081	DBCA	39_1	0	102.195376387081
542.857142857143	833.333333333333	82.6734367833164	24.6	107.273436783316	DBCA	39_2	210	139.289864005466
542.857142857143	866.666666666667	79.8571462856691	24.6	104.457146285669	DBCA	39_2	280	140.442645006239
542.857142857143	900	80.5390881335337	24.6	105.139088133534	DBCA	39_2	140	129.834908402782
542.857142857143	933.333333333333	85.295558546498	24.6	109.895558546498	DBCA	39_2	0	109.895558546498
542.857142857143	966.666666666667	83.529509817201	24.6	108.129509817201	DBCA	39_2	70	122.153187679066
42.8571428571429	666.666666666667	79.3819798342177	0	79.3819798342177	DBCA	4_1	0	79.3819798342177
42.8571428571429	700	83.5651669124006	0	83.5651669124006	DBCA	4_1	210	98.0171941345503
42.8571428571429	733.333333333333	83.761750836139	0	83.761750836139	DBCA	4_1	140	96.747971105387
42.8571428571429	766.666666666667	83.2198447886895	0	83.2198447886895	DBCA	4_1	280	95.7861435092594
42.8571428571429	800	83.5076036570081	0	83.5076036570081	DBCA	4_1	70	91.6764815188728
42.8571428571429	833.333333333333	82.3871101209033	0	82.3871101209033	DBCA	4_2	210	96.8391373430529
42.8571428571429	866.666666666667	78.1971993129839	0	78.1971993129839	DBCA	4_2	140	91.1834195822319
42.8571428571429	900	77.3791660929615	0	77.3791660929615	DBCA	4_2	0	77.3791660929615
42.8571428571429	933.333333333333	77.373499238221	0	77.373499238221	DBCA	4_2	280	89.9397979587909
42.8571428571429	966.666666666667	77.9225124303601	0	77.9225124303601	DBCA	4_2	70	86.0913902922249
557.142857142857	666.666666666667	82.308887697489	24.6	106.908887697489	DBCA	40_1	210	138.925314919639
557.142857142857	700	76.5633700613822	24.6	101.163370061382	DBCA	40_1	280	137.148868781952
557.142857142857	733.333333333333	72.3726788154189	24.6	96.9726788154189	DBCA	40_1	0	96.9726788154189
557.142857142857	766.666666666667	75.9562961139354	24.6	100.556296113935	DBCA	40_1	140	125.252116383183
557.142857142857	800	79.189544676825	24.6	103.789544676825	DBCA	40_1	70	117.81322253869
557.142857142857	833.333333333333	81.4923490954492	24.6	106.092349095449	DBCA	40_2	70	120.116026957314
557.142857142857	866.666666666667	80.0763299999387	24.6	104.676329999939	DBCA	40_2	280	140.661828720509
557.142857142857	900	81.1762121723287	24.6	105.776212172329	DBCA	40_2	210	137.792639394478
557.142857142857	933.333333333333	81.6171547443709	24.6	106.217154744371	DBCA	40_2	140	130.912975013619
557.142857142857	966.666666666667	79.1193602449377	24.6	103.719360244938	DBCA	40_2	0	103.719360244938
571.428571428571	666.666666666667	79.3175955589819	24.6	103.917595558982	DBCA	41_1	280	139.903094279552
571.428571428571	700	78.7459811086255	24.6	103.345981108625	DBCA	41_1	210	135.362408330775
571.428571428571	733.333333333333	76.7803488660681	24.6	101.380348866068	DBCA	41_1	0	101.380348866068
571.428571428571	766.666666666667	76.3910444365944	24.6	100.991044436594	DBCA	41_1	70	115.014722298459
571.428571428571	800	81.4586984149616	24.6	106.058698414962	DBCA	41_1	140	130.75451868421
571.428571428571	833.333333333333	81.8973995076025	24.6	106.497399507602	DBCA	41_2	140	131.19321977685
571.428571428571	866.666666666667	79.689884686017	24.6	104.289884686017	DBCA	41_2	210	136.306311908167
571.428571428571	900	79.9683007997789	24.6	104.568300799779	DBCA	41_2	0	104.568300799779
571.428571428571	933.333333333333	81.6761990488947	24.6	106.276199048895	DBCA	41_2	280	142.261697769465
571.428571428571	966.666666666667	79.3577470390666	24.6	103.957747039067	DBCA	41_2	70	117.981424900931
585.714285714286	666.666666666667	81.1139807811821	24.6	105.713980781182	DBCA	42_1	0	105.713980781182
585.714285714286	700	75.4156929183266	24.6	100.015692918327	DBCA	42_1	210	132.032120140476
585.714285714286	733.333333333333	74.2891335559078	24.6	98.8891335559078	DBCA	42_1	70	112.912811417773
585.714285714286	766.666666666667	77.5411400533276	24.6	102.141140053328	DBCA	42_1	280	138.126638773897
585.714285714286	800	80.7892129824392	24.6	105.389212982439	DBCA	42_1	140	130.085033251687
585.714285714286	833.333333333333	80.2024107252694	24.6	104.802410725269	DBCA	42_2	140	129.498230994517
585.714285714286	866.666666666667	82.7839758144315	24.6	107.383975814432	DBCA	42_2	70	121.407653676296
585.714285714286	900	79.4538114144567	24.6	104.053811414457	DBCA	42_2	280	140.039310135027
585.714285714286	933.333333333333	79.1964634372569	24.6	103.796463437257	DBCA	42_2	210	135.812890659407
585.714285714286	966.666666666667	78.4664801972382	24.6	103.066480197238	DBCA	42_2	0	103.066480197238
600	666.666666666667	79.0627234066419	24.6	103.662723406642	DBCA	43_1	210	135.679150628792
600	700	77.3884944901819	24.6	101.988494490182	DBCA	43_1	0	101.988494490182
600	733.333333333333	74.3824206362509	24.6	98.9824206362509	DBCA	43_1	140	123.678240905499
600	766.666666666667	80.0157703453895	24.6	104.61577034539	DBCA	43_1	70	118.639448207254
600	800	79.7067869821007	24.6	104.306786982101	DBCA	43_1	280	140.29228570267
600	833.333333333333	79.872325597961	24.6	104.472325597961	DBCA	43_2	0	104.472325597961
600	866.666666666667	79.9915924106641	24.6	104.591592410664	DBCA	43_2	280	140.577091131234
600	900	82.1342870814041	24.6	106.734287081404	DBCA	43_2	70	120.757964943269
600	933.333333333333	81.1616075817488	24.6	105.761607581749	DBCA	43_2	210	137.778034803898
600	966.666666666667	79.6180196202725	24.6	104.218019620273	DBCA	43_2	140	128.91383988952
614.285714285714	666.666666666667	77.3257839217813	24.6	101.925783921781	DBCA	44_1	140	126.621604191029
614.285714285714	700	74.4145484548103	24.6	99.0145484548103	DBCA	44_1	280	135.00004717538
614.285714285714	733.333333333333	76.8361396442364	24.6	101.436139644236	DBCA	44_1	0	101.436139644236
614.285714285714	766.666666666667	78.2811387441633	24.6	102.881138744163	DBCA	44_1	210	134.897565966313
614.285714285714	800	78.4558332863706	24.6	103.055833286371	DBCA	44_1	70	117.079511148235
614.285714285714	833.333333333333	80.1639982685807	24.6	104.763998268581	DBCA	44_2	280	140.74949698915
614.285714285714	866.666666666667	77.4875565161328	24.6	102.087556516133	DBCA	44_2	210	134.103983738282
614.285714285714	900	79.7899124813027	24.6	104.389912481303	DBCA	44_2	0	104.389912481303
614.285714285714	933.333333333333	78.5912348286787	24.6	103.191234828679	DBCA	44_2	70	117.214912690543
614.285714285714	966.666666666667	75.9515902538651	24.6	100.551590253865	DBCA	44_2	140	125.247410523113
628.571428571429	666.666666666667	78.3760552293876	24.6	102.976055229388	DBCA	45_1	140	127.671875498636
628.571428571429	700	78.9047754195916	24.6	103.504775419592	DBCA	45_1	210	135.521202641741
628.571428571429	733.333333333333	80.8756760367739	24.6	105.475676036774	DBCA	45_1	0	105.475676036774
628.571428571429	766.666666666667	81.1584083350325	24.6	105.758408335032	DBCA	45_1	280	141.743907055602
628.571428571429	800	78.5289449701382	24.6	103.128944970138	DBCA	45_1	70	117.152622832003
628.571428571429	833.333333333333	79.9451078185785	24.6	104.545107818579	DBCA	45_2	140	129.240928087827
628.571428571429	866.666666666667	81.1650993698646	24.6	105.765099369865	DBCA	45_2	280	141.750598090434
628.571428571429	900	77.5543910173625	24.6	102.154391017362	DBCA	45_2	0	102.154391017362
628.571428571429	933.333333333333	79.9158419479305	24.6	104.515841947931	DBCA	45_2	70	118.539519809795
628.571428571429	966.666666666667	76.9299483587924	24.6	101.529948358792	DBCA	45_2	210	133.546375580942
642.857142857143	666.666666666667	78.2071188514992	24.6	102.807118851499	DBCA	46_1	70	116.830796713364
642.857142857143	700	77.280941980981	24.6	101.880941980981	DBCA	46_1	140	126.576762250229
642.857142857143	733.333333333333	80.6344762194346	24.6	105.234476219435	DBCA	46_1	280	141.219974940004
642.857142857143	766.666666666667	81.129335279782	24.6	105.729335279782	DBCA	46_1	210	137.745762501932
642.857142857143	800	79.4659521610552	24.6	104.065952161055	DBCA	46_1	0	104.065952161055
642.857142857143	833.333333333333	79.4970898134634	24.6	104.097089813463	DBCA	46_2	280	140.082588534033
642.857142857143	866.666666666667	78.9943160199121	24.6	103.594316019912	DBCA	46_2	210	135.610743242062
642.857142857143	900	79.0800254911275	24.6	103.680025491128	DBCA	46_2	0	103.680025491128
642.857142857143	933.333333333333	78.0508413322914	24.6	102.650841332291	DBCA	46_2	140	127.346661601539
642.857142857143	966.666666666667	71.7954247261239	24.6	96.3954247261239	DBCA	46_2	70	110.419102587989
657.142857142857	666.666666666667	80.2820563455611	24.6	104.882056345561	DBCA	47_1	140	129.577876614809
657.142857142857	700	79.981998158604	24.6	104.581998158604	DBCA	47_1	280	140.567496879174
657.142857142857	733.333333333333	80.6828166746278	24.6	105.282816674628	DBCA	47_1	0	105.282816674628
657.142857142857	766.666666666667	79.0213947601611	24.6	103.621394760161	DBCA	47_1	70	117.645072622026
657.142857142857	800	79.9932011152731	24.6	104.593201115273	DBCA	47_1	210	136.609628337423
657.142857142857	833.333333333333	77.1867091629367	24.6	101.786709162937	DBCA	47_2	140	126.482529432185
657.142857142857	866.666666666667	77.5558643275627	24.6	102.155864327563	DBCA	47_2	210	134.172291549712
657.142857142857	900	76.4054696511576	24.6	101.005469651158	DBCA	47_2	280	136.990968371727
657.142857142857	933.333333333333	73.8409967242435	24.6	98.4409967242435	DBCA	47_2	0	98.4409967242435
657.142857142857	966.666666666667	74.2695105219024	24.6	98.8695105219024	DBCA	47_2	70	112.893188383767
671.428571428571	666.666666666667	77.1359122491733	24.6	101.735912249173	DBCA	48_1	210	133.752339471323
671.428571428571	700	81.3056834941425	24.6	105.905683494143	DBCA	48_1	70	119.929361356007
671.428571428571	733.333333333333	80.1675287747404	24.6	104.76752877474	DBCA	48_1	280	140.75302749531
671.428571428571	766.666666666667	80.8818890540051	24.6	105.481889054005	DBCA	48_1	0	105.481889054005
671.428571428571	800	80.3887931098849	24.6	104.988793109885	DBCA	48_1	140	129.684613379133
671.428571428571	833.333333333333	80.9749669792348	24.6	105.574966979235	DBCA	48_2	0	105.574966979235
671.428571428571	866.666666666667	76.0444915441976	24.6	100.644491544198	DBCA	48_2	70	114.668169406062
671.428571428571	900	77.4001884301791	24.6	102.000188430179	DBCA	48_2	280	137.985687150749
671.428571428571	933.333333333333	82.2119186396252	24.6	106.811918639625	DBCA	48_2	140	131.507738908873
671.428571428571	966.666666666667	76.3809849305307	24.6	100.980984930531	DBCA	48_2	210	132.99741215268
685.714285714286	666.666666666667	75.723202001007	24.6	100.323202001007	DBCA	49_1	70	114.346879862872
685.714285714286	700	80.6992623234353	24.6	105.299262323435	DBCA	49_1	280	141.284761044005
685.714285714286	733.333333333333	78.5007901927541	24.6	103.100790192754	DBCA	49_1	140	127.796610462002
685.714285714286	766.666666666667	81.780335658408	24.6	106.380335658408	DBCA	49_1	210	138.396762880558
685.714285714286	800	81.6523020954396	24.6	106.25230209544	DBCA	49_1	0	106.25230209544
685.714285714286	833.333333333333	86.6490177098257	24.6	111.249017709826	DBCA	49_2	140	135.944837979074
685.714285714286	866.666666666667	80.3326158542828	24.6	104.932615854283	DBCA	49_2	280	140.918114574853
685.714285714286	900	81.9766380371385	24.6	106.576638037139	DBCA	49_2	70	120.600315899003
685.714285714286	933.333333333333	79.8070744279204	24.6	104.40707442792	DBCA	49_2	0	104.40707442792
685.714285714286	966.666666666667	75.0884654203308	24.6	99.6884654203308	DBCA	49_2	210	131.70489264248
57.1428571428571	666.666666666667	83.8870478928902	0	83.8870478928902	DBCA	5_1	70	92.0559257547549
57.1428571428571	700	82.5677738295027	0	82.5677738295027	DBCA	5_1	0	82.5677738295027
57.1428571428571	733.333333333333	85.66882744463	0	85.66882744463	DBCA	5_1	210	100.12085466678
57.1428571428571	766.666666666667	81.8114374465613	0	81.8114374465613	DBCA	5_1	280	94.3777361671311
57.1428571428571	800	81.9443741590363	0	81.9443741590363	DBCA	5_1	140	94.9305944282843
57.1428571428571	833.333333333333	79.5959442778817	0	79.5959442778817	DBCA	5_2	0	79.5959442778817
57.1428571428571	866.666666666667	79.1469111915666	0	79.1469111915666	DBCA	5_2	210	93.5989384137163
57.1428571428571	900	77.5663046935799	0	77.5663046935799	DBCA	5_2	70	85.7351825554446
57.1428571428571	933.333333333333	82.6139754885068	0	82.6139754885068	DBCA	5_2	140	95.6001957577547
57.1428571428571	966.666666666667	74.5169114183829	0	74.5169114183829	DBCA	5_2	280	87.0832101389528
700	666.666666666667	76.1457394805837	24.6	100.745739480584	DBCA	50_1	70	114.769417342448
700	700	81.9450819449481	24.6	106.545081944948	DBCA	50_1	0	106.545081944948
700	733.333333333333	79.4795629811128	24.6	104.079562981113	DBCA	50_1	140	128.775383250361
700	766.666666666667	82.2754987683971	24.6	106.875498768397	DBCA	50_1	210	138.891925990547
700	800	80.9953983870765	24.6	105.595398387077	DBCA	50_1	280	141.580897107646
700	833.333333333333	79.1847494506292	24.6	103.784749450629	DBCA	50_2	140	128.480569719877
700	866.666666666667	82.2082505735223	24.6	106.808250573522	DBCA	50_2	280	142.793749294092
700	900	83.5840384462923	24.6	108.184038446292	DBCA	50_2	210	140.200465668442
700	933.333333333333	78.6736115252685	24.6	103.273611525269	DBCA	50_2	70	117.297289387133
700	966.666666666667	78.3047742990214	24.6	102.904774299021	DBCA	50_2	0	102.904774299021
714.285714285714	666.666666666667	78.8429858565753	24.6	103.442985856575	DBCA	51_1	140	128.138806125823
714.285714285714	700	78.7129953820709	24.6	103.312995382071	DBCA	51_1	0	103.312995382071
714.285714285714	733.333333333333	78.4617541827446	24.6	103.061754182745	DBCA	51_1	70	117.085432044609
714.285714285714	766.666666666667	84.3323164429681	24.6	108.932316442968	DBCA	51_1	280	144.917815163538
714.285714285714	800	81.5878358097202	24.6	106.18783580972	DBCA	51_1	210	138.20426303187
714.285714285714	833.333333333333	79.1092960143503	24.6	103.70929601435	DBCA	51_2	70	117.732973876215
714.285714285714	866.666666666667	82.4459483892702	24.6	107.04594838927	DBCA	51_2	210	139.06237561142
714.285714285714	900	83.1983327665422	24.6	107.798332766542	DBCA	51_2	140	132.49415303579
714.285714285714	933.333333333333	81.6080690327697	24.6	106.20806903277	DBCA	51_2	0	106.20806903277
714.285714285714	966.666666666667	78.7818088366338	24.6	103.381808836634	DBCA	51_2	280	139.367307557204
728.571428571429	666.666666666667	76.9591274097279	24.6	101.559127409728	DBCA	52_1	140	126.254947678976
728.571428571429	700	79.7335732621564	24.6	104.333573262156	DBCA	52_1	0	104.333573262156
728.571428571429	733.333333333333	83.9295747023611	24.6	108.529574702361	DBCA	52_1	280	144.515073422931
728.571428571429	766.666666666667	84.1885658508971	24.6	108.788565850897	DBCA	52_1	70	122.812243712762
728.571428571429	800	83.3981668857078	24.6	107.998166885708	DBCA	52_1	210	140.014594107857
728.571428571429	833.333333333333	79.578923759543	24.6	104.178923759543	DBCA	52_2	280	140.164422480113
728.571428571429	866.666666666667	85.0917621657508	24.6	109.691762165751	DBCA	52_2	210	141.7081893879
728.571428571429	900	84.8576348832427	24.6	109.457634883243	DBCA	52_2	0	109.457634883243
728.571428571429	933.333333333333	80.6113237833532	24.6	105.211323783353	DBCA	52_2	70	119.235001645218
728.571428571429	966.666666666667	81.1545881340288	24.6	105.754588134029	DBCA	52_2	140	130.450408403277
742.857142857143	666.666666666667	77.0479569429392	24.6	101.647956942939	DBCA	53_1	280	137.633455663509
742.857142857143	700	81.1399398970391	24.6	105.739939897039	DBCA	53_1	140	130.435760166287
742.857142857143	733.333333333333	80.1861649990517	24.6	104.786164999052	DBCA	53_1	0	104.786164999052
742.857142857143	766.666666666667	81.2284079396008	24.6	105.828407939601	DBCA	53_1	210	137.84483516175
742.857142857143	800	81.9589202187375	24.6	106.558920218737	DBCA	53_1	70	120.582598080602
742.857142857143	833.333333333333	79.4255143126499	24.6	104.02551431265	DBCA	53_2	70	118.049192174515
742.857142857143	866.666666666667	86.9192321636706	24.6	111.519232163671	DBCA	53_2	210	143.53565938582
742.857142857143	900	80.9619508888994	24.6	105.561950888899	DBCA	53_2	0	105.561950888899
742.857142857143	933.333333333333	78.4120999120859	24.6	103.012099912086	DBCA	53_2	280	138.997598632656
742.857142857143	966.666666666667	76.1946724083702	24.6	100.79467240837	DBCA	53_2	140	125.490492677618
757.142857142857	666.666666666667	77.6259869856285	24.6	102.225986985628	DBCA	54_1	140	126.921807254876
757.142857142857	700	79.2667674658522	24.6	103.866767465852	DBCA	54_1	210	135.883194688002
757.142857142857	733.333333333333	80.4469437729954	24.6	105.046943772995	DBCA	54_1	70	119.07062163486
757.142857142857	766.666666666667	78.871611798151	24.6	103.471611798151	DBCA	54_1	280	139.457110518721
757.142857142857	800	84.1836700236553	24.6	108.783670023655	DBCA	54_1	0	108.783670023655
757.142857142857	833.333333333333	83.0461743903684	24.6	107.646174390368	DBCA	54_2	140	132.341994659616
757.142857142857	866.666666666667	90.0969598876252	24.6	114.696959887625	DBCA	54_2	210	146.713387109775
757.142857142857	900	83.266534130703	24.6	107.866534130703	DBCA	54_2	70	121.890211992568
757.142857142857	933.333333333333	78.0643392902589	24.6	102.664339290259	DBCA	54_2	0	102.664339290259
757.142857142857	966.666666666667	77.5773408713265	24.6	102.177340871326	DBCA	54_2	280	138.162839591896
771.428571428571	666.666666666667	77.0743625154534	24.6	101.674362515453	DBCA	55_1	210	133.690789737603
771.428571428571	700	79.5863027081893	24.6	104.186302708189	DBCA	55_1	0	104.186302708189
771.428571428571	733.333333333333	79.3686184061338	24.6	103.968618406134	DBCA	55_1	140	128.664438675382
771.428571428571	766.666666666667	78.5437278047004	24.6	103.1437278047	DBCA	55_1	280	139.12922652527
771.428571428571	800	83.9648162069675	24.6	108.564816206967	DBCA	55_1	70	122.588494068832
771.428571428571	833.333333333333	81.5473426288734	24.6	106.147342628873	DBCA	55_2	210	138.163769851023
771.428571428571	866.666666666667	85.0883059165737	24.6	109.688305916574	DBCA	55_2	70	123.711983778438
771.428571428571	900	81.5040736010567	24.6	106.104073601057	DBCA	55_2	140	130.799893870305
771.428571428571	933.333333333333	78.1462242017748	24.6	102.746224201775	DBCA	55_2	0	102.746224201775
771.428571428571	966.666666666667	76.8362029639549	24.6	101.436202963955	DBCA	55_2	280	137.421701684525
785.714285714286	666.666666666667	77.9458308440852	24.6	102.545830844085	DBCA	56_1	210	134.562258066235
785.714285714286	700	80.4645871241103	24.6	105.06458712411	DBCA	56_1	70	119.088264985975
785.714285714286	733.333333333333	81.3780740878666	24.6	105.978074087867	DBCA	56_1	140	130.673894357115
785.714285714286	766.666666666667	81.8487738576441	24.6	106.448773857644	DBCA	56_1	0	106.448773857644
785.714285714286	800	84.5319695132345	24.6	109.131969513234	DBCA	56_1	280	145.117468233804
785.714285714286	833.333333333333	82.7696742554246	24.6	107.369674255425	DBCA	56_2	280	143.355172975994
785.714285714286	866.666666666667	83.0615342224179	24.6	107.661534222418	DBCA	56_2	0	107.661534222418
785.714285714286	900	78.5913961496551	24.6	103.191396149655	DBCA	56_2	70	117.21507401152
785.714285714286	933.333333333333	81.9399544766991	24.6	106.539954476699	DBCA	56_2	140	131.235774745947
785.714285714286	966.666666666667	75.3852082377744	24.6	99.9852082377744	DBCA	56_2	210	132.001635459924
800	666.666666666667	79.3272014298078	24.6	103.927201429808	DBCA	57_1	140	128.623021699056
800	700	81.174073809266	24.6	105.774073809266	DBCA	57_1	0	105.774073809266
800	733.333333333333	81.57559436116	24.6	106.17559436116	DBCA	57_1	210	138.19202158331
800	766.666666666667	82.5701178503563	24.6	107.170117850356	DBCA	57_1	70	121.193795712221
800	800	84.4575640098031	24.6	109.057564009803	DBCA	57_1	280	145.043062730373
800	833.333333333333	82.2170956977999	24.6	106.8170956978	DBCA	57_2	70	120.840773559665
800	866.666666666667	81.6553549445978	24.6	106.255354944598	DBCA	57_2	280	142.240853665168
800	900	82.9879050751066	24.6	107.587905075107	DBCA	57_2	210	139.604332297256
800	933.333333333333	81.2899793905355	24.6	105.889979390535	DBCA	57_2	0	105.889979390535
800	966.666666666667	81.8063139123338	24.6	106.406313912334	DBCA	57_2	140	131.102134181582
814.285714285714	666.666666666667	81.0967728606392	24.6	105.696772860639	DBCA	58_1	280	141.682271581209
814.285714285714	700	81.9594638358049	24.6	106.559463835805	DBCA	58_1	140	131.255284105053
814.285714285714	733.333333333333	83.9106642465114	24.6	108.510664246511	DBCA	58_1	70	122.534342108376
814.285714285714	766.666666666667	81.7582371598932	24.6	106.358237159893	DBCA	58_1	210	138.374664382043
814.285714285714	800	83.1458456535926	24.6	107.745845653593	DBCA	58_1	0	107.745845653593
814.285714285714	833.333333333333	84.335639695782	24.6	108.935639695782	DBCA	58_2	0	108.935639695782
814.285714285714	866.666666666667	81.5438273552374	24.6	106.143827355237	DBCA	58_2	140	130.839647624485
814.285714285714	900	81.4086146695553	24.6	106.008614669555	DBCA	58_2	70	120.03229253142
814.285714285714	933.333333333333	81.3144079870688	24.6	105.914407987069	DBCA	58_2	210	137.930835209218
814.285714285714	966.666666666667	79.2385199316097	24.6	103.83851993161	DBCA	58_2	280	139.82401865218
828.571428571429	666.666666666667	83.764337555354	24.6	108.364337555354	DBCA	59_1	210	140.380764777504
828.571428571429	700	79.6177178246203	24.6	104.21771782462	DBCA	59_1	70	118.241395686485
828.571428571429	733.333333333333	79.4841454246816	24.6	104.084145424682	DBCA	59_1	140	128.77996569393
828.571428571429	766.666666666667	80.9152966667077	24.6	105.515296666708	DBCA	59_1	0	105.515296666708
828.571428571429	800	81.1917832614591	24.6	105.791783261459	DBCA	59_1	280	141.777281982029
828.571428571429	833.333333333333	81.6919600098842	24.6	106.291960009884	DBCA	59_2	210	138.308387232034
828.571428571429	866.666666666667	83.4098929722271	24.6	108.009892972227	DBCA	59_2	140	132.705713241475
828.571428571429	900	80.9627003836445	24.6	105.562700383644	DBCA	59_2	70	119.586378245509
828.571428571429	933.333333333333	79.5663228718786	24.6	104.166322871879	DBCA	59_2	280	140.151821592448
828.571428571429	966.666666666667	76.7282568103234	24.6	101.328256810323	DBCA	59_2	0	101.328256810323
71.4285714285714	666.666666666667	77.9867401833846	0	77.9867401833846	DBCA	6_1	210	92.4387674055343
71.4285714285714	700	81.6239681361921	0	81.6239681361921	DBCA	6_1	140	94.6101884054401
71.4285714285714	733.333333333333	82.5560825164941	0	82.5560825164941	DBCA	6_1	70	90.7249603783588
71.4285714285714	766.666666666667	81.6119233541307	0	81.6119233541307	DBCA	6_1	280	94.1782220747005
71.4285714285714	800	80.4239486379877	0	80.4239486379877	DBCA	6_1	0	80.4239486379877
71.4285714285714	833.333333333333	81.8619209965796	0	81.8619209965796	DBCA	6_2	0	81.8619209965796
71.4285714285714	866.666666666667	80.5173169606086	0	80.5173169606086	DBCA	6_2	280	93.0836156811784
71.4285714285714	900	80.4632699487061	0	80.4632699487061	DBCA	6_2	140	93.4494902179541
71.4285714285714	933.333333333333	80.0256035937139	0	80.0256035937139	DBCA	6_2	70	88.1944814555787
71.4285714285714	966.666666666667	77.8257154141862	0	77.8257154141862	DBCA	6_2	210	92.2777426363359
842.857142857143	666.666666666667	85.7078942829152	24.6	110.307894282915	DBCA	60_1	210	142.324321505065
842.857142857143	700	83.6398113172355	24.6	108.239811317236	DBCA	60_1	140	132.935631586483
842.857142857143	733.333333333333	81.37767998344	24.6	105.97767998344	DBCA	60_1	70	120.001357845305
842.857142857143	766.666666666667	80.4424258351815	24.6	105.042425835181	DBCA	60_1	0	105.042425835181
842.857142857143	800	79.8620554680395	24.6	104.462055468039	DBCA	60_1	280	140.447554188609
842.857142857143	833.333333333333	76.9992461975059	24.6	101.599246197506	DBCA	60_2	0	101.599246197506
842.857142857143	866.666666666667	78.0972727640809	24.6	102.697272764081	DBCA	60_2	140	127.393093033329
842.857142857143	900	81.8060786581523	24.6	106.406078658152	DBCA	60_2	280	142.391577378722
842.857142857143	933.333333333333	79.6701178971548	24.6	104.270117897155	DBCA	60_2	70	118.29379575902
842.857142857143	966.666666666667	78.5599628358017	24.6	103.159962835802	DBCA	60_2	210	135.176390057951
857.142857142857	666.666666666667	84.1606744924321	24.6	108.760674492432	DBCA	61_1	0	108.760674492432
857.142857142857	700	81.4700268646983	24.6	106.070026864698	DBCA	61_1	210	138.086454086848
857.142857142857	733.333333333333	75.4096306961597	24.6	100.00963069616	DBCA	61_1	70	114.033308558024
857.142857142857	766.666666666667	80.8855173831818	24.6	105.485517383182	DBCA	61_1	280	141.471016103752
857.142857142857	800	77.8163172404295	24.6	102.41631724043	DBCA	61_1	140	127.112137509677
857.142857142857	833.333333333333	81.4147992828787	24.6	106.014799282879	DBCA	61_2	210	138.031226505028
857.142857142857	866.666666666667	80.7837815288751	24.6	105.383781528875	DBCA	61_2	0	105.383781528875
857.142857142857	900	82.7088423322898	24.6	107.30884233229	DBCA	61_2	280	143.29434105286
857.142857142857	933.333333333333	82.074598627566	24.6	106.674598627566	DBCA	61_2	70	120.698276489431
857.142857142857	966.666666666667	77.5827968030334	24.6	102.182796803033	DBCA	61_2	140	126.878617072281
871.428571428571	666.666666666667	81.3112247269072	24.6	105.911224726907	DBCA	62_1	210	137.927651949057
871.428571428571	700	79.8820852266886	24.6	104.482085226689	DBCA	62_1	70	118.505763088553
871.428571428571	733.333333333333	78.5762017297975	24.6	103.176201729798	DBCA	62_1	140	127.872021999046
871.428571428571	766.666666666667	79.375391301864	24.6	103.975391301864	DBCA	62_1	0	103.975391301864
871.428571428571	800	82.4670609151525	24.6	107.067060915152	DBCA	62_1	280	143.052559635722
871.428571428571	833.333333333333	79.2072612749529	24.6	103.807261274953	DBCA	62_2	210	135.823688497103
871.428571428571	866.666666666667	82.6926797153231	24.6	107.292679715323	DBCA	62_2	140	131.988499984571
871.428571428571	900	78.3043253758983	24.6	102.904325375898	DBCA	62_2	0	102.904325375898
871.428571428571	933.333333333333	83.0587330808342	24.6	107.658733080834	DBCA	62_2	280	143.644231801404
871.428571428571	966.666666666667	81.5731388485365	24.6	106.173138848537	DBCA	62_2	70	120.196816710401
885.714285714286	666.666666666667	78.5308600328246	24.6	103.130860032825	DBCA	63_1	210	135.147287254974
885.714285714286	700	78.1970721542948	24.6	102.797072154295	DBCA	63_1	0	102.797072154295
885.714285714286	733.333333333333	78.842886080689	24.6	103.442886080689	DBCA	63_1	70	117.466563942554
885.714285714286	766.666666666667	79.1394070692506	24.6	103.739407069251	DBCA	63_1	280	139.72490578982
885.714285714286	800	80.9941943037651	24.6	105.594194303765	DBCA	63_1	140	130.290014573013
885.714285714286	833.333333333333	78.6733324844874	24.6	103.273332484487	DBCA	63_2	0	103.273332484487
885.714285714286	866.666666666667	80.6393821274362	24.6	105.239382127436	DBCA	63_2	140	129.935202396684
885.714285714286	900	78.3397499835921	24.6	102.939749983592	DBCA	63_2	210	134.956177205742
885.714285714286	933.333333333333	75.9501967827974	24.6	100.550196782797	DBCA	63_2	280	136.535695503367
885.714285714286	966.666666666667	81.2000299666767	24.6	105.800029966677	DBCA	63_2	70	119.823707828541
900	666.666666666667	76.7767796242729	24.6	101.376779624273	DBCA	64_1	0	101.376779624273
900	700	77.8190309245815	24.6	102.419030924582	DBCA	64_1	70	116.442708786446
900	733.333333333333	75.0273545384641	24.6	99.6273545384641	DBCA	64_1	140	124.323174807712
900	766.666666666667	79.7254909018281	24.6	104.325490901828	DBCA	64_1	210	136.341918123978
900	800	79.5677276062539	24.6	104.167727606254	DBCA	64_1	280	140.153226326824
900	833.333333333333	78.1886689324339	24.6	102.788668932434	DBCA	64_2	280	138.774167653004
900	866.666666666667	80.5884179288143	24.6	105.188417928814	DBCA	64_2	210	137.204845150964
900	900	83.1139690065867	24.6	107.713969006587	DBCA	64_2	70	121.737646868451
900	933.333333333333	79.596086097496	24.6	104.196086097496	DBCA	64_2	0	104.196086097496
900	966.666666666667	80.108841062213	24.6	104.708841062213	DBCA	64_2	140	129.404661331461
914.285714285714	666.666666666667	78.7805074835585	24.6	103.380507483558	DBCA	65_1	0	103.380507483558
914.285714285714	700	77.8386273135045	24.6	102.438627313505	DBCA	65_1	280	138.424126034074
914.285714285714	733.333333333333	77.8730656451452	24.6	102.473065645145	DBCA	65_1	70	116.49674350701
914.285714285714	766.666666666667	78.1613595157097	24.6	102.76135951571	DBCA	65_1	140	127.457179784958
914.285714285714	800	80.6151606612175	24.6	105.215160661217	DBCA	65_1	210	137.231587883367
914.285714285714	833.333333333333	77.8370395728721	24.6	102.437039572872	DBCA	65_2	210	134.453466795022
914.285714285714	866.666666666667	82.2616443470022	24.6	106.861644347002	DBCA	65_2	140	131.55746461625
914.285714285714	900	81.2641590058577	24.6	105.864159005858	DBCA	65_2	280	141.849657726428
914.285714285714	933.333333333333	80.7684874779167	24.6	105.368487477917	DBCA	65_2	70	119.392165339781
914.285714285714	966.666666666667	80.1188987774545	24.6	104.718898777454	DBCA	65_2	0	104.718898777454
928.571428571429	666.666666666667	80.5591678155861	24.6	105.159167815586	DBCA	66_1	280	141.144666536156
928.571428571429	700	81.8555172905686	24.6	106.455517290569	DBCA	66_1	0	106.455517290569
928.571428571429	733.333333333333	78.0658489490144	24.6	102.665848949014	DBCA	66_1	70	116.689526810879
928.571428571429	766.666666666667	77.1073762614437	24.6	101.707376261444	DBCA	66_1	210	133.723803483593
928.571428571429	800	78.6042183804592	24.6	103.204218380459	DBCA	66_1	140	127.900038649707
928.571428571429	833.333333333333	82.2067882069254	24.6	106.806788206925	DBCA	66_2	210	138.823215429075
928.571428571429	866.666666666667	78.4925639331919	24.6	103.092563933192	DBCA	66_2	280	139.078062653762
928.571428571429	900	82.4173246409546	24.6	107.017324640955	DBCA	66_2	140	131.713144910203
928.571428571429	933.333333333333	77.7786270809606	24.6	102.378627080961	DBCA	66_2	0	102.378627080961
928.571428571429	966.666666666667	74.6780533201072	24.6	99.2780533201072	DBCA	66_2	70	113.301731181972
942.857142857143	666.666666666667	79.7214718350827	24.6	104.321471835083	DBCA	67_1	210	136.337899057232
942.857142857143	700	80.1280005450331	24.6	104.728000545033	DBCA	67_1	280	140.713499265603
942.857142857143	733.333333333333	78.28608103692	24.6	102.88608103692	DBCA	67_1	140	127.581901306168
942.857142857143	766.666666666667	78.1528099793743	24.6	102.752809979374	DBCA	67_1	0	102.752809979374
942.857142857143	800	79.274053455352	24.6	103.874053455352	DBCA	67_1	70	117.897731317217
942.857142857143	833.333333333333	78.3652244568957	24.6	102.965224456896	DBCA	67_2	70	116.98890231876
942.857142857143	866.666666666667	77.474115213916	24.6	102.074115213916	DBCA	67_2	210	134.090542436066
942.857142857143	900	78.4434495079416	24.6	103.043449507942	DBCA	67_2	140	127.73926977719
942.857142857143	933.333333333333	79.5607923502666	24.6	104.160792350267	DBCA	67_2	280	140.146291070836
942.857142857143	966.666666666667	75.7126884745578	24.6	100.312688474558	DBCA	67_2	0	100.312688474558
957.142857142857	666.666666666667	79.9424322083385	24.6	104.542432208338	DBCA	68_1	210	136.558859430488
957.142857142857	700	84.2803539750157	24.6	108.880353975016	DBCA	68_1	140	133.576174244264
957.142857142857	733.333333333333	75.2453075077085	24.6	99.8453075077085	DBCA	68_1	280	135.830806228278
957.142857142857	766.666666666667	75.0441415215299	24.6	99.6441415215299	DBCA	68_1	70	113.667819383395
957.142857142857	800	80.0789630551126	24.6	104.678963055113	DBCA	68_1	0	104.678963055113
957.142857142857	833.333333333333	79.1473756871723	24.6	103.747375687172	DBCA	68_2	280	139.732874407742
957.142857142857	866.666666666667	76.9776124559271	24.6	101.577612455927	DBCA	68_2	70	115.601290317792
957.142857142857	900	76.4272377205778	24.6	101.027237720578	DBCA	68_2	210	133.043664942727
957.142857142857	933.333333333333	82.9010616804843	24.6	107.501061680484	DBCA	68_2	0	107.501061680484
957.142857142857	966.666666666667	79.896399967913	24.6	104.496399967913	DBCA	68_2	140	129.192220237161
971.428571428571	666.666666666667	79.5083460480937	24.6	104.108346048094	DBCA	69_1	0	104.108346048094
971.428571428571	700	78.5397845547726	24.6	103.139784554773	DBCA	69_1	280	139.125283275342
971.428571428571	733.333333333333	79.213997558394	24.6	103.813997558394	DBCA	69_1	210	135.830424780544
971.428571428571	766.666666666667	77.5562651438284	24.6	102.156265143828	DBCA	69_1	140	126.852085413076
971.428571428571	800	78.4612543474244	24.6	103.061254347424	DBCA	69_1	70	117.084932209289
971.428571428571	833.333333333333	76.1360853267094	24.6	100.736085326709	DBCA	69_2	280	136.721584047279
971.428571428571	866.666666666667	80.7007271009381	24.6	105.300727100938	DBCA	69_2	210	137.317154323088
971.428571428571	900	81.497310387381	24.6	106.097310387381	DBCA	69_2	0	106.097310387381
971.428571428571	933.333333333333	80.3776064028922	24.6	104.977606402892	DBCA	69_2	140	129.67342667214
971.428571428571	966.666666666667	79.9253236060178	24.6	104.525323606018	DBCA	69_2	70	118.549001467883
85.7142857142857	666.666666666667	76.4042594211584	0	76.4042594211584	DBCA	7_1	70	84.5731372830231
85.7142857142857	700	80.6821514468163	0	80.6821514468163	DBCA	7_1	140	93.6683717160642
85.7142857142857	733.333333333333	80.8704368355723	0	80.8704368355723	DBCA	7_1	210	95.3224640577219
85.7142857142857	766.666666666667	80.2063776462777	0	80.2063776462777	DBCA	7_1	0	80.2063776462777
85.7142857142857	800	80.1111284795567	0	80.1111284795567	DBCA	7_1	280	92.6774272001266
85.7142857142857	833.333333333333	79.9351855556746	0	79.9351855556746	DBCA	7_2	280	92.5014842762445
85.7142857142857	866.666666666667	82.0349762144045	0	82.0349762144045	DBCA	7_2	210	96.4870034365541
85.7142857142857	900	80.6546201270317	0	80.6546201270317	DBCA	7_2	0	80.6546201270317
85.7142857142857	933.333333333333	82.0807993062827	0	82.0807993062827	DBCA	7_2	70	90.2496771681474
85.7142857142857	966.666666666667	81.3508041679033	0	81.3508041679033	DBCA	7_2	140	94.3370244371513
985.714285714286	666.666666666667	81.5294747358814	24.6	106.129474735881	DBCA	70_1	210	138.145901958031
985.714285714286	700	73.3634723103933	24.6	97.9634723103933	DBCA	70_1	70	111.987150172258
985.714285714286	733.333333333333	74.2734301093244	24.6	98.8734301093244	DBCA	70_1	280	134.858928829894
985.714285714286	766.666666666667	76.8011306811406	24.6	101.401130681141	DBCA	70_1	140	126.096950950389
985.714285714286	800	79.1244070767853	24.6	103.724407076785	DBCA	70_1	0	103.724407076785
985.714285714286	833.333333333333	78.913782033967	24.6	103.513782033967	DBCA	70_2	0	103.513782033967
985.714285714286	866.666666666667	80.7140307457406	24.6	105.314030745741	DBCA	70_2	210	137.33045796789
985.714285714286	900	80.2558111176295	24.6	104.855811117629	DBCA	70_2	70	118.879488979494
985.714285714286	933.333333333333	76.946772982545	24.6	101.546772982545	DBCA	70_2	140	126.242593251793
985.714285714286	966.666666666667	77.1817591846567	24.6	101.781759184657	DBCA	70_2	280	137.767257905227
1000	666.666666666667	80.344417802045	24.6	104.944417802045	DBCA	71_1	210	136.960845024195
1000	700	78.1970660866764	24.6	102.797066086676	DBCA	71_1	140	127.492886355924
1000	733.333333333333	77.9545105590313	24.6	102.554510559031	DBCA	71_1	280	138.540009279601
1000	766.666666666667	76.5710310720104	24.6	101.17103107201	DBCA	71_1	70	115.194708933875
1000	800	78.4713143282423	24.6	103.071314328242	DBCA	71_1	0	103.071314328242
1000	833.333333333333	81.5328554120892	24.6	106.132855412089	DBCA	71_2	140	130.828675681337
1000	866.666666666667	78.5170369140671	24.6	103.117036914067	DBCA	71_2	280	139.102535634637
1000	900	77.762710899962	24.6	102.362710899962	DBCA	71_2	0	102.362710899962
1000	933.333333333333	79.3657404710231	24.6	103.965740471023	DBCA	71_2	70	117.989418332888
1000	966.666666666667	81.353896679472	24.6	105.953896679472	DBCA	71_2	210	137.970323901622
100	666.666666666667	77.855725966645	0	77.855725966645	DBCA	8_1	140	90.841946235893
100	700	78.6822967177204	0	78.6822967177204	DBCA	8_1	70	86.8511745795851
100	733.333333333333	77.1750057542161	0	77.1750057542161	DBCA	8_1	210	91.6270329763658
100	766.666666666667	77.2106177275075	0	77.2106177275075	DBCA	8_1	0	77.2106177275075
100	800	81.0674376489897	0	81.0674376489897	DBCA	8_1	280	93.6337363695595
100	833.333333333333	82.4809136879112	0	82.4809136879112	DBCA	8_2	280	95.047212408481
100	866.666666666667	80.4121292293852	0	80.4121292293852	DBCA	8_2	70	88.5810070912499
100	900	81.5840899113643	0	81.5840899113643	DBCA	8_2	210	96.036117133514
100	933.333333333333	79.0476623292775	0	79.0476623292775	DBCA	8_2	0	79.0476623292775
100	966.666666666667	79.7438824440146	0	79.7438824440146	DBCA	8_2	140	92.7301027132626
114.285714285714	666.666666666667	79.095008349809	0	79.095008349809	DBCA	9_1	140	92.081228619057
114.285714285714	700	77.5855091689768	0	77.5855091689768	DBCA	9_1	0	77.5855091689768
114.285714285714	733.333333333333	77.5474925425062	0	77.5474925425062	DBCA	9_1	70	85.716370404371
114.285714285714	766.666666666667	78.0145271867055	0	78.0145271867055	DBCA	9_1	280	90.5808259072753
114.285714285714	800	76.8528240720207	0	76.8528240720207	DBCA	9_1	210	91.3048512941703
114.285714285714	833.333333333333	79.3879345357621	0	79.3879345357621	DBCA	9_2	140	92.3741548050101
114.285714285714	866.666666666667	75.4811751694674	0	75.4811751694674	DBCA	9_2	210	89.9332023916171
114.285714285714	900	79.8387236226688	0	79.8387236226688	DBCA	9_2	0	79.8387236226688
114.285714285714	933.333333333333	82.426742384795	0	82.426742384795	DBCA	9_2	280	94.9930411053649
114.285714285714	966.666666666667	79.1746265402494	0	79.1746265402494	DBCA	9_2	70	87.3435044021141
0	1000	78.5961000528945	0	78.5961000528945	DBCA	1_3	NA	NA
14.2857142857143	1000	78.4889662757989	0	78.4889662757989	DBCA	2_3	NA	NA
28.5714285714286	1000	79.7269271905592	0	79.7269271905592	DBCA	3_3	NA	NA
42.8571428571429	1000	80.1185451364307	0	80.1185451364307	DBCA	4_3	NA	NA
57.1428571428571	1000	80.6802665872666	0	80.6802665872666	DBCA	5_3	NA	NA
71.4285714285714	1000	78.7164224586774	0	78.7164224586774	DBCA	6_3	NA	NA
85.7142857142857	1000	80.0126790046964	0	80.0126790046964	DBCA	7_3	NA	NA
100	1000	80.2689697339218	0	80.2689697339218	DBCA	8_3	NA	NA
114.285714285714	1000	81.6105320753208	0	81.6105320753208	DBCA	9_3	NA	NA
128.571428571429	1000	80.0661977306728	0	80.0661977306728	DBCA	10_3	NA	NA
142.857142857143	1000	81.7558931025608	0	81.7558931025608	DBCA	11_3	NA	NA
157.142857142857	1000	81.177895036297	0	81.177895036297	DBCA	12_3	NA	NA
171.428571428571	1000	79.8414209902555	0	79.8414209902555	DBCA	13_3	NA	NA
185.714285714286	1000	79.8454238938324	0	79.8454238938324	DBCA	14_3	NA	NA
200	1000	79.1883688669857	0	79.1883688669857	DBCA	15_3	NA	NA
214.285714285714	1000	81.0814879943436	0	81.0814879943436	DBCA	16_3	NA	NA
228.571428571429	1000	81.1231420593142	0	81.1231420593142	DBCA	17_3	NA	NA
242.857142857143	1000	78.8439222895661	0	78.8439222895661	DBCA	18_3	NA	NA
257.142857142857	1000	77.3374434988354	0	77.3374434988354	DBCA	19_3	NA	NA
271.428571428571	1000	77.3059340602271	0	77.3059340602271	DBCA	20_3	NA	NA
285.714285714286	1000	78.5489193159417	0	78.5489193159417	DBCA	21_3	NA	NA
300	1000	78.4390568478218	0	78.4390568478218	DBCA	22_3	NA	NA
314.285714285714	1000	82.7535685476102	0	82.7535685476102	DBCA	23_3	NA	NA
328.571428571429	1000	81.239527923473	0	81.239527923473	DBCA	24_3	NA	NA
342.857142857143	1000	79.4231169357969	0	79.4231169357969	DBCA	25_3	NA	NA
357.142857142857	1000	76.2316114207169	0	76.2316114207169	DBCA	26_3	NA	NA
371.428571428571	1000	81.3331849272221	0	81.3331849272221	DBCA	27_3	NA	NA
385.714285714286	1000	80.3444090555185	0	80.3444090555185	DBCA	28_3	NA	NA
400	1000	77.162275411818	0	77.162275411818	DBCA	29_3	NA	NA
414.285714285714	1000	79.7036228234015	0	79.7036228234015	DBCA	30_3	NA	NA
428.571428571429	1000	83.300002856632	0	83.300002856632	DBCA	31_3	NA	NA
442.857142857143	1000	82.4757122680428	0	82.4757122680428	DBCA	32_3	NA	NA
457.142857142857	1000	80.3735843569872	0	80.3735843569872	DBCA	33_3	NA	NA
471.428571428571	1000	80.0251303279875	0	80.0251303279875	DBCA	34_3	NA	NA
485.714285714286	1000	83.7024055092676	0	83.7024055092676	DBCA	35_3	NA	NA
500	1000	82.2900581101296	0	82.2900581101296	DBCA	36_3	NA	NA
514.285714285714	1000	79.6013180273019	24.6	104.201318027302	DBCA	37_3	NA	NA
528.571428571429	1000	78.2638948121333	24.6	102.863894812133	DBCA	38_3	NA	NA
542.857142857143	1000	76.4248786185641	24.6	101.024878618564	DBCA	39_3	NA	NA
557.142857142857	1000	75.0967014726529	24.6	99.6967014726529	DBCA	40_3	NA	NA
571.428571428571	1000	77.6483890642488	24.6	102.248389064249	DBCA	41_3	NA	NA
585.714285714286	1000	76.3773159547951	24.6	100.977315954795	DBCA	42_3	NA	NA
600	1000	74.3359547234697	24.6	98.9359547234697	DBCA	43_3	NA	NA
614.285714285714	1000	72.8311734566829	24.6	97.4311734566829	DBCA	44_3	NA	NA
628.571428571429	1000	74.7923774677145	24.6	99.3923774677145	DBCA	45_3	NA	NA
642.857142857143	1000	73.1957932080092	24.6	97.7957932080092	DBCA	46_3	NA	NA
657.142857142857	1000	77.0043914272432	24.6	101.604391427243	DBCA	47_3	NA	NA
671.428571428571	1000	78.3966661852861	24.6	102.996666185286	DBCA	48_3	NA	NA
685.714285714286	1000	79.0781326632936	24.6	103.678132663294	DBCA	49_3	NA	NA
700	1000	81.720100687218	24.6	106.320100687218	DBCA	50_3	NA	NA
714.285714285714	1000	81.1041743943566	24.6	105.704174394357	DBCA	51_3	NA	NA
728.571428571429	1000	81.3427818116283	24.6	105.942781811628	DBCA	52_3	NA	NA
742.857142857143	1000	81.7956296797976	24.6	106.395629679798	DBCA	53_3	NA	NA
757.142857142857	1000	83.2145782766061	24.6	107.814578276606	DBCA	54_3	NA	NA
771.428571428571	1000	80.0187343709322	24.6	104.618734370932	DBCA	55_3	NA	NA
785.714285714286	1000	82.9779027530398	24.6	107.57790275304	DBCA	56_3	NA	NA
800	1000	81.6434113652873	24.6	106.243411365287	DBCA	57_3	NA	NA
814.285714285714	1000	79.9189275099259	24.6	104.518927509926	DBCA	58_3	NA	NA
828.571428571429	1000	82.9959960841676	24.6	107.595996084168	DBCA	59_3	NA	NA
842.857142857143	1000	78.1659417132453	24.6	102.765941713245	DBCA	60_3	NA	NA
857.142857142857	1000	80.8995158395825	24.6	105.499515839583	DBCA	61_3	NA	NA
871.428571428571	1000	81.4232351257965	24.6	106.023235125797	DBCA	62_3	NA	NA
885.714285714286	1000	77.0881045258354	24.6	101.688104525835	DBCA	63_3	NA	NA
900	1000	75.8617589632976	24.6	100.461758963298	DBCA	64_3	NA	NA
914.285714285714	1000	76.1127980023653	24.6	100.712798002365	DBCA	65_3	NA	NA
928.571428571429	1000	74.1677871468164	24.6	98.7677871468164	DBCA	66_3	NA	NA
942.857142857143	1000	79.6822063540412	24.6	104.282206354041	DBCA	67_3	NA	NA
957.142857142857	1000	74.9658564781679	24.6	99.5658564781679	DBCA	68_3	NA	NA
971.428571428571	1000	77.0111214462916	24.6	101.611121446292	DBCA	69_3	NA	NA
985.714285714286	1000	81.0491492700584	24.6	105.649149270058	DBCA	70_3	NA	NA
1000	1000	80.2313044054294	24.6	104.831304405429	DBCA	71_3	NA	NA
