x	y	variable1	Zona	ErrorConEfecto	Disenio	AsigTrat	MiRto
0	0	78.6235810641271	0	78.6235810641271	DCA	210	80.3359623349837
14.2857142857143	0	76.8218595818765	0	76.8218595818765	DCA	0	76.8218595818765
28.5714285714286	0	79.4758933186241	0	79.4758933186241	DCA	280	72.1466550630714
42.8571428571429	0	80.8836326920825	0	80.8836326920825	DCA	0	80.8836326920825
57.1428571428571	0	78.6635877222717	0	78.6635877222717	DCA	0	78.6635877222717
71.4285714285714	0	82.833865235694	0	82.833865235694	DCA	0	82.833865235694
85.7142857142857	0	83.6183935362539	0	83.6183935362539	DCA	0	83.6183935362539
100	0	83.6352484617769	0	83.6352484617769	DCA	140	89.5830426173621
114.285714285714	0	79.4322920658856	0	79.4322920658856	DCA	0	79.4322920658856
128.571428571429	0	77.3380767450521	0	77.3380767450521	DCA	140	83.2858709006373
142.857142857143	0	79.5364926121211	0	79.5364926121211	DCA	0	79.5364926121211
157.142857142857	0	75.6696765361166	0	75.6696765361166	DCA	210	77.3820578069733
171.428571428571	0	76.0854381222729	0	76.0854381222729	DCA	280	68.7561998667202
185.714285714286	0	79.7093292334797	0	79.7093292334797	DCA	280	72.3800909779271
200	0	82.9498101523593	0	82.9498101523593	DCA	210	84.6621914232159
214.285714285714	0	79.8856148033804	0	79.8856148033804	DCA	210	81.597996074237
228.571428571429	0	81.9084031485671	0	81.9084031485671	DCA	280	74.5791648930145
242.857142857143	0	80.6810654994294	0	80.6810654994294	DCA	140	86.6288596550145
257.142857142857	0	82.1305290215126	0	82.1305290215126	DCA	210	83.8429102923692
271.428571428571	0	84.9876842483583	0	84.9876842483583	DCA	70	90.3646846469913
285.714285714286	0	85.6138533911952	0	85.6138533911952	DCA	280	78.2846151356426
300	0	82.5902975556126	0	82.5902975556126	DCA	210	84.3026788264693
314.285714285714	0	80.7732982652132	0	80.7732982652132	DCA	140	86.7210924207984
328.571428571429	0	81.4660072712236	0	81.4660072712236	DCA	0	81.4660072712236
342.857142857143	0	79.4071876708251	0	79.4071876708251	DCA	280	72.0779494152725
357.142857142857	0	79.5573284232024	0	79.5573284232024	DCA	140	85.5051225787875
371.428571428571	0	79.9044646528548	0	79.9044646528548	DCA	280	72.5752263973022
385.714285714286	0	78.984484733436	0	78.984484733436	DCA	280	71.6552464778833
400	0	80.8001560381432	0	80.8001560381432	DCA	0	80.8001560381432
414.285714285714	0	79.8330984193764	0	79.8330984193764	DCA	70	85.2100988180093
428.571428571429	0	80.5552312181451	0	80.5552312181451	DCA	280	73.2259929625924
442.857142857143	0	79.7291117257723	0	79.7291117257723	DCA	280	72.3998734702197
457.142857142857	0	81.6228347284648	0	81.6228347284648	DCA	210	83.3352159993215
471.428571428571	0	82.3751314821296	0	82.3751314821296	DCA	70	87.7521318807625
485.714285714286	0	83.0319168228552	0	83.0319168228552	DCA	280	75.7026785673025
500	0	81.74683608633	0	81.74683608633	DCA	0	81.74683608633
514.285714285714	0	87.1276449233319	24.6	111.727644923332	DCA	140	129.385039078917
528.571428571429	0	85.4328347213136	24.6	110.032834721314	DCA	280	126.122796465761
542.857142857143	0	88.3179851413452	24.6	112.917985141345	DCA	210	132.194766412202
557.142857142857	0	87.9994384362351	24.6	112.599438436235	DCA	70	123.831238834868
571.428571428571	0	88.227345446245	24.6	112.827345446245	DCA	70	124.059145844878
585.714285714286	0	84.3568742981952	24.6	108.956874298195	DCA	0	108.956874298195
600	0	83.0015033972991	24.6	107.601503397299	DCA	140	125.258897552884
614.285714285714	0	82.5916138190326	24.6	107.191613819033	DCA	280	123.28157556348
628.571428571429	0	83.7140890996703	24.6	108.31408909967	DCA	140	125.971483255255
642.857142857143	0	84.6430379588636	24.6	109.243037958864	DCA	210	128.51981922972
657.142857142857	0	79.2919405324926	24.6	103.891940532493	DCA	70	115.123740931126
671.428571428571	0	78.7505133408158	24.6	103.350513340816	DCA	0	103.350513340816
685.714285714286	0	79.2882486666294	24.6	103.888248666629	DCA	210	123.165029937486
700	0	81.5808761317252	24.6	106.180876131725	DCA	280	122.270837876173
714.285714285714	0	77.1237583066907	24.6	101.723758306691	DCA	70	112.955558705324
728.571428571429	0	76.7191200317255	24.6	101.319120031725	DCA	140	118.976514187311
742.857142857143	0	76.8035564023211	24.6	101.403556402321	DCA	0	101.403556402321
757.142857142857	0	78.6852193093381	24.6	103.285219309338	DCA	280	119.375181053785
771.428571428571	0	79.7841705774269	24.6	104.384170577427	DCA	210	123.660951848284
785.714285714286	0	79.2526482484513	24.6	103.852648248451	DCA	70	115.084448647084
800	0	80.8659448036734	24.6	105.465944803673	DCA	70	116.697745202306
814.285714285714	0	80.0424157730651	24.6	104.642415773065	DCA	70	115.874216171698
828.571428571429	0	85.4670107143846	24.6	110.067010714385	DCA	210	129.343791985241
842.857142857143	0	80.4113312104508	24.6	105.011331210451	DCA	210	124.288112481307
857.142857142857	0	79.2939628882012	24.6	103.893962888201	DCA	210	123.170744159058
871.428571428571	0	78.6424106998205	24.6	103.242410699821	DCA	140	120.899804855406
885.714285714286	0	79.3335279725253	24.6	103.933527972525	DCA	0	103.933527972525
900	0	81.4103405664577	24.6	106.010340566458	DCA	210	125.287121837314
914.285714285714	0	79.2713586048044	24.6	103.871358604804	DCA	210	123.148139875661
928.571428571429	0	84.472849337246	24.6	109.072849337246	DCA	70	120.304649735879
942.857142857143	0	82.6106032594857	24.6	107.210603259486	DCA	70	118.442403658119
957.142857142857	0	79.5647513978008	24.6	104.164751397801	DCA	280	120.254713142248
971.428571428571	0	78.2343069222927	24.6	102.834306922293	DCA	210	122.111088193149
985.714285714286	0	80.588012883626	24.6	105.188012883626	DCA	140	122.845407039211
1000	0	74.3498097505382	24.6	98.9498097505382	DCA	280	115.039771494986
0	33.3333333333333	80.0528924393723	0	80.0528924393723	DCA	70	85.4298928380053
14.2857142857143	33.3333333333333	79.8791933522131	0	79.8791933522131	DCA	0	79.8791933522131
28.5714285714286	33.3333333333333	78.1518199335945	0	78.1518199335945	DCA	140	84.0996140891797
42.8571428571429	33.3333333333333	79.349477966313	0	79.349477966313	DCA	70	84.726478364946
57.1428571428571	33.3333333333333	82.619703253982	0	82.619703253982	DCA	210	84.3320845248386
71.4285714285714	33.3333333333333	83.4250855502366	0	83.4250855502366	DCA	0	83.4250855502366
85.7142857142857	33.3333333333333	83.8127717317812	0	83.8127717317812	DCA	280	76.4835334762286
100	33.3333333333333	84.4113565233027	0	84.4113565233027	DCA	70	89.7883569219357
114.285714285714	33.3333333333333	86.0561616665328	0	86.0561616665328	DCA	210	87.7685429373894
128.571428571429	33.3333333333333	84.7680941397192	0	84.7680941397192	DCA	70	90.1450945383522
142.857142857143	33.3333333333333	81.8242145746866	0	81.8242145746866	DCA	70	87.2012149733196
157.142857142857	33.3333333333333	81.4728275107164	0	81.4728275107164	DCA	70	86.8498279093494
171.428571428571	33.3333333333333	79.3805258590403	0	79.3805258590403	DCA	210	81.0929071298969
185.714285714286	33.3333333333333	81.1067971677456	0	81.1067971677456	DCA	0	81.1067971677456
200	33.3333333333333	85.1960502397632	0	85.1960502397632	DCA	140	91.1438443953484
214.285714285714	33.3333333333333	82.6345949337831	0	82.6345949337831	DCA	280	75.3053566782304
228.571428571429	33.3333333333333	78.6306490858607	0	78.6306490858607	DCA	0	78.6306490858607
242.857142857143	33.3333333333333	82.1666836763842	0	82.1666836763842	DCA	210	83.8790649472408
257.142857142857	33.3333333333333	84.1441634459227	0	84.1441634459227	DCA	280	76.8149251903701
271.428571428571	33.3333333333333	83.8818381046851	0	83.8818381046851	DCA	0	83.8818381046851
285.714285714286	33.3333333333333	84.9782521263668	0	84.9782521263668	DCA	210	86.6906333972234
300	33.3333333333333	79.1801648223746	0	79.1801648223746	DCA	210	80.8925460932312
314.285714285714	33.3333333333333	81.2362501285572	0	81.2362501285572	DCA	210	82.9486313994138
328.571428571429	33.3333333333333	79.8524885317917	0	79.8524885317917	DCA	210	81.5648698026484
342.857142857143	33.3333333333333	77.3305893144128	0	77.3305893144128	DCA	210	79.0429705852695
357.142857142857	33.3333333333333	82.089571621769	0	82.089571621769	DCA	280	74.7603333662164
371.428571428571	33.3333333333333	77.5435786988361	0	77.5435786988361	DCA	210	79.2559599696927
385.714285714286	33.3333333333333	79.1424541329972	0	79.1424541329972	DCA	210	80.8548354038538
400	33.3333333333333	77.3535335849161	0	77.3535335849161	DCA	140	83.3013277405013
414.285714285714	33.3333333333333	78.1118231848967	0	78.1118231848967	DCA	140	84.0596173404818
428.571428571429	33.3333333333333	83.2380561759829	0	83.2380561759829	DCA	210	84.9504374468395
442.857142857143	33.3333333333333	83.2609724125482	0	83.2609724125482	DCA	0	83.2609724125482
457.142857142857	33.3333333333333	80.8005634152202	0	80.8005634152202	DCA	210	82.5129446860768
471.428571428571	33.3333333333333	82.1677705476802	0	82.1677705476802	DCA	140	88.1155647032654
485.714285714286	33.3333333333333	80.71603863566	0	80.71603863566	DCA	140	86.6638327912452
500	33.3333333333333	81.5172451225251	0	81.5172451225251	DCA	70	86.8942455211581
514.285714285714	33.3333333333333	82.6612059661864	24.6	107.261205966186	DCA	280	123.351167710634
528.571428571429	33.3333333333333	84.6104289006121	24.6	109.210428900612	DCA	0	109.210428900612
542.857142857143	33.3333333333333	84.4708274290027	24.6	109.070827429003	DCA	210	128.347608699859
557.142857142857	33.3333333333333	83.2444324364356	24.6	107.844432436436	DCA	0	107.844432436436
571.428571428571	33.3333333333333	82.6185778389328	24.6	107.218577838933	DCA	280	123.30853958338
585.714285714286	33.3333333333333	84.3988755215695	24.6	108.998875521569	DCA	210	128.275656792426
600	33.3333333333333	84.2064063062325	24.6	108.806406306232	DCA	0	108.806406306232
614.285714285714	33.3333333333333	81.4195354076627	24.6	106.019535407663	DCA	280	122.10949715211
628.571428571429	33.3333333333333	79.6579244218617	24.6	104.257924421862	DCA	0	104.257924421862
642.857142857143	33.3333333333333	79.59391215029	24.6	104.19391215029	DCA	0	104.19391215029
657.142857142857	33.3333333333333	83.3232251030064	24.6	107.923225103006	DCA	280	124.013186847454
671.428571428571	33.3333333333333	77.2987705855919	24.6	101.898770585592	DCA	280	117.988732330039
685.714285714286	33.3333333333333	81.1740306593218	24.6	105.774030659322	DCA	0	105.774030659322
700	33.3333333333333	78.5918116851068	24.6	103.191811685107	DCA	70	114.42361208374
714.285714285714	33.3333333333333	81.0970929174572	24.6	105.697092917457	DCA	210	124.973874188314
728.571428571429	33.3333333333333	78.4464061955471	24.6	103.046406195547	DCA	0	103.046406195547
742.857142857143	33.3333333333333	77.0478674425907	24.6	101.647867442591	DCA	140	119.305261598176
757.142857142857	33.3333333333333	77.4529692771917	24.6	102.052969277192	DCA	70	113.284769675825
771.428571428571	33.3333333333333	80.0483859142882	24.6	104.648385914288	DCA	140	122.305780069873
785.714285714286	33.3333333333333	78.4123796626956	24.6	103.012379662696	DCA	210	122.289160933552
800	33.3333333333333	80.8609957237425	24.6	105.460995723743	DCA	0	105.460995723743
814.285714285714	33.3333333333333	78.526227633673	24.6	103.126227633673	DCA	0	103.126227633673
828.571428571429	33.3333333333333	79.9148789544001	24.6	104.5148789544	DCA	280	120.604840698847
842.857142857143	33.3333333333333	80.5959592050908	24.6	105.195959205091	DCA	140	122.853353360676
857.142857142857	33.3333333333333	80.1855389662448	24.6	104.785538966245	DCA	210	124.062320237101
871.428571428571	33.3333333333333	82.0039994918666	24.6	106.603999491867	DCA	280	122.693961236314
885.714285714286	33.3333333333333	83.4915455800489	24.6	108.091545580049	DCA	140	125.748939735634
900	33.3333333333333	82.0944645784175	24.6	106.694464578418	DCA	0	106.694464578418
914.285714285714	33.3333333333333	80.7732069096534	24.6	105.373206909653	DCA	70	116.605007308286
928.571428571429	33.3333333333333	80.4893098382357	24.6	105.089309838236	DCA	0	105.089309838236
942.857142857143	33.3333333333333	79.6545435428125	24.6	104.254543542812	DCA	280	120.34450528726
957.142857142857	33.3333333333333	81.43540457116	24.6	106.03540457116	DCA	140	123.692798726745
971.428571428571	33.3333333333333	82.2359575361374	24.6	106.835957536137	DCA	0	106.835957536137
985.714285714286	33.3333333333333	82.283113250848	24.6	106.883113250848	DCA	280	122.973074995295
1000	33.3333333333333	79.3914798930222	24.6	103.991479893022	DCA	280	120.08144163747
0	66.6666666666667	84.9941589434466	0	84.9941589434466	DCA	0	84.9941589434466
14.2857142857143	66.6666666666667	83.3812223048771	0	83.3812223048771	DCA	0	83.3812223048771
28.5714285714286	66.6666666666667	84.370474639745	0	84.370474639745	DCA	70	89.7474750383779
42.8571428571429	66.6666666666667	82.0652014034554	0	82.0652014034554	DCA	70	87.4422018020884
57.1428571428571	66.6666666666667	83.6271977808514	0	83.6271977808514	DCA	280	76.2979595252987
71.4285714285714	66.6666666666667	77.8522687232854	0	77.8522687232854	DCA	210	79.5646499941421
85.7142857142857	66.6666666666667	81.1281675182983	0	81.1281675182983	DCA	210	82.8405487891549
100	66.6666666666667	81.7072619237085	0	81.7072619237085	DCA	70	87.0842623223415
114.285714285714	66.6666666666667	83.0799641979541	0	83.0799641979541	DCA	70	88.456964596587
128.571428571429	66.6666666666667	83.2734698598954	0	83.2734698598954	DCA	0	83.2734698598954
142.857142857143	66.6666666666667	79.8437913142746	0	79.8437913142746	DCA	0	79.8437913142746
157.142857142857	66.6666666666667	80.8202844215339	0	80.8202844215339	DCA	140	86.7680785771191
171.428571428571	66.6666666666667	81.266406670022	0	81.266406670022	DCA	210	82.9787879408786
185.714285714286	66.6666666666667	84.154585355494	0	84.154585355494	DCA	210	85.8669666263507
200	66.6666666666667	81.7692400560431	0	81.7692400560431	DCA	140	87.7170342116283
214.285714285714	66.6666666666667	80.4755776256798	0	80.4755776256798	DCA	210	82.1879588965364
228.571428571429	66.6666666666667	81.0465005619375	0	81.0465005619375	DCA	0	81.0465005619375
242.857142857143	66.6666666666667	80.5073730301027	0	80.5073730301027	DCA	210	82.2197543009593
257.142857142857	66.6666666666667	82.1665885428005	0	82.1665885428005	DCA	0	82.1665885428005
271.428571428571	66.6666666666667	84.0822052520427	0	84.0822052520427	DCA	210	85.7945865228994
285.714285714286	66.6666666666667	83.1279970688631	0	83.1279970688631	DCA	140	89.0757912244483
300	66.6666666666667	83.7122422358582	0	83.7122422358582	DCA	280	76.3830039803055
314.285714285714	66.6666666666667	80.9879200738452	0	80.9879200738452	DCA	280	73.6586818182926
328.571428571429	66.6666666666667	81.7411028764632	0	81.7411028764632	DCA	0	81.7411028764632
342.857142857143	66.6666666666667	81.8797531925806	0	81.8797531925806	DCA	0	81.8797531925806
357.142857142857	66.6666666666667	79.6419736848596	0	79.6419736848596	DCA	280	72.3127354293069
371.428571428571	66.6666666666667	79.6328837178931	0	79.6328837178931	DCA	140	85.5806778734783
385.714285714286	66.6666666666667	77.4610513295516	0	77.4610513295516	DCA	140	83.4088454851368
400	66.6666666666667	78.657436734632	0	78.657436734632	DCA	70	84.034437133265
414.285714285714	66.6666666666667	82.6040713662425	0	82.6040713662425	DCA	140	88.5518655218277
428.571428571429	66.6666666666667	81.0559531269815	0	81.0559531269815	DCA	140	87.0037472825667
442.857142857143	66.6666666666667	86.38053312913	0	86.38053312913	DCA	210	88.0929143999866
457.142857142857	66.6666666666667	79.906697683003	0	79.906697683003	DCA	70	85.2836980816359
471.428571428571	66.6666666666667	79.9174262482844	0	79.9174262482844	DCA	70	85.2944266469174
485.714285714286	66.6666666666667	82.5438887116878	0	82.5438887116878	DCA	210	84.2562699825444
500	66.6666666666667	83.1518932419604	0	83.1518932419604	DCA	280	75.8226549864078
514.285714285714	66.6666666666667	82.2557583474092	24.6	106.855758347409	DCA	280	122.945720091857
528.571428571429	66.6666666666667	83.1961646232232	24.6	107.796164623223	DCA	210	127.07294589408
542.857142857143	66.6666666666667	83.3603632944161	24.6	107.960363294416	DCA	210	127.237144565273
557.142857142857	66.6666666666667	80.885023603495	24.6	105.485023603495	DCA	140	123.14241775908
571.428571428571	66.6666666666667	79.8116376304656	24.6	104.411637630466	DCA	70	115.643438029099
585.714285714286	66.6666666666667	76.7559731730663	24.6	101.355973173066	DCA	280	117.445934917514
600	66.6666666666667	79.1854839195541	24.6	103.785483919554	DCA	280	119.875445664001
614.285714285714	66.6666666666667	79.9265148426869	24.6	104.526514842687	DCA	140	122.183908998272
628.571428571429	66.6666666666667	77.1581574028185	24.6	101.758157402818	DCA	70	112.989957801451
642.857142857143	66.6666666666667	76.9316507055262	24.6	101.531650705526	DCA	70	112.763451104159
657.142857142857	66.6666666666667	76.0992597248009	24.6	100.699259724801	DCA	210	119.976040995658
671.428571428571	66.6666666666667	79.0548893203807	24.6	103.654889320381	DCA	140	121.312283475966
685.714285714286	66.6666666666667	79.9897288559044	24.6	104.589728855904	DCA	140	122.24712301149
700	66.6666666666667	76.4777586958295	24.6	101.077758695829	DCA	70	112.309559094462
714.285714285714	66.6666666666667	73.5123568142878	24.6	98.1123568142878	DCA	0	98.1123568142878
728.571428571429	66.6666666666667	76.9795736944377	24.6	101.579573694438	DCA	210	120.856354965294
742.857142857143	66.6666666666667	82.0595075004832	24.6	106.659507500483	DCA	0	106.659507500483
757.142857142857	66.6666666666667	82.8775213250796	24.6	107.47752132508	DCA	70	118.709321723713
771.428571428571	66.6666666666667	79.9856830874753	24.6	104.585683087475	DCA	70	115.817483486108
785.714285714286	66.6666666666667	79.6606011474818	24.6	104.260601147482	DCA	280	120.350562891929
800	66.6666666666667	80.1079986262474	24.6	104.707998626247	DCA	70	115.93979902488
814.285714285714	66.6666666666667	76.5708232457918	24.6	101.170823245792	DCA	210	120.447604516648
828.571428571429	66.6666666666667	81.2669506625883	24.6	105.866950662588	DCA	210	125.143731933445
842.857142857143	66.6666666666667	81.6037347432387	24.6	106.203734743239	DCA	0	106.203734743239
857.142857142857	66.6666666666667	80.8586620067645	24.6	105.458662006765	DCA	140	123.11605616235
871.428571428571	66.6666666666667	82.036205200829	24.6	106.636205200829	DCA	70	117.868005599462
885.714285714286	66.6666666666667	80.8943189095516	24.6	105.494318909552	DCA	280	121.584280653999
900	66.6666666666667	78.9571689439741	24.6	103.557168943974	DCA	140	121.214563099559
914.285714285714	66.6666666666667	80.2445883307007	24.6	104.844588330701	DCA	0	104.844588330701
928.571428571429	66.6666666666667	80.5807245302125	24.6	105.180724530213	DCA	140	122.838118685798
942.857142857143	66.6666666666667	80.1109830667574	24.6	104.710983066757	DCA	140	122.368377222343
957.142857142857	66.6666666666667	80.6949431957436	24.6	105.294943195744	DCA	280	121.384904940191
971.428571428571	66.6666666666667	77.8214529669418	24.6	102.421452966942	DCA	0	102.421452966942
985.714285714286	66.6666666666667	78.1027818953915	24.6	102.702781895391	DCA	70	113.934582294024
1000	66.6666666666667	79.6412181838555	24.6	104.241218183855	DCA	70	115.473018582488
0	100	83.5296042302487	0	83.5296042302487	DCA	280	76.200365974696
14.2857142857143	100	83.4519346167452	0	83.4519346167452	DCA	140	89.3997287723304
28.5714285714286	100	78.5815342905028	0	78.5815342905028	DCA	280	71.2522960349501
42.8571428571429	100	78.7920164718218	0	78.7920164718218	DCA	140	84.7398106274069
57.1428571428571	100	79.861217354487	0	79.861217354487	DCA	280	72.5319790989344
71.4285714285714	100	81.434482200943	0	81.434482200943	DCA	0	81.434482200943
85.7142857142857	100	79.5624715072436	0	79.5624715072436	DCA	210	81.2748527781003
100	100	80.6014280715033	0	80.6014280715033	DCA	0	80.6014280715033
114.285714285714	100	81.8806128689376	0	81.8806128689376	DCA	70	87.2576132675706
128.571428571429	100	77.0933171264343	0	77.0933171264343	DCA	0	77.0933171264343
142.857142857143	100	77.9865413807639	0	77.9865413807639	DCA	140	83.9343355363491
157.142857142857	100	79.8206961399116	0	79.8206961399116	DCA	210	81.5330774107683
171.428571428571	100	76.6690281113697	0	76.6690281113697	DCA	210	78.3814093822264
185.714285714286	100	79.4798610222952	0	79.4798610222952	DCA	140	85.4276551778804
200	100	79.7123343444954	0	79.7123343444954	DCA	140	85.6601285000806
214.285714285714	100	78.8317888748514	0	78.8317888748514	DCA	70	84.2087892734844
228.571428571429	100	77.1410397652336	0	77.1410397652336	DCA	280	69.8118015096809
242.857142857143	100	81.3729249617457	0	81.3729249617457	DCA	70	86.7499253603787
257.142857142857	100	81.3080499748982	0	81.3080499748982	DCA	0	81.3080499748982
271.428571428571	100	82.1727466377299	0	82.1727466377299	DCA	70	87.5497470363629
285.714285714286	100	80.1675921539391	0	80.1675921539391	DCA	70	85.544592552572
300	100	81.942412427158	0	81.942412427158	DCA	70	87.319412825791
314.285714285714	100	80.9717685787377	0	80.9717685787377	DCA	0	80.9717685787377
328.571428571429	100	81.5202492015131	0	81.5202492015131	DCA	140	87.4680433570983
342.857142857143	100	83.3237839388343	0	83.3237839388343	DCA	140	89.2715780944195
357.142857142857	100	80.5206257206048	0	80.5206257206048	DCA	140	86.46841987619
371.428571428571	100	77.4594741599868	0	77.4594741599868	DCA	210	79.1718554308434
385.714285714286	100	80.216170901027	0	80.216170901027	DCA	0	80.216170901027
400	100	78.79956773046	0	78.79956773046	DCA	210	80.5119490013167
414.285714285714	100	81.9615551877094	0	81.9615551877094	DCA	280	74.6323169321567
428.571428571429	100	79.6671178797924	0	79.6671178797924	DCA	280	72.3378796242398
442.857142857143	100	81.0803726896266	0	81.0803726896266	DCA	210	82.7927539604832
457.142857142857	100	83.6002671412871	0	83.6002671412871	DCA	0	83.6002671412871
471.428571428571	100	81.8778342026777	0	81.8778342026777	DCA	140	87.8256283582629
485.714285714286	100	84.7835559501525	0	84.7835559501525	DCA	70	90.1605563487855
500	100	82.3922506873487	0	82.3922506873487	DCA	280	75.0630124317961
514.285714285714	100	82.5139091182847	24.6	107.113909118285	DCA	210	126.390690389141
528.571428571429	100	77.7767584375607	24.6	102.376758437561	DCA	0	102.376758437561
542.857142857143	100	81.9764615156725	24.6	106.576461515672	DCA	70	117.808261914305
557.142857142857	100	79.5818911941088	24.6	104.181891194109	DCA	280	120.271852938556
571.428571428571	100	77.5227988529323	24.6	102.122798852932	DCA	280	118.21276059738
585.714285714286	100	78.9556253619227	24.6	103.555625361923	DCA	70	114.787425760556
600	100	80.0263399175177	24.6	104.626339917518	DCA	140	122.283734073103
614.285714285714	100	78.8267361140537	24.6	103.426736114054	DCA	0	103.426736114054
628.571428571429	100	79.7965743033513	24.6	104.396574303351	DCA	140	122.053968458936
642.857142857143	100	75.7804356068942	24.6	100.380435606894	DCA	70	111.612236005527
657.142857142857	100	77.9358082234347	24.6	102.535808223435	DCA	140	120.19320237902
671.428571428571	100	77.3559481670686	24.6	101.955948167069	DCA	280	118.045909911516
685.714285714286	100	79.359420897982	24.6	103.959420897982	DCA	70	115.191221296615
700	100	79.7056005593466	24.6	104.305600559347	DCA	280	120.395562303794
714.285714285714	100	79.3765655827189	24.6	103.976565582719	DCA	70	115.208365981352
728.571428571429	100	77.5812121052676	24.6	102.181212105268	DCA	70	113.413012503901
742.857142857143	100	76.399302358358	24.6	100.999302358358	DCA	280	117.089264102805
757.142857142857	100	76.5403642252009	24.6	101.140364225201	DCA	0	101.140364225201
771.428571428571	100	78.4617383676353	24.6	103.061738367635	DCA	70	114.293538766268
785.714285714286	100	79.7206899084879	24.6	104.320689908488	DCA	0	104.320689908488
800	100	81.4247641481301	24.6	106.02476414813	DCA	140	123.682158303715
814.285714285714	100	83.0312760987908	24.6	107.631276098791	DCA	210	126.908057369647
828.571428571429	100	79.3350968117578	24.6	103.935096811758	DCA	0	103.935096811758
842.857142857143	100	82.0169483159203	24.6	106.61694831592	DCA	280	122.706910060368
857.142857142857	100	82.9354308111181	24.6	107.535430811118	DCA	70	118.767231209751
871.428571428571	100	83.1111843137045	24.6	107.711184313705	DCA	0	107.711184313705
885.714285714286	100	83.8129040032751	24.6	108.412904003275	DCA	0	108.412904003275
900	100	81.1319684892855	24.6	105.731968489286	DCA	70	116.963768887918
914.285714285714	100	78.7520500598044	24.6	103.352050059804	DCA	70	114.583850458437
928.571428571429	100	80.7407863054541	24.6	105.340786305454	DCA	140	122.998180461039
942.857142857143	100	77.406446687989	24.6	102.006446687989	DCA	280	118.096408432436
957.142857142857	100	78.2209015554903	24.6	102.82090155549	DCA	70	114.052701954123
971.428571428571	100	75.7916795408464	24.6	100.391679540846	DCA	280	116.481641285294
985.714285714286	100	76.5454737554458	24.6	101.145473755446	DCA	70	112.377274154079
1000	100	80.0041771867161	24.6	104.604177186716	DCA	0	104.604177186716
0	133.333333333333	78.2598702258071	0	78.2598702258071	DCA	70	83.6368706244401
14.2857142857143	133.333333333333	79.9661168905702	0	79.9661168905702	DCA	210	81.6784981614269
28.5714285714286	133.333333333333	83.0835128139411	0	83.0835128139411	DCA	210	84.7958940847978
42.8571428571429	133.333333333333	79.477373904185	0	79.477373904185	DCA	210	81.1897551750417
57.1428571428571	133.333333333333	85.0361833197755	0	85.0361833197755	DCA	210	86.7485645906321
71.4285714285714	133.333333333333	79.6594764046796	0	79.6594764046796	DCA	70	85.0364768033125
85.7142857142857	133.333333333333	80.6989902812243	0	80.6989902812243	DCA	0	80.6989902812243
100	133.333333333333	83.5086615883671	0	83.5086615883671	DCA	0	83.5086615883671
114.285714285714	133.333333333333	82.7965180399524	0	82.7965180399524	DCA	70	88.1735184385854
128.571428571429	133.333333333333	80.7673594951691	0	80.7673594951691	DCA	140	86.7151536507543
142.857142857143	133.333333333333	79.4130135342988	0	79.4130135342988	DCA	280	72.0837752787461
157.142857142857	133.333333333333	77.9995982591566	0	77.9995982591566	DCA	280	70.670360003604
171.428571428571	133.333333333333	77.990255653441	0	77.990255653441	DCA	210	79.7026369242977
185.714285714286	133.333333333333	78.5750543618905	0	78.5750543618905	DCA	280	71.2458161063378
200	133.333333333333	77.7567642624585	0	77.7567642624585	DCA	210	79.4691455333152
214.285714285714	133.333333333333	76.6148200379974	0	76.6148200379974	DCA	70	81.9918204366304
228.571428571429	133.333333333333	74.2575434033802	0	74.2575434033802	DCA	280	66.9283051478275
242.857142857143	133.333333333333	76.8028983353979	0	76.8028983353979	DCA	0	76.8028983353979
257.142857142857	133.333333333333	77.0553396478274	0	77.0553396478274	DCA	0	77.0553396478274
271.428571428571	133.333333333333	79.8752907649424	0	79.8752907649424	DCA	0	79.8752907649424
285.714285714286	133.333333333333	78.1765210143156	0	78.1765210143156	DCA	140	84.1243151699008
300	133.333333333333	78.477597888987	0	78.477597888987	DCA	210	80.1899791598437
314.285714285714	133.333333333333	74.8004574868148	0	74.8004574868148	DCA	210	76.5128387576714
328.571428571429	133.333333333333	76.3545130222466	0	76.3545130222466	DCA	70	81.7315134208795
342.857142857143	133.333333333333	80.4389732191171	0	80.4389732191171	DCA	280	73.1097349635644
357.142857142857	133.333333333333	84.3580200870249	0	84.3580200870249	DCA	70	89.7350204856579
371.428571428571	133.333333333333	85.0357363574323	0	85.0357363574323	DCA	70	90.4127367560653
385.714285714286	133.333333333333	82.957686460875	0	82.957686460875	DCA	0	82.957686460875
400	133.333333333333	80.612355377151	0	80.612355377151	DCA	280	73.2831171215983
414.285714285714	133.333333333333	79.2771143850401	0	79.2771143850401	DCA	140	85.2249085406253
428.571428571429	133.333333333333	77.9673194321159	0	77.9673194321159	DCA	70	83.3443198307489
442.857142857143	133.333333333333	81.6671087247222	0	81.6671087247222	DCA	70	87.0441091233551
457.142857142857	133.333333333333	80.1825485761038	0	80.1825485761038	DCA	140	86.130342731689
471.428571428571	133.333333333333	83.1847209264811	0	83.1847209264811	DCA	280	75.8554826709284
485.714285714286	133.333333333333	81.4763825732678	0	81.4763825732678	DCA	280	74.1471443177151
500	133.333333333333	79.8286848294706	0	79.8286848294706	DCA	70	85.2056852281036
514.285714285714	133.333333333333	80.6778348659631	24.6	105.277834865963	DCA	210	124.55461613682
528.571428571429	133.333333333333	77.0418543156689	24.6	101.641854315669	DCA	0	101.641854315669
542.857142857143	133.333333333333	79.2573344799008	24.6	103.857334479901	DCA	0	103.857334479901
557.142857142857	133.333333333333	79.2179789169185	24.6	103.817978916918	DCA	0	103.817978916918
571.428571428571	133.333333333333	80.5657085224739	24.6	105.165708522474	DCA	280	121.255670266921
585.714285714286	133.333333333333	81.3234110633851	24.6	105.923411063385	DCA	140	123.58080521897
600	133.333333333333	84.4589247859976	24.6	109.058924785998	DCA	280	125.148886530445
614.285714285714	133.333333333333	81.4568972445072	24.6	106.056897244507	DCA	280	122.146858988955
628.571428571429	133.333333333333	79.6117722461169	24.6	104.211772246117	DCA	210	123.488553516974
642.857142857143	133.333333333333	76.8844198293117	24.6	101.484419829312	DCA	0	101.484419829312
657.142857142857	133.333333333333	77.1390459971679	24.6	101.739045997168	DCA	140	119.396440152753
671.428571428571	133.333333333333	80.4278881229674	24.6	105.027888122967	DCA	210	124.304669393824
685.714285714286	133.333333333333	78.6162141845792	24.6	103.216214184579	DCA	140	120.873608340164
700	133.333333333333	79.8339999500964	24.6	104.433999950096	DCA	70	115.665800348729
714.285714285714	133.333333333333	82.2591692825793	24.6	106.859169282579	DCA	280	122.949131027027
728.571428571429	133.333333333333	81.106687570782	24.6	105.706687570782	DCA	280	121.796649315229
742.857142857143	133.333333333333	78.7095216180895	24.6	103.309521618089	DCA	0	103.309521618089
757.142857142857	133.333333333333	80.923028135528	24.6	105.523028135528	DCA	70	116.754828534161
771.428571428571	133.333333333333	75.3061601029902	24.6	99.9061601029902	DCA	0	99.9061601029902
785.714285714286	133.333333333333	75.4936063725152	24.6	100.093606372515	DCA	280	116.183568116963
800	133.333333333333	76.2478797103863	24.6	100.847879710386	DCA	210	120.124660981243
814.285714285714	133.333333333333	80.7163488846548	24.6	105.316348884655	DCA	140	122.97374304024
828.571428571429	133.333333333333	84.4425416545007	24.6	109.042541654501	DCA	280	125.132503398948
842.857142857143	133.333333333333	83.937318050975	24.6	108.537318050975	DCA	0	108.537318050975
857.142857142857	133.333333333333	80.4179340773219	24.6	105.017934077322	DCA	0	105.017934077322
871.428571428571	133.333333333333	80.2373631021032	24.6	104.837363102103	DCA	280	120.927324846551
885.714285714286	133.333333333333	79.3926417259469	24.6	103.992641725947	DCA	0	103.992641725947
900	133.333333333333	79.9787169339993	24.6	104.578716933999	DCA	70	115.810517332632
914.285714285714	133.333333333333	78.0723626348557	24.6	102.672362634856	DCA	210	121.949143905712
928.571428571429	133.333333333333	77.6457954158309	24.6	102.245795415831	DCA	70	113.477595814464
942.857142857143	133.333333333333	78.009860186156	24.6	102.609860186156	DCA	70	113.841660584789
957.142857142857	133.333333333333	78.9438781593027	24.6	103.543878159303	DCA	210	122.820659430159
971.428571428571	133.333333333333	77.6822202998287	24.6	102.282220299829	DCA	70	113.514020698462
985.714285714286	133.333333333333	80.1659841071463	24.6	104.765984107146	DCA	70	115.997784505779
1000	133.333333333333	75.1075773063222	24.6	99.7075773063222	DCA	210	118.984358577179
0	166.666666666667	77.0014790898576	0	77.0014790898576	DCA	0	77.0014790898576
14.2857142857143	166.666666666667	77.7514380623897	0	77.7514380623897	DCA	210	79.4638193332463
28.5714285714286	166.666666666667	81.8796224042096	0	81.8796224042096	DCA	210	83.5920036750662
42.8571428571429	166.666666666667	81.2061721529979	0	81.2061721529979	DCA	140	87.1539663085831
57.1428571428571	166.666666666667	81.754258978608	0	81.754258978608	DCA	280	74.4250207230553
71.4285714285714	166.666666666667	83.1666898232976	0	83.1666898232976	DCA	0	83.1666898232976
85.7142857142857	166.666666666667	84.7078668036509	0	84.7078668036509	DCA	70	90.0848672022838
100	166.666666666667	83.4185308271101	0	83.4185308271101	DCA	70	88.795531225743
114.285714285714	166.666666666667	81.6529545216603	0	81.6529545216603	DCA	70	87.0299549202933
128.571428571429	166.666666666667	83.3887336619911	0	83.3887336619911	DCA	210	85.1011149328478
142.857142857143	166.666666666667	82.1941904682845	0	82.1941904682845	DCA	70	87.5711908669175
157.142857142857	166.666666666667	80.2642674026813	0	80.2642674026813	DCA	70	85.6412678013143
171.428571428571	166.666666666667	81.8174580309245	0	81.8174580309245	DCA	0	81.8174580309245
185.714285714286	166.666666666667	83.5465032658543	0	83.5465032658543	DCA	210	85.2588845367109
200	166.666666666667	79.9150213775123	0	79.9150213775123	DCA	210	81.6274026483689
214.285714285714	166.666666666667	76.3002081772407	0	76.3002081772407	DCA	140	82.2480023328259
228.571428571429	166.666666666667	77.620470587006	0	77.620470587006	DCA	140	83.5682647425911
242.857142857143	166.666666666667	76.8144715618349	0	76.8144715618349	DCA	70	82.1914719604679
257.142857142857	166.666666666667	80.7361751086175	0	80.7361751086175	DCA	210	82.4485563794742
271.428571428571	166.666666666667	74.5436984438079	0	74.5436984438079	DCA	0	74.5436984438079
285.714285714286	166.666666666667	77.6624739494356	0	77.6624739494356	DCA	140	83.6102681050208
300	166.666666666667	77.5283978180567	0	77.5283978180567	DCA	280	70.1991595625041
314.285714285714	166.666666666667	78.2152596517658	0	78.2152596517658	DCA	140	84.1630538073509
328.571428571429	166.666666666667	79.0149243724808	0	79.0149243724808	DCA	210	80.7273056433375
342.857142857143	166.666666666667	80.9627284397742	0	80.9627284397742	DCA	0	80.9627284397742
357.142857142857	166.666666666667	79.9801204714946	0	79.9801204714946	DCA	280	72.6508822159419
371.428571428571	166.666666666667	78.9006822203729	0	78.9006822203729	DCA	210	80.6130634912295
385.714285714286	166.666666666667	80.9444737889874	0	80.9444737889874	DCA	70	86.3214741876204
400	166.666666666667	79.6124870010887	0	79.6124870010887	DCA	70	84.9894873997217
414.285714285714	166.666666666667	79.7117476993761	0	79.7117476993761	DCA	280	72.3825094438235
428.571428571429	166.666666666667	79.9098049257325	0	79.9098049257325	DCA	0	79.9098049257325
442.857142857143	166.666666666667	78.7182708019287	0	78.7182708019287	DCA	280	71.389032546376
457.142857142857	166.666666666667	79.4418215114065	0	79.4418215114065	DCA	70	84.8188219100395
471.428571428571	166.666666666667	81.1135122216903	0	81.1135122216903	DCA	140	87.0613063772755
485.714285714286	166.666666666667	82.6354463399634	0	82.6354463399634	DCA	0	82.6354463399634
500	166.666666666667	80.2862933950757	0	80.2862933950757	DCA	280	72.957055139523
514.285714285714	166.666666666667	78.7428873775855	24.6	103.342887377585	DCA	0	103.342887377585
528.571428571429	166.666666666667	78.1745107541629	24.6	102.774510754163	DCA	0	102.774510754163
542.857142857143	166.666666666667	77.2125747004409	24.6	101.812574700441	DCA	280	117.902536444888
557.142857142857	166.666666666667	79.216493559512	24.6	103.816493559512	DCA	280	119.906455303959
571.428571428571	166.666666666667	79.7492166824581	24.6	104.349216682458	DCA	210	123.625997953315
585.714285714286	166.666666666667	82.5792008256921	24.6	107.179200825692	DCA	280	123.269162570139
600	166.666666666667	82.6693661444584	24.6	107.269366144458	DCA	0	107.269366144458
614.285714285714	166.666666666667	83.4018135832076	24.6	108.001813583208	DCA	140	125.659207738793
628.571428571429	166.666666666667	80.4414853206938	24.6	105.041485320694	DCA	210	124.31826659155
642.857142857143	166.666666666667	78.5247927893788	24.6	103.124792789379	DCA	140	120.782186944964
657.142857142857	166.666666666667	77.5219920875809	24.6	102.121992087581	DCA	70	113.353792486214
671.428571428571	166.666666666667	82.2036350224072	24.6	106.803635022407	DCA	70	118.03543542104
685.714285714286	166.666666666667	81.1431575832354	24.6	105.743157583235	DCA	280	121.833119327683
700	166.666666666667	81.2053717942701	24.6	105.80537179427	DCA	70	117.037172192903
714.285714285714	166.666666666667	79.9996248033182	24.6	104.599624803318	DCA	70	115.831425201951
728.571428571429	166.666666666667	79.8385756692775	24.6	104.438575669278	DCA	140	122.095969824863
742.857142857143	166.666666666667	75.0088828969786	24.6	99.6088828969786	DCA	70	110.840683295612
757.142857142857	166.666666666667	80.4358688514176	24.6	105.035868851418	DCA	280	121.125830595865
771.428571428571	166.666666666667	81.6606785325806	24.6	106.260678532581	DCA	210	125.537459803437
785.714285714286	166.666666666667	82.1770704916697	24.6	106.77707049167	DCA	280	122.867032236117
800	166.666666666667	79.1457915549533	24.6	103.745791554953	DCA	0	103.745791554953
814.285714285714	166.666666666667	80.2024488062657	24.6	104.802448806266	DCA	140	122.459842961851
828.571428571429	166.666666666667	82.036039833319	24.6	106.636039833319	DCA	70	117.867840231952
842.857142857143	166.666666666667	79.1626482788244	24.6	103.762648278824	DCA	140	121.42004243441
857.142857142857	166.666666666667	78.4823086637505	24.6	103.08230866375	DCA	280	119.172270408198
871.428571428571	166.666666666667	82.0357112013227	24.6	106.635711201323	DCA	0	106.635711201323
885.714285714286	166.666666666667	82.9752445203348	24.6	107.575244520335	DCA	210	126.852025791191
900	166.666666666667	82.8103160291636	24.6	107.410316029164	DCA	280	123.500277773611
914.285714285714	166.666666666667	83.4666683343839	24.6	108.066668334384	DCA	140	125.724062489969
928.571428571429	166.666666666667	80.0190132683943	24.6	104.619013268394	DCA	0	104.619013268394
942.857142857143	166.666666666667	80.5211736360998	24.6	105.1211736361	DCA	140	122.778567791685
957.142857142857	166.666666666667	78.5195532471238	24.6	103.119553247124	DCA	280	119.209514991571
971.428571428571	166.666666666667	78.8434997085338	24.6	103.443499708534	DCA	280	119.533461452981
985.714285714286	166.666666666667	78.0215840907772	24.6	102.621584090777	DCA	70	113.85338448941
1000	166.666666666667	74.6746404948892	24.6	99.2746404948892	DCA	140	116.932034650474
0	200	81.0308596428982	0	81.0308596428982	DCA	210	82.7432409137548
14.2857142857143	200	77.0226981243806	0	77.0226981243806	DCA	0	77.0226981243806
28.5714285714286	200	79.2371280466425	0	79.2371280466425	DCA	210	80.9495093174992
42.8571428571429	200	82.3966374099838	0	82.3966374099838	DCA	0	82.3966374099838
57.1428571428571	200	82.8975192913279	0	82.8975192913279	DCA	0	82.8975192913279
71.4285714285714	200	82.8737021417142	0	82.8737021417142	DCA	140	88.8214962972994
85.7142857142857	200	84.44301262202	0	84.44301262202	DCA	280	77.1137743664673
100	200	88.8764165973155	0	88.8764165973155	DCA	210	90.5887978681722
114.285714285714	200	84.0739590526467	0	84.0739590526467	DCA	210	85.7863403235033
128.571428571429	200	79.7664639021197	0	79.7664639021197	DCA	70	85.1434643007526
142.857142857143	200	81.915975670694	0	81.915975670694	DCA	140	87.8637698262792
157.142857142857	200	82.3272638528628	0	82.3272638528628	DCA	140	88.275058008448
171.428571428571	200	79.8993209506697	0	79.8993209506697	DCA	210	81.6117022215264
185.714285714286	200	79.0787623524926	0	79.0787623524926	DCA	70	84.4557627511256
200	200	78.3227150356865	0	78.3227150356865	DCA	210	80.0350963065432
214.285714285714	200	78.9104609482161	0	78.9104609482161	DCA	210	80.6228422190727
228.571428571429	200	78.2744877523044	0	78.2744877523044	DCA	70	83.6514881509374
242.857142857143	200	72.3779245819693	0	72.3779245819693	DCA	140	78.3257187375545
257.142857142857	200	71.8892587101532	0	71.8892587101532	DCA	140	77.8370528657384
271.428571428571	200	76.5265340300791	0	76.5265340300791	DCA	70	81.903534428712
285.714285714286	200	81.326114741901	0	81.326114741901	DCA	210	83.0384960127576
300	200	79.6299137103699	0	79.6299137103699	DCA	140	85.5777078659551
314.285714285714	200	81.6617726347925	0	81.6617726347925	DCA	210	83.3741539056491
328.571428571429	200	79.2521332427763	0	79.2521332427763	DCA	0	79.2521332427763
342.857142857143	200	77.6231599467987	0	77.6231599467987	DCA	70	83.0001603454317
357.142857142857	200	78.5951729916347	0	78.5951729916347	DCA	0	78.5951729916347
371.428571428571	200	78.9677781142345	0	78.9677781142345	DCA	280	71.6385398586818
385.714285714286	200	83.5221355456395	0	83.5221355456395	DCA	70	88.8991359442725
400	200	82.6200137736747	0	82.6200137736747	DCA	0	82.6200137736747
414.285714285714	200	79.2069308386451	0	79.2069308386451	DCA	210	80.9193121095017
428.571428571429	200	80.671281133938	0	80.671281133938	DCA	0	80.671281133938
442.857142857143	200	78.923383688236	0	78.923383688236	DCA	70	84.3003840868689
457.142857142857	200	79.0541611773123	0	79.0541611773123	DCA	0	79.0541611773123
471.428571428571	200	78.5507200732734	0	78.5507200732734	DCA	210	80.26310134413
485.714285714286	200	77.1215241992175	0	77.1215241992175	DCA	210	78.8339054700741
500	200	80.15629836679	0	80.15629836679	DCA	140	86.1040925223752
514.285714285714	200	77.3544063650924	24.6	101.954406365092	DCA	70	113.186206763725
528.571428571429	200	75.9027121798198	24.6	100.50271217982	DCA	70	111.734512578453
542.857142857143	200	80.0053241189592	24.6	104.605324118959	DCA	140	122.262718274544
557.142857142857	200	78.9036618260855	24.6	103.503661826085	DCA	0	103.503661826085
571.428571428571	200	79.7107658666998	24.6	104.3107658667	DCA	280	120.400727611147
585.714285714286	200	80.0495894295288	24.6	104.649589429529	DCA	280	120.739551173976
600	200	85.4795542164249	24.6	110.079554216425	DCA	280	126.169515960872
614.285714285714	200	83.5218127487329	24.6	108.121812748733	DCA	0	108.121812748733
628.571428571429	200	86.0604637910131	24.6	110.660463791013	DCA	70	121.892264189646
642.857142857143	200	81.9607854450452	24.6	106.560785445045	DCA	140	124.21817960063
657.142857142857	200	81.1408691029717	24.6	105.740869102972	DCA	140	123.398263258557
671.428571428571	200	79.853385104563	24.6	104.453385104563	DCA	0	104.453385104563
685.714285714286	200	76.9197553872932	24.6	101.519755387293	DCA	210	120.79653665815
700	200	75.5809240542821	24.6	100.180924054282	DCA	140	117.838318209867
714.285714285714	200	75.1830164624859	24.6	99.7830164624858	DCA	0	99.7830164624858
728.571428571429	200	75.0231062063591	24.6	99.6231062063591	DCA	0	99.6231062063591
742.857142857143	200	76.1344154276288	24.6	100.734415427629	DCA	210	120.011196698485
757.142857142857	200	78.5875217883963	24.6	103.187521788396	DCA	0	103.187521788396
771.428571428571	200	75.4531026539706	24.6	100.053102653971	DCA	140	117.710496809556
785.714285714286	200	78.0947993279691	24.6	102.694799327969	DCA	140	120.352193483554
800	200	81.4867952535021	24.6	106.086795253502	DCA	210	125.363576524359
814.285714285714	200	79.9223893332771	24.6	104.522389333277	DCA	140	122.179783488862
828.571428571429	200	77.9202797914464	24.6	102.520279791446	DCA	140	120.177673947032
842.857142857143	200	78.0562126419877	24.6	102.656212641988	DCA	140	120.313606797573
857.142857142857	200	79.5628501646894	24.6	104.162850164689	DCA	140	121.820244320275
871.428571428571	200	82.0778597024303	24.6	106.67785970243	DCA	70	117.909660101063
885.714285714286	200	79.2384414267412	24.6	103.838441426741	DCA	70	115.070241825374
900	200	79.5712477122346	24.6	104.171247712235	DCA	0	104.171247712235
914.285714285714	200	83.608080183271	24.6	108.208080183271	DCA	280	124.298041927718
928.571428571429	200	78.9761813036261	24.6	103.576181303626	DCA	140	121.233575459211
942.857142857143	200	80.6068000419393	24.6	105.206800041939	DCA	0	105.206800041939
957.142857142857	200	82.1209622772665	24.6	106.720962277267	DCA	140	124.378356432852
971.428571428571	200	79.5677695865954	24.6	104.167769586595	DCA	140	121.825163742181
985.714285714286	200	81.1200865804307	24.6	105.720086580431	DCA	140	123.377480736016
1000	200	79.0683523837221	24.6	103.668352383722	DCA	140	121.325746539307
0	233.333333333333	78.9451910198503	0	78.9451910198503	DCA	70	84.3221914184833
14.2857142857143	233.333333333333	76.9874559068601	0	76.9874559068601	DCA	0	76.9874559068601
28.5714285714286	233.333333333333	81.5614280096119	0	81.5614280096119	DCA	280	74.2321897540592
42.8571428571429	233.333333333333	78.3647554131512	0	78.3647554131512	DCA	210	80.0771366840079
57.1428571428571	233.333333333333	79.9794997205279	0	79.9794997205279	DCA	140	85.9272938761131
71.4285714285714	233.333333333333	78.8091427007886	0	78.8091427007886	DCA	280	71.479904445236
85.7142857142857	233.333333333333	80.9511969082595	0	80.9511969082595	DCA	140	86.8989910638446
100	233.333333333333	84.3186769237221	0	84.3186769237221	DCA	210	86.0310581945787
114.285714285714	233.333333333333	80.5101758753353	0	80.5101758753353	DCA	210	82.222557146192
128.571428571429	233.333333333333	80.2094043074566	0	80.2094043074566	DCA	0	80.2094043074566
142.857142857143	233.333333333333	81.9497961728675	0	81.9497961728675	DCA	0	81.9497961728675
157.142857142857	233.333333333333	77.8579908562014	0	77.8579908562014	DCA	280	70.5287526006487
171.428571428571	233.333333333333	82.5702952386769	0	82.5702952386769	DCA	140	88.5180893942621
185.714285714286	233.333333333333	79.8779800128708	0	79.8779800128708	DCA	280	72.5487417573182
200	233.333333333333	79.7844886209075	0	79.7844886209075	DCA	280	72.4552503653548
214.285714285714	233.333333333333	75.7492867278214	0	75.7492867278214	DCA	0	75.7492867278214
228.571428571429	233.333333333333	71.9497842595096	0	71.9497842595096	DCA	0	71.9497842595096
242.857142857143	233.333333333333	75.2291854866516	0	75.2291854866516	DCA	70	80.6061858852845
257.142857142857	233.333333333333	73.8915468678154	0	73.8915468678154	DCA	70	79.2685472664484
271.428571428571	233.333333333333	78.1095306592604	0	78.1095306592604	DCA	140	84.0573248148456
285.714285714286	233.333333333333	78.4577169368099	0	78.4577169368099	DCA	140	84.405511092395
300	233.333333333333	81.7224988599268	0	81.7224988599268	DCA	70	87.0994992585598
314.285714285714	233.333333333333	79.4017395140718	0	79.4017395140718	DCA	210	81.1141207849285
328.571428571429	233.333333333333	80.5193817062529	0	80.5193817062529	DCA	280	73.1901434507003
342.857142857143	233.333333333333	79.809712028224	0	79.809712028224	DCA	70	85.186712426857
357.142857142857	233.333333333333	81.5614600116339	0	81.5614600116339	DCA	140	87.509254167219
371.428571428571	233.333333333333	83.9680690748327	0	83.9680690748327	DCA	210	85.6804503456893
385.714285714286	233.333333333333	85.1124581652619	0	85.1124581652619	DCA	70	90.4894585638948
400	233.333333333333	82.8549768530317	0	82.8549768530317	DCA	70	88.2319772516647
414.285714285714	233.333333333333	80.9458842216286	0	80.9458842216286	DCA	0	80.9458842216286
428.571428571429	233.333333333333	77.8331291929693	0	77.8331291929693	DCA	140	83.7809233485545
442.857142857143	233.333333333333	81.1092360688482	0	81.1092360688482	DCA	0	81.1092360688482
457.142857142857	233.333333333333	76.2066817788372	0	76.2066817788372	DCA	210	77.9190630496938
471.428571428571	233.333333333333	75.5388460052539	0	75.5388460052539	DCA	140	81.4866401608391
485.714285714286	233.333333333333	78.7959562905946	0	78.7959562905946	DCA	140	84.7437504461798
500	233.333333333333	76.4161680869191	0	76.4161680869191	DCA	0	76.4161680869191
514.285714285714	233.333333333333	77.4773518541192	24.6	102.077351854119	DCA	280	118.167313598567
528.571428571429	233.333333333333	81.2868951509652	24.6	105.886895150965	DCA	140	123.54428930655
542.857142857143	233.333333333333	80.2017176755414	24.6	104.801717675541	DCA	70	116.033518074174
557.142857142857	233.333333333333	78.4573729818135	24.6	103.057372981813	DCA	210	122.33415425267
571.428571428571	233.333333333333	78.5479522267206	24.6	103.147952226721	DCA	140	120.805346382306
585.714285714286	233.333333333333	81.3027023837573	24.6	105.902702383757	DCA	280	121.992664128205
600	233.333333333333	83.0595488727858	24.6	107.659548872786	DCA	280	123.749510617233
614.285714285714	233.333333333333	82.0359866811287	24.6	106.635986681129	DCA	0	106.635986681129
628.571428571429	233.333333333333	80.7872827374159	24.6	105.387282737416	DCA	0	105.387282737416
642.857142857143	233.333333333333	80.7956032926659	24.6	105.395603292666	DCA	70	116.627403691299
657.142857142857	233.333333333333	79.5537746132682	24.6	104.153774613268	DCA	210	123.430555884125
671.428571428571	233.333333333333	79.1429509420957	24.6	103.742950942096	DCA	140	121.400345097681
685.714285714286	233.333333333333	78.2212427780873	24.6	102.821242778087	DCA	280	118.911204522535
700	233.333333333333	80.2378204451127	24.6	104.837820445113	DCA	280	120.92778218956
714.285714285714	233.333333333333	76.6339679098347	24.6	101.233967909835	DCA	280	117.323929654282
728.571428571429	233.333333333333	77.0884753588401	24.6	101.68847535884	DCA	280	117.778437103287
742.857142857143	233.333333333333	78.8966280092376	24.6	103.496628009238	DCA	70	114.728428407871
757.142857142857	233.333333333333	82.8736339029736	24.6	107.473633902974	DCA	140	125.131028058559
771.428571428571	233.333333333333	83.6535620288117	24.6	108.253562028812	DCA	140	125.910956184397
785.714285714286	233.333333333333	82.8076978388687	24.6	107.407697838869	DCA	210	126.684479109725
800	233.333333333333	83.2110713814483	24.6	107.811071381448	DCA	70	119.042871780081
814.285714285714	233.333333333333	80.6775922794757	24.6	105.277592279476	DCA	70	116.509392678109
828.571428571429	233.333333333333	80.0376203367039	24.6	104.637620336704	DCA	140	122.295014492289
842.857142857143	233.333333333333	82.4346253905439	24.6	107.034625390544	DCA	210	126.311406661401
857.142857142857	233.333333333333	79.7538255345789	24.6	104.353825534579	DCA	210	123.630606805436
871.428571428571	233.333333333333	79.3791793298832	24.6	103.979179329883	DCA	70	115.210979728516
885.714285714286	233.333333333333	77.2795881399821	24.6	101.879588139982	DCA	280	117.969549884429
900	233.333333333333	78.2847661124662	24.6	102.884766112466	DCA	70	114.116566511099
914.285714285714	233.333333333333	78.4379230496114	24.6	103.037923049611	DCA	280	119.127884794059
928.571428571429	233.333333333333	81.9964281863777	24.6	106.596428186378	DCA	70	117.828228585011
942.857142857143	233.333333333333	82.7628017829762	24.6	107.362801782976	DCA	210	126.639583053833
957.142857142857	233.333333333333	80.636246190577	24.6	105.236246190577	DCA	140	122.893640346162
971.428571428571	233.333333333333	82.9507278175235	24.6	107.550727817523	DCA	70	118.782528216156
985.714285714286	233.333333333333	81.5105419844066	24.6	106.110541984407	DCA	70	117.34234238304
1000	233.333333333333	79.8856263971398	24.6	104.48562639714	DCA	280	120.575588141587
0	266.666666666667	80.6624256787097	0	80.6624256787097	DCA	210	82.3748069495664
14.2857142857143	266.666666666667	80.3409099783238	0	80.3409099783238	DCA	280	73.0116717227712
28.5714285714286	266.666666666667	79.8732367187322	0	79.8732367187322	DCA	0	79.8732367187322
42.8571428571429	266.666666666667	78.6656976647398	0	78.6656976647398	DCA	70	84.0426980633728
57.1428571428571	266.666666666667	82.7107289579611	0	82.7107289579611	DCA	140	88.6585231135463
71.4285714285714	266.666666666667	79.6025521315487	0	79.6025521315487	DCA	70	84.9795525301817
85.7142857142857	266.666666666667	79.2840588808691	0	79.2840588808691	DCA	140	85.2318530364543
100	266.666666666667	76.9514041253646	0	76.9514041253646	DCA	210	78.6637853962213
114.285714285714	266.666666666667	77.6556558458492	0	77.6556558458492	DCA	0	77.6556558458492
128.571428571429	266.666666666667	76.5349424003265	0	76.5349424003265	DCA	210	78.2473236711831
142.857142857143	266.666666666667	80.7343823206955	0	80.7343823206955	DCA	280	73.4051440651428
157.142857142857	266.666666666667	78.5676047057852	0	78.5676047057852	DCA	0	78.5676047057852
171.428571428571	266.666666666667	80.3690429903432	0	80.3690429903432	DCA	280	73.0398047347906
185.714285714286	266.666666666667	78.7276798489408	0	78.7276798489408	DCA	0	78.7276798489408
200	266.666666666667	76.5242208292959	0	76.5242208292959	DCA	0	76.5242208292959
214.285714285714	266.666666666667	74.8538852223239	0	74.8538852223239	DCA	140	80.8016793779091
228.571428571429	266.666666666667	74.6365622364849	0	74.6365622364849	DCA	210	76.3489435073415
242.857142857143	266.666666666667	77.2759429140932	0	77.2759429140932	DCA	210	78.9883241849498
257.142857142857	266.666666666667	78.1984201382212	0	78.1984201382212	DCA	280	70.8691818826686
271.428571428571	266.666666666667	80.2921169683601	0	80.2921169683601	DCA	210	82.0044982392167
285.714285714286	266.666666666667	81.0038622523583	0	81.0038622523583	DCA	140	86.9516564079435
300	266.666666666667	80.5938924210074	0	80.5938924210074	DCA	140	86.5416865765926
314.285714285714	266.666666666667	81.3426271346432	0	81.3426271346432	DCA	280	74.0133888790905
328.571428571429	266.666666666667	80.1454387993995	0	80.1454387993995	DCA	280	72.8162005438469
342.857142857143	266.666666666667	81.8974871783354	0	81.8974871783354	DCA	70	87.2744875769684
357.142857142857	266.666666666667	83.5915602963655	0	83.5915602963655	DCA	280	76.2623220408128
371.428571428571	266.666666666667	83.1740992289194	0	83.1740992289194	DCA	210	84.886480499776
385.714285714286	266.666666666667	82.2564434289722	0	82.2564434289722	DCA	210	83.9688246998288
400	266.666666666667	81.8399108103102	0	81.8399108103102	DCA	210	83.5522920811668
414.285714285714	266.666666666667	84.2583156685411	0	84.2583156685411	DCA	70	89.6353160671741
428.571428571429	266.666666666667	82.3500992011621	0	82.3500992011621	DCA	140	88.2978933567472
442.857142857143	266.666666666667	81.566045523835	0	81.566045523835	DCA	280	74.2368072682823
457.142857142857	266.666666666667	82.5328575942754	0	82.5328575942754	DCA	70	87.9098579929084
471.428571428571	266.666666666667	82.1389580373053	0	82.1389580373053	DCA	140	88.0867521928905
485.714285714286	266.666666666667	80.8335460247882	0	80.8335460247882	DCA	280	73.5043077692356
500	266.666666666667	78.7692708399287	0	78.7692708399287	DCA	0	78.7692708399287
514.285714285714	266.666666666667	79.187379313911	24.6	103.787379313911	DCA	140	121.444773469496
528.571428571429	266.666666666667	78.2680733232407	24.6	102.868073323241	DCA	280	118.958035067688
542.857142857143	266.666666666667	78.5535200949246	24.6	103.153520094925	DCA	140	120.81091425051
557.142857142857	266.666666666667	81.0170895814048	24.6	105.617089581405	DCA	210	124.893870852261
571.428571428571	266.666666666667	77.8170002806538	24.6	102.417000280654	DCA	140	120.074394436239
585.714285714286	266.666666666667	81.1190461995321	24.6	105.719046199532	DCA	0	105.719046199532
600	266.666666666667	76.7981277893111	24.6	101.398127789311	DCA	210	120.674909060168
614.285714285714	266.666666666667	75.668061776011	24.6	100.268061776011	DCA	210	119.544843046868
628.571428571429	266.666666666667	77.7500202731115	24.6	102.350020273111	DCA	140	120.007414428697
642.857142857143	266.666666666667	78.1341621648117	24.6	102.734162164812	DCA	0	102.734162164812
657.142857142857	266.666666666667	80.6750380077541	24.6	105.275038007754	DCA	0	105.275038007754
671.428571428571	266.666666666667	81.1108756511188	24.6	105.710875651119	DCA	210	124.987656921975
685.714285714286	266.666666666667	83.1703725571776	24.6	107.770372557178	DCA	210	127.047153828034
700	266.666666666667	79.5346789466714	24.6	104.134678946671	DCA	140	121.792073102257
714.285714285714	266.666666666667	78.9646321474118	24.6	103.564632147412	DCA	0	103.564632147412
728.571428571429	266.666666666667	80.3269833131379	24.6	104.926983313138	DCA	280	121.016945057585
742.857142857143	266.666666666667	83.3464967065494	24.6	107.946496706549	DCA	140	125.603890862135
757.142857142857	266.666666666667	81.2195675526701	24.6	105.81956755267	DCA	280	121.909529297117
771.428571428571	266.666666666667	81.1948531964149	24.6	105.794853196415	DCA	280	121.884814940862
785.714285714286	266.666666666667	84.89690871332	24.6	109.49690871332	DCA	70	120.728709111953
800	266.666666666667	82.8691404942755	24.6	107.469140494276	DCA	140	125.126534649861
814.285714285714	266.666666666667	80.7207450895369	24.6	105.320745089537	DCA	210	124.597526360394
828.571428571429	266.666666666667	81.5270347151744	24.6	106.127034715174	DCA	0	106.127034715174
842.857142857143	266.666666666667	78.1957340045947	24.6	102.795734004595	DCA	210	122.072515275451
857.142857142857	266.666666666667	78.6429354328142	24.6	103.242935432814	DCA	280	119.332897177262
871.428571428571	266.666666666667	77.3210618122106	24.6	101.921061812211	DCA	280	118.011023556658
885.714285714286	266.666666666667	82.8375934824402	24.6	107.43759348244	DCA	280	123.527555226888
900	266.666666666667	77.7578069164085	24.6	102.357806916409	DCA	70	113.589607315041
914.285714285714	266.666666666667	76.9333617663337	24.6	101.533361766334	DCA	210	120.81014303719
928.571428571429	266.666666666667	82.3708734600263	24.6	106.970873460026	DCA	0	106.970873460026
942.857142857143	266.666666666667	80.8824818009762	24.6	105.482481800976	DCA	280	121.572443545424
957.142857142857	266.666666666667	81.6825364497616	24.6	106.282536449762	DCA	70	117.514336848395
971.428571428571	266.666666666667	81.5254746439781	24.6	106.125474643978	DCA	140	123.782868799563
985.714285714286	266.666666666667	79.0975346703802	24.6	103.69753467038	DCA	70	114.929335069013
1000	266.666666666667	81.2212819621267	24.6	105.821281962127	DCA	280	121.911243706574
0	300	80.5093102444923	0	80.5093102444923	DCA	280	73.1800719889396
14.2857142857143	300	76.4312208775431	0	76.4312208775431	DCA	70	81.8082212761761
28.5714285714286	300	78.3640261593512	0	78.3640261593512	DCA	70	83.7410265579842
42.8571428571429	300	77.1118793902116	0	77.1118793902116	DCA	0	77.1118793902116
57.1428571428571	300	82.9773367036917	0	82.9773367036917	DCA	70	88.3543371023247
71.4285714285714	300	81.4333818620985	0	81.4333818620985	DCA	0	81.4333818620985
85.7142857142857	300	81.5629184288141	0	81.5629184288141	DCA	210	83.2752996996708
100	300	80.9201544073363	0	80.9201544073363	DCA	70	86.2971548059693
114.285714285714	300	81.8474065027605	0	81.8474065027605	DCA	70	87.2244069013935
128.571428571429	300	81.085079353242	0	81.085079353242	DCA	70	86.462079751875
142.857142857143	300	82.1929734988412	0	82.1929734988412	DCA	280	74.8637352432886
157.142857142857	300	82.5943020911191	0	82.5943020911191	DCA	210	84.3066833619758
171.428571428571	300	77.7106061511231	0	77.7106061511231	DCA	0	77.7106061511231
185.714285714286	300	78.5316625476679	0	78.5316625476679	DCA	210	80.2440438185245
200	300	78.56601136929	0	78.56601136929	DCA	0	78.56601136929
214.285714285714	300	77.1231499521361	0	77.1231499521361	DCA	210	78.8355312229927
228.571428571429	300	80.0512317006486	0	80.0512317006486	DCA	140	85.9990258562338
242.857142857143	300	79.4457256234264	0	79.4457256234264	DCA	70	84.8227260220594
257.142857142857	300	76.1572400051418	0	76.1572400051418	DCA	140	82.1050341607269
271.428571428571	300	75.3519755772627	0	75.3519755772627	DCA	140	81.2997697328478
285.714285714286	300	80.5497027916752	0	80.5497027916752	DCA	0	80.5497027916752
300	300	79.5175308022846	0	79.5175308022846	DCA	140	85.4653249578698
314.285714285714	300	80.9816843523563	0	80.9816843523563	DCA	280	73.6524460968037
328.571428571429	300	79.6325323998456	0	79.6325323998456	DCA	0	79.6325323998456
342.857142857143	300	79.0305484242013	0	79.0305484242013	DCA	280	71.7013101686487
357.142857142857	300	77.6034661959243	0	77.6034661959243	DCA	140	83.5512603515094
371.428571428571	300	79.6620036393227	0	79.6620036393227	DCA	140	85.6097977949079
385.714285714286	300	78.1771750447049	0	78.1771750447049	DCA	0	78.1771750447049
400	300	80.5027656751632	0	80.5027656751632	DCA	280	73.1735274196105
414.285714285714	300	80.8860988162968	0	80.8860988162968	DCA	0	80.8860988162968
428.571428571429	300	82.0122645743024	0	82.0122645743024	DCA	0	82.0122645743024
442.857142857143	300	79.73744816228	0	79.73744816228	DCA	0	79.73744816228
457.142857142857	300	82.5409823499903	0	82.5409823499903	DCA	210	84.2533636208469
471.428571428571	300	81.3510124109439	0	81.3510124109439	DCA	210	83.0633936818006
485.714285714286	300	83.1517307962908	0	83.1517307962908	DCA	140	89.0995249518759
500	300	81.6853766189599	0	81.6853766189599	DCA	70	87.0623770175929
514.285714285714	300	81.6380551689056	24.6	106.238055168906	DCA	140	123.895449324491
528.571428571429	300	80.6321360736222	24.6	105.232136073622	DCA	210	124.508917344479
542.857142857143	300	77.7186067657985	24.6	102.318606765798	DCA	140	119.976000921384
557.142857142857	300	76.5038361823471	24.6	101.103836182347	DCA	280	117.193797926794
571.428571428571	300	78.2982107018715	24.6	102.898210701871	DCA	70	114.130011100504
585.714285714286	300	76.5291120032023	24.6	101.129112003202	DCA	70	112.360912401835
600	300	77.0357008152097	24.6	101.63570081521	DCA	140	119.293094970795
614.285714285714	300	77.6828481401985	24.6	102.282848140198	DCA	210	121.559629411055
628.571428571429	300	76.3415809274169	24.6	100.941580927417	DCA	280	117.031542671864
642.857142857143	300	74.7354737912943	24.6	99.3354737912942	DCA	70	110.567274189927
657.142857142857	300	78.4137435884356	24.6	103.013743588436	DCA	280	119.103705332883
671.428571428571	300	79.7304984556671	24.6	104.330498455667	DCA	140	121.987892611252
685.714285714286	300	81.4516994705167	24.6	106.051699470517	DCA	280	122.141661214964
700	300	81.4510155229596	24.6	106.05101552296	DCA	140	123.708409678545
714.285714285714	300	79.3141191561385	24.6	103.914119156138	DCA	210	123.190900426995
728.571428571429	300	77.2521881129965	24.6	101.852188112997	DCA	210	121.128969383853
742.857142857143	300	77.9311390020027	24.6	102.531139002003	DCA	140	120.188533157588
757.142857142857	300	78.8705334408878	24.6	103.470533440888	DCA	0	103.470533440888
771.428571428571	300	80.9466803454117	24.6	105.546680345412	DCA	70	116.778480744045
785.714285714286	300	81.7667851715625	24.6	106.366785171562	DCA	210	125.643566442419
800	300	81.9462023287971	24.6	106.546202328797	DCA	280	122.636164073244
814.285714285714	300	81.355065982369	24.6	105.955065982369	DCA	0	105.955065982369
828.571428571429	300	78.7167144107923	24.6	103.316714410792	DCA	210	122.593495681649
842.857142857143	300	76.7811649581669	24.6	101.381164958167	DCA	280	117.471126702614
857.142857142857	300	78.8995381415987	24.6	103.499538141599	DCA	210	122.776319412455
871.428571428571	300	82.0164107111312	24.6	106.616410711131	DCA	280	122.706372455579
885.714285714286	300	81.5961863577665	24.6	106.196186357766	DCA	140	123.853580513352
900	300	80.8242311693312	24.6	105.424231169331	DCA	0	105.424231169331
914.285714285714	300	84.7343594518075	24.6	109.334359451808	DCA	0	109.334359451808
928.571428571429	300	86.241091427532	24.6	110.841091427532	DCA	140	128.498485583117
942.857142857143	300	81.8918271109739	24.6	106.491827110974	DCA	0	106.491827110974
957.142857142857	300	84.7960061299164	24.6	109.396006129916	DCA	0	109.396006129916
971.428571428571	300	81.7336235375675	24.6	106.333623537568	DCA	70	117.5654239362
985.714285714286	300	84.610217753934	24.6	109.210217753934	DCA	280	125.300179498381
1000	300	77.0785710092896	24.6	101.67857100929	DCA	140	119.335965164875
