x	y	variable1	Zona	ErrorConEfecto	Disenio	AsigTrat	MiRto
0	0	77.9813367380106	0	77.9813367380106	DCA	140	85.4953496647489
14.2857142857143	0	78.6197707931124	0	78.6197707931124	DCA	140	86.1337837198507
28.5714285714286	0	75.0643776527524	0	75.0643776527524	DCA	140	82.5783905794907
42.8571428571429	0	77.9889235331777	0	77.9889235331777	DCA	0	77.9889235331777
57.1428571428571	0	75.4095406463269	0	75.4095406463269	DCA	70	80.6399062577312
71.4285714285714	0	77.6127432133532	0	77.6127432133532	DCA	280	80.8538958825489
85.7142857142857	0	80.0023907511615	0	80.0023907511615	DCA	210	86.8533326971636
100	0	83.6239736586131	0	83.6239736586131	DCA	0	83.6239736586131
114.285714285714	0	83.4654112250563	0	83.4654112250563	DCA	0	83.4654112250563
128.571428571429	0	80.7407667539439	0	80.7407667539439	DCA	140	88.2547796806822
142.857142857143	0	77.6549594770775	0	77.6549594770775	DCA	0	77.6549594770775
157.142857142857	0	79.1753128065605	0	79.1753128065605	DCA	70	84.4056784179648
171.428571428571	0	79.2658769453269	0	79.2658769453269	DCA	70	84.4962425567311
185.714285714286	0	78.4446971340926	0	78.4446971340926	DCA	210	85.2956390800947
200	0	76.4436448598532	0	76.4436448598532	DCA	70	81.6740104712574
214.285714285714	0	78.8929734922291	0	78.8929734922291	DCA	140	86.4069864189675
228.571428571429	0	77.0279056254027	0	77.0279056254027	DCA	210	83.8788475714048
242.857142857143	0	79.2434497998594	0	79.2434497998594	DCA	0	79.2434497998594
257.142857142857	0	75.5651833358555	0	75.5651833358555	DCA	0	75.5651833358555
271.428571428571	0	80.2513553089929	0	80.2513553089929	DCA	0	80.2513553089929
285.714285714286	0	77.8622760306973	0	77.8622760306973	DCA	210	84.7132179766994
300	0	79.3367222246657	0	79.3367222246657	DCA	0	79.3367222246657
314.285714285714	0	79.0564984708536	0	79.0564984708536	DCA	140	86.5705113975919
328.571428571429	0	79.67188909544	0	79.67188909544	DCA	280	82.9130417646356
342.857142857143	0	78.0619059988918	0	78.0619059988918	DCA	210	84.9128479448939
357.142857142857	0	80.7071940775511	0	80.7071940775511	DCA	140	88.2212070042894
371.428571428571	0	80.6433169530422	0	80.6433169530422	DCA	70	85.8736825644465
385.714285714286	0	78.026773656198	0	78.026773656198	DCA	70	83.2571392676023
400	0	79.7070054326358	0	79.7070054326358	DCA	70	84.9373710440401
414.285714285714	0	83.149651884548	0	83.149651884548	DCA	210	90.0005938305501
428.571428571429	0	77.4323543838145	0	77.4323543838145	DCA	280	80.6735070530102
442.857142857143	0	77.0405429999849	0	77.0405429999849	DCA	70	82.2709086113892
457.142857142857	0	77.0660548472161	0	77.0660548472161	DCA	280	80.3072075164118
471.428571428571	0	80.4274114108289	0	80.4274114108289	DCA	280	83.6685640800246
485.714285714286	0	75.2744674955937	0	75.2744674955937	DCA	70	80.504833106998
500	0	78.0148331619728	0	78.0148331619728	DCA	70	83.2451987733771
514.285714285714	0	76.9363032272003	24.6	101.5363032272	DCA	0	101.5363032272
528.571428571429	0	79.0347480618104	24.6	103.63474806181	DCA	0	103.63474806181
542.857142857143	0	77.9286610594235	24.6	102.528661059424	DCA	70	113.613826670828
557.142857142857	0	77.8447812103343	24.6	102.444781210334	DCA	140	121.668394137073
571.428571428571	0	77.8020352741111	24.6	102.402035274111	DCA	280	129.062387943307
585.714285714286	0	76.5174658824348	24.6	101.117465882435	DCA	140	120.341078809173
600	0	75.4255566453368	24.6	100.025556645337	DCA	140	119.249169572075
614.285714285714	0	77.6215920454854	24.6	102.221592045485	DCA	0	102.221592045485
628.571428571429	0	77.5191731350217	24.6	102.119173135022	DCA	0	102.119173135022
642.857142857143	0	78.2020014952633	24.6	102.802001495263	DCA	280	129.462354164459
657.142857142857	0	79.0110185178037	24.6	103.611018517804	DCA	0	103.611018517804
671.428571428571	0	77.0193951521325	24.6	101.619395152132	DCA	210	126.034737098135
685.714285714286	0	82.3561326006299	24.6	106.95613260063	DCA	210	131.371474546632
700	0	82.0493863521006	24.6	106.649386352101	DCA	210	131.064728298103
714.285714285714	0	84.8460678527103	24.6	109.44606785271	DCA	140	128.669680779449
728.571428571429	0	81.0452870494557	24.6	105.645287049456	DCA	280	132.305639718651
742.857142857143	0	81.3749549495919	24.6	105.974954949592	DCA	140	125.19856787633
757.142857142857	0	81.70323476947	24.6	106.30323476947	DCA	140	125.526847696208
771.428571428571	0	81.486964341291	24.6	106.086964341291	DCA	210	130.502306287293
785.714285714286	0	78.2896354463441	24.6	102.889635446344	DCA	210	127.304977392346
800	0	81.5055981223067	24.6	106.105598122307	DCA	210	130.520940068309
814.285714285714	0	80.4510699705323	24.6	105.051069970532	DCA	140	124.274682897271
828.571428571429	0	77.0783265664882	24.6	101.678326566488	DCA	140	120.901939493226
842.857142857143	0	80.9558986367294	24.6	105.555898636729	DCA	0	105.555898636729
857.142857142857	0	78.8766553715526	24.6	103.476655371553	DCA	140	122.700268298291
871.428571428571	0	80.4695550081152	24.6	105.069555008115	DCA	210	129.484896954117
885.714285714286	0	78.6960149316831	24.6	103.296014931683	DCA	140	122.519627858421
900	0	78.1376513366704	24.6	102.73765133667	DCA	0	102.73765133667
914.285714285714	0	80.7130192235278	24.6	105.313019223528	DCA	70	116.398184834932
928.571428571429	0	79.4198871938121	24.6	104.019887193812	DCA	0	104.019887193812
942.857142857143	0	80.134938534218	24.6	104.734938534218	DCA	210	129.15028048022
957.142857142857	0	78.0868943503741	24.6	102.686894350374	DCA	210	127.102236296376
971.428571428571	0	74.5787015594112	24.6	99.1787015594112	DCA	70	110.263867170815
985.714285714286	0	75.0479424169048	24.6	99.6479424169048	DCA	70	110.733108028309
1000	0	78.0096127454585	24.6	102.609612745458	DCA	140	121.833225672197
0	33.3333333333333	78.050442877809	0	78.050442877809	DCA	140	85.5644558045473
14.2857142857143	33.3333333333333	78.4503224962357	0	78.4503224962357	DCA	0	78.4503224962357
28.5714285714286	33.3333333333333	77.9302761570137	0	77.9302761570137	DCA	280	81.1714288262093
42.8571428571429	33.3333333333333	76.5781419913901	0	76.5781419913901	DCA	280	79.8192946605857
57.1428571428571	33.3333333333333	74.1976029971787	0	74.1976029971787	DCA	280	77.4387556663744
71.4285714285714	33.3333333333333	75.5111041920275	0	75.5111041920275	DCA	0	75.5111041920275
85.7142857142857	33.3333333333333	76.6872908102001	0	76.6872908102001	DCA	140	84.2013037369384
100	33.3333333333333	78.6264870963348	0	78.6264870963348	DCA	70	83.8568527077391
114.285714285714	33.3333333333333	77.9463973193121	0	77.9463973193121	DCA	280	81.1875499885077
128.571428571429	33.3333333333333	76.3314297599578	0	76.3314297599578	DCA	140	83.8454426866961
142.857142857143	33.3333333333333	77.4259556483795	0	77.4259556483795	DCA	140	84.9399685751179
157.142857142857	33.3333333333333	80.9172324461404	0	80.9172324461404	DCA	210	87.7681743921425
171.428571428571	33.3333333333333	76.1228741748228	0	76.1228741748228	DCA	280	79.3640268440184
185.714285714286	33.3333333333333	74.318936963446	0	74.318936963446	DCA	280	77.5600896326416
200	33.3333333333333	76.5440594314963	0	76.5440594314963	DCA	210	83.3950013774984
214.285714285714	33.3333333333333	76.5855397612172	0	76.5855397612172	DCA	0	76.5855397612172
228.571428571429	33.3333333333333	82.5851140180927	0	82.5851140180927	DCA	210	89.4360559640948
242.857142857143	33.3333333333333	84.7371753322131	0	84.7371753322131	DCA	280	87.9783280014088
257.142857142857	33.3333333333333	86.4248721671755	0	86.4248721671755	DCA	0	86.4248721671755
271.428571428571	33.3333333333333	84.3617603658968	0	84.3617603658968	DCA	210	91.2127023118989
285.714285714286	33.3333333333333	84.1755741472526	0	84.1755741472526	DCA	210	91.0265160932547
300	33.3333333333333	82.1928647408359	0	82.1928647408359	DCA	280	85.4340174100315
314.285714285714	33.3333333333333	78.2448534280501	0	78.2448534280501	DCA	0	78.2448534280501
328.571428571429	33.3333333333333	78.1313401471415	0	78.1313401471415	DCA	140	85.6453530738798
342.857142857143	33.3333333333333	75.2969592880994	0	75.2969592880994	DCA	0	75.2969592880994
357.142857142857	33.3333333333333	77.2153298719431	0	77.2153298719431	DCA	0	77.2153298719431
371.428571428571	33.3333333333333	76.083735314087	0	76.083735314087	DCA	0	76.083735314087
385.714285714286	33.3333333333333	79.367624956215	0	79.367624956215	DCA	140	86.8816378829533
400	33.3333333333333	80.3513886323928	0	80.3513886323928	DCA	0	80.3513886323928
414.285714285714	33.3333333333333	84.6976862225631	0	84.6976862225631	DCA	70	89.9280518339674
428.571428571429	33.3333333333333	78.3382030538714	0	78.3382030538714	DCA	70	83.5685686652757
442.857142857143	33.3333333333333	78.8885328291539	0	78.8885328291539	DCA	70	84.1188984405582
457.142857142857	33.3333333333333	77.2657469267498	0	77.2657469267498	DCA	210	84.1166888727519
471.428571428571	33.3333333333333	77.7938068106546	0	77.7938068106546	DCA	280	81.0349594798502
485.714285714286	33.3333333333333	79.0148492754645	0	79.0148492754645	DCA	210	85.8657912214666
500	33.3333333333333	71.5664678299597	0	71.5664678299597	DCA	140	79.0804807566981
514.285714285714	33.3333333333333	74.6860419723204	24.6	99.2860419723204	DCA	280	125.946394641516
528.571428571429	33.3333333333333	75.7916795444798	24.6	100.39167954448	DCA	140	119.615292471218
542.857142857143	33.3333333333333	78.7337184542077	24.6	103.333718454208	DCA	280	129.994071123403
557.142857142857	33.3333333333333	77.1746554052268	24.6	101.774655405227	DCA	0	101.774655405227
571.428571428571	33.3333333333333	76.0289961081488	24.6	100.628996108149	DCA	140	119.852609034887
585.714285714286	33.3333333333333	77.4202808565772	24.6	102.020280856577	DCA	210	126.435622802579
600	33.3333333333333	78.434862015634	24.6	103.034862015634	DCA	70	114.120027627038
614.285714285714	33.3333333333333	73.7920292909599	24.6	98.3920292909599	DCA	210	122.807371236962
628.571428571429	33.3333333333333	77.2917739002705	24.6	101.891773900271	DCA	0	101.891773900271
642.857142857143	33.3333333333333	81.1062987964073	24.6	105.706298796407	DCA	280	132.366651465603
657.142857142857	33.3333333333333	81.4319409441343	24.6	106.031940944134	DCA	280	132.69229361333
671.428571428571	33.3333333333333	79.7955052768371	24.6	104.395505276837	DCA	280	131.055857946033
685.714285714286	33.3333333333333	80.7759613522384	24.6	105.375961352238	DCA	210	129.79130329824
700	33.3333333333333	82.5101956953144	24.6	107.110195695314	DCA	70	118.195361306719
714.285714285714	33.3333333333333	83.7554051607844	24.6	108.355405160784	DCA	70	119.440570772189
728.571428571429	33.3333333333333	85.2151022095373	24.6	109.815102209537	DCA	70	120.900267820942
742.857142857143	33.3333333333333	87.1095030221867	24.6	111.709503022187	DCA	140	130.933115948925
757.142857142857	33.3333333333333	84.531159159133	24.6	109.131159159133	DCA	210	133.546501105135
771.428571428571	33.3333333333333	81.0205108913123	24.6	105.620510891312	DCA	210	130.035852837314
785.714285714286	33.3333333333333	83.5202299256289	24.6	108.120229925629	DCA	210	132.535571871631
800	33.3333333333333	85.411600622605	24.6	110.011600622605	DCA	70	121.096766234009
814.285714285714	33.3333333333333	82.0988313885069	24.6	106.698831388507	DCA	210	131.114173334509
828.571428571429	33.3333333333333	81.0995617064423	24.6	105.699561706442	DCA	210	130.114903652444
842.857142857143	33.3333333333333	82.0551708472544	24.6	106.655170847254	DCA	70	117.740336458659
857.142857142857	33.3333333333333	81.2662406839561	24.6	105.866240683956	DCA	280	132.526593353152
871.428571428571	33.3333333333333	80.2058424089344	24.6	104.805842408934	DCA	70	115.891008020339
885.714285714286	33.3333333333333	77.8576840814023	24.6	102.457684081402	DCA	0	102.457684081402
900	33.3333333333333	76.8010965613236	24.6	101.401096561324	DCA	0	101.401096561324
914.285714285714	33.3333333333333	75.5737413454893	24.6	100.173741345489	DCA	70	111.258906956894
928.571428571429	33.3333333333333	74.8893188632565	24.6	99.4893188632565	DCA	210	123.904660809259
942.857142857143	33.3333333333333	75.1399690855676	24.6	99.7399690855676	DCA	210	124.15531103157
957.142857142857	33.3333333333333	74.2256535957885	24.6	98.8256535957885	DCA	280	125.486006264984
971.428571428571	33.3333333333333	73.3958736765512	24.6	97.9958736765512	DCA	280	124.656226345747
985.714285714286	33.3333333333333	78.126136680853	24.6	102.726136680853	DCA	140	121.949749607591
1000	33.3333333333333	81.6202290078628	24.6	106.220229007863	DCA	70	117.305394619267
0	66.6666666666667	76.7519770533964	0	76.7519770533964	DCA	280	79.9931297225921
14.2857142857143	66.6666666666667	79.522356331342	0	79.522356331342	DCA	280	82.7635090005377
28.5714285714286	66.6666666666667	79.9342271863433	0	79.9342271863433	DCA	140	87.4482401130816
42.8571428571429	66.6666666666667	83.1624788575629	0	83.1624788575629	DCA	280	86.4036315267585
57.1428571428571	66.6666666666667	79.927129824086	0	79.927129824086	DCA	210	86.7780717700881
71.4285714285714	66.6666666666667	76.9289243854679	0	76.9289243854679	DCA	140	84.4429373122062
85.7142857142857	66.6666666666667	77.4420109869355	0	77.4420109869355	DCA	140	84.9560239136738
100	66.6666666666667	80.1634261014794	0	80.1634261014794	DCA	70	85.3937917128837
114.285714285714	66.6666666666667	77.444727319066	0	77.444727319066	DCA	210	84.2956692650681
128.571428571429	66.6666666666667	79.6977418577243	0	79.6977418577243	DCA	0	79.6977418577243
142.857142857143	66.6666666666667	83.1520584994845	0	83.1520584994845	DCA	140	90.6660714262228
157.142857142857	66.6666666666667	83.3501362213025	0	83.3501362213025	DCA	210	90.2010781673046
171.428571428571	66.6666666666667	81.4282308760768	0	81.4282308760768	DCA	0	81.4282308760768
185.714285714286	66.6666666666667	81.6318806449352	0	81.6318806449352	DCA	210	88.4828225909373
200	66.6666666666667	80.5329790629395	0	80.5329790629395	DCA	280	83.7741317321352
214.285714285714	66.6666666666667	83.3954337983105	0	83.3954337983105	DCA	70	88.6257994097148
228.571428571429	66.6666666666667	85.7561056503139	0	85.7561056503139	DCA	280	88.9972583195096
242.857142857143	66.6666666666667	87.9223915113382	0	87.9223915113382	DCA	0	87.9223915113382
257.142857142857	66.6666666666667	82.4099318309001	0	82.4099318309001	DCA	140	89.9239447576384
271.428571428571	66.6666666666667	82.1613798979298	0	82.1613798979298	DCA	210	89.0123218439319
285.714285714286	66.6666666666667	83.179777979238	0	83.179777979238	DCA	70	88.4101435906423
300	66.6666666666667	83.4575341559259	0	83.4575341559259	DCA	210	90.308476101928
314.285714285714	66.6666666666667	80.3410694965763	0	80.3410694965763	DCA	210	87.1920114425784
328.571428571429	66.6666666666667	79.9590129919793	0	79.9590129919793	DCA	210	86.8099549379814
342.857142857143	66.6666666666667	76.5276720697516	0	76.5276720697516	DCA	0	76.5276720697516
357.142857142857	66.6666666666667	77.2943655789101	0	77.2943655789101	DCA	280	80.5355182481057
371.428571428571	66.6666666666667	76.2276482172401	0	76.2276482172401	DCA	0	76.2276482172401
385.714285714286	66.6666666666667	75.042523240159	0	75.042523240159	DCA	280	78.2836759093546
400	66.6666666666667	81.0309634843716	0	81.0309634843716	DCA	0	81.0309634843716
414.285714285714	66.6666666666667	80.8753453797677	0	80.8753453797677	DCA	210	87.7262873257698
428.571428571429	66.6666666666667	75.5902428398625	0	75.5902428398625	DCA	280	78.8313955090581
442.857142857143	66.6666666666667	78.0234707299974	0	78.0234707299974	DCA	0	78.0234707299974
457.142857142857	66.6666666666667	79.9431890272477	0	79.9431890272477	DCA	0	79.9431890272477
471.428571428571	66.6666666666667	80.2750934233215	0	80.2750934233215	DCA	210	87.1260353693236
485.714285714286	66.6666666666667	81.5234167963118	0	81.5234167963118	DCA	70	86.7537824077161
500	66.6666666666667	78.5279984478606	0	78.5279984478606	DCA	70	83.7583640592649
514.285714285714	66.6666666666667	81.0554551087851	24.6	105.655455108785	DCA	0	105.655455108785
528.571428571429	66.6666666666667	76.0693206138543	24.6	100.669320613854	DCA	280	127.32967328305
542.857142857143	66.6666666666667	77.2469749722821	24.6	101.846974972282	DCA	140	121.07058789902
557.142857142857	66.6666666666667	78.8446536126612	24.6	103.444653612661	DCA	0	103.444653612661
571.428571428571	66.6666666666667	78.7472441053514	24.6	103.347244105351	DCA	70	114.432409716756
585.714285714286	66.6666666666667	76.9428519029276	24.6	101.542851902928	DCA	210	125.95819384893
600	66.6666666666667	75.735591609557	24.6	100.335591609557	DCA	210	124.750933555559
614.285714285714	66.6666666666667	79.2989609603346	24.6	103.898960960335	DCA	140	123.122573887073
628.571428571429	66.6666666666667	78.3940925788854	24.6	102.994092578885	DCA	280	129.654445248081
642.857142857143	66.6666666666667	78.0386358243715	24.6	102.638635824371	DCA	0	102.638635824371
657.142857142857	66.6666666666667	78.6513640400434	24.6	103.251364040043	DCA	280	129.911716709239
671.428571428571	66.6666666666667	80.090261429704	24.6	104.690261429704	DCA	140	123.913874356442
685.714285714286	66.6666666666667	82.7943810225703	24.6	107.39438102257	DCA	280	134.054733691766
700	66.6666666666667	83.7812785311635	24.6	108.381278531164	DCA	140	127.604891457902
714.285714285714	66.6666666666667	84.9805319769463	24.6	109.580531976946	DCA	0	109.580531976946
728.571428571429	66.6666666666667	78.962169630472	24.6	103.562169630472	DCA	280	130.222522299668
742.857142857143	66.6666666666667	84.0419100710394	24.6	108.641910071039	DCA	280	135.302262740235
757.142857142857	66.6666666666667	83.5583686035986	24.6	108.158368603599	DCA	210	132.573710549601
771.428571428571	66.6666666666667	81.5632435060896	24.6	106.16324350609	DCA	70	117.248409117494
785.714285714286	66.6666666666667	81.1387467272647	24.6	105.738746727265	DCA	70	116.823912338669
800	66.6666666666667	81.5468856331312	24.6	106.146885633131	DCA	210	130.562227579133
814.285714285714	66.6666666666667	83.3347056297567	24.6	107.934705629757	DCA	280	134.595058298952
828.571428571429	66.6666666666667	82.1773940316787	24.6	106.777394031679	DCA	140	126.001006958417
842.857142857143	66.6666666666667	82.0751568044203	24.6	106.67515680442	DCA	140	125.898769731159
857.142857142857	66.6666666666667	78.8419790516727	24.6	103.441979051673	DCA	140	122.665591978411
871.428571428571	66.6666666666667	83.6807712111338	24.6	108.280771211134	DCA	140	127.504384137872
885.714285714286	66.6666666666667	80.8733886903154	24.6	105.473388690315	DCA	0	105.473388690315
900	66.6666666666667	80.5286972450674	24.6	105.128697245067	DCA	0	105.128697245067
914.285714285714	66.6666666666667	79.1486704706613	24.6	103.748670470661	DCA	140	122.9722833974
928.571428571429	66.6666666666667	78.0613799521304	24.6	102.66137995213	DCA	140	121.884992878869
942.857142857143	66.6666666666667	80.3431629469399	24.6	104.94316294694	DCA	70	116.028328558344
957.142857142857	66.6666666666667	77.0583313634487	24.6	101.658331363449	DCA	70	112.743496974853
971.428571428571	66.6666666666667	78.4707128193328	24.6	103.070712819333	DCA	210	127.486054765335
985.714285714286	66.6666666666667	79.1601989052115	24.6	103.760198905211	DCA	140	122.98381183195
1000	66.6666666666667	84.3005020320711	24.6	108.900502032071	DCA	70	119.985667643475
0	100	82.0516202515444	0	82.0516202515444	DCA	70	87.2819858629487
14.2857142857143	100	84.7725095271114	0	84.7725095271114	DCA	140	92.2865224538497
28.5714285714286	100	84.200162472063	0	84.200162472063	DCA	140	91.7141753988013
42.8571428571429	100	84.4681431137307	0	84.4681431137307	DCA	210	91.3190850597328
57.1428571428571	100	83.6298698532778	0	83.6298698532778	DCA	280	86.8710225224734
71.4285714285714	100	79.4537066195585	0	79.4537066195585	DCA	280	82.6948592887541
85.7142857142857	100	80.8759806087866	0	80.8759806087866	DCA	70	86.1063462201909
100	100	82.3214315712493	0	82.3214315712493	DCA	0	82.3214315712493
114.285714285714	100	84.7035720078111	0	84.7035720078111	DCA	280	87.9447246770067
128.571428571429	100	84.3407093024124	0	84.3407093024124	DCA	210	91.1916512484145
142.857142857143	100	83.3079979282999	0	83.3079979282999	DCA	280	86.5491505974955
157.142857142857	100	83.7943880428333	0	83.7943880428333	DCA	0	83.7943880428333
171.428571428571	100	84.5482251774018	0	84.5482251774018	DCA	210	91.3991671234039
185.714285714286	100	81.9816592350383	0	81.9816592350383	DCA	70	87.2120248464426
200	100	84.5470801501698	0	84.5470801501698	DCA	280	87.7882328193654
214.285714285714	100	82.5444654945553	0	82.5444654945553	DCA	70	87.7748311059596
228.571428571429	100	82.611556317801	0	82.611556317801	DCA	70	87.8419219292053
242.857142857143	100	84.067955769693	0	84.067955769693	DCA	0	84.067955769693
257.142857142857	100	82.2648415771614	0	82.2648415771614	DCA	140	89.7788545038997
271.428571428571	100	83.6535863874562	0	83.6535863874562	DCA	140	91.1675993141945
285.714285714286	100	81.591265981794	0	81.591265981794	DCA	0	81.591265981794
300	100	82.9319342575753	0	82.9319342575753	DCA	140	90.4459471843136
314.285714285714	100	80.7850760866578	0	80.7850760866578	DCA	70	86.015441698062
328.571428571429	100	84.4299349475216	0	84.4299349475216	DCA	0	84.4299349475216
342.857142857143	100	86.5669956479788	0	86.5669956479788	DCA	280	89.8081483171744
357.142857142857	100	78.8404657249798	0	78.8404657249798	DCA	0	78.8404657249798
371.428571428571	100	77.7425952015463	0	77.7425952015463	DCA	280	80.9837478707419
385.714285714286	100	76.8381285564406	0	76.8381285564406	DCA	280	80.0792812256363
400	100	78.1984633498144	0	78.1984633498144	DCA	70	83.4288289612187
414.285714285714	100	77.9911201354497	0	77.9911201354497	DCA	0	77.9911201354497
428.571428571429	100	79.0389230701586	0	79.0389230701586	DCA	210	85.8898650161607
442.857142857143	100	81.3846876323317	0	81.3846876323317	DCA	0	81.3846876323317
457.142857142857	100	79.2778088480069	0	79.2778088480069	DCA	140	86.7918217747452
471.428571428571	100	77.9966099059558	0	77.9966099059558	DCA	140	85.5106228326942
485.714285714286	100	76.7746830654549	0	76.7746830654549	DCA	0	76.7746830654549
500	100	81.0080694760263	0	81.0080694760263	DCA	140	88.5220824027646
514.285714285714	100	78.1393387310144	24.6	102.739338731014	DCA	280	129.39969140021
528.571428571429	100	76.4287614582317	24.6	101.028761458232	DCA	140	120.25237438497
542.857142857143	100	76.9565535220819	24.6	101.556553522082	DCA	140	120.78016644882
557.142857142857	100	75.6332121191278	24.6	100.233212119128	DCA	210	124.64855406513
571.428571428571	100	77.4637926512219	24.6	102.063792651222	DCA	280	128.724145320418
585.714285714286	100	77.349072931856	24.6	101.949072931856	DCA	210	126.364414877858
600	100	79.3899874591793	24.6	103.989987459179	DCA	0	103.989987459179
614.285714285714	100	81.6464163293356	24.6	106.246416329336	DCA	280	132.906768998531
628.571428571429	100	78.6241164509922	24.6	103.224116450992	DCA	0	103.224116450992
642.857142857143	100	79.5894671852375	24.6	104.189467185238	DCA	70	115.274632796642
657.142857142857	100	80.5551280706293	24.6	105.155128070629	DCA	280	131.815480739825
671.428571428571	100	82.8119667509586	24.6	107.411966750959	DCA	280	134.072319420154
685.714285714286	100	84.3219493210138	24.6	108.921949321014	DCA	0	108.921949321014
700	100	81.4072088383185	24.6	106.007208838318	DCA	70	117.092374449723
714.285714285714	100	84.0664378180665	24.6	108.666437818067	DCA	70	119.751603429471
728.571428571429	100	81.2138410178894	24.6	105.813841017889	DCA	0	105.813841017889
742.857142857143	100	81.7965849839802	24.6	106.39658498398	DCA	70	117.481750595384
757.142857142857	100	85.9426080561556	24.6	110.542608056156	DCA	280	137.202960725351
771.428571428571	100	84.8921886703047	24.6	109.492188670305	DCA	140	128.715801597043
785.714285714286	100	83.3464158276044	24.6	107.946415827604	DCA	210	132.361757773606
800	100	81.5992609410299	24.6	106.19926094103	DCA	70	117.284426552434
814.285714285714	100	83.3253579545166	24.6	107.925357954517	DCA	0	107.925357954517
828.571428571429	100	84.0321649091591	24.6	108.632164909159	DCA	210	133.047506855161
842.857142857143	100	84.6157458107046	24.6	109.215745810705	DCA	210	133.631087756707
857.142857142857	100	87.4428201661682	24.6	112.042820166168	DCA	0	112.042820166168
871.428571428571	100	84.2414114463066	24.6	108.841411446307	DCA	280	135.501764115502
885.714285714286	100	82.1312487736388	24.6	106.731248773639	DCA	210	131.146590719641
900	100	78.5777241801844	24.6	103.177724180184	DCA	210	127.593066126186
914.285714285714	100	80.5062165304037	24.6	105.106216530404	DCA	280	131.766569199599
928.571428571429	100	81.5088123786295	24.6	106.108812378629	DCA	280	132.769165047825
942.857142857143	100	81.0842751395826	24.6	105.684275139583	DCA	140	124.907888066321
957.142857142857	100	81.4094353173958	24.6	106.009435317396	DCA	280	132.669787986591
971.428571428571	100	83.5569827700965	24.6	108.156982770097	DCA	210	132.572324716099
985.714285714286	100	85.9489724656112	24.6	110.548972465611	DCA	210	134.964314411613
1000	100	87.7926238631012	24.6	112.392623863101	DCA	210	136.807965809103
0	133.333333333333	81.6692326219959	0	81.6692326219959	DCA	70	86.8995982334002
14.2857142857143	133.333333333333	82.2066459953247	0	82.2066459953247	DCA	280	85.4477986645204
28.5714285714286	133.333333333333	83.0732133053554	0	83.0732133053554	DCA	210	89.9241552513574
42.8571428571429	133.333333333333	84.2537888253772	0	84.2537888253772	DCA	140	91.7678017521155
57.1428571428571	133.333333333333	85.0181741956133	0	85.0181741956133	DCA	280	88.2593268648089
71.4285714285714	133.333333333333	81.4115993898047	0	81.4115993898047	DCA	0	81.4115993898047
85.7142857142857	133.333333333333	79.2008466873946	0	79.2008466873946	DCA	140	86.7148596141329
100	133.333333333333	85.2069547043173	0	85.2069547043173	DCA	280	88.4481073735129
114.285714285714	133.333333333333	86.2807378891192	0	86.2807378891192	DCA	140	93.7947508158575
128.571428571429	133.333333333333	87.2107439749757	0	87.2107439749757	DCA	210	94.0616859209778
142.857142857143	133.333333333333	84.262390468667	0	84.262390468667	DCA	70	89.4927560800713
157.142857142857	133.333333333333	79.9319845967308	0	79.9319845967308	DCA	70	85.1623502081351
171.428571428571	133.333333333333	84.6633770801154	0	84.6633770801154	DCA	210	91.5143190261175
185.714285714286	133.333333333333	86.6820540310663	0	86.6820540310663	DCA	140	94.1960669578047
200	133.333333333333	85.6305412319045	0	85.6305412319045	DCA	70	90.8609068433088
214.285714285714	133.333333333333	83.5233860309944	0	83.5233860309944	DCA	210	90.3743279769965
228.571428571429	133.333333333333	82.3160965881457	0	82.3160965881457	DCA	210	89.1670385341478
242.857142857143	133.333333333333	81.0538089081776	0	81.0538089081776	DCA	70	86.2841745195819
257.142857142857	133.333333333333	82.1394300445595	0	82.1394300445595	DCA	210	88.9903719905616
271.428571428571	133.333333333333	82.8800196480639	0	82.8800196480639	DCA	0	82.8800196480639
285.714285714286	133.333333333333	81.6942927331941	0	81.6942927331941	DCA	140	89.2083056599324
300	133.333333333333	79.1916933905588	0	79.1916933905588	DCA	210	86.0426353365609
314.285714285714	133.333333333333	76.9663207869503	0	76.9663207869503	DCA	140	84.4803337136887
328.571428571429	133.333333333333	74.4975017535454	0	74.4975017535454	DCA	140	82.0115146802837
342.857142857143	133.333333333333	78.3151722319465	0	78.3151722319465	DCA	0	78.3151722319465
357.142857142857	133.333333333333	80.3139571448641	0	80.3139571448641	DCA	140	87.8279700716024
371.428571428571	133.333333333333	76.3696599679955	0	76.3696599679955	DCA	280	79.6108126371911
385.714285714286	133.333333333333	77.2411998401204	0	77.2411998401204	DCA	70	82.4715654515247
400	133.333333333333	82.1287823326011	0	82.1287823326011	DCA	280	85.3699350017968
414.285714285714	133.333333333333	82.0907152201431	0	82.0907152201431	DCA	210	88.9416571661452
428.571428571429	133.333333333333	78.3527164724353	0	78.3527164724353	DCA	140	85.8667293991736
442.857142857143	133.333333333333	78.5595702492132	0	78.5595702492132	DCA	140	86.0735831759515
457.142857142857	133.333333333333	80.6355362903105	0	80.6355362903105	DCA	70	85.8659019017148
471.428571428571	133.333333333333	80.7213323673254	0	80.7213323673254	DCA	210	87.5722743133275
485.714285714286	133.333333333333	80.1493236365635	0	80.1493236365635	DCA	210	87.0002655825655
500	133.333333333333	80.4911689388472	0	80.4911689388472	DCA	280	83.7323216080429
514.285714285714	133.333333333333	76.3331352045096	24.6	100.93313520451	DCA	210	125.348477150512
528.571428571429	133.333333333333	78.103879414809	24.6	102.703879414809	DCA	140	121.927492341547
542.857142857143	133.333333333333	77.6432238868199	24.6	102.24322388682	DCA	280	128.903576556016
557.142857142857	133.333333333333	79.7752420934904	24.6	104.37524209349	DCA	210	128.790584039493
571.428571428571	133.333333333333	77.8291859967847	24.6	102.429185996785	DCA	140	121.652798923523
585.714285714286	133.333333333333	79.6537017557623	24.6	104.253701755762	DCA	0	104.253701755762
600	133.333333333333	79.6189643728388	24.6	104.218964372839	DCA	280	130.879317042034
614.285714285714	133.333333333333	80.5863725321082	24.6	105.186372532108	DCA	0	105.186372532108
628.571428571429	133.333333333333	78.4270147213171	24.6	103.027014721317	DCA	0	103.027014721317
642.857142857143	133.333333333333	79.5820093801232	24.6	104.182009380123	DCA	0	104.182009380123
657.142857142857	133.333333333333	76.4770224465175	24.6	101.077022446517	DCA	280	127.737375115713
671.428571428571	133.333333333333	77.6931554223592	24.6	102.293155422359	DCA	280	128.953508091555
685.714285714286	133.333333333333	80.2964216484385	24.6	104.896421648438	DCA	70	115.981587259843
700	133.333333333333	80.3928610949628	24.6	104.992861094963	DCA	0	104.992861094963
714.285714285714	133.333333333333	80.1407492890117	24.6	104.740749289012	DCA	70	115.825914900416
728.571428571429	133.333333333333	81.584839022772	24.6	106.184839022772	DCA	280	132.845191691968
742.857142857143	133.333333333333	85.8399926918679	24.6	110.439992691868	DCA	280	137.100345361064
757.142857142857	133.333333333333	83.5563006764521	24.6	108.156300676452	DCA	210	132.571642622454
771.428571428571	133.333333333333	82.6512258648887	24.6	107.251225864889	DCA	0	107.251225864889
785.714285714286	133.333333333333	83.5566212256419	24.6	108.156621225642	DCA	70	119.241786837046
800	133.333333333333	84.533959400663	24.6	109.133959400663	DCA	70	120.219125012067
814.285714285714	133.333333333333	86.4875624491967	24.6	111.087562449197	DCA	0	111.087562449197
828.571428571429	133.333333333333	85.9922374965696	24.6	110.59223749657	DCA	210	135.007579442572
842.857142857143	133.333333333333	85.6946437880049	24.6	110.294643788005	DCA	140	129.518256714743
857.142857142857	133.333333333333	85.454951961163	24.6	110.054951961163	DCA	0	110.054951961163
871.428571428571	133.333333333333	86.5627459741571	24.6	111.162745974157	DCA	280	137.823098643353
885.714285714286	133.333333333333	82.5283875786399	24.6	107.12838757864	DCA	280	133.788740247836
900	133.333333333333	80.74193183806	24.6	105.34193183806	DCA	70	116.427097449464
914.285714285714	133.333333333333	83.8101716523319	24.6	108.410171652332	DCA	140	127.63378457907
928.571428571429	133.333333333333	81.6295548207233	24.6	106.229554820723	DCA	280	132.889907489919
942.857142857143	133.333333333333	79.112688064491	24.6	103.712688064491	DCA	140	122.936300991229
957.142857142857	133.333333333333	83.0465505351869	24.6	107.646550535187	DCA	70	118.731716146591
971.428571428571	133.333333333333	83.0221682105211	24.6	107.622168210521	DCA	140	126.845781137259
985.714285714286	133.333333333333	80.9307475220351	24.6	105.530747522035	DCA	210	129.946089468037
1000	133.333333333333	81.8769202219361	24.6	106.476920221936	DCA	0	106.476920221936
0	166.666666666667	81.4059283728561	0	81.4059283728561	DCA	280	84.6470810420517
14.2857142857143	166.666666666667	79.7993842837209	0	79.7993842837209	DCA	140	87.3133972104592
28.5714285714286	166.666666666667	81.9464024193726	0	81.9464024193726	DCA	70	87.1767680307768
42.8571428571429	166.666666666667	82.3092457905506	0	82.3092457905506	DCA	280	85.5503984597462
57.1428571428571	166.666666666667	82.7458285637469	0	82.7458285637469	DCA	70	87.9761941751512
71.4285714285714	166.666666666667	80.7477422450019	0	80.7477422450019	DCA	0	80.7477422450019
85.7142857142857	166.666666666667	81.050993224012	0	81.050993224012	DCA	210	87.9019351700141
100	166.666666666667	83.6361323396553	0	83.6361323396553	DCA	210	90.4870742856574
114.285714285714	166.666666666667	79.7435003194408	0	79.7435003194408	DCA	0	79.7435003194408
128.571428571429	166.666666666667	82.4032498428866	0	82.4032498428866	DCA	140	89.9172627696249
142.857142857143	166.666666666667	82.7680344572975	0	82.7680344572975	DCA	280	86.0091871264931
157.142857142857	166.666666666667	84.2325491474211	0	84.2325491474211	DCA	70	89.4629147588254
171.428571428571	166.666666666667	85.881696083546	0	85.881696083546	DCA	70	91.1120616949503
185.714285714286	166.666666666667	85.8944388867171	0	85.8944388867171	DCA	140	93.4084518134554
200	166.666666666667	84.5614002014747	0	84.5614002014747	DCA	280	87.8025528706703
214.285714285714	166.666666666667	86.3508327325623	0	86.3508327325623	DCA	70	91.5811983439666
228.571428571429	166.666666666667	82.2344772823998	0	82.2344772823998	DCA	70	87.4648428938041
242.857142857143	166.666666666667	80.3837660842086	0	80.3837660842086	DCA	0	80.3837660842086
257.142857142857	166.666666666667	78.6059027911651	0	78.6059027911651	DCA	70	83.8362684025693
271.428571428571	166.666666666667	75.4494305005032	0	75.4494305005032	DCA	0	75.4494305005032
285.714285714286	166.666666666667	79.5642109743068	0	79.5642109743068	DCA	210	86.4151529203089
300	166.666666666667	78.9833407704382	0	78.9833407704382	DCA	140	86.4973536971766
314.285714285714	166.666666666667	79.0847900737468	0	79.0847900737468	DCA	70	84.3151556851511
328.571428571429	166.666666666667	81.0037118857286	0	81.0037118857286	DCA	0	81.0037118857286
342.857142857143	166.666666666667	78.9022571105361	0	78.9022571105361	DCA	280	82.1434097797317
357.142857142857	166.666666666667	74.2809574047211	0	74.2809574047211	DCA	70	79.5113230161253
371.428571428571	166.666666666667	79.4465426959138	0	79.4465426959138	DCA	280	82.6876953651094
385.714285714286	166.666666666667	79.2123089244171	0	79.2123089244171	DCA	140	86.7263218511554
400	166.666666666667	79.3693963715093	0	79.3693963715093	DCA	140	86.8834092982476
414.285714285714	166.666666666667	83.6078475089896	0	83.6078475089896	DCA	0	83.6078475089896
428.571428571429	166.666666666667	80.1769755305605	0	80.1769755305605	DCA	0	80.1769755305605
442.857142857143	166.666666666667	82.8346719972669	0	82.8346719972669	DCA	140	90.3486849240052
457.142857142857	166.666666666667	79.297708246567	0	79.297708246567	DCA	280	82.5388609157627
471.428571428571	166.666666666667	80.73151344022	0	80.73151344022	DCA	140	88.2455263669583
485.714285714286	166.666666666667	78.7836182569355	0	78.7836182569355	DCA	210	85.6345602029376
500	166.666666666667	79.7577126156258	0	79.7577126156258	DCA	140	87.2717255423641
514.285714285714	166.666666666667	78.44799249738	24.6	103.04799249738	DCA	210	127.463334443382
528.571428571429	166.666666666667	78.2262159178975	24.6	102.826215917897	DCA	70	113.911381529302
542.857142857143	166.666666666667	78.4880226549704	24.6	103.08802265497	DCA	140	122.311635581709
557.142857142857	166.666666666667	76.545018861725	24.6	101.145018861725	DCA	0	101.145018861725
571.428571428571	166.666666666667	75.1924054877769	24.6	99.7924054877769	DCA	0	99.7924054877769
585.714285714286	166.666666666667	74.9191017295522	24.6	99.5191017295522	DCA	0	99.5191017295522
600	166.666666666667	75.3198618275034	24.6	99.9198618275034	DCA	280	126.580214496699
614.285714285714	166.666666666667	77.7128559801122	24.6	102.312855980112	DCA	210	126.728197926114
628.571428571429	166.666666666667	77.0365340749879	24.6	101.636534074988	DCA	280	128.296886744184
642.857142857143	166.666666666667	76.9910990040394	24.6	101.591099004039	DCA	0	101.591099004039
657.142857142857	166.666666666667	73.9074899945393	24.6	98.5074899945393	DCA	70	109.592655605944
671.428571428571	166.666666666667	76.2021607101754	24.6	100.802160710175	DCA	280	127.462513379371
685.714285714286	166.666666666667	77.7716557394786	24.6	102.371655739479	DCA	210	126.786997685481
700	166.666666666667	74.3712256949055	24.6	98.9712256949055	DCA	280	125.631578364101
714.285714285714	166.666666666667	79.9949791632775	24.6	104.594979163278	DCA	210	129.01032110928
728.571428571429	166.666666666667	81.271038826288	24.6	105.871038826288	DCA	0	105.871038826288
742.857142857143	166.666666666667	82.4127506174545	24.6	107.012750617454	DCA	280	133.67310328665
757.142857142857	166.666666666667	84.1832103324185	24.6	108.783210332419	DCA	140	128.006823259157
771.428571428571	166.666666666667	83.048138167996	24.6	107.648138167996	DCA	280	134.308490837192
785.714285714286	166.666666666667	85.0534935833732	24.6	109.653493583373	DCA	280	136.313846252569
800	166.666666666667	84.2966054746701	24.6	108.89660547467	DCA	140	128.120218401408
814.285714285714	166.666666666667	85.705211934119	24.6	110.305211934119	DCA	70	121.390377545523
828.571428571429	166.666666666667	84.0032248900636	24.6	108.603224890064	DCA	210	133.018566836066
842.857142857143	166.666666666667	81.5022038362084	24.6	106.102203836208	DCA	0	106.102203836208
857.142857142857	166.666666666667	79.8543212533954	24.6	104.454321253395	DCA	70	115.5394868648
871.428571428571	166.666666666667	83.8046495988493	24.6	108.404649598849	DCA	70	119.489815210254
885.714285714286	166.666666666667	84.0813023075556	24.6	108.681302307556	DCA	70	119.76646791896
900	166.666666666667	83.352133919791	24.6	107.952133919791	DCA	280	134.612486588987
914.285714285714	166.666666666667	86.7972865820643	24.6	111.397286582064	DCA	0	111.397286582064
928.571428571429	166.666666666667	82.8467049447849	24.6	107.446704944785	DCA	140	126.670317871523
942.857142857143	166.666666666667	83.6051953962921	24.6	108.205195396292	DCA	0	108.205195396292
957.142857142857	166.666666666667	83.1626943761664	24.6	107.762694376166	DCA	70	118.847859987571
971.428571428571	166.666666666667	81.2388754354733	24.6	105.838875435473	DCA	0	105.838875435473
985.714285714286	166.666666666667	81.5168310283262	24.6	106.116831028326	DCA	280	132.777183697522
1000	166.666666666667	79.3177749526518	24.6	103.917774952652	DCA	0	103.917774952652
0	200	82.443716480979	0	82.443716480979	DCA	70	87.6740820923833
14.2857142857143	200	78.8477379854252	0	78.8477379854252	DCA	280	82.0888906546208
28.5714285714286	200	81.2114487560654	0	81.2114487560654	DCA	210	88.0623907020674
42.8571428571429	200	79.7678166097561	0	79.7678166097561	DCA	140	87.2818295364944
57.1428571428571	200	76.002427410124	0	76.002427410124	DCA	70	81.2327930215283
71.4285714285714	200	77.377218546424	0	77.377218546424	DCA	0	77.377218546424
85.7142857142857	200	79.1813813445083	0	79.1813813445083	DCA	140	86.6953942712467
100	200	82.5380101807331	0	82.5380101807331	DCA	210	89.3889521267352
114.285714285714	200	81.8543111926608	0	81.8543111926608	DCA	280	85.0954638618564
128.571428571429	200	81.2097368576361	0	81.2097368576361	DCA	140	88.7237497843744
142.857142857143	200	80.2276140551489	0	80.2276140551489	DCA	140	87.7416269818873
157.142857142857	200	83.530364479746	0	83.530364479746	DCA	210	90.3813064257481
171.428571428571	200	83.9005585122083	0	83.9005585122083	DCA	0	83.9005585122083
185.714285714286	200	85.9628710903584	0	85.9628710903584	DCA	70	91.1932367017626
200	200	86.2611785929236	0	86.2611785929236	DCA	140	93.7751915196619
214.285714285714	200	85.462098298832	0	85.462098298832	DCA	280	88.7032509680277
228.571428571429	200	82.7849009786838	0	82.7849009786838	DCA	140	90.2989139054221
242.857142857143	200	84.9948620739586	0	84.9948620739586	DCA	70	90.2252276853629
257.142857142857	200	83.5834631204127	0	83.5834631204127	DCA	0	83.5834631204127
271.428571428571	200	79.9395336360761	0	79.9395336360761	DCA	280	83.1806863052718
285.714285714286	200	76.6401767538768	0	76.6401767538768	DCA	140	84.1541896806151
300	200	79.1543973687725	0	79.1543973687725	DCA	210	86.0053393147746
314.285714285714	200	78.3403947305131	0	78.3403947305131	DCA	210	85.1913366765152
328.571428571429	200	78.0044328470763	0	78.0044328470763	DCA	280	81.245585516272
342.857142857143	200	77.6052756066134	0	77.6052756066134	DCA	70	82.8356412180177
357.142857142857	200	76.774122197668	0	76.774122197668	DCA	70	82.0044878090723
371.428571428571	200	78.5679312980006	0	78.5679312980006	DCA	0	78.5679312980006
385.714285714286	200	79.8517690822139	0	79.8517690822139	DCA	210	86.702711028216
400	200	81.044366075073	0	81.044366075073	DCA	140	88.5583790018113
414.285714285714	200	80.0765040401098	0	80.0765040401098	DCA	70	85.3068696515141
428.571428571429	200	83.2768477546385	0	83.2768477546385	DCA	280	86.5180004238341
442.857142857143	200	80.4235312785721	0	80.4235312785721	DCA	280	83.6646839477678
457.142857142857	200	82.5720382329496	0	82.5720382329496	DCA	70	87.8024038443538
471.428571428571	200	78.9188030570313	0	78.9188030570313	DCA	70	84.1491686684356
485.714285714286	200	81.9669215024694	0	81.9669215024694	DCA	280	85.208074171665
500	200	74.8072729500464	0	74.8072729500464	DCA	0	74.8072729500464
514.285714285714	200	75.8067171418209	24.6	100.406717141821	DCA	210	124.822059087823
528.571428571429	200	74.633816702753	24.6	99.233816702753	DCA	70	110.318982314157
542.857142857143	200	74.2245752506915	24.6	98.8245752506915	DCA	140	118.04818817743
557.142857142857	200	71.8494928900218	24.6	96.4494928900218	DCA	280	123.109845559217
571.428571428571	200	75.8991148982024	24.6	100.499114898202	DCA	140	119.722727824941
585.714285714286	200	75.0867771980044	24.6	99.6867771980044	DCA	140	118.910390124743
600	200	79.0864159586407	24.6	103.686415958641	DCA	280	130.346768627836
614.285714285714	200	80.7991543572702	24.6	105.39915435727	DCA	280	132.059507026466
628.571428571429	200	79.8723304782326	24.6	104.472330478233	DCA	280	131.132683147428
642.857142857143	200	77.5204774817242	24.6	102.120477481724	DCA	0	102.120477481724
657.142857142857	200	78.9419388968826	24.6	103.541938896883	DCA	0	103.541938896883
671.428571428571	200	78.5788073934901	24.6	103.17880739349	DCA	210	127.594149339492
685.714285714286	200	79.6672781649906	24.6	104.267278164991	DCA	280	130.927630834186
700	200	76.3698306669205	24.6	100.969830666921	DCA	70	112.054996278325
714.285714285714	200	74.9733274359391	24.6	99.5733274359391	DCA	210	123.988669381941
728.571428571429	200	77.0776713058212	24.6	101.677671305821	DCA	210	126.093013251823
742.857142857143	200	76.6644588738104	24.6	101.26445887381	DCA	140	120.488071800549
757.142857142857	200	80.0889298505183	24.6	104.688929850518	DCA	70	115.774095461923
771.428571428571	200	78.09051345847	24.6	102.69051345847	DCA	210	127.105855404472
785.714285714286	200	77.9580483889143	24.6	102.558048388914	DCA	140	121.781661315653
800	200	79.5204166090149	24.6	104.120416609015	DCA	210	128.535758555017
814.285714285714	200	81.0806866570187	24.6	105.680686657019	DCA	0	105.680686657019
828.571428571429	200	80.5251708295134	24.6	105.125170829513	DCA	0	105.125170829513
842.857142857143	200	75.8919520849771	24.6	100.491952084977	DCA	70	111.577117696381
857.142857142857	200	81.1881827393674	24.6	105.788182739367	DCA	70	116.873348350772
871.428571428571	200	81.015290789799	24.6	105.615290789799	DCA	70	116.700456401203
885.714285714286	200	81.6124320092022	24.6	106.212432009202	DCA	0	106.212432009202
900	200	79.853004764533	24.6	104.453004764533	DCA	280	131.113357433729
914.285714285714	200	80.2380015101643	24.6	104.838001510164	DCA	210	129.253343456166
928.571428571429	200	82.2963864630746	24.6	106.896386463075	DCA	140	126.119999389813
942.857142857143	200	79.6142476290874	24.6	104.214247629087	DCA	210	128.62958957509
957.142857142857	200	80.1871993751819	24.6	104.787199375182	DCA	70	115.872364986586
971.428571428571	200	83.8699489830357	24.6	108.469948983036	DCA	0	108.469948983036
985.714285714286	200	84.8932988550515	24.6	109.493298855051	DCA	210	133.908640801054
1000	200	84.9481075679759	24.6	109.548107567976	DCA	0	109.548107567976
0	233.333333333333	80.8304795430468	0	80.8304795430468	DCA	0	80.8304795430468
14.2857142857143	233.333333333333	77.9720369604781	0	77.9720369604781	DCA	70	83.2024025718823
28.5714285714286	233.333333333333	82.1110979059717	0	82.1110979059717	DCA	280	85.3522505751673
42.8571428571429	233.333333333333	82.5607167486924	0	82.5607167486924	DCA	280	85.8018694178881
57.1428571428571	233.333333333333	80.484180498798	0	80.484180498798	DCA	210	87.3351224448001
71.4285714285714	233.333333333333	79.8767258768428	0	79.8767258768428	DCA	70	85.1070914882471
85.7142857142857	233.333333333333	80.4380813224834	0	80.4380813224834	DCA	70	85.6684469338877
100	233.333333333333	81.4436746354019	0	81.4436746354019	DCA	210	88.294616581404
114.285714285714	233.333333333333	79.1883640756739	0	79.1883640756739	DCA	0	79.1883640756739
128.571428571429	233.333333333333	81.947167076828	0	81.947167076828	DCA	140	89.4611800035663
142.857142857143	233.333333333333	83.8505731946545	0	83.8505731946545	DCA	210	90.7015151406566
157.142857142857	233.333333333333	85.1535214098038	0	85.1535214098038	DCA	70	90.3838870212081
171.428571428571	233.333333333333	83.4817959891331	0	83.4817959891331	DCA	70	88.7121616005374
185.714285714286	233.333333333333	85.3163099479266	0	85.3163099479266	DCA	0	85.3163099479266
200	233.333333333333	84.0237338499958	0	84.0237338499958	DCA	70	89.2540994614
214.285714285714	233.333333333333	82.4869223244443	0	82.4869223244443	DCA	0	82.4869223244443
228.571428571429	233.333333333333	80.3711277957443	0	80.3711277957443	DCA	280	83.6122804649399
242.857142857143	233.333333333333	77.9888748784662	0	77.9888748784662	DCA	280	81.2300275476619
257.142857142857	233.333333333333	77.2205568535761	0	77.2205568535761	DCA	0	77.2205568535761
271.428571428571	233.333333333333	77.0604323895963	0	77.0604323895963	DCA	140	84.5744453163346
285.714285714286	233.333333333333	79.8083365893277	0	79.8083365893277	DCA	140	87.322349516066
300	233.333333333333	79.3315761990223	0	79.3315761990223	DCA	140	86.8455891257606
314.285714285714	233.333333333333	83.8651276000703	0	83.8651276000703	DCA	70	89.0954932114746
328.571428571429	233.333333333333	80.1797648041465	0	80.1797648041465	DCA	140	87.6937777308848
342.857142857143	233.333333333333	79.3269229111919	0	79.3269229111919	DCA	70	84.5572885225961
357.142857142857	233.333333333333	80.873395100532	0	80.873395100532	DCA	0	80.873395100532
371.428571428571	233.333333333333	79.148590616578	0	79.148590616578	DCA	210	85.9995325625801
385.714285714286	233.333333333333	82.6409663392862	0	82.6409663392862	DCA	140	90.1549792660245
400	233.333333333333	86.1603819929063	0	86.1603819929063	DCA	210	93.0113239389084
414.285714285714	233.333333333333	81.5566025814349	0	81.5566025814349	DCA	140	89.0706155081732
428.571428571429	233.333333333333	83.6531276598048	0	83.6531276598048	DCA	210	90.5040696058069
442.857142857143	233.333333333333	85.4393458788535	0	85.4393458788535	DCA	280	88.6804985480492
457.142857142857	233.333333333333	80.1481443844603	0	80.1481443844603	DCA	70	85.3785099958646
471.428571428571	233.333333333333	78.7153798944716	0	78.7153798944716	DCA	0	78.7153798944716
485.714285714286	233.333333333333	77.040398020558	0	77.040398020558	DCA	210	83.8913399665601
500	233.333333333333	73.8929337551691	0	73.8929337551691	DCA	140	81.4069466819075
514.285714285714	233.333333333333	69.5381309568774	24.6	94.1381309568774	DCA	0	94.1381309568774
528.571428571429	233.333333333333	69.7484511658877	24.6	94.3484511658877	DCA	210	118.76379311189
542.857142857143	233.333333333333	71.6940132881629	24.6	96.2940132881629	DCA	210	120.709355234165
557.142857142857	233.333333333333	73.1437948844244	24.6	97.7437948844244	DCA	70	108.828960495829
571.428571428571	233.333333333333	74.9866089901055	24.6	99.5866089901055	DCA	140	118.810221916844
585.714285714286	233.333333333333	73.9890226838803	24.6	98.5890226838803	DCA	140	117.812635610619
600	233.333333333333	76.1727870979201	24.6	100.77278709792	DCA	280	127.433139767116
614.285714285714	233.333333333333	79.1645873102929	24.6	103.764587310293	DCA	70	114.849752921697
628.571428571429	233.333333333333	79.0990983914893	24.6	103.699098391489	DCA	70	114.784264002894
642.857142857143	233.333333333333	74.931270391772	24.6	99.531270391772	DCA	280	126.191623060968
657.142857142857	233.333333333333	75.6215046055019	24.6	100.221504605502	DCA	0	100.221504605502
671.428571428571	233.333333333333	77.629152945748	24.6	102.229152945748	DCA	70	113.314318557152
685.714285714286	233.333333333333	78.3068505454036	24.6	102.906850545404	DCA	140	122.130463472142
700	233.333333333333	80.0464900600193	24.6	104.646490060019	DCA	70	115.731655671424
714.285714285714	233.333333333333	80.2065098604754	24.6	104.806509860475	DCA	280	131.466862529671
728.571428571429	233.333333333333	79.0201182819011	24.6	103.620118281901	DCA	140	122.843731208639
742.857142857143	233.333333333333	80.0508198693034	24.6	104.650819869303	DCA	280	131.311172538499
757.142857142857	233.333333333333	80.0762927436715	24.6	104.676292743671	DCA	0	104.676292743671
771.428571428571	233.333333333333	80.3448838033914	24.6	104.944883803391	DCA	70	116.030049414796
785.714285714286	233.333333333333	79.0150097722987	24.6	103.615009772299	DCA	0	103.615009772299
800	233.333333333333	78.3731956258534	24.6	102.973195625853	DCA	140	122.196808552592
814.285714285714	233.333333333333	74.4729933791181	24.6	99.0729933791181	DCA	280	125.733346048314
828.571428571429	233.333333333333	76.7491283252706	24.6	101.349128325271	DCA	280	128.009480994466
842.857142857143	233.333333333333	75.1494346217577	24.6	99.7494346217577	DCA	280	126.409787290953
857.142857142857	233.333333333333	74.7158708382074	24.6	99.3158708382074	DCA	210	123.73121278421
871.428571428571	233.333333333333	75.6115975750776	24.6	100.211597575078	DCA	70	111.296763186482
885.714285714286	233.333333333333	80.2494986828689	24.6	104.849498682869	DCA	70	115.934664294273
900	233.333333333333	78.9027337428943	24.6	103.502733742894	DCA	0	103.502733742894
914.285714285714	233.333333333333	81.2212334402419	24.6	105.821233440242	DCA	140	125.04484636698
928.571428571429	233.333333333333	85.7471787738727	24.6	110.347178773873	DCA	140	129.570791700611
942.857142857143	233.333333333333	84.961997401589	24.6	109.561997401589	DCA	140	128.785610328327
957.142857142857	233.333333333333	82.8636628347382	24.6	107.463662834738	DCA	280	134.124015503934
971.428571428571	233.333333333333	83.6680162016547	24.6	108.268016201655	DCA	280	134.92836887085
985.714285714286	233.333333333333	84.0010362985955	24.6	108.601036298595	DCA	140	127.824649225334
1000	233.333333333333	81.8930195494386	24.6	106.493019549439	DCA	210	130.908361495441
0	266.666666666667	81.4675272598795	0	81.4675272598795	DCA	210	88.3184692058816
14.2857142857143	266.666666666667	81.7257180033958	0	81.7257180033958	DCA	210	88.5766599493979
28.5714285714286	266.666666666667	82.6036923026922	0	82.6036923026922	DCA	210	89.4546342486943
42.8571428571429	266.666666666667	82.0015165997869	0	82.0015165997869	DCA	0	82.0015165997869
57.1428571428571	266.666666666667	83.1805554208499	0	83.1805554208499	DCA	140	90.6945683475882
71.4285714285714	266.666666666667	82.5802268877123	0	82.5802268877123	DCA	280	85.8213795569079
85.7142857142857	266.666666666667	84.9386030308936	0	84.9386030308936	DCA	0	84.9386030308936
100	266.666666666667	82.1572361806116	0	82.1572361806116	DCA	280	85.3983888498072
114.285714285714	266.666666666667	80.2632203467773	0	80.2632203467773	DCA	280	83.5043730159729
128.571428571429	266.666666666667	82.2592737270971	0	82.2592737270971	DCA	280	85.5004263962928
142.857142857143	266.666666666667	82.5011029511148	0	82.5011029511148	DCA	70	87.7314685625191
157.142857142857	266.666666666667	81.7227028502467	0	81.7227028502467	DCA	0	81.7227028502467
171.428571428571	266.666666666667	79.8432833143729	0	79.8432833143729	DCA	210	86.694225260375
185.714285714286	266.666666666667	80.6284834936396	0	80.6284834936396	DCA	70	85.8588491050439
200	266.666666666667	78.7575710332912	0	78.7575710332912	DCA	140	86.2715839600295
214.285714285714	266.666666666667	75.6729345249128	0	75.6729345249128	DCA	0	75.6729345249128
228.571428571429	266.666666666667	76.6723944533446	0	76.6723944533446	DCA	140	84.1864073800829
242.857142857143	266.666666666667	76.0665871277297	0	76.0665871277297	DCA	140	83.580600054468
257.142857142857	266.666666666667	77.616159114793	0	77.616159114793	DCA	70	82.8465247261972
271.428571428571	266.666666666667	75.5692445394586	0	75.5692445394586	DCA	210	82.4201864854607
285.714285714286	266.666666666667	77.0850796373712	0	77.0850796373712	DCA	210	83.9360215833732
300	266.666666666667	78.1119343205915	0	78.1119343205915	DCA	70	83.3422999319958
314.285714285714	266.666666666667	79.2703095950462	0	79.2703095950462	DCA	280	82.5114622642419
328.571428571429	266.666666666667	79.3902426220086	0	79.3902426220086	DCA	0	79.3902426220086
342.857142857143	266.666666666667	80.9993012589801	0	80.9993012589801	DCA	210	87.8502432049822
357.142857142857	266.666666666667	83.096778737775	0	83.096778737775	DCA	280	86.3379314069707
371.428571428571	266.666666666667	84.1781555854168	0	84.1781555854168	DCA	140	91.6921685121551
385.714285714286	266.666666666667	82.5030439050741	0	82.5030439050741	DCA	0	82.5030439050741
400	266.666666666667	81.7631217619044	0	81.7631217619044	DCA	140	89.2771346886427
414.285714285714	266.666666666667	79.6042240151664	0	79.6042240151664	DCA	210	86.4551659611685
428.571428571429	266.666666666667	83.3146842642337	0	83.3146842642337	DCA	280	86.5558369334294
442.857142857143	266.666666666667	82.7025508481125	0	82.7025508481125	DCA	140	90.2165637748508
457.142857142857	266.666666666667	76.757079193712	0	76.757079193712	DCA	70	81.9874448051163
471.428571428571	266.666666666667	78.9154912530138	0	78.9154912530138	DCA	70	84.1458568644181
485.714285714286	266.666666666667	76.4871484233412	0	76.4871484233412	DCA	70	81.7175140347455
500	266.666666666667	77.8583257421366	0	77.8583257421366	DCA	210	84.7092676881387
514.285714285714	266.666666666667	77.2164462441853	24.6	101.816446244185	DCA	70	112.90161185559
528.571428571429	266.666666666667	74.7136635511693	24.6	99.3136635511693	DCA	0	99.3136635511693
542.857142857143	266.666666666667	76.154796408874	24.6	100.754796408874	DCA	70	111.839962020278
557.142857142857	266.666666666667	78.0975794424634	24.6	102.697579442463	DCA	280	129.357932111659
571.428571428571	266.666666666667	82.68433452984	24.6	107.28433452984	DCA	280	133.944687199036
585.714285714286	266.666666666667	82.2817287016393	24.6	106.881728701639	DCA	210	131.297070647641
600	266.666666666667	83.6031480829856	24.6	108.203148082986	DCA	0	108.203148082986
614.285714285714	266.666666666667	83.4546005946879	24.6	108.054600594688	DCA	280	134.714953263884
628.571428571429	266.666666666667	82.1706419848574	24.6	106.770641984857	DCA	70	117.855807596262
642.857142857143	266.666666666667	76.6839562477256	24.6	101.283956247726	DCA	210	125.699298193728
657.142857142857	266.666666666667	78.798478936809	24.6	103.398478936809	DCA	0	103.398478936809
671.428571428571	266.666666666667	78.0406589922952	24.6	102.640658992295	DCA	140	121.864271919034
685.714285714286	266.666666666667	80.1588279883014	24.6	104.758827988301	DCA	140	123.98244091504
700	266.666666666667	82.3703728756157	24.6	106.970372875616	DCA	0	106.970372875616
714.285714285714	266.666666666667	83.8314630970347	24.6	108.431463097035	DCA	140	127.655076023773
728.571428571429	266.666666666667	81.1341657707881	24.6	105.734165770788	DCA	0	105.734165770788
742.857142857143	266.666666666667	81.5052138121977	24.6	106.105213812198	DCA	70	117.190379423602
757.142857142857	266.666666666667	81.2894647879985	24.6	105.889464787999	DCA	140	125.113077714737
771.428571428571	266.666666666667	78.9434650292813	24.6	103.543465029281	DCA	280	130.203817698477
785.714285714286	266.666666666667	73.7695325947491	24.6	98.3695325947491	DCA	280	125.029885263945
800	266.666666666667	77.1770817825716	24.6	101.777081782572	DCA	280	128.437434451767
814.285714285714	266.666666666667	78.3718211564698	24.6	102.97182115647	DCA	0	102.97182115647
828.571428571429	266.666666666667	76.541204175801	24.6	101.141204175801	DCA	140	120.364817102539
842.857142857143	266.666666666667	76.1323948589858	24.6	100.732394858986	DCA	70	111.81756047039
857.142857142857	266.666666666667	75.4199744547029	24.6	100.019974454703	DCA	280	126.680327123898
871.428571428571	266.666666666667	74.8810641244042	24.6	99.4810641244042	DCA	0	99.4810641244042
885.714285714286	266.666666666667	74.254386514877	24.6	98.854386514877	DCA	280	125.514739184073
900	266.666666666667	76.3203326988239	24.6	100.920332698824	DCA	70	112.005498310228
914.285714285714	266.666666666667	79.0017793007587	24.6	103.601779300759	DCA	210	128.017121246761
928.571428571429	266.666666666667	80.3931007185357	24.6	104.993100718536	DCA	280	131.653453387731
942.857142857143	266.666666666667	79.1959197635201	24.6	103.79591976352	DCA	0	103.79591976352
957.142857142857	266.666666666667	83.2819443715798	24.6	107.88194437158	DCA	140	127.105557298318
971.428571428571	266.666666666667	84.3332806402807	24.6	108.933280640281	DCA	210	133.348622586283
985.714285714286	266.666666666667	81.1450935814996	24.6	105.7450935815	DCA	210	130.160435527502
1000	266.666666666667	78.3635336263618	24.6	102.963533626362	DCA	210	127.378875572364
0	300	84.2583102252726	0	84.2583102252726	DCA	0	84.2583102252726
14.2857142857143	300	83.9192959956019	0	83.9192959956019	DCA	140	91.4333089223402
28.5714285714286	300	83.0059432690786	0	83.0059432690786	DCA	280	86.2470959382742
42.8571428571429	300	80.9626277690326	0	80.9626277690326	DCA	0	80.9626277690326
57.1428571428571	300	81.8976766367924	0	81.8976766367924	DCA	210	88.7486185827945
71.4285714285714	300	81.6233053518648	0	81.6233053518648	DCA	280	84.8644580210604
85.7142857142857	300	81.4391017607458	0	81.4391017607458	DCA	70	86.6694673721501
100	300	75.9704936193474	0	75.9704936193474	DCA	140	83.4845065460858
114.285714285714	300	74.880792822218	0	74.880792822218	DCA	70	80.1111584336223
128.571428571429	300	79.9775030055118	0	79.9775030055118	DCA	0	79.9775030055118
142.857142857143	300	81.7702562601167	0	81.7702562601167	DCA	140	89.284269186855
157.142857142857	300	82.2538567545963	0	82.2538567545963	DCA	70	87.4842223660006
171.428571428571	300	82.1134834202123	0	82.1134834202123	DCA	0	82.1134834202123
185.714285714286	300	80.1135138047452	0	80.1135138047452	DCA	0	80.1135138047452
200	300	75.8005923113894	0	75.8005923113894	DCA	210	82.6515342573915
214.285714285714	300	79.765195968812	0	79.765195968812	DCA	210	86.6161379148141
228.571428571429	300	78.7903140695675	0	78.7903140695675	DCA	210	85.6412560155696
242.857142857143	300	78.1632457739486	0	78.1632457739486	DCA	280	81.4043984431443
257.142857142857	300	78.4293038907211	0	78.4293038907211	DCA	70	83.6596695021253
271.428571428571	300	78.2664294402324	0	78.2664294402324	DCA	210	85.1173713862345
285.714285714286	300	78.3669184818424	0	78.3669184818424	DCA	70	83.5972840932466
300	300	79.6207791469146	0	79.6207791469146	DCA	0	79.6207791469146
314.285714285714	300	81.7405128863555	0	81.7405128863555	DCA	210	88.5914548323576
328.571428571429	300	81.2948918957677	0	81.2948918957677	DCA	140	88.808904822506
342.857142857143	300	79.8245156254224	0	79.8245156254224	DCA	140	87.3385285521607
357.142857142857	300	81.9650135576202	0	81.9650135576202	DCA	140	89.4790264843586
371.428571428571	300	79.4797672634678	0	79.4797672634678	DCA	0	79.4797672634678
385.714285714286	300	77.8931914970519	0	77.8931914970519	DCA	0	77.8931914970519
400	300	80.5577284814654	0	80.5577284814654	DCA	70	85.7880940928697
414.285714285714	300	77.7368303941213	0	77.7368303941213	DCA	140	85.2508433208596
428.571428571429	300	76.1659574482976	0	76.1659574482976	DCA	70	81.3963230597019
442.857142857143	300	78.0809621775831	0	78.0809621775831	DCA	280	81.3221148467788
457.142857142857	300	76.3787668831961	0	76.3787668831961	DCA	210	83.2297088291982
471.428571428571	300	80.5725144358471	0	80.5725144358471	DCA	210	87.4234563818492
485.714285714286	300	81.3436235150365	0	81.3436235150365	DCA	280	84.5847761842321
500	300	79.6946706588021	0	79.6946706588021	DCA	0	79.6946706588021
514.285714285714	300	79.1162873418101	24.6	103.71628734181	DCA	0	103.71628734181
528.571428571429	300	78.0084017437028	24.6	102.608401743703	DCA	0	102.608401743703
542.857142857143	300	81.2075443472541	24.6	105.807544347254	DCA	280	132.46789701645
557.142857142857	300	81.9280807319153	24.6	106.528080731915	DCA	0	106.528080731915
571.428571428571	300	81.6900655192414	24.6	106.290065519241	DCA	70	117.375231130646
585.714285714286	300	79.2435947037055	24.6	103.843594703706	DCA	0	103.843594703706
600	300	81.6087534606994	24.6	106.208753460699	DCA	280	132.869106129895
614.285714285714	300	80.1479784292313	24.6	104.747978429231	DCA	70	115.833144040636
628.571428571429	300	78.8579433184573	24.6	103.457943318457	DCA	140	122.681556245196
642.857142857143	300	79.9551965755674	24.6	104.555196575567	DCA	210	128.970538521569
657.142857142857	300	78.5536454274914	24.6	103.153645427491	DCA	0	103.153645427491
671.428571428571	300	80.831579330258	24.6	105.431579330258	DCA	140	124.655192256996
685.714285714286	300	83.5756824790327	24.6	108.175682479033	DCA	210	132.591024425035
700	300	83.6136340668879	24.6	108.213634066888	DCA	0	108.213634066888
714.285714285714	300	80.2375738412965	24.6	104.837573841296	DCA	140	124.061186768035
728.571428571429	300	82.9983405105639	24.6	107.598340510564	DCA	210	132.013682456566
742.857142857143	300	84.71175108016	24.6	109.31175108016	DCA	70	120.396916691564
757.142857142857	300	81.2076524774542	24.6	105.807652477454	DCA	70	116.892818088858
771.428571428571	300	79.3826130280552	24.6	103.982613028055	DCA	210	128.397954974057
785.714285714286	300	74.7495756864171	24.6	99.3495756864171	DCA	140	118.573188613155
800	300	73.8415945709492	24.6	98.4415945709492	DCA	70	109.526760182353
814.285714285714	300	77.6972088560477	24.6	102.297208856048	DCA	70	113.382374467452
828.571428571429	300	76.3771561472632	24.6	100.977156147263	DCA	70	112.062321758667
842.857142857143	300	79.1645828452914	24.6	103.764582845291	DCA	0	103.764582845291
857.142857142857	300	77.6299202745685	24.6	102.229920274568	DCA	70	113.315085885973
871.428571428571	300	75.620873589737	24.6	100.220873589737	DCA	70	111.306039201141
885.714285714286	300	74.1935199130712	24.6	98.7935199130712	DCA	280	125.453872582267
900	300	73.999321238307	24.6	98.599321238307	DCA	210	123.014663184309
914.285714285714	300	75.692250972415	24.6	100.292250972415	DCA	210	124.707592918417
928.571428571429	300	77.7513046376725	24.6	102.351304637673	DCA	140	121.574917564411
942.857142857143	300	78.4816238106943	24.6	103.081623810694	DCA	210	127.496965756696
957.142857142857	300	75.2640074560229	24.6	99.8640074560229	DCA	0	99.8640074560229
971.428571428571	300	80.1039857521677	24.6	104.703985752168	DCA	70	115.789151363572
985.714285714286	300	80.4578486365145	24.6	105.057848636514	DCA	280	131.71820130571
1000	300	79.4122062895625	24.6	104.012206289563	DCA	210	128.427548235565
