x	y	variable1	Zona	ErrorConEfecto	Disenio	AsigTrat	MiRto
0	0	79.2979922794438	0	79.2979922794438	DCA	280	85.9667696570428
14.2857142857143	0	82.2560328941953	0	82.2560328941953	DCA	140	92.2391201414346
28.5714285714286	0	82.8730350937032	0	82.8730350937032	DCA	140	92.8561223409424
42.8571428571429	0	80.5303180044623	0	80.5303180044623	DCA	70	87.1840362676919
57.1428571428571	0	80.6809403733315	0	80.6809403733315	DCA	70	87.3346586365611
71.4285714285714	0	81.9741637036834	0	81.9741637036834	DCA	280	88.6429410812824
85.7142857142857	0	77.6778613470305	0	77.6778613470305	DCA	280	84.3466387246295
100	0	80.5156835983894	0	80.5156835983894	DCA	0	80.5156835983894
114.285714285714	0	78.8658516695152	0	78.8658516695152	DCA	210	88.8539586215443
128.571428571429	0	78.1915518961903	0	78.1915518961903	DCA	210	88.1796588482194
142.857142857143	0	76.9165316499681	0	76.9165316499681	DCA	140	86.8996188972073
157.142857142857	0	75.769160318543	0	75.769160318543	DCA	70	82.4228785817725
171.428571428571	0	79.1137108265286	0	79.1137108265286	DCA	70	85.7674290897582
185.714285714286	0	82.0851485348454	0	82.0851485348454	DCA	0	82.0851485348454
200	0	79.5811124629083	0	79.5811124629083	DCA	280	86.2498898405073
214.285714285714	0	82.3857049469289	0	82.3857049469289	DCA	210	92.373811898958
228.571428571429	0	80.1255858825302	0	80.1255858825302	DCA	70	86.7793041457597
242.857142857143	0	81.8412532437261	0	81.8412532437261	DCA	0	81.8412532437261
257.142857142857	0	75.9950334156335	0	75.9950334156335	DCA	210	85.9831403676626
271.428571428571	0	79.0813552104197	0	79.0813552104197	DCA	70	85.7350734736493
285.714285714286	0	80.6756484587575	0	80.6756484587575	DCA	70	87.329366721987
300	0	79.6205353549455	0	79.6205353549455	DCA	280	86.2893127325445
314.285714285714	0	77.9415731311544	0	77.9415731311544	DCA	70	84.595291394384
328.571428571429	0	80.5250204797455	0	80.5250204797455	DCA	210	90.5131274317746
342.857142857143	0	81.259244514677	0	81.259244514677	DCA	280	87.928021892276
357.142857142857	0	83.0758678890458	0	83.0758678890458	DCA	70	89.7295861522754
371.428571428571	0	79.5085734814176	0	79.5085734814176	DCA	280	86.1773508590166
385.714285714286	0	79.7215766400964	0	79.7215766400964	DCA	140	89.7046638873357
400	0	80.0084764478166	0	80.0084764478166	DCA	70	86.6621947110462
414.285714285714	0	77.8206856507765	0	77.8206856507765	DCA	280	84.4894630283755
428.571428571429	0	77.1248299322542	0	77.1248299322542	DCA	140	87.1079171794935
442.857142857143	0	76.84035168889	0	76.84035168889	DCA	0	76.84035168889
457.142857142857	0	80.291030737618	0	80.291030737618	DCA	70	86.9447490008476
471.428571428571	0	78.4183561152387	0	78.4183561152387	DCA	280	85.0871334928377
485.714285714286	0	77.8652419754466	0	77.8652419754466	DCA	140	87.8483292226858
500	0	80.7314852580235	0	80.7314852580235	DCA	0	80.7314852580235
514.285714285714	0	80.5202217075587	24.6	105.120221707559	DCA	0	105.120221707559
528.571428571429	0	80.885204017393	24.6	105.485204017393	DCA	70	117.993722280623
542.857142857143	0	79.5237503759869	24.6	104.123750375987	DCA	280	134.211727753586
557.142857142857	0	76.9860377252418	24.6	101.586037725242	DCA	0	101.586037725242
571.428571428571	0	78.7736161280119	24.6	103.373616128012	DCA	140	125.066303375251
585.714285714286	0	78.7384723247422	24.6	103.338472324742	DCA	280	133.426449702341
600	0	82.3989822739413	24.6	106.998982273941	DCA	140	128.691669521181
614.285714285714	0	81.2922512764218	24.6	105.892251276422	DCA	210	133.444758228451
628.571428571429	0	82.1079984140242	24.6	106.707998414024	DCA	0	106.707998414024
642.857142857143	0	81.1453164444191	24.6	105.745316444419	DCA	70	118.253834707649
657.142857142857	0	80.0802615003849	24.6	104.680261500385	DCA	210	132.232768452414
671.428571428571	0	79.9426652870249	24.6	104.542665287025	DCA	70	117.051183550254
685.714285714286	0	81.5079667336588	24.6	106.107966733659	DCA	280	136.195944111258
700	0	82.9177650787952	24.6	107.517765078795	DCA	210	135.070272030824
714.285714285714	0	82.0335818320439	24.6	106.633581832044	DCA	210	134.186088784073
728.571428571429	0	78.7725347035529	24.6	103.372534703553	DCA	0	103.372534703553
742.857142857143	0	79.5733421748592	24.6	104.173342174859	DCA	140	125.866029422098
757.142857142857	0	79.514889004721	24.6	104.114889004721	DCA	140	125.80757625196
771.428571428571	0	81.719559108019	24.6	106.319559108019	DCA	0	106.319559108019
785.714285714286	0	78.7924020615523	24.6	103.392402061552	DCA	0	103.392402061552
800	0	83.3525389844017	24.6	107.952538984402	DCA	0	107.952538984402
814.285714285714	0	82.7082297730046	24.6	107.308229773005	DCA	70	119.816748036234
828.571428571429	0	82.9532744812567	24.6	107.553274481257	DCA	280	137.641251858856
842.857142857143	0	80.2598000832198	24.6	104.85980008322	DCA	280	134.947777460819
857.142857142857	0	82.4859654870465	24.6	107.085965487046	DCA	140	128.778652734286
871.428571428571	0	81.0827560584251	24.6	105.682756058425	DCA	140	127.375443305664
885.714285714286	0	81.2367670212619	24.6	105.836767021262	DCA	210	133.389273973291
900	0	81.2601592255848	24.6	105.860159225585	DCA	140	127.552846472824
914.285714285714	0	78.0969238735657	24.6	102.696923873566	DCA	70	115.205442136795
928.571428571429	0	79.0339946994281	24.6	103.633994699428	DCA	210	131.186501651457
942.857142857143	0	80.0198965448461	24.6	104.619896544846	DCA	140	126.312583792085
957.142857142857	0	80.1728914052789	24.6	104.772891405279	DCA	280	134.860868782878
971.428571428571	0	79.2209135335896	24.6	103.82091353359	DCA	70	116.329431796819
985.714285714286	0	81.868181725074	24.6	106.468181725074	DCA	210	134.020688677103
1000	0	84.2980486509946	24.6	108.898048650995	DCA	280	138.986026028594
0	33.3333333333333	78.3318427232969	0	78.3318427232969	DCA	70	84.9855609865265
14.2857142857143	33.3333333333333	77.8525468296487	0	77.8525468296487	DCA	0	77.8525468296487
28.5714285714286	33.3333333333333	77.4084012523565	0	77.4084012523565	DCA	210	87.3965082043856
42.8571428571429	33.3333333333333	76.6969765601258	0	76.6969765601258	DCA	280	83.3657539377248
57.1428571428571	33.3333333333333	80.2471511622894	0	80.2471511622894	DCA	140	90.2302384095286
71.4285714285714	33.3333333333333	78.9178106333793	0	78.9178106333793	DCA	210	88.9059175854084
85.7142857142857	33.3333333333333	78.9502164383704	0	78.9502164383704	DCA	140	88.9333036856096
100	33.3333333333333	80.0969425623015	0	80.0969425623015	DCA	0	80.0969425623015
114.285714285714	33.3333333333333	79.1291318559294	0	79.1291318559294	DCA	140	89.1122191031687
128.571428571429	33.3333333333333	82.7847399997836	0	82.7847399997836	DCA	0	82.7847399997836
142.857142857143	33.3333333333333	80.3318730465088	0	80.3318730465088	DCA	140	90.314960293748
157.142857142857	33.3333333333333	81.7418914862634	0	81.7418914862634	DCA	140	91.7249787335027
171.428571428571	33.3333333333333	80.2589750817401	0	80.2589750817401	DCA	280	86.9277524593391
185.714285714286	33.3333333333333	80.5945405051316	0	80.5945405051316	DCA	70	87.2482587683611
200	33.3333333333333	76.4174134452218	0	76.4174134452218	DCA	70	83.0711317084513
214.285714285714	33.3333333333333	74.2445697660327	0	74.2445697660327	DCA	0	74.2445697660327
228.571428571429	33.3333333333333	78.3075267211318	0	78.3075267211318	DCA	210	88.2956336731608
242.857142857143	33.3333333333333	79.3792529417834	0	79.3792529417834	DCA	280	86.0480303193824
257.142857142857	33.3333333333333	79.7409119567388	0	79.7409119567388	DCA	70	86.3946302199684
271.428571428571	33.3333333333333	79.6558250811404	0	79.6558250811404	DCA	70	86.30954334437
285.714285714286	33.3333333333333	73.637344213423	0	73.637344213423	DCA	70	80.2910624766525
300	33.3333333333333	75.6494494751673	0	75.6494494751673	DCA	210	85.6375564271964
314.285714285714	33.3333333333333	75.1647380685492	0	75.1647380685492	DCA	70	81.8184563317788
328.571428571429	33.3333333333333	77.5741594531647	0	77.5741594531647	DCA	0	77.5741594531647
342.857142857143	33.3333333333333	80.0626012511733	0	80.0626012511733	DCA	280	86.7313786287723
357.142857142857	33.3333333333333	79.0098471965208	0	79.0098471965208	DCA	140	88.9929344437601
371.428571428571	33.3333333333333	81.9012336055607	0	81.9012336055607	DCA	210	91.8893405575897
385.714285714286	33.3333333333333	80.9141756881226	0	80.9141756881226	DCA	70	87.5678939513521
400	33.3333333333333	80.5433090772024	0	80.5433090772024	DCA	0	80.5433090772024
414.285714285714	33.3333333333333	80.8549729984551	0	80.8549729984551	DCA	140	90.8380602456944
428.571428571429	33.3333333333333	80.9561160052314	0	80.9561160052314	DCA	140	90.9392032524706
442.857142857143	33.3333333333333	80.9328301321086	0	80.9328301321086	DCA	210	90.9209370841377
457.142857142857	33.3333333333333	77.0550455144083	0	77.0550455144083	DCA	210	87.0431524664373
471.428571428571	33.3333333333333	74.8211638105	0	74.8211638105	DCA	70	81.4748820737296
485.714285714286	33.3333333333333	75.8102639928733	0	75.8102639928733	DCA	0	75.8102639928733
500	33.3333333333333	75.5481985821078	0	75.5481985821078	DCA	140	85.5312858293471
514.285714285714	33.3333333333333	75.7320619298252	24.6	100.332061929825	DCA	210	127.884568881854
528.571428571429	33.3333333333333	81.9993158913781	24.6	106.599315891378	DCA	280	136.687293268977
542.857142857143	33.3333333333333	81.1566967360837	24.6	105.756696736084	DCA	70	118.265214999313
557.142857142857	33.3333333333333	81.2656842929489	24.6	105.865684292949	DCA	140	127.558371540188
571.428571428571	33.3333333333333	79.1018959160872	24.6	103.701895916087	DCA	280	133.789873293686
585.714285714286	33.3333333333333	82.4494480435708	24.6	107.049448043571	DCA	280	137.13742542117
600	33.3333333333333	83.6975256722195	24.6	108.297525672219	DCA	210	135.850032624249
614.285714285714	33.3333333333333	82.8668032115577	24.6	107.466803211558	DCA	70	119.975321474787
628.571428571429	33.3333333333333	83.1185369452408	24.6	107.718536945241	DCA	210	135.27104389727
642.857142857143	33.3333333333333	82.5009434513226	24.6	107.100943451323	DCA	140	128.793630698562
657.142857142857	33.3333333333333	80.6265502929501	24.6	105.22655029295	DCA	0	105.22655029295
671.428571428571	33.3333333333333	83.4876542499066	24.6	108.087654249907	DCA	140	129.780341497146
685.714285714286	33.3333333333333	82.7366521519554	24.6	107.336652151955	DCA	140	129.029339399195
700	33.3333333333333	81.9687320852811	24.6	106.568732085281	DCA	70	119.077250348511
714.285714285714	33.3333333333333	79.8367664046776	24.6	104.436766404678	DCA	0	104.436766404678
728.571428571429	33.3333333333333	82.5758884182546	24.6	107.175888418255	DCA	210	134.728395370284
742.857142857143	33.3333333333333	84.0479995623134	24.6	108.647999562313	DCA	70	121.156517825543
757.142857142857	33.3333333333333	77.9889314678724	24.6	102.588931467872	DCA	0	102.588931467872
771.428571428571	33.3333333333333	79.3245935602512	24.6	103.924593560251	DCA	280	134.01257093785
785.714285714286	33.3333333333333	78.6516639169308	24.6	103.251663916931	DCA	140	124.94435116417
800	33.3333333333333	80.5011897504869	24.6	105.101189750487	DCA	280	135.189167128086
814.285714285714	33.3333333333333	81.3423431419154	24.6	105.942343141915	DCA	140	127.635030389155
828.571428571429	33.3333333333333	81.0305756192434	24.6	105.630575619243	DCA	210	133.183082571272
842.857142857143	33.3333333333333	81.4511287029674	24.6	106.051128702967	DCA	70	118.559646966197
857.142857142857	33.3333333333333	83.4745821565336	24.6	108.074582156534	DCA	210	135.627089108563
871.428571428571	33.3333333333333	78.2460977768966	24.6	102.846097776897	DCA	0	102.846097776897
885.714285714286	33.3333333333333	78.3959947230127	24.6	102.995994723013	DCA	140	124.688681970252
900	33.3333333333333	77.6574341758693	24.6	102.257434175869	DCA	140	123.950121423109
914.285714285714	33.3333333333333	77.0531209372049	24.6	101.653120937205	DCA	70	114.161639200434
928.571428571429	33.3333333333333	82.268172204869	24.6	106.868172204869	DCA	280	136.956149582468
942.857142857143	33.3333333333333	82.8730199281382	24.6	107.473019928138	DCA	140	129.165707175377
957.142857142857	33.3333333333333	79.1377650729492	24.6	103.737765072949	DCA	210	131.290272024978
971.428571428571	33.3333333333333	80.2639685625768	24.6	104.863968562577	DCA	0	104.863968562577
985.714285714286	33.3333333333333	80.9552192275812	24.6	105.555219227581	DCA	140	127.24790647482
1000	33.3333333333333	82.4308378134763	24.6	107.030837813476	DCA	0	107.030837813476
0	66.6666666666667	79.9823507535753	0	79.9823507535753	DCA	280	86.6511281311743
14.2857142857143	66.6666666666667	78.193146832593	0	78.193146832593	DCA	210	88.1812537846221
28.5714285714286	66.6666666666667	74.4525069348979	0	74.4525069348979	DCA	280	81.1212843124969
42.8571428571429	66.6666666666667	75.340943166148	0	75.340943166148	DCA	280	82.0097205437471
57.1428571428571	66.6666666666667	73.3210903816917	0	73.3210903816917	DCA	0	73.3210903816917
71.4285714285714	66.6666666666667	78.4553055122434	0	78.4553055122434	DCA	70	85.109023775473
85.7142857142857	66.6666666666667	77.097051588429	0	77.097051588429	DCA	70	83.7507698516586
100	66.6666666666667	80.5844440602858	0	80.5844440602858	DCA	210	90.5725510123149
114.285714285714	66.6666666666667	81.4957266821606	0	81.4957266821606	DCA	140	91.4788139293998
128.571428571429	66.6666666666667	82.8332983386072	0	82.8332983386072	DCA	70	89.4870166018368
142.857142857143	66.6666666666667	80.6284027901598	0	80.6284027901598	DCA	210	90.6165097421889
157.142857142857	66.6666666666667	83.2238792884206	0	83.2238792884206	DCA	210	93.2119862404496
171.428571428571	66.6666666666667	83.6372400642106	0	83.6372400642106	DCA	70	90.2909583274402
185.714285714286	66.6666666666667	79.5218003659396	0	79.5218003659396	DCA	280	86.1905777435386
200	66.6666666666667	78.8093021689798	0	78.8093021689798	DCA	140	88.7923894162191
214.285714285714	66.6666666666667	79.4011625284169	0	79.4011625284169	DCA	280	86.0699399060159
228.571428571429	66.6666666666667	78.2876176837686	0	78.2876176837686	DCA	0	78.2876176837686
242.857142857143	66.6666666666667	81.7580501169279	0	81.7580501169279	DCA	210	91.746157068957
257.142857142857	66.6666666666667	78.4000773035111	0	78.4000773035111	DCA	280	85.0688546811101
271.428571428571	66.6666666666667	77.4120724759875	0	77.4120724759875	DCA	0	77.4120724759875
285.714285714286	66.6666666666667	76.959501485244	0	76.959501485244	DCA	210	86.9476084372731
300	66.6666666666667	76.4024610048115	0	76.4024610048115	DCA	0	76.4024610048115
314.285714285714	66.6666666666667	76.6264739259872	0	76.6264739259872	DCA	280	83.2952513035862
328.571428571429	66.6666666666667	79.7440887218082	0	79.7440887218082	DCA	140	89.7271759690475
342.857142857143	66.6666666666667	78.7636395429658	0	78.7636395429658	DCA	70	85.4173578061954
357.142857142857	66.6666666666667	79.2485710422289	0	79.2485710422289	DCA	0	79.2485710422289
371.428571428571	66.6666666666667	76.7783144204088	0	76.7783144204088	DCA	280	83.4470917980078
385.714285714286	66.6666666666667	77.2178748632263	0	77.2178748632263	DCA	0	77.2178748632263
400	66.6666666666667	83.2549180042727	0	83.2549180042727	DCA	280	89.9236953818717
414.285714285714	66.6666666666667	81.4555308272369	0	81.4555308272369	DCA	70	88.1092490904665
428.571428571429	66.6666666666667	81.4328826488658	0	81.4328826488658	DCA	280	88.1016600264648
442.857142857143	66.6666666666667	77.9890854271108	0	77.9890854271108	DCA	0	77.9890854271108
457.142857142857	66.6666666666667	77.2217392281411	0	77.2217392281411	DCA	70	83.8754574913707
471.428571428571	66.6666666666667	78.1577902788652	0	78.1577902788652	DCA	210	88.1458972308943
485.714285714286	66.6666666666667	75.5202560451757	0	75.5202560451757	DCA	210	85.5083629972048
500	66.6666666666667	75.7110702589257	0	75.7110702589257	DCA	210	85.6991772109548
514.285714285714	66.6666666666667	77.9359647063277	24.6	102.535964706328	DCA	280	132.623942083927
528.571428571429	66.6666666666667	75.4085526971445	24.6	100.008552697145	DCA	70	112.517070960374
542.857142857143	66.6666666666667	75.3686437774877	24.6	99.9686437774877	DCA	140	121.661331024727
557.142857142857	66.6666666666667	77.3063057484113	24.6	101.906305748411	DCA	70	114.414824011641
571.428571428571	66.6666666666667	83.0638591259138	24.6	107.663859125914	DCA	140	129.356546373153
585.714285714286	66.6666666666667	85.8941850952803	24.6	110.49418509528	DCA	0	110.49418509528
600	66.6666666666667	84.0329664996705	24.6	108.632966499671	DCA	140	130.32565374691
614.285714285714	66.6666666666667	82.5577000954471	24.6	107.157700095447	DCA	70	119.666218358677
628.571428571429	66.6666666666667	80.1707991677648	24.6	104.770799167765	DCA	0	104.770799167765
642.857142857143	66.6666666666667	82.0049406322219	24.6	106.604940632222	DCA	140	128.297627879461
657.142857142857	66.6666666666667	81.4312550030185	24.6	106.031255003018	DCA	70	118.539773266248
671.428571428571	66.6666666666667	83.6721093368017	24.6	108.272109336802	DCA	280	138.360086714401
685.714285714286	66.6666666666667	84.5538758542123	24.6	109.153875854212	DCA	0	109.153875854212
700	66.6666666666667	84.1654899275734	24.6	108.765489927573	DCA	280	138.853467305172
714.285714285714	66.6666666666667	86.2195492844504	24.6	110.81954928445	DCA	140	132.51223653169
728.571428571429	66.6666666666667	88.4865209767217	24.6	113.086520976722	DCA	70	125.595039239951
742.857142857143	66.6666666666667	83.3993116312556	24.6	107.999311631256	DCA	70	120.507829894485
757.142857142857	66.6666666666667	82.4023086702773	24.6	107.002308670277	DCA	0	107.002308670277
771.428571428571	66.6666666666667	80.3468475687271	24.6	104.946847568727	DCA	70	117.455365831957
785.714285714286	66.6666666666667	80.6292939403628	24.6	105.229293940363	DCA	280	135.317271317962
800	66.6666666666667	82.704916425113	24.6	107.304916425113	DCA	70	119.813434688343
814.285714285714	66.6666666666667	83.9502652314764	24.6	108.550265231476	DCA	70	121.058783494706
828.571428571429	66.6666666666667	85.1264125055686	24.6	109.726412505569	DCA	0	109.726412505569
842.857142857143	66.6666666666667	85.574774249391	24.6	110.174774249391	DCA	70	122.683292512621
857.142857142857	66.6666666666667	82.9732414308566	24.6	107.573241430857	DCA	0	107.573241430857
871.428571428571	66.6666666666667	83.2723263274978	24.6	107.872326327498	DCA	210	135.424833279527
885.714285714286	66.6666666666667	82.8217250084495	24.6	107.421725008449	DCA	70	119.930243271679
900	66.6666666666667	82.6831972170495	24.6	107.283197217049	DCA	140	128.975884464289
914.285714285714	66.6666666666667	82.8285292768236	24.6	107.428529276824	DCA	210	134.981036228853
928.571428571429	66.6666666666667	84.9222121958789	24.6	109.522212195879	DCA	280	139.610189573478
942.857142857143	66.6666666666667	79.9107144374782	24.6	104.510714437478	DCA	280	134.598691815077
957.142857142857	66.6666666666667	81.0502937607255	24.6	105.650293760725	DCA	70	118.158812023955
971.428571428571	66.6666666666667	79.2543898779112	24.6	103.854389877911	DCA	70	116.362908141141
985.714285714286	66.6666666666667	78.6056914903996	24.6	103.2056914904	DCA	0	103.2056914904
1000	66.6666666666667	81.6435722166079	24.6	106.243572216608	DCA	140	127.936259463847
0	100	80.0390502073188	0	80.0390502073188	DCA	0	80.0390502073188
14.2857142857143	100	78.6261106638225	0	78.6261106638225	DCA	140	88.6091979110618
28.5714285714286	100	79.739618636863	0	79.739618636863	DCA	140	89.7227058841023
42.8571428571429	100	78.102819239772	0	78.102819239772	DCA	210	88.0909261918011
57.1428571428571	100	78.8748865632335	0	78.8748865632335	DCA	70	85.5286048264631
71.4285714285714	100	81.3829294140833	0	81.3829294140833	DCA	140	91.3660166613225
85.7142857142857	100	79.5535479586892	0	79.5535479586892	DCA	280	86.2223253362882
100	100	77.6321789006687	0	77.6321789006687	DCA	280	84.3009562782677
114.285714285714	100	80.2210516807256	0	80.2210516807256	DCA	140	90.2041389279649
128.571428571429	100	81.2884355596466	0	81.2884355596466	DCA	70	87.9421538228762
142.857142857143	100	80.1767640760661	0	80.1767640760661	DCA	0	80.1767640760661
157.142857142857	100	82.1199826116095	0	82.1199826116095	DCA	70	88.773700874839
171.428571428571	100	79.3895988983045	0	79.3895988983045	DCA	280	86.0583762759035
185.714285714286	100	80.9197264970708	0	80.9197264970708	DCA	280	87.5885038746698
200	100	79.7556543371102	0	79.7556543371102	DCA	210	89.7437612891393
214.285714285714	100	84.070695306835	0	84.070695306835	DCA	140	94.0537825540742
228.571428571429	100	83.0854957526746	0	83.0854957526746	DCA	70	89.7392140159042
242.857142857143	100	80.8833565174996	0	80.8833565174996	DCA	0	80.8833565174996
257.142857142857	100	79.0828080551701	0	79.0828080551701	DCA	0	79.0828080551701
271.428571428571	100	77.4497788699793	0	77.4497788699793	DCA	280	84.1185562475783
285.714285714286	100	76.2979937117398	0	76.2979937117398	DCA	280	82.9667710893388
300	100	78.7439991535153	0	78.7439991535153	DCA	0	78.7439991535153
314.285714285714	100	82.1275784864589	0	82.1275784864589	DCA	0	82.1275784864589
328.571428571429	100	78.0076756935745	0	78.0076756935745	DCA	70	84.6613939568041
342.857142857143	100	79.0249769424995	0	79.0249769424995	DCA	210	89.0130838945286
357.142857142857	100	77.0000853061574	0	77.0000853061574	DCA	280	83.6688626837565
371.428571428571	100	77.2889180524952	0	77.2889180524952	DCA	140	87.2720052997344
385.714285714286	100	78.7135029794056	0	78.7135029794056	DCA	210	88.7016099314347
400	100	75.2709035163915	0	75.2709035163915	DCA	210	85.2590104684206
414.285714285714	100	78.2797756450537	0	78.2797756450537	DCA	280	84.9485530226527
428.571428571429	100	76.7205084055627	0	76.7205084055627	DCA	70	83.3742266687923
442.857142857143	100	79.8295758576987	0	79.8295758576987	DCA	0	79.8295758576987
457.142857142857	100	79.7785479009556	0	79.7785479009556	DCA	70	86.4322661641851
471.428571428571	100	81.3807379903846	0	81.3807379903846	DCA	70	88.0344562536142
485.714285714286	100	79.0156722562879	0	79.0156722562879	DCA	70	85.6693905195175
500	100	79.8494098755006	0	79.8494098755006	DCA	140	89.8324971227398
514.285714285714	100	79.520856249394	24.6	104.120856249394	DCA	210	131.673363201423
528.571428571429	100	78.811930146608	24.6	103.411930146608	DCA	280	133.499907524207
542.857142857143	100	79.282492126386	24.6	103.882492126386	DCA	210	131.434999078415
557.142857142857	100	80.9967069478918	24.6	105.596706947892	DCA	140	127.289394195131
571.428571428571	100	81.895350999465	24.6	106.495350999465	DCA	140	128.188038246704
585.714285714286	100	82.1568297178251	24.6	106.756829717825	DCA	140	128.449516965064
600	100	84.4793271592806	24.6	109.079327159281	DCA	210	136.63183411131
614.285714285714	100	81.4620951666517	24.6	106.062095166652	DCA	140	127.754782413891
628.571428571429	100	83.025133257654	24.6	107.625133257654	DCA	210	135.177640209683
642.857142857143	100	81.7029383632127	24.6	106.302938363213	DCA	140	127.995625610452
657.142857142857	100	84.276202240627	24.6	108.876202240627	DCA	210	136.428709192656
671.428571428571	100	82.1249314230663	24.6	106.724931423066	DCA	280	136.812908800665
685.714285714286	100	85.9550228909672	24.6	110.555022890967	DCA	0	110.555022890967
700	100	83.0855993068115	24.6	107.685599306811	DCA	280	137.773576684411
714.285714285714	100	85.1505750526693	24.6	109.750575052669	DCA	0	109.750575052669
728.571428571429	100	85.9654068003028	24.6	110.565406800303	DCA	140	132.258094047542
742.857142857143	100	85.6992400023745	24.6	110.299240002374	DCA	140	131.991927249614
757.142857142857	100	86.1057054547572	24.6	110.705705454757	DCA	210	138.258212406786
771.428571428571	100	82.6872947638691	24.6	107.287294763869	DCA	70	119.795813027099
785.714285714286	100	81.850442178243	24.6	106.450442178243	DCA	210	134.002949130272
800	100	83.9648840361209	24.6	108.564884036121	DCA	280	138.65286141372
814.285714285714	100	88.5179696398492	24.6	113.117969639849	DCA	0	113.117969639849
828.571428571429	100	83.1886372203715	24.6	107.788637220372	DCA	70	120.297155483601
842.857142857143	100	83.5900994551001	24.6	108.1900994551	DCA	280	138.278076832699
857.142857142857	100	83.8555360808374	24.6	108.455536080837	DCA	140	130.148223328077
871.428571428571	100	80.1352497993441	24.6	104.735249799344	DCA	70	117.243768062574
885.714285714286	100	84.2798420979645	24.6	108.879842097964	DCA	210	136.432349049994
900	100	80.2729880727071	24.6	104.872988072707	DCA	280	134.960965450306
914.285714285714	100	85.7164163917454	24.6	110.316416391745	DCA	280	140.404393769344
928.571428571429	100	82.9432292452885	24.6	107.543229245289	DCA	70	120.051747508518
942.857142857143	100	81.6466255441656	24.6	106.246625544166	DCA	140	127.939312791405
957.142857142857	100	82.0319708499908	24.6	106.631970849991	DCA	0	106.631970849991
971.428571428571	100	80.6420296881505	24.6	105.242029688151	DCA	0	105.242029688151
985.714285714286	100	80.4432458071363	24.6	105.043245807136	DCA	0	105.043245807136
1000	100	81.6923907205105	24.6	106.29239072051	DCA	70	118.80090898374
0	133.333333333333	85.0492210020465	0	85.0492210020465	DCA	210	95.0373279540756
14.2857142857143	133.333333333333	81.9942850260952	0	81.9942850260952	DCA	210	91.9823919781243
28.5714285714286	133.333333333333	78.8822601611069	0	78.8822601611069	DCA	210	88.870367113136
42.8571428571429	133.333333333333	81.6475420486084	0	81.6475420486084	DCA	70	88.3012603118379
57.1428571428571	133.333333333333	84.0904369684693	0	84.0904369684693	DCA	0	84.0904369684693
71.4285714285714	133.333333333333	80.14374878469	0	80.14374878469	DCA	0	80.14374878469
85.7142857142857	133.333333333333	78.8226032993982	0	78.8226032993982	DCA	70	85.4763215626278
100	133.333333333333	80.3128345295882	0	80.3128345295882	DCA	70	86.9665527928178
114.285714285714	133.333333333333	79.0278012514608	0	79.0278012514608	DCA	140	89.0108884987001
128.571428571429	133.333333333333	80.81580631768	0	80.81580631768	DCA	210	90.8039132697091
142.857142857143	133.333333333333	79.0576155358454	0	79.0576155358454	DCA	280	85.7263929134444
157.142857142857	133.333333333333	81.4027388940589	0	81.4027388940589	DCA	70	88.0564571572885
171.428571428571	133.333333333333	80.6506875330332	0	80.6506875330332	DCA	280	87.3194649106322
185.714285714286	133.333333333333	81.0879330037225	0	81.0879330037225	DCA	210	91.0760399557516
200	133.333333333333	83.3489388235532	0	83.3489388235532	DCA	140	93.3320260707925
214.285714285714	133.333333333333	77.8418255925231	0	77.8418255925231	DCA	140	87.8249128397623
228.571428571429	133.333333333333	74.985597151892	0	74.985597151892	DCA	0	74.985597151892
242.857142857143	133.333333333333	75.223146088432	0	75.223146088432	DCA	280	81.891923466031
257.142857142857	133.333333333333	76.7556087076129	0	76.7556087076129	DCA	280	83.4243860852119
271.428571428571	133.333333333333	78.3660427513702	0	78.3660427513702	DCA	210	88.3541497033993
285.714285714286	133.333333333333	79.1709094434	0	79.1709094434	DCA	0	79.1709094434
300	133.333333333333	81.1526381729318	0	81.1526381729318	DCA	0	81.1526381729318
314.285714285714	133.333333333333	75.3490610661533	0	75.3490610661533	DCA	0	75.3490610661533
328.571428571429	133.333333333333	77.3935023822727	0	77.3935023822727	DCA	280	84.0622797598717
342.857142857143	133.333333333333	78.6752162058133	0	78.6752162058133	DCA	210	88.6633231578424
357.142857142857	133.333333333333	80.7388157433527	0	80.7388157433527	DCA	210	90.7269226953817
371.428571428571	133.333333333333	78.9361851211873	0	78.9361851211873	DCA	70	85.5899033844169
385.714285714286	133.333333333333	78.4250268441801	0	78.4250268441801	DCA	0	78.4250268441801
400	133.333333333333	78.8064299401077	0	78.8064299401077	DCA	210	88.7945368921368
414.285714285714	133.333333333333	77.4683992280465	0	77.4683992280465	DCA	210	87.4565061800756
428.571428571429	133.333333333333	77.4700431446044	0	77.4700431446044	DCA	280	84.1388205222034
442.857142857143	133.333333333333	78.8954710101489	0	78.8954710101489	DCA	280	85.5642483877479
457.142857142857	133.333333333333	80.8644679133032	0	80.8644679133032	DCA	70	87.5181861765328
471.428571428571	133.333333333333	80.3698295803604	0	80.3698295803604	DCA	0	80.3698295803604
485.714285714286	133.333333333333	82.0583043816227	0	82.0583043816227	DCA	0	82.0583043816227
500	133.333333333333	82.3026868138644	0	82.3026868138644	DCA	140	92.2857740611037
514.285714285714	133.333333333333	77.4845108537384	24.6	102.084510853738	DCA	0	102.084510853738
528.571428571429	133.333333333333	77.5313277641215	24.6	102.131327764121	DCA	210	129.683834716151
542.857142857143	133.333333333333	78.6057560695823	24.6	103.205756069582	DCA	140	124.898443316822
557.142857142857	133.333333333333	80.0046695081215	24.6	104.604669508122	DCA	280	134.692646885721
571.428571428571	133.333333333333	81.8858978677778	24.6	106.485897867778	DCA	280	136.573875245377
585.714285714286	133.333333333333	82.0061012326698	24.6	106.60610123267	DCA	210	134.158608184699
600	133.333333333333	82.297836557718	24.6	106.897836557718	DCA	280	136.985813935317
614.285714285714	133.333333333333	81.7346216248007	24.6	106.334621624801	DCA	280	136.4225990024
628.571428571429	133.333333333333	81.9154210845262	24.6	106.515421084526	DCA	280	136.603398462125
642.857142857143	133.333333333333	85.0232678079706	24.6	109.623267807971	DCA	70	122.1317860712
657.142857142857	133.333333333333	84.3328744552144	24.6	108.932874455214	DCA	280	139.020851832813
671.428571428571	133.333333333333	85.1921219080233	24.6	109.792121908023	DCA	70	122.300640171253
685.714285714286	133.333333333333	80.8603652970009	24.6	105.460365297001	DCA	70	117.96888356023
700	133.333333333333	81.9026585433292	24.6	106.502658543329	DCA	140	128.195345790568
714.285714285714	133.333333333333	84.7609846082136	24.6	109.360984608214	DCA	0	109.360984608214
728.571428571429	133.333333333333	84.6578486204853	24.6	109.257848620485	DCA	140	130.950535867725
742.857142857143	133.333333333333	86.4157499029549	24.6	111.015749902955	DCA	70	123.524268166184
757.142857142857	133.333333333333	88.0809350043689	24.6	112.680935004369	DCA	70	125.189453267598
771.428571428571	133.333333333333	87.3989372206309	24.6	111.998937220631	DCA	210	139.55144417266
785.714285714286	133.333333333333	85.5416318817255	24.6	110.141631881725	DCA	210	137.694138833755
800	133.333333333333	85.8551303163881	24.6	110.455130316388	DCA	280	140.543107693987
814.285714285714	133.333333333333	82.7364863190988	24.6	107.336486319099	DCA	70	119.845004582328
828.571428571429	133.333333333333	83.3599861411593	24.6	107.959986141159	DCA	210	135.512493093188
842.857142857143	133.333333333333	80.0932540292992	24.6	104.693254029299	DCA	280	134.781231406898
857.142857142857	133.333333333333	79.8919106054271	24.6	104.491910605427	DCA	140	126.184597852666
871.428571428571	133.333333333333	79.1437960558894	24.6	103.743796055889	DCA	70	116.252314319119
885.714285714286	133.333333333333	81.1451012103462	24.6	105.745101210346	DCA	140	127.437788457585
900	133.333333333333	78.977897562128	24.6	103.577897562128	DCA	280	133.665874939727
914.285714285714	133.333333333333	80.9573913169986	24.6	105.557391316999	DCA	280	135.645368694598
928.571428571429	133.333333333333	77.8629061257489	24.6	102.462906125749	DCA	280	132.550883503348
942.857142857143	133.333333333333	78.8160958838315	24.6	103.416095883832	DCA	280	133.504073261431
957.142857142857	133.333333333333	77.4876383980492	24.6	102.087638398049	DCA	280	132.175615775648
971.428571428571	133.333333333333	77.5145802165785	24.6	102.114580216579	DCA	0	102.114580216579
985.714285714286	133.333333333333	79.8102533078974	24.6	104.410253307897	DCA	210	131.962760259926
1000	133.333333333333	79.1857479883092	24.6	103.785747988309	DCA	280	133.873725365908
0	166.666666666667	82.2586796900371	0	82.2586796900371	DCA	140	92.2417669372764
14.2857142857143	166.666666666667	83.3473413709794	0	83.3473413709794	DCA	140	93.3304286182186
28.5714285714286	166.666666666667	81.6868019550882	0	81.6868019550882	DCA	210	91.6749089071173
42.8571428571429	166.666666666667	83.5653214791658	0	83.5653214791658	DCA	210	93.5534284311949
57.1428571428571	166.666666666667	79.4301160543215	0	79.4301160543215	DCA	210	89.4182230063506
71.4285714285714	166.666666666667	77.7972405635913	0	77.7972405635913	DCA	70	84.4509588268209
85.7142857142857	166.666666666667	78.2977895103644	0	78.2977895103644	DCA	140	88.2808767576037
100	166.666666666667	78.0045528771034	0	78.0045528771034	DCA	0	78.0045528771034
114.285714285714	166.666666666667	79.2836661441407	0	79.2836661441407	DCA	280	85.9524435217397
128.571428571429	166.666666666667	77.5702926626855	0	77.5702926626855	DCA	140	87.5533799099248
142.857142857143	166.666666666667	79.030328369689	0	79.030328369689	DCA	0	79.030328369689
157.142857142857	166.666666666667	78.4796494889187	0	78.4796494889187	DCA	0	78.4796494889187
171.428571428571	166.666666666667	78.64292686207	0	78.64292686207	DCA	0	78.64292686207
185.714285714286	166.666666666667	76.0932910829021	0	76.0932910829021	DCA	210	86.0813980349312
200	166.666666666667	76.5770030048741	0	76.5770030048741	DCA	280	83.2457803824731
214.285714285714	166.666666666667	76.7934172980903	0	76.7934172980903	DCA	210	86.7815242501194
228.571428571429	166.666666666667	77.8950348875691	0	77.8950348875691	DCA	280	84.5638122651681
242.857142857143	166.666666666667	76.9871037300168	0	76.9871037300168	DCA	70	83.6408219932464
257.142857142857	166.666666666667	79.9478598696281	0	79.9478598696281	DCA	70	86.6015781328577
271.428571428571	166.666666666667	79.9235824562004	0	79.9235824562004	DCA	140	89.9066697034396
285.714285714286	166.666666666667	75.4086626896608	0	75.4086626896608	DCA	0	75.4086626896608
300	166.666666666667	78.3413899108387	0	78.3413899108387	DCA	0	78.3413899108387
314.285714285714	166.666666666667	78.1059747298622	0	78.1059747298622	DCA	280	84.7747521074612
328.571428571429	166.666666666667	75.5352242923929	0	75.5352242923929	DCA	210	85.523331244422
342.857142857143	166.666666666667	76.3784348564029	0	76.3784348564029	DCA	0	76.3784348564029
357.142857142857	166.666666666667	79.605927758823	0	79.605927758823	DCA	280	86.274705136422
371.428571428571	166.666666666667	84.4450006251795	0	84.4450006251795	DCA	210	94.4331075772086
385.714285714286	166.666666666667	82.8829217607178	0	82.8829217607178	DCA	0	82.8829217607178
400	166.666666666667	80.285285373499	0	80.285285373499	DCA	280	86.954062751098
414.285714285714	166.666666666667	79.0507910204623	0	79.0507910204623	DCA	140	89.0338782677015
428.571428571429	166.666666666667	80.9398581203428	0	80.9398581203428	DCA	140	90.9229453675821
442.857142857143	166.666666666667	82.540986397373	0	82.540986397373	DCA	280	89.209763774972
457.142857142857	166.666666666667	79.8697289924255	0	79.8697289924255	DCA	140	89.8528162396648
471.428571428571	166.666666666667	81.7474841782874	0	81.7474841782874	DCA	70	88.4012024415169
485.714285714286	166.666666666667	81.4037640167915	0	81.4037640167915	DCA	0	81.4037640167915
500	166.666666666667	80.0142697204058	0	80.0142697204058	DCA	210	90.0023766724349
514.285714285714	166.666666666667	80.924784081805	24.6	105.524784081805	DCA	0	105.524784081805
528.571428571429	166.666666666667	81.2472580653727	24.6	105.847258065373	DCA	0	105.847258065373
542.857142857143	166.666666666667	81.7770521394641	24.6	106.377052139464	DCA	0	106.377052139464
557.142857142857	166.666666666667	80.8601496161858	24.6	105.460149616186	DCA	210	133.012656568215
571.428571428571	166.666666666667	81.063414243875	24.6	105.663414243875	DCA	140	127.356101491114
585.714285714286	166.666666666667	82.0218451561696	24.6	106.62184515617	DCA	0	106.62184515617
600	166.666666666667	82.6466401820427	24.6	107.246640182043	DCA	280	137.334617559642
614.285714285714	166.666666666667	80.5361720847404	24.6	105.13617208474	DCA	0	105.13617208474
628.571428571429	166.666666666667	81.740325801024	24.6	106.340325801024	DCA	210	133.892832753053
642.857142857143	166.666666666667	84.4637602268688	24.6	109.063760226869	DCA	0	109.063760226869
657.142857142857	166.666666666667	81.2320664895819	24.6	105.832066489582	DCA	280	135.920043867181
671.428571428571	166.666666666667	80.4963862373675	24.6	105.096386237367	DCA	210	132.648893189397
685.714285714286	166.666666666667	82.7291666655801	24.6	107.32916666558	DCA	210	134.881673617609
700	166.666666666667	83.1496225483642	24.6	107.749622548364	DCA	280	137.837599925963
714.285714285714	166.666666666667	83.6820146067891	24.6	108.282014606789	DCA	140	129.974701854028
728.571428571429	166.666666666667	82.6739995999602	24.6	107.27399959996	DCA	280	137.361976977559
742.857142857143	166.666666666667	86.7104977845448	24.6	111.310497784545	DCA	280	141.398475162144
757.142857142857	166.666666666667	88.2659391751299	24.6	112.86593917513	DCA	210	140.418446127159
771.428571428571	166.666666666667	85.2798137602574	24.6	109.879813760257	DCA	0	109.879813760257
785.714285714286	166.666666666667	82.7794203889474	24.6	107.379420388947	DCA	210	134.931927340976
800	166.666666666667	81.7840642577005	24.6	106.384064257701	DCA	140	128.07675150494
814.285714285714	166.666666666667	81.3680258000751	24.6	105.968025800075	DCA	70	118.476544063305
828.571428571429	166.666666666667	79.6350309182669	24.6	104.235030918267	DCA	140	125.927718165506
842.857142857143	166.666666666667	82.9751531076849	24.6	107.575153107685	DCA	140	129.267840354924
857.142857142857	166.666666666667	82.1781561700547	24.6	106.778156170055	DCA	280	136.866133547654
871.428571428571	166.666666666667	76.2403962759944	24.6	100.840396275994	DCA	210	128.392903228023
885.714285714286	166.666666666667	79.2896138166828	24.6	103.889613816683	DCA	140	125.582301063922
900	166.666666666667	76.7278830924567	24.6	101.327883092457	DCA	210	128.880390044486
914.285714285714	166.666666666667	79.9362300216084	24.6	104.536230021608	DCA	140	126.228917268848
928.571428571429	166.666666666667	75.6882770490095	24.6	100.288277049009	DCA	210	127.840784001039
942.857142857143	166.666666666667	76.9791149787266	24.6	101.579114978727	DCA	210	129.131621930756
957.142857142857	166.666666666667	76.2262439297291	24.6	100.826243929729	DCA	210	128.378750881758
971.428571428571	166.666666666667	77.145313669034	24.6	101.745313669034	DCA	70	114.253831932264
985.714285714286	166.666666666667	77.0025905567209	24.6	101.602590556721	DCA	0	101.602590556721
1000	166.666666666667	77.7033039956754	24.6	102.303303995675	DCA	140	123.995991242915
0	200	81.4029544248557	0	81.4029544248557	DCA	0	81.4029544248557
14.2857142857143	200	81.2970362923569	0	81.2970362923569	DCA	0	81.2970362923569
28.5714285714286	200	80.4121013066128	0	80.4121013066128	DCA	70	87.0658195698424
42.8571428571429	200	80.3577515903052	0	80.3577515903052	DCA	70	87.0114698535348
57.1428571428571	200	82.4752942990022	0	82.4752942990022	DCA	210	92.4634012510313
71.4285714285714	200	78.4685398639004	0	78.4685398639004	DCA	70	85.12225812713
85.7142857142857	200	77.4483638342223	0	77.4483638342223	DCA	280	84.1171412118213
100	200	77.3659711858041	0	77.3659711858041	DCA	140	87.3490584330434
114.285714285714	200	75.7239857703819	0	75.7239857703819	DCA	210	85.712092722411
128.571428571429	200	76.2761282930424	0	76.2761282930424	DCA	280	82.9449056706414
142.857142857143	200	72.6234356848874	0	72.6234356848874	DCA	280	79.2922130624864
157.142857142857	200	77.2129084923127	0	77.2129084923127	DCA	70	83.8666267555423
171.428571428571	200	78.4774959357478	0	78.4774959357478	DCA	210	88.4656028877769
185.714285714286	200	75.3515394980079	0	75.3515394980079	DCA	210	85.339646450037
200	200	77.9197230577697	0	77.9197230577697	DCA	70	84.5734413209993
214.285714285714	200	73.6950337823625	0	73.6950337823625	DCA	0	73.6950337823625
228.571428571429	200	76.3439059709486	0	76.3439059709486	DCA	70	82.9976242341781
242.857142857143	200	76.763109862045	0	76.763109862045	DCA	280	83.431887239644
257.142857142857	200	77.9601712627722	0	77.9601712627722	DCA	70	84.6138895260018
271.428571428571	200	79.3858652153651	0	79.3858652153651	DCA	0	79.3858652153651
285.714285714286	200	76.3290940420932	0	76.3290940420932	DCA	210	86.3172009941223
300	200	78.6085044232746	0	78.6085044232746	DCA	210	88.5966113753037
314.285714285714	200	81.3657751177111	0	81.3657751177111	DCA	210	91.3538820697402
328.571428571429	200	76.8006034228038	0	76.8006034228038	DCA	70	83.4543216860333
342.857142857143	200	76.2961601738986	0	76.2961601738986	DCA	210	86.2842671259277
357.142857142857	200	80.427766456078	0	80.427766456078	DCA	210	90.415873408107
371.428571428571	200	82.1853961572755	0	82.1853961572755	DCA	70	88.8391144205051
385.714285714286	200	82.1337889527358	0	82.1337889527358	DCA	280	88.8025663303348
400	200	83.0740121752325	0	83.0740121752325	DCA	70	89.7277304384621
414.285714285714	200	81.6406983181295	0	81.6406983181295	DCA	210	91.6288052701586
428.571428571429	200	78.2493470681804	0	78.2493470681804	DCA	280	84.9181244457795
442.857142857143	200	79.3981406108009	0	79.3981406108009	DCA	0	79.3981406108009
457.142857142857	200	79.8733066505813	0	79.8733066505813	DCA	140	89.8563938978206
471.428571428571	200	79.9000325204636	0	79.9000325204636	DCA	70	86.5537507836931
485.714285714286	200	80.706574983607	0	80.706574983607	DCA	140	90.6896622308463
500	200	80.6751869322711	0	80.6751869322711	DCA	280	87.3439643098701
514.285714285714	200	86.0583639246971	24.6	110.658363924697	DCA	70	123.166882187927
528.571428571429	200	80.4265842105772	24.6	105.026584210577	DCA	140	126.719271457816
542.857142857143	200	80.8474558232564	24.6	105.447455823256	DCA	210	132.999962775286
557.142857142857	200	81.9989201732605	24.6	106.598920173261	DCA	210	134.15142712529
571.428571428571	200	80.8519530386209	24.6	105.451953038621	DCA	70	117.96047130185
585.714285714286	200	81.1410263444765	24.6	105.741026344477	DCA	210	133.293533296506
600	200	81.9966513965892	24.6	106.596651396589	DCA	280	136.684628774188
614.285714285714	200	84.8126684723006	24.6	109.412668472301	DCA	140	131.10535571954
628.571428571429	200	82.8536159986112	24.6	107.453615998611	DCA	280	137.54159337621
642.857142857143	200	81.5236551289655	24.6	106.123655128966	DCA	0	106.123655128966
657.142857142857	200	80.1971687072014	24.6	104.797168707201	DCA	70	117.305686970431
671.428571428571	200	80.0126334174887	24.6	104.612633417489	DCA	70	117.121151680718
685.714285714286	200	81.4610275139793	24.6	106.061027513979	DCA	280	136.149004891578
700	200	82.0364751942408	24.6	106.636475194241	DCA	70	119.14499345747
714.285714285714	200	79.708831783652	24.6	104.308831783652	DCA	70	116.817350046882
728.571428571429	200	82.3513296857836	24.6	106.951329685784	DCA	70	119.459847949013
742.857142857143	200	82.6687317572915	24.6	107.268731757292	DCA	140	128.961419004531
757.142857142857	200	83.6161443208231	24.6	108.216144320823	DCA	0	108.216144320823
771.428571428571	200	84.4541930347995	24.6	109.054193034799	DCA	280	139.142170412399
785.714285714286	200	82.3862497250014	24.6	106.986249725001	DCA	210	134.538756677031
800	200	85.4400889658865	24.6	110.040088965887	DCA	140	131.732776213126
814.285714285714	200	84.5255047091432	24.6	109.125504709143	DCA	140	130.818191956382
828.571428571429	200	86.4035073716534	24.6	111.003507371653	DCA	210	138.556014323683
842.857142857143	200	85.7401430267276	24.6	110.340143026728	DCA	0	110.340143026728
857.142857142857	200	82.7347099966679	24.6	107.334709996668	DCA	280	137.422687374267
871.428571428571	200	84.4109549954282	24.6	109.010954995428	DCA	70	121.519473258658
885.714285714286	200	82.390760015295	24.6	106.990760015295	DCA	280	137.078737392894
900	200	79.194755113602	24.6	103.794755113602	DCA	0	103.794755113602
914.285714285714	200	77.3149833833018	24.6	101.914983383302	DCA	0	101.914983383302
928.571428571429	200	75.8812687358242	24.6	100.481268735824	DCA	140	122.173955983064
942.857142857143	200	77.9094668418722	24.6	102.509466841872	DCA	210	130.061973793901
957.142857142857	200	76.1437311814275	24.6	100.743731181427	DCA	210	128.296238133457
971.428571428571	200	75.7728341665958	24.6	100.372834166596	DCA	280	130.460811544195
985.714285714286	200	76.5298267269888	24.6	101.129826726989	DCA	0	101.129826726989
1000	200	78.8212403602062	24.6	103.421240360206	DCA	280	133.509217737805
0	233.333333333333	81.7918011334475	0	81.7918011334475	DCA	140	91.7748883806868
14.2857142857143	233.333333333333	79.4222524780388	0	79.4222524780388	DCA	140	89.4053397252781
28.5714285714286	233.333333333333	79.5246721351404	0	79.5246721351404	DCA	70	86.1783903983699
42.8571428571429	233.333333333333	78.5087360976293	0	78.5087360976293	DCA	210	88.4968430496584
57.1428571428571	233.333333333333	77.2129953903999	0	77.2129953903999	DCA	70	83.8667136536294
71.4285714285714	233.333333333333	78.8671055077094	0	78.8671055077094	DCA	280	85.5358828853084
85.7142857142857	233.333333333333	78.8443948436913	0	78.8443948436913	DCA	0	78.8443948436913
100	233.333333333333	79.216188305207	0	79.216188305207	DCA	140	89.1992755524463
114.285714285714	233.333333333333	76.0828986817296	0	76.0828986817296	DCA	140	86.0659859289689
128.571428571429	233.333333333333	78.5133611331901	0	78.5133611331901	DCA	0	78.5133611331901
142.857142857143	233.333333333333	76.6740921986201	0	76.6740921986201	DCA	70	83.3278104618497
157.142857142857	233.333333333333	76.2391609371263	0	76.2391609371263	DCA	0	76.2391609371263
171.428571428571	233.333333333333	76.4696106017329	0	76.4696106017329	DCA	280	83.1383879793319
185.714285714286	233.333333333333	77.4835148769692	0	77.4835148769692	DCA	0	77.4835148769692
200	233.333333333333	82.7296254475238	0	82.7296254475238	DCA	280	89.3984028251228
214.285714285714	233.333333333333	78.585027631146	0	78.585027631146	DCA	0	78.585027631146
228.571428571429	233.333333333333	79.7542444491557	0	79.7542444491557	DCA	0	79.7542444491557
242.857142857143	233.333333333333	78.5471022963479	0	78.5471022963479	DCA	0	78.5471022963479
257.142857142857	233.333333333333	75.4188215107548	0	75.4188215107548	DCA	140	85.4019087579941
271.428571428571	233.333333333333	75.0247972659206	0	75.0247972659206	DCA	0	75.0247972659206
285.714285714286	233.333333333333	76.0584620804971	0	76.0584620804971	DCA	0	76.0584620804971
300	233.333333333333	74.7628830957867	0	74.7628830957867	DCA	280	81.4316604733857
314.285714285714	233.333333333333	77.5948983800892	0	77.5948983800892	DCA	280	84.2636757576882
328.571428571429	233.333333333333	79.2461531346827	0	79.2461531346827	DCA	140	89.229240381922
342.857142857143	233.333333333333	81.1658596710258	0	81.1658596710258	DCA	210	91.1539666230549
357.142857142857	233.333333333333	81.041609238622	0	81.041609238622	DCA	70	87.6953275018516
371.428571428571	233.333333333333	76.5016067223119	0	76.5016067223119	DCA	280	83.1703840999109
385.714285714286	233.333333333333	77.3646359694577	0	77.3646359694577	DCA	140	87.3477232166969
400	233.333333333333	80.1601005705847	0	80.1601005705847	DCA	0	80.1601005705847
414.285714285714	233.333333333333	78.9099567089311	0	78.9099567089311	DCA	140	88.8930439561704
428.571428571429	233.333333333333	79.5581170194802	0	79.5581170194802	DCA	210	89.5462239715093
442.857142857143	233.333333333333	80.5034384061801	0	80.5034384061801	DCA	140	90.4865256534194
457.142857142857	233.333333333333	79.5643437410316	0	79.5643437410316	DCA	70	86.2180620042611
471.428571428571	233.333333333333	80.923438136972	0	80.923438136972	DCA	70	87.5771564002015
485.714285714286	233.333333333333	80.9404797262613	0	80.9404797262613	DCA	210	90.9285866782904
500	233.333333333333	80.9805557599147	0	80.9805557599147	DCA	140	90.963643007154
514.285714285714	233.333333333333	83.2135397635032	24.6	107.813539763503	DCA	280	137.901517141102
528.571428571429	233.333333333333	81.3477893350942	24.6	105.947789335094	DCA	280	136.035766712693
542.857142857143	233.333333333333	82.5068149996763	24.6	107.106814999676	DCA	0	107.106814999676
557.142857142857	233.333333333333	83.535990103986	24.6	108.135990103986	DCA	140	129.828677351225
571.428571428571	233.333333333333	82.1316184973096	24.6	106.73161849731	DCA	70	119.240136760539
585.714285714286	233.333333333333	83.6054698942491	24.6	108.205469894249	DCA	0	108.205469894249
600	233.333333333333	83.5604472427643	24.6	108.160447242764	DCA	0	108.160447242764
614.285714285714	233.333333333333	86.5043541478729	24.6	111.104354147873	DCA	70	123.612872411103
628.571428571429	233.333333333333	83.1063067766426	24.6	107.706306776643	DCA	0	107.706306776643
642.857142857143	233.333333333333	81.429351147694	24.6	106.029351147694	DCA	70	118.537869410924
657.142857142857	233.333333333333	83.4930892095519	24.6	108.093089209552	DCA	280	138.181066587151
671.428571428571	233.333333333333	82.8463203168683	24.6	107.446320316868	DCA	140	129.139007564108
685.714285714286	233.333333333333	80.2018206398582	24.6	104.801820639858	DCA	210	132.354327591887
700	233.333333333333	80.0898899466828	24.6	104.689889946683	DCA	70	117.198408209912
714.285714285714	233.333333333333	81.0302743097529	24.6	105.630274309753	DCA	70	118.138792572982
728.571428571429	233.333333333333	81.3182743762891	24.6	105.918274376289	DCA	280	136.006251753888
742.857142857143	233.333333333333	82.882875069797	24.6	107.482875069797	DCA	210	135.035382021826
757.142857142857	233.333333333333	81.8441532896383	24.6	106.444153289638	DCA	70	118.952671552868
771.428571428571	233.333333333333	83.5756644806558	24.6	108.175664480656	DCA	0	108.175664480656
785.714285714286	233.333333333333	83.924998306643	24.6	108.524998306643	DCA	0	108.524998306643
800	233.333333333333	87.7020919471449	24.6	112.302091947145	DCA	70	124.810610210374
814.285714285714	233.333333333333	84.8966227444448	24.6	109.496622744445	DCA	0	109.496622744445
828.571428571429	233.333333333333	89.4363796329538	24.6	114.036379632954	DCA	280	144.124357010553
842.857142857143	233.333333333333	86.3724025488256	24.6	110.972402548826	DCA	210	138.524909500855
857.142857142857	233.333333333333	85.8140695837676	24.6	110.414069583768	DCA	140	132.106756831007
871.428571428571	233.333333333333	82.867890314819	24.6	107.467890314819	DCA	210	135.020397266848
885.714285714286	233.333333333333	84.253895125078	24.6	108.853895125078	DCA	210	136.406402077107
900	233.333333333333	82.6459113379192	24.6	107.245911337919	DCA	0	107.245911337919
914.285714285714	233.333333333333	78.8304062895464	24.6	103.430406289546	DCA	0	103.430406289546
928.571428571429	233.333333333333	78.9269337587369	24.6	103.526933758737	DCA	0	103.526933758737
942.857142857143	233.333333333333	74.1572623056709	24.6	98.7572623056708	DCA	0	98.7572623056708
957.142857142857	233.333333333333	77.7383468330753	24.6	102.338346833075	DCA	70	114.846865096305
971.428571428571	233.333333333333	75.2818910174538	24.6	99.8818910174538	DCA	280	129.969868395053
985.714285714286	233.333333333333	71.4709126573979	24.6	96.0709126573979	DCA	280	126.158890034997
1000	233.333333333333	76.9406226621234	24.6	101.540622662123	DCA	210	129.093129614153
0	266.666666666667	82.2888025101151	0	82.2888025101151	DCA	140	92.2718897573544
14.2857142857143	266.666666666667	83.2305931636205	0	83.2305931636205	DCA	0	83.2305931636205
28.5714285714286	266.666666666667	77.6520912353936	0	77.6520912353936	DCA	0	77.6520912353936
42.8571428571429	266.666666666667	78.0049067639766	0	78.0049067639766	DCA	140	87.9879940112159
57.1428571428571	266.666666666667	79.6914572103632	0	79.6914572103632	DCA	0	79.6914572103632
71.4285714285714	266.666666666667	80.4352943033451	0	80.4352943033451	DCA	280	87.1040716809441
85.7142857142857	266.666666666667	79.90383933242	0	79.90383933242	DCA	140	89.8869265796592
100	266.666666666667	81.7171978355509	0	81.7171978355509	DCA	70	88.3709160987805
114.285714285714	266.666666666667	79.449046317902	0	79.449046317902	DCA	280	86.117823695501
128.571428571429	266.666666666667	80.4513346404725	0	80.4513346404725	DCA	210	90.4394415925016
142.857142857143	266.666666666667	79.2779041417021	0	79.2779041417021	DCA	140	89.2609913889414
157.142857142857	266.666666666667	79.7981591881868	0	79.7981591881868	DCA	70	86.4518774514164
171.428571428571	266.666666666667	78.6801838808621	0	78.6801838808621	DCA	0	78.6801838808621
185.714285714286	266.666666666667	75.1916637003344	0	75.1916637003344	DCA	140	85.1747509475737
200	266.666666666667	76.0082261433417	0	76.0082261433417	DCA	0	76.0082261433417
214.285714285714	266.666666666667	75.7764447264785	0	75.7764447264785	DCA	140	85.7595319737178
228.571428571429	266.666666666667	76.4058692492354	0	76.4058692492354	DCA	70	83.0595875124649
242.857142857143	266.666666666667	74.6693646287102	0	74.6693646287102	DCA	70	81.3230828919397
257.142857142857	266.666666666667	77.2883748028565	0	77.2883748028565	DCA	280	83.9571521804555
271.428571428571	266.666666666667	74.6127477412316	0	74.6127477412316	DCA	210	84.6008546932607
285.714285714286	266.666666666667	75.5044193262937	0	75.5044193262937	DCA	140	85.487506573533
300	266.666666666667	75.2939258133706	0	75.2939258133706	DCA	140	85.2770130606099
314.285714285714	266.666666666667	79.2369166230884	0	79.2369166230884	DCA	70	85.890634886318
328.571428571429	266.666666666667	80.1319415429814	0	80.1319415429814	DCA	70	86.7856598062109
342.857142857143	266.666666666667	79.5844159041066	0	79.5844159041066	DCA	280	86.2531932817056
357.142857142857	266.666666666667	80.6036208737784	0	80.6036208737784	DCA	140	90.5867081210176
371.428571428571	266.666666666667	78.116266088342	0	78.116266088342	DCA	210	88.1043730403711
385.714285714286	266.666666666667	76.2079969369478	0	76.2079969369478	DCA	140	86.1910841841871
400	266.666666666667	81.9740923200863	0	81.9740923200863	DCA	210	91.9621992721154
414.285714285714	266.666666666667	75.6072686989739	0	75.6072686989739	DCA	210	85.595375651003
428.571428571429	266.666666666667	79.6864786425823	0	79.6864786425823	DCA	280	86.3552560201813
442.857142857143	266.666666666667	80.0074051925133	0	80.0074051925133	DCA	210	89.9955121445423
457.142857142857	266.666666666667	76.63207506592	0	76.63207506592	DCA	140	86.6151623131593
471.428571428571	266.666666666667	79.3741849226779	0	79.3741849226779	DCA	70	86.0279031859075
485.714285714286	266.666666666667	80.3735696710762	0	80.3735696710762	DCA	280	87.0423470486752
500	266.666666666667	79.1724194814511	0	79.1724194814511	DCA	280	85.8411968590501
514.285714285714	266.666666666667	81.8598679153475	24.6	106.459867915347	DCA	140	128.152555162587
528.571428571429	266.666666666667	80.9611942604364	24.6	105.561194260436	DCA	0	105.561194260436
542.857142857143	266.666666666667	80.4229857895898	24.6	105.02298578959	DCA	70	117.531504052819
557.142857142857	266.666666666667	79.8279646605011	24.6	104.427964660501	DCA	70	116.936482923731
571.428571428571	266.666666666667	87.0470382652394	24.6	111.647038265239	DCA	210	139.199545217268
585.714285714286	266.666666666667	85.6655281613935	24.6	110.265528161394	DCA	0	110.265528161394
600	266.666666666667	82.4519955094206	24.6	107.051995509421	DCA	140	128.74468275666
614.285714285714	266.666666666667	84.1031999375012	24.6	108.703199937501	DCA	140	130.39588718474
628.571428571429	266.666666666667	86.6549775707836	24.6	111.254977570784	DCA	210	138.807484522813
642.857142857143	266.666666666667	83.8381192689194	24.6	108.438119268919	DCA	210	135.990626220949
657.142857142857	266.666666666667	84.8967259481016	24.6	109.496725948102	DCA	70	122.005244211331
671.428571428571	266.666666666667	81.5048222262608	24.6	106.104822226261	DCA	140	127.7975094735
685.714285714286	266.666666666667	80.5262539291797	24.6	105.12625392918	DCA	210	132.678760881209
700	266.666666666667	80.8017803728047	24.6	105.401780372805	DCA	140	127.094467620044
714.285714285714	266.666666666667	80.3351768567464	24.6	104.935176856746	DCA	210	132.487683808775
728.571428571429	266.666666666667	82.9428792112885	24.6	107.542879211288	DCA	70	120.051397474518
742.857142857143	266.666666666667	82.9509119398478	24.6	107.550911939848	DCA	210	135.103418891877
757.142857142857	266.666666666667	81.6850758413759	24.6	106.285075841376	DCA	140	127.977763088615
771.428571428571	266.666666666667	82.9398712730451	24.6	107.539871273045	DCA	140	129.232558520284
785.714285714286	266.666666666667	81.3288538620227	24.6	105.928853862023	DCA	0	105.928853862023
800	266.666666666667	83.3317122975664	24.6	107.931712297566	DCA	210	135.484219249595
814.285714285714	266.666666666667	86.8703751868081	24.6	111.470375186808	DCA	140	133.163062434047
828.571428571429	266.666666666667	87.9842733448117	24.6	112.584273344812	DCA	210	140.136780296841
842.857142857143	266.666666666667	85.0716899220397	24.6	109.67168992204	DCA	140	131.364377169279
857.142857142857	266.666666666667	83.1142340223596	24.6	107.71423402236	DCA	0	107.71423402236
871.428571428571	266.666666666667	82.1795951657447	24.6	106.779595165745	DCA	140	128.472282412984
885.714285714286	266.666666666667	81.6658897996286	24.6	106.265889799629	DCA	140	127.958577046868
900	266.666666666667	82.8632863001124	24.6	107.463286300112	DCA	0	107.463286300112
914.285714285714	266.666666666667	82.601236255816	24.6	107.201236255816	DCA	210	134.753743207845
928.571428571429	266.666666666667	79.8320072138387	24.6	104.432007213839	DCA	280	134.519984591438
942.857142857143	266.666666666667	78.2440346114186	24.6	102.844034611419	DCA	0	102.844034611419
957.142857142857	266.666666666667	75.355943378044	24.6	99.955943378044	DCA	0	99.955943378044
971.428571428571	266.666666666667	74.9486664894781	24.6	99.5486664894781	DCA	280	129.636643867077
985.714285714286	266.666666666667	73.0569876751277	24.6	97.6569876751277	DCA	0	97.6569876751277
1000	266.666666666667	73.8849886291293	24.6	98.4849886291293	DCA	140	120.177675876369
0	300	76.5684935591322	0	76.5684935591322	DCA	210	86.5566005111612
14.2857142857143	300	78.7840778870954	0	78.7840778870954	DCA	280	85.4528552646944
28.5714285714286	300	81.293548376076	0	81.293548376076	DCA	140	91.2766356233153
42.8571428571429	300	80.1274912607041	0	80.1274912607041	DCA	0	80.1274912607041
57.1428571428571	300	81.6472038522457	0	81.6472038522457	DCA	210	91.6353108042747
71.4285714285714	300	79.5927376180776	0	79.5927376180776	DCA	70	86.2464558813072
85.7142857142857	300	77.0274714540489	0	77.0274714540489	DCA	0	77.0274714540489
100	300	73.8536891540711	0	73.8536891540711	DCA	140	83.8367764013104
114.285714285714	300	72.9402569953566	0	72.9402569953566	DCA	140	82.9233442425958
128.571428571429	300	80.5128261304656	0	80.5128261304656	DCA	210	90.5009330824947
142.857142857143	300	79.1592114914371	0	79.1592114914371	DCA	70	85.8129297546666
157.142857142857	300	79.6129995353437	0	79.6129995353437	DCA	280	86.2817769129427
171.428571428571	300	77.1855247637841	0	77.1855247637841	DCA	0	77.1855247637841
185.714285714286	300	77.9807310066616	0	77.9807310066616	DCA	280	84.6495083842606
200	300	76.7842809433757	0	76.7842809433757	DCA	140	86.767368190615
214.285714285714	300	75.0477248640249	0	75.0477248640249	DCA	140	85.0308121112642
228.571428571429	300	81.1836663353459	0	81.1836663353459	DCA	0	81.1836663353459
242.857142857143	300	81.3295550739245	0	81.3295550739245	DCA	140	91.3126423211638
257.142857142857	300	85.189583051683	0	85.189583051683	DCA	140	95.1726702989223
271.428571428571	300	81.0063538410661	0	81.0063538410661	DCA	140	90.9894410883053
285.714285714286	300	77.7372228309674	0	77.7372228309674	DCA	210	87.7253297829964
300	300	75.4558968013065	0	75.4558968013065	DCA	210	85.4440037533356
314.285714285714	300	78.3805581012891	0	78.3805581012891	DCA	280	85.0493354788881
328.571428571429	300	78.7613649669255	0	78.7613649669255	DCA	0	78.7613649669255
342.857142857143	300	80.1195834238403	0	80.1195834238403	DCA	70	86.7733016870699
357.142857142857	300	77.6457245562068	0	77.6457245562068	DCA	0	77.6457245562068
371.428571428571	300	82.2655096009978	0	82.2655096009978	DCA	70	88.9192278642274
385.714285714286	300	82.3729275367765	0	82.3729275367765	DCA	0	82.3729275367765
400	300	82.104756784587	0	82.104756784587	DCA	70	88.7584750478166
414.285714285714	300	79.975905957422	0	79.975905957422	DCA	140	89.9589932046613
428.571428571429	300	77.1818598638124	0	77.1818598638124	DCA	280	83.8506372414114
442.857142857143	300	79.3583889499312	0	79.3583889499312	DCA	210	89.3464959019603
457.142857142857	300	79.5310814241139	0	79.5310814241139	DCA	70	86.1847996873435
471.428571428571	300	78.3206559692082	0	78.3206559692082	DCA	0	78.3206559692082
485.714285714286	300	77.8167586497508	0	77.8167586497508	DCA	280	84.4855360273498
500	300	81.1590511878424	0	81.1590511878424	DCA	210	91.1471581398715
514.285714285714	300	78.5961524083252	24.6	103.196152408325	DCA	280	133.284129785924
528.571428571429	300	75.589516311934	24.6	100.189516311934	DCA	280	130.277493689533
542.857142857143	300	79.807823099244	24.6	104.407823099244	DCA	140	126.100510346483
557.142857142857	300	83.5574319189747	24.6	108.157431918975	DCA	140	129.850119166214
571.428571428571	300	84.3856058858384	24.6	108.985605885838	DCA	210	136.538112837867
585.714285714286	300	81.6011756059108	24.6	106.201175605911	DCA	280	136.28915298351
600	300	84.310209635772	24.6	108.910209635772	DCA	70	121.418727899002
614.285714285714	300	84.6857099024198	24.6	109.28570990242	DCA	70	121.794228165649
628.571428571429	300	86.061856851525	24.6	110.661856851525	DCA	210	138.214363803554
642.857142857143	300	86.2051371193997	24.6	110.8051371194	DCA	0	110.8051371194
657.142857142857	300	84.9728569718306	24.6	109.572856971831	DCA	280	139.66083434943
671.428571428571	300	84.4646552579377	24.6	109.064655257938	DCA	70	121.573173521167
685.714285714286	300	83.5748941524611	24.6	108.174894152461	DCA	280	138.26287153006
700	300	83.6278287019965	24.6	108.227828701996	DCA	0	108.227828701996
714.285714285714	300	81.6321352360776	24.6	106.232135236078	DCA	140	127.924822483317
728.571428571429	300	81.1587441075681	24.6	105.758744107568	DCA	70	118.267262370798
742.857142857143	300	80.7703074606688	24.6	105.370307460669	DCA	280	135.458284838268
757.142857142857	300	77.8355546652644	24.6	102.435554665264	DCA	0	102.435554665264
771.428571428571	300	80.8722682609387	24.6	105.472268260939	DCA	280	135.560245638538
785.714285714286	300	79.7926858353822	24.6	104.392685835382	DCA	70	116.901204098612
800	300	80.9809742254725	24.6	105.580974225473	DCA	210	133.133481177502
814.285714285714	300	80.7345640780242	24.6	105.334564078024	DCA	210	132.887071030053
828.571428571429	300	81.2099321294688	24.6	105.809932129469	DCA	70	118.318450392698
842.857142857143	300	81.1428633845538	24.6	105.742863384554	DCA	0	105.742863384554
857.142857142857	300	79.4332925466369	24.6	104.033292546637	DCA	70	116.541810809866
871.428571428571	300	80.7365761828401	24.6	105.33657618284	DCA	210	132.889083134869
885.714285714286	300	83.3805597711378	24.6	107.980559771138	DCA	0	107.980559771138
900	300	81.1084726564065	24.6	105.708472656406	DCA	210	133.260979608436
914.285714285714	300	83.1169315274202	24.6	107.71693152742	DCA	140	129.40961877466
928.571428571429	300	81.0543438665905	24.6	105.65434386659	DCA	280	135.742321244189
942.857142857143	300	79.420895493947	24.6	104.020895493947	DCA	0	104.020895493947
957.142857142857	300	77.7921847668869	24.6	102.392184766887	DCA	210	129.944691718916
971.428571428571	300	75.3283113414239	24.6	99.9283113414239	DCA	210	127.480818293453
985.714285714286	300	79.1525433227804	24.6	103.75254332278	DCA	0	103.75254332278
1000	300	75.7863064104291	24.6	100.386306410429	DCA	0	100.386306410429
