x	y	variable1	Zona	ErrorConEfecto	Disenio	AsigTrat	MiRto
0	0	82.1215832368968	0	82.1215832368968	DCA	0	82.1215832368968
14.2857142857143	0	79.5262285229689	0	79.5262285229689	DCA	280	74.872268848032
28.5714285714286	0	83.7325531368812	0	83.7325531368812	DCA	0	83.7325531368812
42.8571428571429	0	82.6460426967164	0	82.6460426967164	DCA	0	82.6460426967164
57.1428571428571	0	81.0381272502068	0	81.0381272502068	DCA	280	76.3841675752698
71.4285714285714	0	82.8136548723654	0	82.8136548723654	DCA	210	86.8096341566994
85.7142857142857	0	80.9439787253298	0	80.9439787253298	DCA	70	87.2669378471322
100	0	85.4265032804854	0	85.4265032804854	DCA	210	89.4224825648194
114.285714285714	0	82.7579028029474	0	82.7579028029474	DCA	210	86.7538820872814
128.571428571429	0	78.4965083545311	0	78.4965083545311	DCA	210	82.4924876388651
142.857142857143	0	78.8851518970297	0	78.8851518970297	DCA	280	74.2311922220928
157.142857142857	0	81.8215670919081	0	81.8215670919081	DCA	280	77.1676074169712
171.428571428571	0	75.3308769693331	0	75.3308769693331	DCA	140	82.9858291859135
185.714285714286	0	79.7345662762566	0	79.7345662762566	DCA	70	86.057525398059
200	0	79.6180618943275	0	79.6180618943275	DCA	0	79.6180618943275
214.285714285714	0	81.6943073119938	0	81.6943073119938	DCA	210	85.6902865963277
228.571428571429	0	79.1002567092395	0	79.1002567092395	DCA	280	74.4462970343026
242.857142857143	0	79.651118128818	0	79.651118128818	DCA	0	79.651118128818
257.142857142857	0	79.0621488009512	0	79.0621488009512	DCA	280	74.4081891260143
271.428571428571	0	80.6817744568168	0	80.6817744568168	DCA	70	87.0047335786192
285.714285714286	0	79.8703867111961	0	79.8703867111961	DCA	210	83.8663659955301
300	0	76.3986755493141	0	76.3986755493141	DCA	210	80.3946548336481
314.285714285714	0	79.1997969954105	0	79.1997969954105	DCA	0	79.1997969954105
328.571428571429	0	76.7375061822895	0	76.7375061822895	DCA	280	72.0835465073526
342.857142857143	0	76.3546085523377	0	76.3546085523377	DCA	0	76.3546085523377
357.142857142857	0	76.1665732417812	0	76.1665732417812	DCA	70	82.4895323635836
371.428571428571	0	80.3228613151904	0	80.3228613151904	DCA	140	87.9778135317708
385.714285714286	0	78.7454583574241	0	78.7454583574241	DCA	0	78.7454583574241
400	0	80.0643807914476	0	80.0643807914476	DCA	280	75.4104211165107
414.285714285714	0	79.3011543083347	0	79.3011543083347	DCA	140	86.9561065249151
428.571428571429	0	81.8339455517256	0	81.8339455517256	DCA	280	77.1799858767887
442.857142857143	0	78.5955938839451	0	78.5955938839451	DCA	280	73.9416342090081
457.142857142857	0	80.1658953016359	0	80.1658953016359	DCA	210	84.1618745859699
471.428571428571	0	82.6452494147099	0	82.6452494147099	DCA	140	90.3002016312903
485.714285714286	0	80.0794434778416	0	80.0794434778416	DCA	210	84.0754227621755
500	0	81.6446533530408	0	81.6446533530408	DCA	70	87.9676124748432
514.285714285714	0	77.7689122259953	24.6	102.368912225995	DCA	280	121.134152551058
528.571428571429	0	79.624653526313	24.6	104.224653526313	DCA	280	122.989893851376
542.857142857143	0	84.1654595795488	24.6	108.765459579549	DCA	210	130.325838863883
557.142857142857	0	79.846025802283	24.6	104.446025802283	DCA	0	104.446025802283
571.428571428571	0	80.269123229196	24.6	104.869123229196	DCA	280	123.634363554259
585.714285714286	0	82.9413274593796	24.6	107.54132745938	DCA	70	119.719086581182
600	0	78.2954926451831	24.6	102.895492645183	DCA	70	115.073251766985
614.285714285714	0	74.8125765906721	24.6	99.4125765906721	DCA	140	118.777128807253
628.571428571429	0	76.3877414243001	24.6	100.9877414243	DCA	140	120.35229364088
642.857142857143	0	80.7123150214451	24.6	105.312315021445	DCA	210	126.872694305779
657.142857142857	0	78.0477663172036	24.6	102.647766317204	DCA	0	102.647766317204
671.428571428571	0	77.1365581016976	24.6	101.736558101698	DCA	280	120.501798426761
685.714285714286	0	78.196537842123	24.6	102.796537842123	DCA	210	124.356917126457
700	0	79.9760225424638	24.6	104.576022542464	DCA	210	126.136401826798
714.285714285714	0	80.1472901619493	24.6	104.747290161949	DCA	0	104.747290161949
728.571428571429	0	80.846553250067	24.6	105.446553250067	DCA	70	117.624312371869
742.857142857143	0	82.923129877482	24.6	107.523129877482	DCA	280	126.288370202545
757.142857142857	0	81.176079529046	24.6	105.776079529046	DCA	0	105.776079529046
771.428571428571	0	79.8193011607909	24.6	104.419301160791	DCA	280	123.184541485854
785.714285714286	0	79.85727342829	24.6	104.45727342829	DCA	280	123.222513753353
800	0	77.573264219778	24.6	102.173264219778	DCA	280	120.938504544841
814.285714285714	0	77.1784549059096	24.6	101.77845490591	DCA	210	123.338834190244
828.571428571429	0	75.2658849401266	24.6	99.8658849401265	DCA	70	112.043644061929
842.857142857143	0	76.2824247040008	24.6	100.882424704001	DCA	280	119.647665029064
857.142857142857	0	76.060590617304	24.6	100.660590617304	DCA	280	119.425830942367
871.428571428571	0	79.3623813140969	24.6	103.962381314097	DCA	210	125.522760598431
885.714285714286	0	79.2904539944262	24.6	103.890453994426	DCA	210	125.45083327876
900	0	79.2965941313178	24.6	103.896594131318	DCA	70	116.07435325312
914.285714285714	0	77.8220120428442	24.6	102.422012042844	DCA	70	114.599771164647
928.571428571429	0	80.3158132389304	24.6	104.91581323893	DCA	210	126.476192523264
942.857142857143	0	81.5049599236401	24.6	106.10495992364	DCA	0	106.10495992364
957.142857142857	0	81.1914548107197	24.6	105.79145481072	DCA	140	125.1560070273
971.428571428571	0	84.400460680262	24.6	109.000460680262	DCA	210	130.560839964596
985.714285714286	0	82.8320307494779	24.6	107.432030749478	DCA	280	126.197271074541
1000	0	85.0618018995836	24.6	109.661801899584	DCA	210	131.222181183918
0	33.3333333333333	79.372636227712	0	79.372636227712	DCA	0	79.372636227712
14.2857142857143	33.3333333333333	79.2774305851592	0	79.2774305851592	DCA	210	83.2734098694932
28.5714285714286	33.3333333333333	77.764588927294	0	77.764588927294	DCA	0	77.764588927294
42.8571428571429	33.3333333333333	79.262089062443	0	79.262089062443	DCA	280	74.6081293875061
57.1428571428571	33.3333333333333	82.4154751373835	0	82.4154751373835	DCA	210	86.4114544217174
71.4285714285714	33.3333333333333	81.3246574030336	0	81.3246574030336	DCA	140	88.979609619614
85.7142857142857	33.3333333333333	83.8590463449243	0	83.8590463449243	DCA	0	83.8590463449243
100	33.3333333333333	79.8285930097043	0	79.8285930097043	DCA	140	87.4835452262847
114.285714285714	33.3333333333333	80.2401506046878	0	80.2401506046878	DCA	0	80.2401506046878
128.571428571429	33.3333333333333	79.990113224746	0	79.990113224746	DCA	210	83.9860925090799
142.857142857143	33.3333333333333	80.6945905510688	0	80.6945905510688	DCA	140	88.3495427676492
157.142857142857	33.3333333333333	76.7890428697601	0	76.7890428697601	DCA	70	83.1120019915625
171.428571428571	33.3333333333333	74.8946399690041	0	74.8946399690041	DCA	0	74.8946399690041
185.714285714286	33.3333333333333	73.3613331500158	0	73.3613331500158	DCA	70	79.6842922718182
200	33.3333333333333	80.2774047329033	0	80.2774047329033	DCA	70	86.6003638547057
214.285714285714	33.3333333333333	75.5969661643514	0	75.5969661643514	DCA	0	75.5969661643514
228.571428571429	33.3333333333333	78.1470367434362	0	78.1470367434362	DCA	70	84.4699958652386
242.857142857143	33.3333333333333	77.1507872315415	0	77.1507872315415	DCA	70	83.4737463533439
257.142857142857	33.3333333333333	78.7089584834789	0	78.7089584834789	DCA	280	74.0549988085419
271.428571428571	33.3333333333333	76.228050214135	0	76.228050214135	DCA	140	83.8830024307154
285.714285714286	33.3333333333333	76.3008947351738	0	76.3008947351738	DCA	280	71.6469350602368
300	33.3333333333333	78.1283214259933	0	78.1283214259933	DCA	210	82.1243007103273
314.285714285714	33.3333333333333	79.0957407597635	0	79.0957407597635	DCA	210	83.0917200440974
328.571428571429	33.3333333333333	78.5617741041574	0	78.5617741041574	DCA	140	86.2167263207378
342.857142857143	33.3333333333333	80.2758028247401	0	80.2758028247401	DCA	280	75.6218431498032
357.142857142857	33.3333333333333	77.2034370921371	0	77.2034370921371	DCA	280	72.5494774172002
371.428571428571	33.3333333333333	79.0714794466051	0	79.0714794466051	DCA	210	83.067458730939
385.714285714286	33.3333333333333	73.0968439862977	0	73.0968439862977	DCA	140	80.7517962028781
400	33.3333333333333	77.2461490870258	0	77.2461490870258	DCA	280	72.5921894120889
414.285714285714	33.3333333333333	78.9686813156125	0	78.9686813156125	DCA	70	85.2916404374149
428.571428571429	33.3333333333333	79.6346380649664	0	79.6346380649664	DCA	140	87.2895902815468
442.857142857143	33.3333333333333	81.2098536442061	0	81.2098536442061	DCA	210	85.2058329285401
457.142857142857	33.3333333333333	80.8476277413954	0	80.8476277413954	DCA	70	87.1705868631979
471.428571428571	33.3333333333333	78.1815819676145	0	78.1815819676145	DCA	0	78.1815819676145
485.714285714286	33.3333333333333	77.2082605468277	0	77.2082605468277	DCA	70	83.5312196686301
500	33.3333333333333	80.1136447777127	0	80.1136447777127	DCA	70	86.4366038995151
514.285714285714	33.3333333333333	79.6569523646541	24.6	104.256952364654	DCA	280	123.022192689717
528.571428571429	33.3333333333333	82.1142644857975	24.6	106.714264485797	DCA	70	118.8920236076
542.857142857143	33.3333333333333	79.9197030554682	24.6	104.519703055468	DCA	70	116.697462177271
557.142857142857	33.3333333333333	81.7826437411067	24.6	106.382643741107	DCA	0	106.382643741107
571.428571428571	33.3333333333333	80.5129871820847	24.6	105.112987182085	DCA	210	126.673366466419
585.714285714286	33.3333333333333	83.4574880950277	24.6	108.057488095028	DCA	280	126.822728420091
600	33.3333333333333	80.2847398430952	24.6	104.884739843095	DCA	70	117.062498964898
614.285714285714	33.3333333333333	76.3286957271074	24.6	100.928695727107	DCA	0	100.928695727107
628.571428571429	33.3333333333333	74.9552484181902	24.6	99.5552484181902	DCA	70	111.733007539993
642.857142857143	33.3333333333333	78.0785692067635	24.6	102.678569206764	DCA	280	121.443809531827
657.142857142857	33.3333333333333	82.5890923298647	24.6	107.189092329865	DCA	140	126.553644546445
671.428571428571	33.3333333333333	78.8779354966032	24.6	103.477935496603	DCA	70	115.655694618406
685.714285714286	33.3333333333333	80.3632207764158	24.6	104.963220776416	DCA	0	104.963220776416
700	33.3333333333333	76.6410492693118	24.6	101.241049269312	DCA	140	120.605601485892
714.285714285714	33.3333333333333	78.1347852445621	24.6	102.734785244562	DCA	280	121.500025569625
728.571428571429	33.3333333333333	80.5001845677449	24.6	105.100184567745	DCA	140	124.464736784325
742.857142857143	33.3333333333333	80.7100886715339	24.6	105.310088671534	DCA	140	124.674640888114
757.142857142857	33.3333333333333	82.9021997381045	24.6	107.502199738104	DCA	210	129.062579022438
771.428571428571	33.3333333333333	84.8928679459164	24.6	109.492867945916	DCA	70	121.670627067719
785.714285714286	33.3333333333333	82.2318124350496	24.6	106.83181243505	DCA	70	119.009571556852
800	33.3333333333333	76.6635501696377	24.6	101.263550169638	DCA	70	113.44130929144
814.285714285714	33.3333333333333	76.6945110817093	24.6	101.294511081709	DCA	280	120.059751406772
828.571428571429	33.3333333333333	78.5064921492078	24.6	103.106492149208	DCA	280	121.871732474271
842.857142857143	33.3333333333333	77.9963865266388	24.6	102.596386526639	DCA	140	121.960938743219
857.142857142857	33.3333333333333	76.6334145217087	24.6	101.233414521709	DCA	140	120.597966738289
871.428571428571	33.3333333333333	75.678401128669	24.6	100.278401128669	DCA	0	100.278401128669
885.714285714286	33.3333333333333	76.3772194004939	24.6	100.977219400494	DCA	280	119.742459725557
900	33.3333333333333	79.9014224020995	24.6	104.5014224021	DCA	0	104.5014224021
914.285714285714	33.3333333333333	80.7336413766709	24.6	105.333641376671	DCA	280	124.098881701734
928.571428571429	33.3333333333333	80.4322507474721	24.6	105.032250747472	DCA	0	105.032250747472
942.857142857143	33.3333333333333	81.5972845829343	24.6	106.197284582934	DCA	70	118.375043704737
957.142857142857	33.3333333333333	79.0978998579032	24.6	103.697899857903	DCA	70	115.875658979706
971.428571428571	33.3333333333333	80.0543302570936	24.6	104.654330257094	DCA	70	116.832089378896
985.714285714286	33.3333333333333	84.017308260501	24.6	108.617308260501	DCA	70	120.795067382303
1000	33.3333333333333	79.2779836794876	24.6	103.877983679488	DCA	140	123.242535896068
0	66.6666666666667	78.4559470618959	0	78.4559470618959	DCA	280	73.801987386959
14.2857142857143	66.6666666666667	78.31227335496	0	78.31227335496	DCA	210	82.308252639294
28.5714285714286	66.6666666666667	76.0704799168957	0	76.0704799168957	DCA	140	83.7254321334761
42.8571428571429	66.6666666666667	79.3748189452731	0	79.3748189452731	DCA	280	74.7208592703362
57.1428571428571	66.6666666666667	78.539664391537	0	78.539664391537	DCA	70	84.8626235133394
71.4285714285714	66.6666666666667	75.2404695454047	0	75.2404695454047	DCA	70	81.5634286672071
85.7142857142857	66.6666666666667	78.3503903668659	0	78.3503903668659	DCA	280	73.696430691929
100	66.6666666666667	77.8527664896727	0	77.8527664896727	DCA	140	85.5077187062531
114.285714285714	66.6666666666667	78.121396888818	0	78.121396888818	DCA	0	78.121396888818
128.571428571429	66.6666666666667	76.0797960220678	0	76.0797960220678	DCA	140	83.7347482386482
142.857142857143	66.6666666666667	75.0960045922928	0	75.0960045922928	DCA	70	81.4189637140952
157.142857142857	66.6666666666667	75.9298455291524	0	75.9298455291524	DCA	210	79.9258248134863
171.428571428571	66.6666666666667	74.8474196750369	0	74.8474196750369	DCA	210	78.8433989593708
185.714285714286	66.6666666666667	73.0900876410836	0	73.0900876410836	DCA	0	73.0900876410836
200	66.6666666666667	73.8562800735142	0	73.8562800735142	DCA	280	69.2023203985773
214.285714285714	66.6666666666667	74.757509867606	0	74.757509867606	DCA	70	81.0804689894084
228.571428571429	66.6666666666667	74.0527415082618	0	74.0527415082618	DCA	280	69.3987818333249
242.857142857143	66.6666666666667	78.3769002584736	0	78.3769002584736	DCA	280	73.7229405835367
257.142857142857	66.6666666666667	81.8377900191606	0	81.8377900191606	DCA	140	89.492742235741
271.428571428571	66.6666666666667	79.0979942328307	0	79.0979942328307	DCA	70	85.4209533546331
285.714285714286	66.6666666666667	81.2219859335004	0	81.2219859335004	DCA	140	88.8769381500808
300	66.6666666666667	78.740910033694	0	78.740910033694	DCA	70	85.0638691554964
314.285714285714	66.6666666666667	80.1564488246313	0	80.1564488246313	DCA	140	87.8114010412117
328.571428571429	66.6666666666667	78.182428632852	0	78.182428632852	DCA	140	85.8373808494324
342.857142857143	66.6666666666667	79.4909411306603	0	79.4909411306603	DCA	140	87.1458933472407
357.142857142857	66.6666666666667	79.9682200487851	0	79.9682200487851	DCA	210	83.9641993331191
371.428571428571	66.6666666666667	77.8586862272472	0	77.8586862272472	DCA	140	85.5136384438276
385.714285714286	66.6666666666667	74.4482718343353	0	74.4482718343353	DCA	210	78.4442511186692
400	66.6666666666667	77.1239234279845	0	77.1239234279845	DCA	0	77.1239234279845
414.285714285714	66.6666666666667	80.3832066855481	0	80.3832066855481	DCA	210	84.3791859698821
428.571428571429	66.6666666666667	76.8374238112211	0	76.8374238112211	DCA	210	80.833403095555
442.857142857143	66.6666666666667	78.0726720255148	0	78.0726720255148	DCA	0	78.0726720255148
457.142857142857	66.6666666666667	75.4820190853289	0	75.4820190853289	DCA	0	75.4820190853289
471.428571428571	66.6666666666667	81.7618965274875	0	81.7618965274875	DCA	280	77.1079368525506
485.714285714286	66.6666666666667	82.3847733837828	0	82.3847733837828	DCA	210	86.3807526681168
500	66.6666666666667	82.3338189045209	0	82.3338189045209	DCA	0	82.3338189045209
514.285714285714	66.6666666666667	80.9598055657657	24.6	105.559805565766	DCA	140	124.924357782346
528.571428571429	66.6666666666667	80.1442329019371	24.6	104.744232901937	DCA	280	123.509473227
542.857142857143	66.6666666666667	81.3503913679212	24.6	105.950391367921	DCA	0	105.950391367921
557.142857142857	66.6666666666667	85.1222260247975	24.6	109.722226024797	DCA	70	121.8999851466
571.428571428571	66.6666666666667	83.7709881856147	24.6	108.370988185615	DCA	280	127.136228510678
585.714285714286	66.6666666666667	79.3761625308446	24.6	103.976162530845	DCA	0	103.976162530845
600	66.6666666666667	80.5723067609241	24.6	105.172306760924	DCA	210	126.732686045258
614.285714285714	66.6666666666667	79.1116227961379	24.6	103.711622796138	DCA	0	103.711622796138
628.571428571429	66.6666666666667	81.6176629690638	24.6	106.217662969064	DCA	70	118.395422090866
642.857142857143	66.6666666666667	79.183771986423	24.6	103.783771986423	DCA	210	125.344151270757
657.142857142857	66.6666666666667	78.7024539969744	24.6	103.302453996974	DCA	280	122.067694322037
671.428571428571	66.6666666666667	77.4017597906244	24.6	102.001759790624	DCA	210	123.562139074958
685.714285714286	66.6666666666667	76.4155030772445	24.6	101.015503077244	DCA	280	119.780743402308
700	66.6666666666667	75.1029055647108	24.6	99.7029055647108	DCA	210	121.263284849045
714.285714285714	66.6666666666667	76.7394792102488	24.6	101.339479210249	DCA	0	101.339479210249
728.571428571429	66.6666666666667	78.1341391377808	24.6	102.734139137781	DCA	70	114.911898259583
742.857142857143	66.6666666666667	80.8619421385599	24.6	105.46194213856	DCA	140	124.82649435514
757.142857142857	66.6666666666667	82.1682131152975	24.6	106.768213115297	DCA	70	118.9459722371
771.428571428571	66.6666666666667	82.9372635429946	24.6	107.537263542995	DCA	70	119.715022664797
785.714285714286	66.6666666666667	79.3480090409797	24.6	103.94800904098	DCA	280	122.713249366043
800	66.6666666666667	82.4708386588723	24.6	107.070838658872	DCA	280	125.836078983935
814.285714285714	66.6666666666667	78.780373233819	24.6	103.380373233819	DCA	140	122.744925450399
828.571428571429	66.6666666666667	79.3068765987826	24.6	103.906876598783	DCA	140	123.271428815363
842.857142857143	66.6666666666667	77.0632693582492	24.6	101.663269358249	DCA	140	121.02782157483
857.142857142857	66.6666666666667	77.4211970478579	24.6	102.021197047858	DCA	280	120.786437372921
871.428571428571	66.6666666666667	77.705228947417	24.6	102.305228947417	DCA	210	123.865608231751
885.714285714286	66.6666666666667	79.1932344198168	24.6	103.793234419817	DCA	210	125.353613704151
900	66.6666666666667	80.3582069411617	24.6	104.958206941162	DCA	70	117.135966062964
914.285714285714	66.6666666666667	83.2034543615852	24.6	107.803454361585	DCA	70	119.981213483388
928.571428571429	66.6666666666667	80.9424608674432	24.6	105.542460867443	DCA	210	127.102840151777
942.857142857143	66.6666666666667	80.8548760696817	24.6	105.454876069682	DCA	210	127.015255354016
957.142857142857	66.6666666666667	76.3509455820554	24.6	100.950945582055	DCA	0	100.950945582055
971.428571428571	66.6666666666667	79.572305773958	24.6	104.172305773958	DCA	0	104.172305773958
985.714285714286	66.6666666666667	77.2749868102866	24.6	101.874986810287	DCA	70	114.052745932089
1000	66.6666666666667	79.3569665153797	24.6	103.95696651538	DCA	0	103.95696651538
0	100	76.0922071250218	0	76.0922071250218	DCA	0	76.0922071250218
14.2857142857143	100	78.6180892179581	0	78.6180892179581	DCA	210	82.6140685022921
28.5714285714286	100	77.8024946658102	0	77.8024946658102	DCA	0	77.8024946658102
42.8571428571429	100	76.4290239673379	0	76.4290239673379	DCA	0	76.4290239673379
57.1428571428571	100	76.3482961567818	0	76.3482961567818	DCA	0	76.3482961567818
71.4285714285714	100	76.2851956374436	0	76.2851956374436	DCA	0	76.2851956374436
85.7142857142857	100	76.4453430573556	0	76.4453430573556	DCA	280	71.7913833824187
100	100	79.0102390375176	0	79.0102390375176	DCA	280	74.3562793625807
114.285714285714	100	77.727092012568	0	77.727092012568	DCA	0	77.727092012568
128.571428571429	100	75.2368071704509	0	75.2368071704509	DCA	280	70.582847495514
142.857142857143	100	74.9490198700201	0	74.9490198700201	DCA	280	70.2950601950832
157.142857142857	100	75.0314502859088	0	75.0314502859088	DCA	0	75.0314502859088
171.428571428571	100	79.4052209175668	0	79.4052209175668	DCA	280	74.7512612426299
185.714285714286	100	75.6465842984537	0	75.6465842984537	DCA	210	79.6425635827877
200	100	74.4471298736569	0	74.4471298736569	DCA	280	69.79317019872
214.285714285714	100	75.4380349364096	0	75.4380349364096	DCA	70	81.760994058212
228.571428571429	100	74.9807672722711	0	74.9807672722711	DCA	210	78.9767465566051
242.857142857143	100	75.4166176478112	0	75.4166176478112	DCA	210	79.4125969321452
257.142857142857	100	77.0657523533164	0	77.0657523533164	DCA	0	77.0657523533164
271.428571428571	100	80.3291593684838	0	80.3291593684838	DCA	0	80.3291593684838
285.714285714286	100	79.7376979866316	0	79.7376979866316	DCA	0	79.7376979866316
300	100	81.5734326436588	0	81.5734326436588	DCA	70	87.8963917654612
314.285714285714	100	81.1722330425001	0	81.1722330425001	DCA	140	88.8271852590805
328.571428571429	100	80.2671625383918	0	80.2671625383918	DCA	70	86.5901216601942
342.857142857143	100	77.3181861370924	0	77.3181861370924	DCA	140	84.9731383536728
357.142857142857	100	77.2895096061751	0	77.2895096061751	DCA	140	84.9444618227555
371.428571428571	100	81.9904362965713	0	81.9904362965713	DCA	140	89.6453885131517
385.714285714286	100	78.0044989865827	0	78.0044989865827	DCA	210	82.0004782709167
400	100	77.286972234946	0	77.286972234946	DCA	140	84.9419244515264
414.285714285714	100	81.3719032208851	0	81.3719032208851	DCA	70	87.6948623426875
428.571428571429	100	80.3428589646911	0	80.3428589646911	DCA	210	84.3388382490251
442.857142857143	100	83.3114255377766	0	83.3114255377766	DCA	210	87.3074048221106
457.142857142857	100	79.1642497674353	0	79.1642497674353	DCA	0	79.1642497674353
471.428571428571	100	82.4643830148548	0	82.4643830148548	DCA	70	88.7873421366572
485.714285714286	100	82.8209497531756	0	82.8209497531756	DCA	0	82.8209497531756
500	100	83.9374033379859	0	83.9374033379859	DCA	280	79.283443663049
514.285714285714	100	80.7752646964274	24.6	105.375264696427	DCA	210	126.935643980761
528.571428571429	100	83.6383634125275	24.6	108.238363412528	DCA	70	120.41612253433
542.857142857143	100	81.171039962866	24.6	105.771039962866	DCA	0	105.771039962866
557.142857142857	100	82.6444699466728	24.6	107.244469946673	DCA	280	126.009710271736
571.428571428571	100	86.0281784492275	24.6	110.628178449227	DCA	210	132.188557733561
585.714285714286	100	81.1466222490568	24.6	105.746622249057	DCA	140	125.111174465637
600	100	78.1760373815458	24.6	102.776037381546	DCA	140	122.140589598126
614.285714285714	100	80.6738679519681	24.6	105.273867951968	DCA	140	124.638420168549
628.571428571429	100	78.1925543066115	24.6	102.792554306611	DCA	140	122.157106523192
642.857142857143	100	77.3741156995701	24.6	101.97411569957	DCA	140	121.33866791615
657.142857142857	100	77.4893473656953	24.6	102.089347365695	DCA	140	121.453899582276
671.428571428571	100	77.7086524475825	24.6	102.308652447582	DCA	70	114.486411569385
685.714285714286	100	80.3266077005179	24.6	104.926607700518	DCA	0	104.926607700518
700	100	81.0855500160312	24.6	105.685550016031	DCA	280	124.450790341094
714.285714285714	100	76.5984043346786	24.6	101.198404334679	DCA	70	113.376163456481
728.571428571429	100	77.7306326460942	24.6	102.330632646094	DCA	70	114.508391767897
742.857142857143	100	78.2869280161277	24.6	102.886928016128	DCA	70	115.06468713793
757.142857142857	100	76.4770697025795	24.6	101.07706970258	DCA	210	122.637448986913
771.428571428571	100	81.9383961439845	24.6	106.538396143984	DCA	70	118.716155265787
785.714285714286	100	80.8639311190264	24.6	105.463931119026	DCA	280	124.229171444089
800	100	79.5536934885972	24.6	104.153693488597	DCA	140	123.518245705178
814.285714285714	100	82.707147671256	24.6	107.307147671256	DCA	0	107.307147671256
828.571428571429	100	81.7502252500393	24.6	106.350225250039	DCA	140	125.71477746662
842.857142857143	100	84.6026480791457	24.6	109.202648079146	DCA	0	109.202648079146
857.142857142857	100	80.5555931210118	24.6	105.155593121012	DCA	70	117.333352242814
871.428571428571	100	80.5452277507474	24.6	105.145227750747	DCA	70	117.32298687255
885.714285714286	100	83.7576661624264	24.6	108.357666162426	DCA	280	127.122906487489
900	100	80.8333232498207	24.6	105.433323249821	DCA	280	124.198563574884
914.285714285714	100	81.0346946590726	24.6	105.634694659073	DCA	70	117.812453780875
928.571428571429	100	77.8045720425809	24.6	102.404572042581	DCA	0	102.404572042581
942.857142857143	100	77.9673095612628	24.6	102.567309561263	DCA	0	102.567309561263
957.142857142857	100	77.1874432763575	24.6	101.787443276357	DCA	210	123.347822560691
971.428571428571	100	73.480760422708	24.6	98.080760422708	DCA	0	98.080760422708
985.714285714286	100	77.8708977617597	24.6	102.47089776176	DCA	210	124.031277046094
1000	100	83.3249626512657	24.6	107.924962651266	DCA	280	126.690202976329
0	133.333333333333	80.3013692387626	0	80.3013692387626	DCA	280	75.6474095638257
14.2857142857143	133.333333333333	78.3758135103876	0	78.3758135103876	DCA	70	84.69877263219
28.5714285714286	133.333333333333	78.1635052207067	0	78.1635052207067	DCA	210	82.1594845050406
42.8571428571429	133.333333333333	78.0070417313661	0	78.0070417313661	DCA	280	73.3530820564292
57.1428571428571	133.333333333333	77.5391205081033	0	77.5391205081033	DCA	280	72.8851608331664
71.4285714285714	133.333333333333	80.6605260557208	0	80.6605260557208	DCA	280	76.0065663807838
85.7142857142857	133.333333333333	77.251078747251	0	77.251078747251	DCA	280	72.597119072314
100	133.333333333333	78.1747810329707	0	78.1747810329707	DCA	140	85.8297332495511
114.285714285714	133.333333333333	78.8355552839287	0	78.8355552839287	DCA	280	74.1815956089918
128.571428571429	133.333333333333	76.7035269746634	0	76.7035269746634	DCA	210	80.6995062589973
142.857142857143	133.333333333333	79.0752014757885	0	79.0752014757885	DCA	70	85.3981605975909
157.142857142857	133.333333333333	74.9110047679901	0	74.9110047679901	DCA	140	82.5659569845705
171.428571428571	133.333333333333	73.2529146800863	0	73.2529146800863	DCA	210	77.2488939644203
185.714285714286	133.333333333333	75.7637704271022	0	75.7637704271022	DCA	70	82.0867295489046
200	133.333333333333	76.6253054504466	0	76.6253054504466	DCA	140	84.280257667027
214.285714285714	133.333333333333	76.8556188133979	0	76.8556188133979	DCA	210	80.8515980977319
228.571428571429	133.333333333333	76.9204410959251	0	76.9204410959251	DCA	140	84.5753933125055
242.857142857143	133.333333333333	76.7951977497432	0	76.7951977497432	DCA	280	72.1412380748063
257.142857142857	133.333333333333	75.4464628327744	0	75.4464628327744	DCA	0	75.4464628327744
271.428571428571	133.333333333333	78.7594992864433	0	78.7594992864433	DCA	140	86.4144515030237
285.714285714286	133.333333333333	78.532912996745	0	78.532912996745	DCA	140	86.1878652133254
300	133.333333333333	76.4220790943028	0	76.4220790943028	DCA	70	82.7450382161052
314.285714285714	133.333333333333	75.8166928008501	0	75.8166928008501	DCA	140	83.4716450174305
328.571428571429	133.333333333333	76.0964601265693	0	76.0964601265693	DCA	210	80.0924394109033
342.857142857143	133.333333333333	76.4053952829664	0	76.4053952829664	DCA	280	71.7514356080295
357.142857142857	133.333333333333	78.2329503407637	0	78.2329503407637	DCA	0	78.2329503407637
371.428571428571	133.333333333333	78.1545541687344	0	78.1545541687344	DCA	140	85.8095063853148
385.714285714286	133.333333333333	80.8337121939955	0	80.8337121939955	DCA	210	84.8296914783294
400	133.333333333333	79.3539290672811	0	79.3539290672811	DCA	70	85.6768881890835
414.285714285714	133.333333333333	82.9168341634538	0	82.9168341634538	DCA	210	86.9128134477877
428.571428571429	133.333333333333	83.0940363898683	0	83.0940363898683	DCA	210	87.0900156742023
442.857142857143	133.333333333333	80.5308202514952	0	80.5308202514952	DCA	0	80.5308202514952
457.142857142857	133.333333333333	84.102381863588	0	84.102381863588	DCA	140	91.7573340801684
471.428571428571	133.333333333333	84.5551344720743	0	84.5551344720743	DCA	70	90.8780935938767
485.714285714286	133.333333333333	89.0071642906489	0	89.0071642906489	DCA	70	95.3301234124513
500	133.333333333333	87.1396135199854	0	87.1396135199854	DCA	210	91.1355928043194
514.285714285714	133.333333333333	84.674591817667	24.6	109.274591817667	DCA	210	130.834971102001
528.571428571429	133.333333333333	82.6774585713257	24.6	107.277458571326	DCA	210	128.83783785566
542.857142857143	133.333333333333	80.1370747107278	24.6	104.737074710728	DCA	280	123.502315035791
557.142857142857	133.333333333333	80.2475735397182	24.6	104.847573539718	DCA	70	117.025332661521
571.428571428571	133.333333333333	83.6897263335854	24.6	108.289726333585	DCA	280	127.054966658648
585.714285714286	133.333333333333	83.8151071359286	24.6	108.415107135929	DCA	70	120.592866257731
600	133.333333333333	85.1767446857372	24.6	109.776744685737	DCA	0	109.776744685737
614.285714285714	133.333333333333	83.7709727234242	24.6	108.370972723424	DCA	140	127.735524940005
628.571428571429	133.333333333333	80.5136088201437	24.6	105.113608820144	DCA	70	117.291367941946
642.857142857143	133.333333333333	79.2789379433305	24.6	103.878937943331	DCA	140	123.243490159911
657.142857142857	133.333333333333	77.2433849210881	24.6	101.843384921088	DCA	0	101.843384921088
671.428571428571	133.333333333333	78.4964298580203	24.6	103.09642985802	DCA	280	121.861670183083
685.714285714286	133.333333333333	76.6335620902261	24.6	101.233562090226	DCA	140	120.598114306807
700	133.333333333333	77.1472762216865	24.6	101.747276221687	DCA	0	101.747276221687
714.285714285714	133.333333333333	75.9027398556062	24.6	100.502739855606	DCA	0	100.502739855606
728.571428571429	133.333333333333	77.1163721843851	24.6	101.716372184385	DCA	140	121.080924400965
742.857142857143	133.333333333333	76.4869042787547	24.6	101.086904278755	DCA	140	120.451456495335
757.142857142857	133.333333333333	77.2117227358817	24.6	101.811722735882	DCA	280	120.576963060945
771.428571428571	133.333333333333	76.9521719850007	24.6	101.552171985001	DCA	70	113.729931106803
785.714285714286	133.333333333333	77.0564315032552	24.6	101.656431503255	DCA	140	121.020983719836
800	133.333333333333	78.9907577557124	24.6	103.590757755712	DCA	0	103.590757755712
814.285714285714	133.333333333333	79.215617130179	24.6	103.815617130179	DCA	0	103.815617130179
828.571428571429	133.333333333333	81.9992419791658	24.6	106.599241979166	DCA	280	125.364482304229
842.857142857143	133.333333333333	82.4173178395554	24.6	107.017317839555	DCA	140	126.381870056136
857.142857142857	133.333333333333	83.6829358333804	24.6	108.28293583338	DCA	140	127.647488049961
871.428571428571	133.333333333333	85.7168372680921	24.6	110.316837268092	DCA	210	131.877216552426
885.714285714286	133.333333333333	85.7307958961255	24.6	110.330795896125	DCA	280	129.096036221189
900	133.333333333333	84.4770264306897	24.6	109.07702643069	DCA	140	128.44157864727
914.285714285714	133.333333333333	87.8661778880538	24.6	112.466177888054	DCA	0	112.466177888054
928.571428571429	133.333333333333	81.1239511582094	24.6	105.723951158209	DCA	0	105.723951158209
942.857142857143	133.333333333333	83.9987558110069	24.6	108.598755811007	DCA	280	127.36399613607
957.142857142857	133.333333333333	80.1554463398445	24.6	104.755446339845	DCA	70	116.933205461647
971.428571428571	133.333333333333	81.0995576615389	24.6	105.699557661539	DCA	140	125.064109878119
985.714285714286	133.333333333333	77.6471116114402	24.6	102.24711161144	DCA	0	102.24711161144
1000	133.333333333333	81.5919734460552	24.6	106.191973446055	DCA	280	124.957213771118
0	166.666666666667	81.6772070978763	0	81.6772070978763	DCA	280	77.0232474229394
14.2857142857143	166.666666666667	80.3119663189887	0	80.3119663189887	DCA	280	75.6580066440518
28.5714285714286	166.666666666667	79.1039283736718	0	79.1039283736718	DCA	280	74.4499686987349
42.8571428571429	166.666666666667	79.7808852726786	0	79.7808852726786	DCA	0	79.7808852726786
57.1428571428571	166.666666666667	82.9769774044426	0	82.9769774044426	DCA	140	90.631929621023
71.4285714285714	166.666666666667	82.0570804341328	0	82.0570804341328	DCA	140	89.7120326507132
85.7142857142857	166.666666666667	82.8457350607012	0	82.8457350607012	DCA	140	90.5006872772816
100	166.666666666667	80.6865839999289	0	80.6865839999289	DCA	210	84.6825632842629
114.285714285714	166.666666666667	81.2728890942423	0	81.2728890942423	DCA	70	87.5958482160448
128.571428571429	166.666666666667	78.1379702698889	0	78.1379702698889	DCA	280	73.484010594952
142.857142857143	166.666666666667	77.1200130851597	0	77.1200130851597	DCA	280	72.4660534102228
157.142857142857	166.666666666667	77.5336030352061	0	77.5336030352061	DCA	140	85.1885552517865
171.428571428571	166.666666666667	80.3990994613391	0	80.3990994613391	DCA	0	80.3990994613391
185.714285714286	166.666666666667	78.5779001617262	0	78.5779001617262	DCA	70	84.9008592835286
200	166.666666666667	77.3081461195823	0	77.3081461195823	DCA	0	77.3081461195823
214.285714285714	166.666666666667	79.0781994268602	0	79.0781994268602	DCA	280	74.4242397519233
228.571428571429	166.666666666667	82.4010404587751	0	82.4010404587751	DCA	210	86.3970197431091
242.857142857143	166.666666666667	79.6153205507372	0	79.6153205507372	DCA	70	85.9382796725396
257.142857142857	166.666666666667	77.7163358126074	0	77.7163358126074	DCA	280	73.0623761376705
271.428571428571	166.666666666667	75.9230066164302	0	75.9230066164302	DCA	140	83.5779588330106
285.714285714286	166.666666666667	78.4929303634295	0	78.4929303634295	DCA	210	82.4889096477634
300	166.666666666667	77.958734296846	0	77.958734296846	DCA	0	77.958734296846
314.285714285714	166.666666666667	78.6398003902181	0	78.6398003902181	DCA	280	73.9858407152812
328.571428571429	166.666666666667	78.0915757424094	0	78.0915757424094	DCA	210	82.0875550267434
342.857142857143	166.666666666667	79.6007015564661	0	79.6007015564661	DCA	0	79.6007015564661
357.142857142857	166.666666666667	79.052200286637	0	79.052200286637	DCA	280	74.3982406117001
371.428571428571	166.666666666667	82.4889003612957	0	82.4889003612957	DCA	140	90.1438525778761
385.714285714286	166.666666666667	84.6523119517326	0	84.6523119517326	DCA	140	92.307264168313
400	166.666666666667	81.999668793287	0	81.999668793287	DCA	210	85.9956480776209
414.285714285714	166.666666666667	84.1002701599048	0	84.1002701599048	DCA	0	84.1002701599048
428.571428571429	166.666666666667	81.7859747068277	0	81.7859747068277	DCA	210	85.7819539911617
442.857142857143	166.666666666667	81.7537092963525	0	81.7537092963525	DCA	210	85.7496885806864
457.142857142857	166.666666666667	81.7624322446309	0	81.7624322446309	DCA	0	81.7624322446309
471.428571428571	166.666666666667	82.0513523183141	0	82.0513523183141	DCA	70	88.3743114401165
485.714285714286	166.666666666667	84.6259068906567	0	84.6259068906567	DCA	140	92.2808591072371
500	166.666666666667	82.9417660904771	0	82.9417660904771	DCA	0	82.9417660904771
514.285714285714	166.666666666667	81.0071040430609	24.6	105.607104043061	DCA	0	105.607104043061
528.571428571429	166.666666666667	83.7834257765052	24.6	108.383425776505	DCA	70	120.561184898308
542.857142857143	166.666666666667	79.4686300409188	24.6	104.068630040919	DCA	70	116.246389162721
557.142857142857	166.666666666667	82.6650816689399	24.6	107.26508166894	DCA	70	119.442840790742
571.428571428571	166.666666666667	81.7564838502646	24.6	106.356483850265	DCA	280	125.121724175328
585.714285714286	166.666666666667	84.4194445494838	24.6	109.019444549484	DCA	70	121.197203671286
600	166.666666666667	83.7120792411046	24.6	108.312079241105	DCA	70	120.489838362907
614.285714285714	166.666666666667	83.327169896764	24.6	107.927169896764	DCA	280	126.692410221827
628.571428571429	166.666666666667	80.5345280525304	24.6	105.13452805253	DCA	70	117.312287174333
642.857142857143	166.666666666667	81.7540534306134	24.6	106.354053430613	DCA	210	127.914432714947
657.142857142857	166.666666666667	77.0111821989192	24.6	101.611182198919	DCA	280	120.376422523982
671.428571428571	166.666666666667	78.1119816239404	24.6	102.71198162394	DCA	210	124.272360908274
685.714285714286	166.666666666667	78.0240021450144	24.6	102.624002145014	DCA	210	124.184381429348
700	166.666666666667	78.6792455581	24.6	103.2792455581	DCA	140	122.64379777468
714.285714285714	166.666666666667	81.3190469190811	24.6	105.919046919081	DCA	280	124.684287244144
728.571428571429	166.666666666667	74.8306321717421	24.6	99.4306321717421	DCA	140	118.795184388322
742.857142857143	166.666666666667	77.5516966506019	24.6	102.151696650602	DCA	140	121.516248867182
757.142857142857	166.666666666667	80.0434894714155	24.6	104.643489471416	DCA	280	123.408729796479
771.428571428571	166.666666666667	78.3214611771541	24.6	102.921461177154	DCA	0	102.921461177154
785.714285714286	166.666666666667	83.9938540694899	24.6	108.59385406949	DCA	280	127.359094394553
800	166.666666666667	80.2544763194153	24.6	104.854476319415	DCA	0	104.854476319415
814.285714285714	166.666666666667	80.0283744367695	24.6	104.62837443677	DCA	0	104.62837443677
828.571428571429	166.666666666667	80.6079775358527	24.6	105.207977535853	DCA	70	117.385736657655
842.857142857143	166.666666666667	85.7651711214556	24.6	110.365171121456	DCA	140	129.729723338036
857.142857142857	166.666666666667	89.5457752975769	24.6	114.145775297577	DCA	0	114.145775297577
871.428571428571	166.666666666667	84.3075247680347	24.6	108.907524768035	DCA	210	130.467904052369
885.714285714286	166.666666666667	82.9880515773904	24.6	107.58805157739	DCA	280	126.353291902453
900	166.666666666667	80.3207368578792	24.6	104.920736857879	DCA	0	104.920736857879
914.285714285714	166.666666666667	76.1525794236868	24.6	100.752579423687	DCA	70	112.930338545489
928.571428571429	166.666666666667	82.6963066234003	24.6	107.2963066234	DCA	210	128.856685907734
942.857142857143	166.666666666667	80.4024405241184	24.6	105.002440524118	DCA	140	124.366992740699
957.142857142857	166.666666666667	81.5681595451347	24.6	106.168159545135	DCA	140	125.532711761715
971.428571428571	166.666666666667	81.3633134867218	24.6	105.963313486722	DCA	210	127.523692771056
985.714285714286	166.666666666667	77.6895203135977	24.6	102.289520313598	DCA	70	114.4672794354
1000	166.666666666667	77.6877274465944	24.6	102.287727446594	DCA	280	121.052967771657
0	200	81.4696000154993	0	81.4696000154993	DCA	280	76.8156403405624
14.2857142857143	200	74.862227995095	0	74.862227995095	DCA	0	74.862227995095
28.5714285714286	200	79.1225739782504	0	79.1225739782504	DCA	0	79.1225739782504
42.8571428571429	200	79.3750937892048	0	79.3750937892048	DCA	280	74.7211341142679
57.1428571428571	200	82.0353172205616	0	82.0353172205616	DCA	0	82.0353172205616
71.4285714285714	200	80.1529015364633	0	80.1529015364633	DCA	0	80.1529015364633
85.7142857142857	200	80.4137621788337	0	80.4137621788337	DCA	280	75.7598025038968
100	200	77.7243814568852	0	77.7243814568852	DCA	140	85.3793336734656
114.285714285714	200	78.0528546740174	0	78.0528546740174	DCA	210	82.0488339583513
128.571428571429	200	77.609442717615	0	77.609442717615	DCA	0	77.609442717615
142.857142857143	200	78.104636607489	0	78.104636607489	DCA	210	82.1006158918229
157.142857142857	200	77.350453828004	0	77.350453828004	DCA	0	77.350453828004
171.428571428571	200	78.1557339061981	0	78.1557339061981	DCA	70	84.4786930280005
185.714285714286	200	75.0917394450096	0	75.0917394450096	DCA	0	75.0917394450096
200	200	76.0259313369034	0	76.0259313369034	DCA	280	71.3719716619665
214.285714285714	200	77.1734508405243	0	77.1734508405243	DCA	280	72.5194911655874
228.571428571429	200	80.3625848156783	0	80.3625848156783	DCA	210	84.3585641000123
242.857142857143	200	82.1213884498077	0	82.1213884498077	DCA	210	86.1173677341416
257.142857142857	200	80.0658711533274	0	80.0658711533274	DCA	70	86.3888302751298
271.428571428571	200	81.0133055001203	0	81.0133055001203	DCA	140	88.6682577167007
285.714285714286	200	76.8478088216945	0	76.8478088216945	DCA	70	83.1707679434969
300	200	78.0582736771315	0	78.0582736771315	DCA	140	85.7132258937119
314.285714285714	200	77.0592406878613	0	77.0592406878613	DCA	70	83.3821998096637
328.571428571429	200	82.4264792733868	0	82.4264792733868	DCA	280	77.7725195984499
342.857142857143	200	86.828251611173	0	86.828251611173	DCA	210	90.824230895507
357.142857142857	200	84.672962947284	0	84.672962947284	DCA	140	92.3279151638644
371.428571428571	200	86.3057315394011	0	86.3057315394011	DCA	0	86.3057315394011
385.714285714286	200	83.1718906847493	0	83.1718906847493	DCA	210	87.1678699690833
400	200	82.8678615560302	0	82.8678615560302	DCA	70	89.1908206778326
414.285714285714	200	82.0834790678903	0	82.0834790678903	DCA	210	86.0794583522243
428.571428571429	200	82.0252914417408	0	82.0252914417408	DCA	140	89.6802436583212
442.857142857143	200	82.5660129054038	0	82.5660129054038	DCA	280	77.9120532304669
457.142857142857	200	81.9528628026599	0	81.9528628026599	DCA	210	85.9488420869939
471.428571428571	200	79.0427116431736	0	79.0427116431736	DCA	210	83.0386909275075
485.714285714286	200	80.3964451355636	0	80.3964451355636	DCA	0	80.3964451355636
500	200	76.9338669358514	0	76.9338669358514	DCA	70	83.2568260576538
514.285714285714	200	81.887484335734	24.6	106.487484335734	DCA	70	118.665243457536
528.571428571429	200	79.2376270389762	24.6	103.837627038976	DCA	140	123.202179255557
542.857142857143	200	82.0647787585514	24.6	106.664778758551	DCA	210	128.225158042885
557.142857142857	200	83.1762728773242	24.6	107.776272877324	DCA	140	127.140825093905
571.428571428571	200	82.9344338601493	24.6	107.534433860149	DCA	0	107.534433860149
585.714285714286	200	81.9059688332102	24.6	106.50596883321	DCA	70	118.683727955013
600	200	82.4115774881763	24.6	107.011577488176	DCA	210	128.57195677251
614.285714285714	200	79.2138562545651	24.6	103.813856254565	DCA	280	122.579096579628
628.571428571429	200	80.7629526738778	24.6	105.362952673878	DCA	0	105.362952673878
642.857142857143	200	79.3019961380567	24.6	103.901996138057	DCA	0	103.901996138057
657.142857142857	200	79.1086726806714	24.6	103.708672680671	DCA	70	115.886431802474
671.428571428571	200	77.898179608251	24.6	102.498179608251	DCA	210	124.058558892585
685.714285714286	200	77.9670335627817	24.6	102.567033562782	DCA	210	124.127412847116
700	200	80.4834496835753	24.6	105.083449683575	DCA	140	124.448001900156
714.285714285714	200	77.2645791572534	24.6	101.864579157253	DCA	210	123.424958441587
728.571428571429	200	78.4191407679221	24.6	103.019140767922	DCA	70	115.196899889724
742.857142857143	200	82.474157042548	24.6	107.074157042548	DCA	280	125.839397367611
757.142857142857	200	80.6050283506949	24.6	105.205028350695	DCA	210	126.765407635029
771.428571428571	200	81.744830675782	24.6	106.344830675782	DCA	0	106.344830675782
785.714285714286	200	82.7616456321283	24.6	107.361645632128	DCA	0	107.361645632128
800	200	80.110457690831	24.6	104.710457690831	DCA	70	116.888216812633
814.285714285714	200	77.347646061606	24.6	101.947646061606	DCA	70	114.125405183408
828.571428571429	200	78.7414371318452	24.6	103.341437131845	DCA	70	115.519196253648
842.857142857143	200	80.3450320711826	24.6	104.945032071183	DCA	210	126.505411355517
857.142857142857	200	84.8579176056242	24.6	109.457917605624	DCA	280	128.223157930687
871.428571428571	200	84.8489555071746	24.6	109.448955507175	DCA	140	128.813507723755
885.714285714286	200	82.7060929927015	24.6	107.306092992701	DCA	0	107.306092992701
900	200	80.6453995743746	24.6	105.245399574375	DCA	280	124.010639899438
914.285714285714	200	81.9193333466909	24.6	106.519333346691	DCA	210	128.079712631025
928.571428571429	200	78.1395557439716	24.6	102.739555743972	DCA	0	102.739555743972
942.857142857143	200	81.7457519062211	24.6	106.345751906221	DCA	140	125.710304122801
957.142857142857	200	78.3361888796412	24.6	102.936188879641	DCA	70	115.113948001444
971.428571428571	200	79.0250756274434	24.6	103.625075627443	DCA	280	122.390315952506
985.714285714286	200	77.8439531485493	24.6	102.443953148549	DCA	140	121.80850536513
1000	200	79.2058852175547	24.6	103.805885217555	DCA	0	103.805885217555
0	233.333333333333	77.1969234079291	0	77.1969234079291	DCA	70	83.5198825297315
14.2857142857143	233.333333333333	78.4741512430335	0	78.4741512430335	DCA	210	82.4701305273675
28.5714285714286	233.333333333333	79.6258309132615	0	79.6258309132615	DCA	140	87.2807831298419
42.8571428571429	233.333333333333	78.2151556037136	0	78.2151556037136	DCA	140	85.870107820294
57.1428571428571	233.333333333333	77.5615634495573	0	77.5615634495573	DCA	70	83.8845225713597
71.4285714285714	233.333333333333	80.8490504951955	0	80.8490504951955	DCA	210	84.8450297795295
85.7142857142857	233.333333333333	78.3632327731877	0	78.3632327731877	DCA	140	86.0181849897681
100	233.333333333333	76.1652277191794	0	76.1652277191794	DCA	70	82.4881868409819
114.285714285714	233.333333333333	77.242914698062	0	77.242914698062	DCA	70	83.5658738198644
128.571428571429	233.333333333333	75.9361445023415	0	75.9361445023415	DCA	70	82.2591036241439
142.857142857143	233.333333333333	82.8732560073175	0	82.8732560073175	DCA	280	78.2192963323806
157.142857142857	233.333333333333	77.7749495928699	0	77.7749495928699	DCA	70	84.0979087146724
171.428571428571	233.333333333333	79.804484918095	0	79.804484918095	DCA	140	87.4594371346754
185.714285714286	233.333333333333	80.793986541904	0	80.793986541904	DCA	70	87.1169456637064
200	233.333333333333	81.5897676523501	0	81.5897676523501	DCA	210	85.5857469366841
214.285714285714	233.333333333333	83.4929089140011	0	83.4929089140011	DCA	70	89.8158680358035
228.571428571429	233.333333333333	82.1801832153806	0	82.1801832153806	DCA	280	77.5262235404437
242.857142857143	233.333333333333	81.8029290902954	0	81.8029290902954	DCA	210	85.7989083746294
257.142857142857	233.333333333333	81.1233408803575	0	81.1233408803575	DCA	70	87.44630000216
271.428571428571	233.333333333333	80.5274671215459	0	80.5274671215459	DCA	280	75.8735074466089
285.714285714286	233.333333333333	78.9007791068558	0	78.9007791068558	DCA	210	82.8967583911898
300	233.333333333333	82.3369399020368	0	82.3369399020368	DCA	70	88.6598990238392
314.285714285714	233.333333333333	82.7830828760334	0	82.7830828760334	DCA	0	82.7830828760334
328.571428571429	233.333333333333	83.6313366092123	0	83.6313366092123	DCA	210	87.6273158935463
342.857142857143	233.333333333333	81.10190081103	0	81.10190081103	DCA	280	76.4479411360931
357.142857142857	233.333333333333	76.7256477881691	0	76.7256477881691	DCA	0	76.7256477881691
371.428571428571	233.333333333333	77.4001395773975	0	77.4001395773975	DCA	280	72.7461799024605
385.714285714286	233.333333333333	76.8652069490792	0	76.8652069490792	DCA	280	72.2112472741423
400	233.333333333333	76.4153412447114	0	76.4153412447114	DCA	140	84.0702934612918
414.285714285714	233.333333333333	75.0878145477467	0	75.0878145477467	DCA	70	81.4107736695491
428.571428571429	233.333333333333	77.8568422223733	0	77.8568422223733	DCA	140	85.5117944389537
442.857142857143	233.333333333333	79.0397175004173	0	79.0397175004173	DCA	70	85.3626766222197
457.142857142857	233.333333333333	81.4059503530462	0	81.4059503530462	DCA	280	76.7519906781093
471.428571428571	233.333333333333	82.3661936603131	0	82.3661936603131	DCA	70	88.6891527821155
485.714285714286	233.333333333333	80.7133462920927	0	80.7133462920927	DCA	280	76.0593866171558
500	233.333333333333	80.0224055418487	0	80.0224055418487	DCA	140	87.6773577584291
514.285714285714	233.333333333333	76.7287611633611	24.6	101.328761163361	DCA	140	120.693313379942
528.571428571429	233.333333333333	81.5941879997619	24.6	106.194187999762	DCA	0	106.194187999762
542.857142857143	233.333333333333	80.8842650711427	24.6	105.484265071143	DCA	70	117.662024192945
557.142857142857	233.333333333333	78.9619212152423	24.6	103.561921215242	DCA	70	115.739680337045
571.428571428571	233.333333333333	81.0301200999062	24.6	105.630120099906	DCA	210	127.19049938424
585.714285714286	233.333333333333	82.7591094564803	24.6	107.35910945648	DCA	70	119.536868578283
600	233.333333333333	83.3834588398149	24.6	107.983458839815	DCA	70	120.161217961617
614.285714285714	233.333333333333	81.5552172146179	24.6	106.155217214618	DCA	140	125.519769431198
628.571428571429	233.333333333333	80.075359274225	24.6	104.675359274225	DCA	70	116.853118396027
642.857142857143	233.333333333333	77.0759579080354	24.6	101.675957908035	DCA	0	101.675957908035
657.142857142857	233.333333333333	80.1756588150808	24.6	104.775658815081	DCA	0	104.775658815081
671.428571428571	233.333333333333	79.5674939346828	24.6	104.167493934683	DCA	0	104.167493934683
685.714285714286	233.333333333333	79.9645781674749	24.6	104.564578167475	DCA	70	116.742337289277
700	233.333333333333	80.7336910603008	24.6	105.333691060301	DCA	70	117.511450182103
714.285714285714	233.333333333333	79.5060901394457	24.6	104.106090139446	DCA	280	122.871330464509
728.571428571429	233.333333333333	81.7693340575155	24.6	106.369334057515	DCA	140	125.733886274096
742.857142857143	233.333333333333	82.8279723055303	24.6	107.42797230553	DCA	140	126.792524522111
757.142857142857	233.333333333333	82.200309554265	24.6	106.800309554265	DCA	280	125.565549879328
771.428571428571	233.333333333333	81.8333033662325	24.6	106.433303366232	DCA	210	127.993682650566
785.714285714286	233.333333333333	81.0105835129319	24.6	105.610583512932	DCA	0	105.610583512932
800	233.333333333333	77.1328160118874	24.6	101.732816011887	DCA	70	113.91057513369
814.285714285714	233.333333333333	77.5489289326576	24.6	102.148928932658	DCA	140	121.513481149238
828.571428571429	233.333333333333	79.0407061174774	24.6	103.640706117477	DCA	70	115.81846523928
842.857142857143	233.333333333333	79.5455318448108	24.6	104.145531844811	DCA	0	104.145531844811
857.142857142857	233.333333333333	77.4431899878861	24.6	102.043189987886	DCA	210	123.60356927222
871.428571428571	233.333333333333	82.9234644873211	24.6	107.523464487321	DCA	140	126.888016703902
885.714285714286	233.333333333333	82.8706747210639	24.6	107.470674721064	DCA	0	107.470674721064
900	233.333333333333	83.4480816602464	24.6	108.048081660246	DCA	70	120.225840782049
914.285714285714	233.333333333333	83.0764798878893	24.6	107.676479887889	DCA	140	127.04103210447
928.571428571429	233.333333333333	81.8574764764356	24.6	106.457476476436	DCA	280	125.222716801499
942.857142857143	233.333333333333	81.5909750041637	24.6	106.190975004164	DCA	70	118.368734125966
957.142857142857	233.333333333333	79.9740560386134	24.6	104.574056038613	DCA	140	123.938608255194
971.428571428571	233.333333333333	83.0858984969749	24.6	107.685898496975	DCA	0	107.685898496975
985.714285714286	233.333333333333	78.7112826912271	24.6	103.311282691227	DCA	210	124.871661975561
1000	233.333333333333	79.5375833396514	24.6	104.137583339651	DCA	70	116.315342461454
0	266.666666666667	81.6303584689547	0	81.6303584689547	DCA	70	87.9533175907571
14.2857142857143	266.666666666667	74.666055839475	0	74.666055839475	DCA	210	78.6620351238089
28.5714285714286	266.666666666667	78.1141058178944	0	78.1141058178944	DCA	0	78.1141058178944
42.8571428571429	266.666666666667	77.3526153688975	0	77.3526153688975	DCA	0	77.3526153688975
57.1428571428571	266.666666666667	80.4658265262814	0	80.4658265262814	DCA	210	84.4618058106153
71.4285714285714	266.666666666667	76.6671766276012	0	76.6671766276012	DCA	140	84.3221288441816
85.7142857142857	266.666666666667	79.8495735638714	0	79.8495735638714	DCA	280	75.1956138889345
100	266.666666666667	81.5192447710732	0	81.5192447710732	DCA	280	76.8652850961363
114.285714285714	266.666666666667	78.5784942667648	0	78.5784942667648	DCA	210	82.5744735510987
128.571428571429	266.666666666667	78.9604268928156	0	78.9604268928156	DCA	0	78.9604268928156
142.857142857143	266.666666666667	80.0839869440537	0	80.0839869440537	DCA	140	87.7389391606341
157.142857142857	266.666666666667	80.2195715972986	0	80.2195715972986	DCA	0	80.2195715972986
171.428571428571	266.666666666667	83.2567628751917	0	83.2567628751917	DCA	210	87.2527421595256
185.714285714286	266.666666666667	83.7906153188144	0	83.7906153188144	DCA	280	79.1366556438775
200	266.666666666667	84.071674077987	0	84.071674077987	DCA	140	91.7266262945674
214.285714285714	266.666666666667	80.8220350369242	0	80.8220350369242	DCA	210	84.8180143212582
228.571428571429	266.666666666667	80.8386477230792	0	80.8386477230792	DCA	210	84.8346270074132
242.857142857143	266.666666666667	78.8636979988374	0	78.8636979988374	DCA	280	74.2097383239005
257.142857142857	266.666666666667	77.9803597711403	0	77.9803597711403	DCA	140	85.6353119877207
271.428571428571	266.666666666667	79.2650288901684	0	79.2650288901684	DCA	0	79.2650288901684
285.714285714286	266.666666666667	78.1959663875479	0	78.1959663875479	DCA	210	82.1919456718818
300	266.666666666667	75.800548234131	0	75.800548234131	DCA	0	75.800548234131
314.285714285714	266.666666666667	81.5049917507998	0	81.5049917507998	DCA	0	81.5049917507998
328.571428571429	266.666666666667	78.348758801721	0	78.348758801721	DCA	210	82.344738086055
342.857142857143	266.666666666667	77.4948215723203	0	77.4948215723203	DCA	70	83.8177806941227
357.142857142857	266.666666666667	74.8021725717008	0	74.8021725717008	DCA	0	74.8021725717008
371.428571428571	266.666666666667	74.912598300296	0	74.912598300296	DCA	210	78.9085775846299
385.714285714286	266.666666666667	72.6941029066617	0	72.6941029066617	DCA	280	68.0401432317248
400	266.666666666667	75.044812615204	0	75.044812615204	DCA	140	82.6997648317844
414.285714285714	266.666666666667	76.9768027911444	0	76.9768027911444	DCA	280	72.3228431162075
428.571428571429	266.666666666667	79.323948695994	0	79.323948695994	DCA	140	86.9789009125744
442.857142857143	266.666666666667	81.4605179438795	0	81.4605179438795	DCA	280	76.8065582689426
457.142857142857	266.666666666667	80.0046265741405	0	80.0046265741405	DCA	210	84.0006058584744
471.428571428571	266.666666666667	83.5106164387522	0	83.5106164387522	DCA	70	89.8335755605546
485.714285714286	266.666666666667	78.5661624244812	0	78.5661624244812	DCA	210	82.5621417088151
500	266.666666666667	77.3002604935099	0	77.3002604935099	DCA	140	84.9552127100903
514.285714285714	266.666666666667	77.1472519570009	24.6	101.747251957001	DCA	280	120.512492282064
528.571428571429	266.666666666667	78.6413400653185	24.6	103.241340065319	DCA	210	124.801719349652
542.857142857143	266.666666666667	80.5041980511965	24.6	105.104198051197	DCA	70	117.281957172999
557.142857142857	266.666666666667	78.8778052526045	24.6	103.477805252605	DCA	210	125.038184536938
571.428571428571	266.666666666667	80.8062919262301	24.6	105.40629192623	DCA	0	105.40629192623
585.714285714286	266.666666666667	78.7837849034568	24.6	103.383784903457	DCA	140	122.748337120037
600	266.666666666667	77.5556822821397	24.6	102.15568228214	DCA	210	123.716061566474
614.285714285714	266.666666666667	76.683268932348	24.6	101.283268932348	DCA	140	120.647821148928
628.571428571429	266.666666666667	77.857944503427	24.6	102.457944503427	DCA	280	121.22318482849
642.857142857143	266.666666666667	79.9775190973395	24.6	104.577519097339	DCA	140	123.94207131392
657.142857142857	266.666666666667	79.3946948399661	24.6	103.994694839966	DCA	0	103.994694839966
671.428571428571	266.666666666667	81.3977646438526	24.6	105.997764643853	DCA	70	118.175523765655
685.714285714286	266.666666666667	77.9254022960794	24.6	102.525402296079	DCA	140	121.88995451266
700	266.666666666667	78.5826976463956	24.6	103.182697646396	DCA	0	103.182697646396
714.285714285714	266.666666666667	83.0169919990887	24.6	107.616991999089	DCA	70	119.794751120891
728.571428571429	266.666666666667	82.6310900393574	24.6	107.231090039357	DCA	280	125.99633036442
742.857142857143	266.666666666667	79.9117328774371	24.6	104.511732877437	DCA	0	104.511732877437
757.142857142857	266.666666666667	80.9117399178099	24.6	105.51173991781	DCA	0	105.51173991781
771.428571428571	266.666666666667	78.9436911220332	24.6	103.543691122033	DCA	140	122.908243338614
785.714285714286	266.666666666667	76.795457548206	24.6	101.395457548206	DCA	210	122.95583683254
800	266.666666666667	75.8103472758997	24.6	100.4103472759	DCA	140	119.77489949248
814.285714285714	266.666666666667	74.4987901186579	24.6	99.0987901186579	DCA	140	118.463342335238
828.571428571429	266.666666666667	73.051643394356	24.6	97.651643394356	DCA	280	116.416883719419
842.857142857143	266.666666666667	79.4004265535931	24.6	104.000426553593	DCA	140	123.364978770174
857.142857142857	266.666666666667	80.8802196712735	24.6	105.480219671273	DCA	0	105.480219671273
871.428571428571	266.666666666667	84.8662637700217	24.6	109.466263770022	DCA	210	131.026643054356
885.714285714286	266.666666666667	85.0137682799082	24.6	109.613768279908	DCA	210	131.174147564242
900	266.666666666667	86.4847086826831	24.6	111.084708682683	DCA	280	129.849949007746
914.285714285714	266.666666666667	83.5492657038863	24.6	108.149265703886	DCA	0	108.149265703886
928.571428571429	266.666666666667	83.3845427484178	24.6	107.984542748418	DCA	280	126.749783073481
942.857142857143	266.666666666667	83.3276215847496	24.6	107.92762158475	DCA	70	120.105380706552
957.142857142857	266.666666666667	85.4184291464636	24.6	110.018429146464	DCA	70	122.196188268266
971.428571428571	266.666666666667	81.4834854239975	24.6	106.083485423998	DCA	280	124.848725749061
985.714285714286	266.666666666667	81.8328122570106	24.6	106.432812257011	DCA	210	127.993191541345
1000	266.666666666667	81.6604918307443	24.6	106.260491830744	DCA	140	125.625044047325
0	300	83.3473052144007	0	83.3473052144007	DCA	280	78.6933455394638
14.2857142857143	300	83.0115906825171	0	83.0115906825171	DCA	210	87.0075699668511
28.5714285714286	300	79.5299884205772	0	79.5299884205772	DCA	210	83.5259677049112
42.8571428571429	300	77.5637193968254	0	77.5637193968254	DCA	210	81.5596986811593
57.1428571428571	300	75.0145411431342	0	75.0145411431342	DCA	0	75.0145411431342
71.4285714285714	300	79.9391736151687	0	79.9391736151687	DCA	210	83.9351528995027
85.7142857142857	300	82.2388486557104	0	82.2388486557104	DCA	210	86.2348279400444
100	300	80.3853865460759	0	80.3853865460759	DCA	0	80.3853865460759
114.285714285714	300	82.4979739925613	0	82.4979739925613	DCA	70	88.8209331143637
128.571428571429	300	79.4383759593677	0	79.4383759593677	DCA	210	83.4343552437017
142.857142857143	300	81.113483506401	0	81.113483506401	DCA	140	88.7684357229814
157.142857142857	300	82.5686643594781	0	82.5686643594781	DCA	210	86.5646436438121
171.428571428571	300	82.8441599131547	0	82.8441599131547	DCA	280	78.1902002382178
185.714285714286	300	84.5930967177262	0	84.5930967177262	DCA	0	84.5930967177262
200	300	81.5138832539406	0	81.5138832539406	DCA	0	81.5138832539406
214.285714285714	300	85.0328551879898	0	85.0328551879898	DCA	140	92.6878074045702
228.571428571429	300	81.4689837682926	0	81.4689837682926	DCA	70	87.791942890095
242.857142857143	300	79.3140316797657	0	79.3140316797657	DCA	280	74.6600720048288
257.142857142857	300	76.9606509379593	0	76.9606509379593	DCA	140	84.6156031545397
271.428571428571	300	79.2808299458344	0	79.2808299458344	DCA	140	86.9357821624148
285.714285714286	300	78.8714002818563	0	78.8714002818563	DCA	210	82.8673795661902
300	300	81.2914454354937	0	81.2914454354937	DCA	70	87.6144045572961
314.285714285714	300	84.4183552231052	0	84.4183552231052	DCA	70	90.7413143449076
328.571428571429	300	82.1863044089285	0	82.1863044089285	DCA	210	86.1822836932624
342.857142857143	300	82.080088673477	0	82.080088673477	DCA	140	89.7350408900574
357.142857142857	300	78.0104723357855	0	78.0104723357855	DCA	70	84.3334314575879
371.428571428571	300	77.3878017943696	0	77.3878017943696	DCA	140	85.04275401095
385.714285714286	300	75.6631900114771	0	75.6631900114771	DCA	140	83.3181422280575
400	300	73.6668321105801	0	73.6668321105801	DCA	0	73.6668321105801
414.285714285714	300	75.5313051362691	0	75.5313051362691	DCA	0	75.5313051362691
428.571428571429	300	78.651891559404	0	78.651891559404	DCA	280	73.9979318844671
442.857142857143	300	76.4305225415698	0	76.4305225415698	DCA	70	82.7534816633722
457.142857142857	300	79.4481482704474	0	79.4481482704474	DCA	140	87.1031004870278
471.428571428571	300	81.5104487594494	0	81.5104487594494	DCA	0	81.5104487594494
485.714285714286	300	80.8243795014368	0	80.8243795014368	DCA	210	84.8203587857708
500	300	79.7938986674113	0	79.7938986674113	DCA	140	87.4488508839917
514.285714285714	300	79.6177381336989	24.6	104.217738133699	DCA	70	116.395497255501
528.571428571429	300	76.0725208776245	24.6	100.672520877624	DCA	280	119.437761202688
542.857142857143	300	79.5909303727307	24.6	104.190930372731	DCA	0	104.190930372731
557.142857142857	300	79.9398741658592	24.6	104.539874165859	DCA	0	104.539874165859
571.428571428571	300	81.2050600101616	24.6	105.805060010162	DCA	210	127.365439294496
585.714285714286	300	78.3352592348679	24.6	102.935259234868	DCA	280	121.700499559931
600	300	77.0965731516663	24.6	101.696573151666	DCA	0	101.696573151666
614.285714285714	300	80.8356144380962	24.6	105.435614438096	DCA	140	124.800166654677
628.571428571429	300	78.0973621563283	24.6	102.697362156328	DCA	140	122.061914372909
642.857142857143	300	80.8188585628661	24.6	105.418858562866	DCA	140	124.783410779446
657.142857142857	300	81.4157733170057	24.6	106.015773317006	DCA	140	125.380325533586
671.428571428571	300	76.6688033515696	24.6	101.26880335157	DCA	140	120.63335556815
685.714285714286	300	76.0366334950589	24.6	100.636633495059	DCA	0	100.636633495059
700	300	78.2275813497664	24.6	102.827581349766	DCA	70	115.005340471569
714.285714285714	300	81.8709980359001	24.6	106.4709980359	DCA	140	125.83555025248
728.571428571429	300	76.3691583304895	24.6	100.969158330489	DCA	140	120.33371054707
742.857142857143	300	75.2080463489972	24.6	99.8080463489972	DCA	210	121.368425633331
757.142857142857	300	74.5189658457888	24.6	99.1189658457888	DCA	140	118.483518062369
771.428571428571	300	75.8060989922163	24.6	100.406098992216	DCA	280	119.171339317279
785.714285714286	300	73.6618263292282	24.6	98.2618263292282	DCA	0	98.2618263292282
800	300	75.5139133611975	24.6	100.113913361198	DCA	210	121.674292645531
814.285714285714	300	75.3025516828008	24.6	99.9025516828008	DCA	70	112.080310804603
828.571428571429	300	77.6086294785366	24.6	102.208629478537	DCA	0	102.208629478537
842.857142857143	300	79.0735976393366	24.6	103.673597639337	DCA	280	122.4388379644
857.142857142857	300	83.9100154077192	24.6	108.510015407719	DCA	0	108.510015407719
871.428571428571	300	83.5281205950988	24.6	108.128120595099	DCA	140	127.492672811679
885.714285714286	300	86.4363153909301	24.6	111.03631539093	DCA	280	129.801555715993
900	300	84.512712881812	24.6	109.112712881812	DCA	0	109.112712881812
914.285714285714	300	85.7852601449745	24.6	110.385260144974	DCA	280	129.150500470038
928.571428571429	300	85.4595696398293	24.6	110.059569639829	DCA	140	129.42412185641
942.857142857143	300	81.9925144873752	24.6	106.592514487375	DCA	0	106.592514487375
957.142857142857	300	83.1404493756228	24.6	107.740449375623	DCA	210	129.300828659957
971.428571428571	300	83.1651107772629	24.6	107.765110777263	DCA	210	129.325490061597
985.714285714286	300	84.7000581142907	24.6	109.300058114291	DCA	70	121.477817236093
1000	300	82.8463326070575	24.6	107.446332607058	DCA	210	129.006711891391
