x	y	variable1	Zona	ErrorConEfecto	Disenio	AsigTrat	MiRto
0	0	79.767162019586	0	79.767162019586	DCA	140	94.5340346580307
14.2857142857143	0	76.8110041527077	0	76.8110041527077	DCA	140	91.5778767911524
28.5714285714286	0	81.3249547803651	0	81.3249547803651	DCA	70	89.4358438317398
42.8571428571429	0	79.692814707697	0	79.692814707697	DCA	280	103.406938127368
57.1428571428571	0	79.207033971677	0	79.207033971677	DCA	0	79.207033971677
71.4285714285714	0	80.5945404089946	0	80.5945404089946	DCA	280	104.308663828665
85.7142857142857	0	78.1320372397028	0	78.1320372397028	DCA	140	92.8989098781475
100	0	76.2417234251221	0	76.2417234251221	DCA	140	91.0085960635668
114.285714285714	0	79.2073366990638	0	79.2073366990638	DCA	210	99.1752874602739
128.571428571429	0	75.1231636609212	0	75.1231636609212	DCA	210	95.0911144221313
142.857142857143	0	80.9382020217897	0	80.9382020217897	DCA	210	100.906152783
157.142857142857	0	78.6951978354863	0	78.6951978354863	DCA	0	78.6951978354863
171.428571428571	0	79.7934657198684	0	79.7934657198684	DCA	210	99.7614164810784
185.714285714286	0	78.9240953787484	0	78.9240953787484	DCA	280	102.638218798419
200	0	78.8062103175393	0	78.8062103175393	DCA	0	78.8062103175393
214.285714285714	0	78.9057034625377	0	78.9057034625377	DCA	280	102.619826882208
228.571428571429	0	80.2745715126129	0	80.2745715126129	DCA	0	80.2745715126129
242.857142857143	0	79.3545860303642	0	79.3545860303642	DCA	280	103.068709450035
257.142857142857	0	81.3982097233784	0	81.3982097233784	DCA	140	96.1650823618232
271.428571428571	0	81.971170651919	0	81.971170651919	DCA	210	101.939121413129
285.714285714286	0	79.8088802455932	0	79.8088802455932	DCA	70	87.9197692969679
300	0	79.875525466851	0	79.875525466851	DCA	140	94.6423981052957
314.285714285714	0	82.2857415515029	0	82.2857415515029	DCA	0	82.2857415515029
328.571428571429	0	80.4417511524991	0	80.4417511524991	DCA	280	104.15587457217
342.857142857143	0	81.2915897172093	0	81.2915897172093	DCA	70	89.402478768584
357.142857142857	0	78.9701996233958	0	78.9701996233958	DCA	70	87.0810886747705
371.428571428571	0	77.8125426124937	0	77.8125426124937	DCA	70	85.9234316638684
385.714285714286	0	80.3626796070118	0	80.3626796070118	DCA	210	100.330630368222
400	0	82.2664663183143	0	82.2664663183143	DCA	0	82.2664663183143
414.285714285714	0	84.6082625509138	0	84.6082625509138	DCA	210	104.576213312124
428.571428571429	0	84.5751642959248	0	84.5751642959248	DCA	210	104.543115057135
442.857142857143	0	83.639105012336	0	83.639105012336	DCA	70	91.7499940637107
457.142857142857	0	79.4980724372619	0	79.4980724372619	DCA	280	103.212195856933
471.428571428571	0	78.921714814235	0	78.921714814235	DCA	140	93.6885874526797
485.714285714286	0	81.9105342945751	0	81.9105342945751	DCA	140	96.6774069330198
500	0	83.2472652942473	0	83.2472652942473	DCA	140	98.014137932692
514.285714285714	0	80.3890274068314	24.6	104.989027406831	DCA	210	142.521378168042
528.571428571429	0	82.9544217497062	24.6	107.554421749706	DCA	210	145.086772510916
542.857142857143	0	82.1011629389524	24.6	106.701162938952	DCA	210	144.233513700162
557.142857142857	0	81.2695469083512	24.6	105.869546908351	DCA	280	153.002870328022
571.428571428571	0	85.4894885073202	24.6	110.08948850732	DCA	140	136.565961145765
585.714285714286	0	84.0498398805914	24.6	108.649839880591	DCA	210	146.182190641801
600	0	81.9670797530035	24.6	106.567079753004	DCA	140	133.043552391448
614.285714285714	0	83.6460849421041	24.6	108.246084942104	DCA	280	155.379408361775
628.571428571429	0	85.3388659337413	24.6	109.938865933741	DCA	70	123.904554985116
642.857142857143	0	84.8802123959043	24.6	109.480212395904	DCA	0	109.480212395904
657.142857142857	0	79.5637037597937	24.6	104.163703759794	DCA	70	118.129392811168
671.428571428571	0	76.0818912032858	24.6	100.681891203286	DCA	140	127.158363841731
685.714285714286	0	74.2253989269299	24.6	98.8253989269299	DCA	0	98.8253989269299
700	0	75.7315489285658	24.6	100.331548928566	DCA	140	126.80802156701
714.285714285714	0	79.5737021849256	24.6	104.173702184926	DCA	280	151.307025604596
728.571428571429	0	77.4619589458747	24.6	102.061958945875	DCA	70	116.027647997249
742.857142857143	0	77.428213056975	24.6	102.028213056975	DCA	140	128.50468569542
757.142857142857	0	77.3284286175418	24.6	101.928428617542	DCA	140	128.404901255987
771.428571428571	0	78.7110962766955	24.6	103.311096276696	DCA	280	150.444419696366
785.714285714286	0	79.6528398976343	24.6	104.252839897634	DCA	140	130.729312536079
800	0	81.9353783003953	24.6	106.535378300395	DCA	210	144.067729061605
814.285714285714	0	80.8826142607456	24.6	105.482614260746	DCA	140	131.95908689919
828.571428571429	0	76.9250104654087	24.6	101.525010465409	DCA	0	101.525010465409
842.857142857143	0	78.0689449781594	24.6	102.668944978159	DCA	70	116.634634029534
857.142857142857	0	75.6650730988886	24.6	100.265073098889	DCA	210	137.797423860099
871.428571428571	0	79.9528674211649	24.6	104.552867421165	DCA	70	118.51855647254
885.714285714286	0	80.6334171356911	24.6	105.233417135691	DCA	210	142.765767896901
900	0	84.9591776833857	24.6	109.559177683386	DCA	280	156.692501103056
914.285714285714	0	80.4790655869411	24.6	105.079065586941	DCA	210	142.611416348151
928.571428571429	0	80.2508021999332	24.6	104.850802199933	DCA	210	142.383152961143
942.857142857143	0	78.5736237327733	24.6	103.173623732773	DCA	280	150.306947152444
957.142857142857	0	80.8625604825805	24.6	105.462560482581	DCA	280	152.595883902251
971.428571428571	0	75.3005412519707	24.6	99.9005412519707	DCA	0	99.9005412519707
985.714285714286	0	76.9366937114544	24.6	101.536693711454	DCA	140	128.013166349899
1000	0	82.0411505992328	24.6	106.641150599233	DCA	280	153.774474018904
0	33.3333333333333	79.9327094204283	0	79.9327094204283	DCA	70	88.043598471803
14.2857142857143	33.3333333333333	80.161690399745	0	80.161690399745	DCA	140	94.9285630381898
28.5714285714286	33.3333333333333	78.0922805916889	0	78.0922805916889	DCA	140	92.8591532301337
42.8571428571429	33.3333333333333	78.9958919237185	0	78.9958919237185	DCA	140	93.7627645621633
57.1428571428571	33.3333333333333	79.6741505081657	0	79.6741505081657	DCA	140	94.4410231466104
71.4285714285714	33.3333333333333	79.3964333183455	0	79.3964333183455	DCA	70	87.5073223697202
85.7142857142857	33.3333333333333	82.299973408356	0	82.299973408356	DCA	70	90.4108624597307
100	33.3333333333333	80.498795077079	0	80.498795077079	DCA	280	104.21291849675
114.285714285714	33.3333333333333	80.8691876227649	0	80.8691876227649	DCA	280	104.583311042436
128.571428571429	33.3333333333333	79.1814536349491	0	79.1814536349491	DCA	0	79.1814536349491
142.857142857143	33.3333333333333	85.0239906431052	0	85.0239906431052	DCA	70	93.1348796944798
157.142857142857	33.3333333333333	77.6348516854839	0	77.6348516854839	DCA	210	97.602802446694
171.428571428571	33.3333333333333	82.0265110234785	0	82.0265110234785	DCA	0	82.0265110234785
185.714285714286	33.3333333333333	77.6776621816757	0	77.6776621816757	DCA	140	92.4445348201204
200	33.3333333333333	81.8924867823937	0	81.8924867823937	DCA	0	81.8924867823937
214.285714285714	33.3333333333333	79.6735655068489	0	79.6735655068489	DCA	210	99.641516268059
228.571428571429	33.3333333333333	74.726621552122	0	74.726621552122	DCA	210	94.694572313332
242.857142857143	33.3333333333333	74.6247250968785	0	74.6247250968785	DCA	280	98.3388485165492
257.142857142857	33.3333333333333	74.6926856067381	0	74.6926856067381	DCA	210	94.6606363679482
271.428571428571	33.3333333333333	79.3880876383776	0	79.3880876383776	DCA	210	99.3560383995877
285.714285714286	33.3333333333333	75.2359724733303	0	75.2359724733303	DCA	0	75.2359724733303
300	33.3333333333333	78.9049008023693	0	78.9049008023693	DCA	70	87.015789853744
314.285714285714	33.3333333333333	82.0986070558888	0	82.0986070558888	DCA	0	82.0986070558888
328.571428571429	33.3333333333333	82.727794184009	0	82.727794184009	DCA	280	106.44191760368
342.857142857143	33.3333333333333	81.3810080008374	0	81.3810080008374	DCA	70	89.4918970522121
357.142857142857	33.3333333333333	83.8976298834554	0	83.8976298834554	DCA	140	98.6645025219001
371.428571428571	33.3333333333333	83.2179156137213	0	83.2179156137213	DCA	280	106.932039033392
385.714285714286	33.3333333333333	81.0679966607477	0	81.0679966607477	DCA	140	95.8348692991924
400	33.3333333333333	84.5753144965716	0	84.5753144965716	DCA	140	99.3421871350163
414.285714285714	33.3333333333333	80.1601721220513	0	80.1601721220513	DCA	210	100.128122883261
428.571428571429	33.3333333333333	77.6587789905364	0	77.6587789905364	DCA	280	101.372902410207
442.857142857143	33.3333333333333	81.5619660287668	0	81.5619660287668	DCA	140	96.3288386672116
457.142857142857	33.3333333333333	79.952020450329	0	79.952020450329	DCA	140	94.7188930887737
471.428571428571	33.3333333333333	84.5090772920754	0	84.5090772920754	DCA	210	104.477028053285
485.714285714286	33.3333333333333	83.8187289062462	0	83.8187289062462	DCA	70	91.9296179576209
500	33.3333333333333	80.6515705568366	0	80.6515705568366	DCA	210	100.619521318047
514.285714285714	33.3333333333333	81.3366319864716	24.6	105.936631986472	DCA	280	153.069955406142
528.571428571429	33.3333333333333	81.4790743719157	24.6	106.079074371916	DCA	210	143.611425133126
542.857142857143	33.3333333333333	79.1847245944431	24.6	103.784724594443	DCA	280	150.918048014114
557.142857142857	33.3333333333333	84.837179386694	24.6	109.437179386694	DCA	280	156.570502806365
571.428571428571	33.3333333333333	81.7612046014092	24.6	106.361204601409	DCA	280	153.49452802108
585.714285714286	33.3333333333333	82.7823986748997	24.6	107.3823986749	DCA	70	121.348087726274
600	33.3333333333333	79.0410474826327	24.6	103.641047482633	DCA	70	117.606736534007
614.285714285714	33.3333333333333	80.7175641953178	24.6	105.317564195318	DCA	210	142.849914956528
628.571428571429	33.3333333333333	84.1719396471111	24.6	108.771939647111	DCA	0	108.771939647111
642.857142857143	33.3333333333333	83.0131105543768	24.6	107.613110554377	DCA	210	145.145461315587
657.142857142857	33.3333333333333	80.4753713470805	24.6	105.07537134708	DCA	140	131.551843985525
671.428571428571	33.3333333333333	81.1226169026926	24.6	105.722616902693	DCA	140	132.199089541137
685.714285714286	33.3333333333333	80.8345955795077	24.6	105.434595579508	DCA	140	131.911068217952
700	33.3333333333333	81.4736856287044	24.6	106.073685628704	DCA	140	132.550158267149
714.285714285714	33.3333333333333	79.170924233819	24.6	103.770924233819	DCA	280	150.90424765349
728.571428571429	33.3333333333333	79.2362029821164	24.6	103.836202982116	DCA	70	117.801892033491
742.857142857143	33.3333333333333	79.5708580622963	24.6	104.170858062296	DCA	280	151.304181481967
757.142857142857	33.3333333333333	78.5580985215212	24.6	103.158098521521	DCA	140	129.634571159966
771.428571428571	33.3333333333333	80.1010829902891	24.6	104.701082990289	DCA	280	151.83440640996
785.714285714286	33.3333333333333	77.3792585296439	24.6	101.979258529644	DCA	140	128.455731168089
800	33.3333333333333	80.3419214658629	24.6	104.941921465863	DCA	0	104.941921465863
814.285714285714	33.3333333333333	81.9350268273305	24.6	106.53502682733	DCA	140	133.011499465775
828.571428571429	33.3333333333333	79.9561817872687	24.6	104.556181787269	DCA	0	104.556181787269
842.857142857143	33.3333333333333	77.268841462166	24.6	101.868841462166	DCA	140	128.345314100611
857.142857142857	33.3333333333333	76.3280865083608	24.6	100.928086508361	DCA	0	100.928086508361
871.428571428571	33.3333333333333	76.1113364605339	24.6	100.711336460534	DCA	140	127.187809098979
885.714285714286	33.3333333333333	76.254638232715	24.6	100.854638232715	DCA	140	127.33111087116
900	33.3333333333333	83.2585014470003	24.6	107.858501447	DCA	0	107.858501447
914.285714285714	33.3333333333333	80.050895972728	24.6	104.650895972728	DCA	210	142.183246733938
928.571428571429	33.3333333333333	79.6342913804128	24.6	104.234291380413	DCA	280	151.367614800084
942.857142857143	33.3333333333333	78.4829809673775	24.6	103.082980967378	DCA	280	150.216304387048
957.142857142857	33.3333333333333	81.227520920893	24.6	105.827520920893	DCA	210	143.359871682103
971.428571428571	33.3333333333333	79.9951011857605	24.6	104.59510118576	DCA	70	118.560790237135
985.714285714286	33.3333333333333	79.6365456551307	24.6	104.236545655131	DCA	0	104.236545655131
1000	33.3333333333333	82.9608274851985	24.6	107.560827485199	DCA	140	134.037300123643
0	66.6666666666667	80.3790345448637	0	80.3790345448637	DCA	0	80.3790345448637
14.2857142857143	66.6666666666667	78.2703107129756	0	78.2703107129756	DCA	210	98.2382614741857
28.5714285714286	66.6666666666667	75.5714393417423	0	75.5714393417423	DCA	140	90.338311980187
42.8571428571429	66.6666666666667	76.5941090346869	0	76.5941090346869	DCA	210	96.562059795897
57.1428571428571	66.6666666666667	77.4743074260569	0	77.4743074260569	DCA	210	97.442258187267
71.4285714285714	66.6666666666667	77.9949681456256	0	77.9949681456256	DCA	140	92.7618407840703
85.7142857142857	66.6666666666667	81.0425947665724	0	81.0425947665724	DCA	140	95.8094674050172
100	66.6666666666667	81.024980649241	0	81.024980649241	DCA	210	100.992931410451
114.285714285714	66.6666666666667	80.6781925496877	0	80.6781925496877	DCA	210	100.646143310898
128.571428571429	66.6666666666667	80.6679374409462	0	80.6679374409462	DCA	0	80.6679374409462
142.857142857143	66.6666666666667	83.2769357268126	0	83.2769357268126	DCA	210	103.244886488023
157.142857142857	66.6666666666667	81.626749561619	0	81.626749561619	DCA	0	81.626749561619
171.428571428571	66.6666666666667	79.9097474114325	0	79.9097474114325	DCA	140	94.6766200498772
185.714285714286	66.6666666666667	82.5181610083405	0	82.5181610083405	DCA	210	102.486111769551
200	66.6666666666667	82.5848171975342	0	82.5848171975342	DCA	210	102.552767958744
214.285714285714	66.6666666666667	81.7077696790427	0	81.7077696790427	DCA	210	101.675720440253
228.571428571429	66.6666666666667	82.8193439770664	0	82.8193439770664	DCA	280	106.533467396737
242.857142857143	66.6666666666667	80.1161746347052	0	80.1161746347052	DCA	0	80.1161746347052
257.142857142857	66.6666666666667	80.9968866083793	0	80.9968866083793	DCA	0	80.9968866083793
271.428571428571	66.6666666666667	79.9808136431332	0	79.9808136431332	DCA	140	94.747686281578
285.714285714286	66.6666666666667	79.0911682865256	0	79.0911682865256	DCA	140	93.8580409249703
300	66.6666666666667	80.2430238122496	0	80.2430238122496	DCA	280	103.95714723192
314.285714285714	66.6666666666667	77.8632714033049	0	77.8632714033049	DCA	280	101.577394822976
328.571428571429	66.6666666666667	82.428468198392	0	82.428468198392	DCA	0	82.428468198392
342.857142857143	66.6666666666667	76.7957035576956	0	76.7957035576956	DCA	210	96.7636543189057
357.142857142857	66.6666666666667	79.4323101691586	0	79.4323101691586	DCA	210	99.4002609303687
371.428571428571	66.6666666666667	80.0403456475896	0	80.0403456475896	DCA	280	103.75446906726
385.714285714286	66.6666666666667	79.6010646612744	0	79.6010646612744	DCA	210	99.5690154224845
400	66.6666666666667	80.7390233125671	0	80.7390233125671	DCA	210	100.706974073777
414.285714285714	66.6666666666667	78.1815617385224	0	78.1815617385224	DCA	140	92.9484343769671
428.571428571429	66.6666666666667	78.900498303283	0	78.900498303283	DCA	0	78.900498303283
442.857142857143	66.6666666666667	77.1128409254136	0	77.1128409254136	DCA	0	77.1128409254136
457.142857142857	66.6666666666667	78.0782675782367	0	78.0782675782367	DCA	70	86.1891566296114
471.428571428571	66.6666666666667	78.7095043158372	0	78.7095043158372	DCA	140	93.4763769542819
485.714285714286	66.6666666666667	77.5393204628393	0	77.5393204628393	DCA	140	92.3061931012841
500	66.6666666666667	79.9115628907882	0	79.9115628907882	DCA	0	79.9115628907882
514.285714285714	66.6666666666667	77.6556693922346	24.6	102.255669392235	DCA	210	139.788020153445
528.571428571429	66.6666666666667	79.3809656691	24.6	103.9809656691	DCA	0	103.9809656691
542.857142857143	66.6666666666667	77.0504823525744	24.6	101.650482352574	DCA	210	139.182833113784
557.142857142857	66.6666666666667	77.7689774147122	24.6	102.368977414712	DCA	210	139.901328175922
571.428571428571	66.6666666666667	77.655256535969	24.6	102.255256535969	DCA	280	149.38857995564
585.714285714286	66.6666666666667	79.6696264844321	24.6	104.269626484432	DCA	70	118.235315535807
600	66.6666666666667	79.0319203645186	24.6	103.631920364519	DCA	210	141.164271125729
614.285714285714	66.6666666666667	80.861653182936	24.6	105.461653182936	DCA	70	119.427342234311
628.571428571429	66.6666666666667	83.4445267622446	24.6	108.044526762245	DCA	210	145.576877523455
642.857142857143	66.6666666666667	81.1350940070713	24.6	105.735094007071	DCA	210	143.267444768281
657.142857142857	66.6666666666667	83.171122635426	24.6	107.771122635426	DCA	210	145.303473396636
671.428571428571	66.6666666666667	84.908129819657	24.6	109.508129819657	DCA	0	109.508129819657
685.714285714286	66.6666666666667	82.3562106599602	24.6	106.95621065996	DCA	280	154.089534079631
700	66.6666666666667	84.1908984753344	24.6	108.790898475334	DCA	280	155.924221895005
714.285714285714	66.6666666666667	81.3064363189709	24.6	105.906436318971	DCA	210	143.438787080181
728.571428571429	66.6666666666667	81.3555765939674	24.6	105.955576593967	DCA	280	153.088900013638
742.857142857143	66.6666666666667	81.7427015979607	24.6	106.342701597961	DCA	70	120.308390649335
757.142857142857	66.6666666666667	81.924647931054	24.6	106.524647931054	DCA	0	106.524647931054
771.428571428571	66.6666666666667	81.9706256749924	24.6	106.570625674992	DCA	0	106.570625674992
785.714285714286	66.6666666666667	80.6834041174364	24.6	105.283404117436	DCA	210	142.815754878646
800	66.6666666666667	80.9589705269488	24.6	105.558970526949	DCA	280	152.69229394662
814.285714285714	66.6666666666667	77.4476793702808	24.6	102.047679370281	DCA	0	102.047679370281
828.571428571429	66.6666666666667	75.7747558532177	24.6	100.374755853218	DCA	70	114.340444904592
842.857142857143	66.6666666666667	72.8404742215269	24.6	97.4404742215269	DCA	140	123.916946859972
857.142857142857	66.6666666666667	74.3573961987383	24.6	98.9573961987383	DCA	210	136.489746959948
871.428571428571	66.6666666666667	78.8082929265026	24.6	103.408292926503	DCA	70	117.373981977877
885.714285714286	66.6666666666667	77.6658133617557	24.6	102.265813361756	DCA	140	128.7422860002
900	66.6666666666667	78.3310293544275	24.6	102.931029354427	DCA	210	140.463380115638
914.285714285714	66.6666666666667	80.6595961223244	24.6	105.259596122324	DCA	140	131.736068760769
928.571428571429	66.6666666666667	83.1618634294245	24.6	107.761863429425	DCA	210	145.294214190635
942.857142857143	66.6666666666667	84.4825375638949	24.6	109.082537563895	DCA	280	156.215860983566
957.142857142857	66.6666666666667	86.1610764409208	24.6	110.761076440921	DCA	0	110.761076440921
971.428571428571	66.6666666666667	84.0088514112694	24.6	108.608851411269	DCA	0	108.608851411269
985.714285714286	66.6666666666667	86.8912249769279	24.6	111.491224976928	DCA	70	125.456914028303
1000	66.6666666666667	81.6714026230753	24.6	106.271402623075	DCA	140	132.74787526152
0	100	77.803267605714	0	77.803267605714	DCA	0	77.803267605714
14.2857142857143	100	79.3616760189192	0	79.3616760189192	DCA	210	99.3296267801292
28.5714285714286	100	81.398736655983	0	81.398736655983	DCA	140	96.1656092944278
42.8571428571429	100	79.396333673178	0	79.396333673178	DCA	140	94.1632063116227
57.1428571428571	100	82.6888711893608	0	82.6888711893608	DCA	210	102.656821950571
71.4285714285714	100	76.0831742956225	0	76.0831742956225	DCA	70	84.1940633469972
85.7142857142857	100	77.816782223327	0	77.816782223327	DCA	0	77.816782223327
100	100	79.7031700922259	0	79.7031700922259	DCA	70	87.8140591436006
114.285714285714	100	80.939462135541	0	80.939462135541	DCA	70	89.0503511869157
128.571428571429	100	81.4249996748452	0	81.4249996748452	DCA	70	89.5358887262199
142.857142857143	100	80.749398286518	0	80.749398286518	DCA	0	80.749398286518
157.142857142857	100	81.4237853282718	0	81.4237853282718	DCA	210	101.391736089482
171.428571428571	100	82.8926158568951	0	82.8926158568951	DCA	280	106.606739276566
185.714285714286	100	77.1621902056091	0	77.1621902056091	DCA	280	100.87631362528
200	100	80.6516254835341	0	80.6516254835341	DCA	70	88.7625145349088
214.285714285714	100	77.0786481282743	0	77.0786481282743	DCA	70	85.189537179649
228.571428571429	100	81.2669123439014	0	81.2669123439014	DCA	140	96.0337849823462
242.857142857143	100	77.8273667718906	0	77.8273667718906	DCA	70	85.9382558232653
257.142857142857	100	81.4351262261492	0	81.4351262261492	DCA	0	81.4351262261492
271.428571428571	100	79.5320907322016	0	79.5320907322016	DCA	70	87.6429797835763
285.714285714286	100	80.6654071582681	0	80.6654071582681	DCA	70	88.7762962096428
300	100	79.2099075264793	0	79.2099075264793	DCA	0	79.2099075264793
314.285714285714	100	74.0250825946515	0	74.0250825946515	DCA	70	82.1359716460262
328.571428571429	100	76.2819919955885	0	76.2819919955885	DCA	70	84.3928810469632
342.857142857143	100	79.4479334670118	0	79.4479334670118	DCA	280	103.162056886683
357.142857142857	100	78.2856186908946	0	78.2856186908946	DCA	280	101.999742110565
371.428571428571	100	79.4391649284636	0	79.4391649284636	DCA	70	87.5500539798383
385.714285714286	100	79.2342176638919	0	79.2342176638919	DCA	280	102.948341083563
400	100	80.5011818408254	0	80.5011818408254	DCA	70	88.6120708922001
414.285714285714	100	81.0500399656597	0	81.0500399656597	DCA	70	89.1609290170344
428.571428571429	100	81.0035213176795	0	81.0035213176795	DCA	280	104.71764473735
442.857142857143	100	79.9314828477651	0	79.9314828477651	DCA	280	103.645606267436
457.142857142857	100	82.649222015187	0	82.649222015187	DCA	280	106.363345434858
471.428571428571	100	79.1391455547444	0	79.1391455547444	DCA	280	102.853268974415
485.714285714286	100	77.2570313468593	0	77.2570313468593	DCA	70	85.367920398234
500	100	78.550682732748	0	78.550682732748	DCA	70	86.6615717841227
514.285714285714	100	80.4034604292054	24.6	105.003460429205	DCA	70	118.96914948058
528.571428571429	100	77.4053781363739	24.6	102.005378136374	DCA	70	115.971067187749
542.857142857143	100	79.4095034985875	24.6	104.009503498587	DCA	140	130.485976137032
557.142857142857	100	78.0676082503748	24.6	102.667608250375	DCA	210	140.199959011585
571.428571428571	100	78.1079273226781	24.6	102.707927322678	DCA	280	149.841250742349
585.714285714286	100	78.4176275493179	24.6	103.017627549318	DCA	280	150.150950968989
600	100	80.0361643048017	24.6	104.636164304802	DCA	0	104.636164304802
614.285714285714	100	78.1321097356564	24.6	102.732109735656	DCA	280	149.865433155327
628.571428571429	100	78.3618599156989	24.6	102.961859915699	DCA	140	129.438332554144
642.857142857143	100	80.204331063347	24.6	104.804331063347	DCA	70	118.770020114722
657.142857142857	100	82.4687645293891	24.6	107.068764529389	DCA	0	107.068764529389
671.428571428571	100	84.3543139093757	24.6	108.954313909376	DCA	140	135.43078654782
685.714285714286	100	80.3493410838042	24.6	104.949341083804	DCA	0	104.949341083804
700	100	80.4405189735504	24.6	105.04051897355	DCA	0	105.04051897355
714.285714285714	100	79.3640504702181	24.6	103.964050470218	DCA	0	103.964050470218
728.571428571429	100	78.8452006950213	24.6	103.445200695021	DCA	0	103.445200695021
742.857142857143	100	81.053002038419	24.6	105.653002038419	DCA	210	143.185352799629
757.142857142857	100	80.433810539275	24.6	105.033810539275	DCA	0	105.033810539275
771.428571428571	100	78.8509541869365	24.6	103.450954186937	DCA	280	150.584277606607
785.714285714286	100	78.1614100276252	24.6	102.761410027625	DCA	280	149.894733447296
800	100	76.3565535442375	24.6	100.956553544238	DCA	140	127.433026182682
814.285714285714	100	78.2659309463628	24.6	102.865930946363	DCA	70	116.831619997737
828.571428571429	100	75.3516837582553	24.6	99.9516837582553	DCA	0	99.9516837582553
842.857142857143	100	73.411071549094	24.6	98.011071549094	DCA	0	98.011071549094
857.142857142857	100	72.1761307321392	24.6	96.7761307321392	DCA	0	96.7761307321392
871.428571428571	100	73.3628396827086	24.6	97.9628396827086	DCA	280	145.096163102379
885.714285714286	100	74.2764629953049	24.6	98.8764629953049	DCA	70	112.84215204668
900	100	76.134980165474	24.6	100.734980165474	DCA	210	138.267330926684
914.285714285714	100	76.0917521621786	24.6	100.691752162179	DCA	280	147.825075581849
928.571428571429	100	77.2680916021006	24.6	101.868091602101	DCA	210	139.400442363311
942.857142857143	100	79.0743868429751	24.6	103.674386842975	DCA	280	150.807710262646
957.142857142857	100	81.1876406608642	24.6	105.787640660864	DCA	140	132.264113299309
971.428571428571	100	81.4062155776205	24.6	106.00621557762	DCA	280	153.139538997291
985.714285714286	100	82.2405520065524	24.6	106.840552006552	DCA	210	144.372902767763
1000	100	81.9629064990552	24.6	106.562906499055	DCA	280	153.696229918726
0	133.333333333333	73.9512782933457	0	73.9512782933457	DCA	210	93.9192290545557
14.2857142857143	133.333333333333	75.6161370007118	0	75.6161370007118	DCA	70	83.7270260520866
28.5714285714286	133.333333333333	78.3707914988506	0	78.3707914988506	DCA	210	98.3387422600607
42.8571428571429	133.333333333333	78.8654458429859	0	78.8654458429859	DCA	210	98.833396604196
57.1428571428571	133.333333333333	78.0641426927158	0	78.0641426927158	DCA	0	78.0641426927158
71.4285714285714	133.333333333333	74.8434360070143	0	74.8434360070143	DCA	70	82.954325058389
85.7142857142857	133.333333333333	73.3691321169359	0	73.3691321169359	DCA	70	81.4800211683106
100	133.333333333333	77.4811795138878	0	77.4811795138878	DCA	70	85.5920685652625
114.285714285714	133.333333333333	80.9604476749579	0	80.9604476749579	DCA	70	89.0713367263326
128.571428571429	133.333333333333	77.7394002727958	0	77.7394002727958	DCA	0	77.7394002727958
142.857142857143	133.333333333333	82.168811191016	0	82.168811191016	DCA	140	96.9356838294607
157.142857142857	133.333333333333	78.210544111591	0	78.210544111591	DCA	210	98.1784948728011
171.428571428571	133.333333333333	80.3871190914804	0	80.3871190914804	DCA	0	80.3871190914804
185.714285714286	133.333333333333	81.7297183016589	0	81.7297183016589	DCA	280	105.44384172133
200	133.333333333333	81.5369138201802	0	81.5369138201802	DCA	70	89.6478028715549
214.285714285714	133.333333333333	80.7712305944853	0	80.7712305944853	DCA	0	80.7712305944853
228.571428571429	133.333333333333	78.3094466155212	0	78.3094466155212	DCA	210	98.2773973767312
242.857142857143	133.333333333333	79.4897146253716	0	79.4897146253716	DCA	70	87.6006036767463
257.142857142857	133.333333333333	79.4421291769589	0	79.4421291769589	DCA	70	87.5530182283337
271.428571428571	133.333333333333	78.848102350272	0	78.848102350272	DCA	280	102.562225769943
285.714285714286	133.333333333333	78.3244627436122	0	78.3244627436122	DCA	70	86.4353517949869
300	133.333333333333	78.793610266447	0	78.793610266447	DCA	70	86.9044993178217
314.285714285714	133.333333333333	73.8458439314334	0	73.8458439314334	DCA	0	73.8458439314334
328.571428571429	133.333333333333	74.2821353106263	0	74.2821353106263	DCA	210	94.2500860718363
342.857142857143	133.333333333333	74.0718320635491	0	74.0718320635491	DCA	140	88.8387047019939
357.142857142857	133.333333333333	76.626222153359	0	76.626222153359	DCA	0	76.626222153359
371.428571428571	133.333333333333	77.732679128726	0	77.732679128726	DCA	140	92.4995517671708
385.714285714286	133.333333333333	77.664417029472	0	77.664417029472	DCA	0	77.664417029472
400	133.333333333333	80.0776176664916	0	80.0776176664916	DCA	210	100.045568427702
414.285714285714	133.333333333333	77.0092358338978	0	77.0092358338978	DCA	140	91.7761084723425
428.571428571429	133.333333333333	79.5800082661019	0	79.5800082661019	DCA	280	103.294131685773
442.857142857143	133.333333333333	79.4345278559555	0	79.4345278559555	DCA	280	103.148651275626
457.142857142857	133.333333333333	80.4554989530938	0	80.4554989530938	DCA	0	80.4554989530938
471.428571428571	133.333333333333	78.7208076841454	0	78.7208076841454	DCA	280	102.434931103816
485.714285714286	133.333333333333	77.9965232681295	0	77.9965232681295	DCA	140	92.7633959065742
500	133.333333333333	80.1911930824201	0	80.1911930824201	DCA	280	103.905316502091
514.285714285714	133.333333333333	81.7246494987078	24.6	106.324649498708	DCA	0	106.324649498708
528.571428571429	133.333333333333	78.5570386264887	24.6	103.157038626489	DCA	210	140.689389387699
542.857142857143	133.333333333333	82.9253919536619	24.6	107.525391953662	DCA	70	121.491081005037
557.142857142857	133.333333333333	81.5843584340067	24.6	106.184358434007	DCA	140	132.660831072451
571.428571428571	133.333333333333	82.0009727033198	24.6	106.60097270332	DCA	140	133.077445341765
585.714285714286	133.333333333333	80.3714477442924	24.6	104.971447744292	DCA	70	118.937136795667
600	133.333333333333	78.8667805656773	24.6	103.466780565677	DCA	0	103.466780565677
614.285714285714	133.333333333333	80.5981313902462	24.6	105.198131390246	DCA	0	105.198131390246
628.571428571429	133.333333333333	78.1303850389878	24.6	102.730385038988	DCA	0	102.730385038988
642.857142857143	133.333333333333	80.8266161534331	24.6	105.426616153433	DCA	280	152.559939573104
657.142857142857	133.333333333333	78.7752117697386	24.6	103.375211769739	DCA	280	150.508535189409
671.428571428571	133.333333333333	78.8569148758568	24.6	103.456914875857	DCA	210	140.989265637067
685.714285714286	133.333333333333	81.2975935965277	24.6	105.897593596528	DCA	140	132.374066234972
700	133.333333333333	80.8218344487622	24.6	105.421834448762	DCA	280	152.555157868433
714.285714285714	133.333333333333	77.6646028928203	24.6	102.26460289282	DCA	210	139.79695365403
728.571428571429	133.333333333333	77.7424113020503	24.6	102.34241130205	DCA	280	149.475734721721
742.857142857143	133.333333333333	80.3522196480231	24.6	104.952219648023	DCA	210	142.484570409233
757.142857142857	133.333333333333	80.5139020222506	24.6	105.113902022251	DCA	280	152.247225441921
771.428571428571	133.333333333333	78.94121152698	24.6	103.54121152698	DCA	280	150.674534946651
785.714285714286	133.333333333333	79.3088034763817	24.6	103.908803476382	DCA	0	103.908803476382
800	133.333333333333	80.2312071644611	24.6	104.831207164461	DCA	210	142.363557925671
814.285714285714	133.333333333333	77.1660511512519	24.6	101.766051151252	DCA	70	115.731740202627
828.571428571429	133.333333333333	78.7955412757664	24.6	103.395541275766	DCA	280	150.528864695437
842.857142857143	133.333333333333	80.5046794355955	24.6	105.104679435596	DCA	0	105.104679435596
857.142857142857	133.333333333333	76.9588011672158	24.6	101.558801167216	DCA	140	128.035273805661
871.428571428571	133.333333333333	79.8285467227767	24.6	104.428546722777	DCA	210	141.960897483987
885.714285714286	133.333333333333	76.2879000055055	24.6	100.887900005506	DCA	280	148.021223425176
900	133.333333333333	76.819178297209	24.6	101.419178297209	DCA	140	127.895650935654
914.285714285714	133.333333333333	76.4711568982473	24.6	101.071156898247	DCA	210	138.603507659457
928.571428571429	133.333333333333	78.2198422852474	24.6	102.819842285247	DCA	280	149.953165704918
942.857142857143	133.333333333333	80.3679017145766	24.6	104.967901714577	DCA	140	131.444374353021
957.142857142857	133.333333333333	78.9604198093484	24.6	103.560419809348	DCA	70	117.526108860723
971.428571428571	133.333333333333	78.7721131506089	24.6	103.372113150609	DCA	0	103.372113150609
985.714285714286	133.333333333333	82.7427381337656	24.6	107.342738133766	DCA	70	121.30842718514
1000	133.333333333333	84.5130457676119	24.6	109.113045767612	DCA	210	146.645396528822
0	166.666666666667	78.4039224499756	0	78.4039224499756	DCA	70	86.5148115013503
14.2857142857143	166.666666666667	79.3557151341629	0	79.3557151341629	DCA	140	94.1225877726076
28.5714285714286	166.666666666667	78.6656437989825	0	78.6656437989825	DCA	280	102.379767218653
42.8571428571429	166.666666666667	77.4723733600876	0	77.4723733600876	DCA	140	92.2392459985324
57.1428571428571	166.666666666667	75.7097293110931	0	75.7097293110931	DCA	70	83.8206183624678
71.4285714285714	166.666666666667	79.5149557306504	0	79.5149557306504	DCA	210	99.4829064918605
85.7142857142857	166.666666666667	78.0271850837885	0	78.0271850837885	DCA	70	86.1380741351632
100	166.666666666667	74.406650718385	0	74.406650718385	DCA	70	82.5175397697597
114.285714285714	166.666666666667	77.3134837519844	0	77.3134837519844	DCA	0	77.3134837519844
128.571428571429	166.666666666667	77.6449043338694	0	77.6449043338694	DCA	0	77.6449043338694
142.857142857143	166.666666666667	76.4458434029197	0	76.4458434029197	DCA	70	84.5567324542944
157.142857142857	166.666666666667	79.1921525243069	0	79.1921525243069	DCA	70	87.3030415756816
171.428571428571	166.666666666667	77.0590799555001	0	77.0590799555001	DCA	210	97.0270307167102
185.714285714286	166.666666666667	82.2879890380185	0	82.2879890380185	DCA	280	106.002112457689
200	166.666666666667	82.2709406528825	0	82.2709406528825	DCA	70	90.3818297042572
214.285714285714	166.666666666667	84.9292470096957	0	84.9292470096957	DCA	280	108.643370429366
228.571428571429	166.666666666667	85.9440736501559	0	85.9440736501559	DCA	0	85.9440736501559
242.857142857143	166.666666666667	84.1678099462502	0	84.1678099462502	DCA	280	107.881933365921
257.142857142857	166.666666666667	83.0456716627384	0	83.0456716627384	DCA	210	103.013622423948
271.428571428571	166.666666666667	79.3442137854012	0	79.3442137854012	DCA	280	103.058337205072
285.714285714286	166.666666666667	78.2773960288406	0	78.2773960288406	DCA	210	98.2453467900507
300	166.666666666667	77.2645945345281	0	77.2645945345281	DCA	140	92.0314671729728
314.285714285714	166.666666666667	75.8979610697765	0	75.8979610697765	DCA	280	99.6120844894472
328.571428571429	166.666666666667	75.6662258096084	0	75.6662258096084	DCA	70	83.7771148609831
342.857142857143	166.666666666667	78.2414274546819	0	78.2414274546819	DCA	280	101.955550874353
357.142857142857	166.666666666667	75.1084118744046	0	75.1084118744046	DCA	70	83.2193009257793
371.428571428571	166.666666666667	73.8992910537362	0	73.8992910537362	DCA	280	97.6134144734069
385.714285714286	166.666666666667	79.6356228446	0	79.6356228446	DCA	0	79.6356228446
400	166.666666666667	81.6440482409259	0	81.6440482409259	DCA	70	89.7549372923006
414.285714285714	166.666666666667	84.7335036549321	0	84.7335036549321	DCA	0	84.7335036549321
428.571428571429	166.666666666667	83.6599935863397	0	83.6599935863397	DCA	210	103.62794434755
442.857142857143	166.666666666667	82.3570572916854	0	82.3570572916854	DCA	0	82.3570572916854
457.142857142857	166.666666666667	78.7270224592638	0	78.7270224592638	DCA	70	86.8379115106385
471.428571428571	166.666666666667	78.9406135842229	0	78.9406135842229	DCA	140	93.7074862226677
485.714285714286	166.666666666667	80.306576299482	0	80.306576299482	DCA	210	100.274527060692
500	166.666666666667	81.4383225143251	0	81.4383225143251	DCA	140	96.2051951527698
514.285714285714	166.666666666667	80.4283316013296	24.6	105.02833160133	DCA	140	131.504804239774
528.571428571429	166.666666666667	83.1377308476561	24.6	107.737730847656	DCA	140	134.214203486101
542.857142857143	166.666666666667	78.9408410988839	24.6	103.540841098884	DCA	140	130.017313737329
557.142857142857	166.666666666667	81.854802946971	24.6	106.454802946971	DCA	70	120.420491998346
571.428571428571	166.666666666667	82.9906653014217	24.6	107.590665301422	DCA	210	145.123016062632
585.714285714286	166.666666666667	83.810337714544	24.6	108.410337714544	DCA	70	122.376026765919
600	166.666666666667	84.8658667803788	24.6	109.465866780379	DCA	140	135.942339418823
614.285714285714	166.666666666667	82.4723260765116	24.6	107.072326076512	DCA	140	133.548798714956
628.571428571429	166.666666666667	80.9088605532429	24.6	105.508860553243	DCA	280	152.642183972914
642.857142857143	166.666666666667	80.3135624247082	24.6	104.913562424708	DCA	140	131.390035063153
657.142857142857	166.666666666667	77.8189800600458	24.6	102.418980060046	DCA	210	139.951330821256
671.428571428571	166.666666666667	80.1882734780679	24.6	104.788273478068	DCA	210	142.320624239278
685.714285714286	166.666666666667	81.099650349841	24.6	105.699650349841	DCA	280	152.832973769512
700	166.666666666667	81.2469561842462	24.6	105.846956184246	DCA	280	152.980279603917
714.285714285714	166.666666666667	80.9113107121083	24.6	105.511310712108	DCA	0	105.511310712108
728.571428571429	166.666666666667	81.3353817746641	24.6	105.935381774664	DCA	280	153.068705194335
742.857142857143	166.666666666667	81.3958465638169	24.6	105.995846563817	DCA	0	105.995846563817
757.142857142857	166.666666666667	81.7091600783776	24.6	106.309160078378	DCA	0	106.309160078378
771.428571428571	166.666666666667	79.571076793045	24.6	104.171076793045	DCA	70	118.13676584442
785.714285714286	166.666666666667	76.8066941381753	24.6	101.406694138175	DCA	280	148.540017557846
800	166.666666666667	78.5316649510386	24.6	103.131664951039	DCA	280	150.264988370709
814.285714285714	166.666666666667	80.7788882658538	24.6	105.378888265854	DCA	70	119.344577317229
828.571428571429	166.666666666667	78.868961137421	24.6	103.468961137421	DCA	140	129.945433775866
842.857142857143	166.666666666667	77.807183951239	24.6	102.407183951239	DCA	0	102.407183951239
857.142857142857	166.666666666667	79.5253523061914	24.6	104.125352306191	DCA	140	130.601824944636
871.428571428571	166.666666666667	78.6687392151989	24.6	103.268739215199	DCA	0	103.268739215199
885.714285714286	166.666666666667	80.7149599365921	24.6	105.314959936592	DCA	140	131.791432575037
900	166.666666666667	78.2816802149754	24.6	102.881680214975	DCA	70	116.84736926635
914.285714285714	166.666666666667	78.6065775358484	24.6	103.206577535848	DCA	70	117.172266587223
928.571428571429	166.666666666667	80.6543827585527	24.6	105.254382758553	DCA	140	131.730855396997
942.857142857143	166.666666666667	79.6227850401811	24.6	104.222785040181	DCA	70	118.188474091556
957.142857142857	166.666666666667	82.61038421306	24.6	107.21038421306	DCA	0	107.21038421306
971.428571428571	166.666666666667	82.3229507686999	24.6	106.9229507687	DCA	140	133.399423407145
985.714285714286	166.666666666667	86.0623913744365	24.6	110.662391374436	DCA	0	110.662391374436
1000	166.666666666667	87.2863826738168	24.6	111.886382673817	DCA	0	111.886382673817
0	200	79.7189413214986	0	79.7189413214986	DCA	140	94.4858139599433
14.2857142857143	200	79.6548709821727	0	79.6548709821727	DCA	0	79.6548709821727
28.5714285714286	200	77.5509562928677	0	77.5509562928677	DCA	0	77.5509562928677
42.8571428571429	200	79.2103425254705	0	79.2103425254705	DCA	0	79.2103425254705
57.1428571428571	200	79.0217606119103	0	79.0217606119103	DCA	280	102.735884031581
71.4285714285714	200	80.0573635113424	0	80.0573635113424	DCA	140	94.8242361497871
85.7142857142857	200	79.1540922303555	0	79.1540922303555	DCA	210	99.1220429915656
100	200	79.7298087294786	0	79.7298087294786	DCA	210	99.6977594906887
114.285714285714	200	76.1713524804625	0	76.1713524804625	DCA	0	76.1713524804625
128.571428571429	200	74.4602047047539	0	74.4602047047539	DCA	210	94.428155465964
142.857142857143	200	78.6888282711072	0	78.6888282711072	DCA	210	98.6567790323172
157.142857142857	200	75.6506479154226	0	75.6506479154226	DCA	210	95.6185986766327
171.428571428571	200	79.7748335797386	0	79.7748335797386	DCA	0	79.7748335797386
185.714285714286	200	82.2369138933927	0	82.2369138933927	DCA	280	105.951037313063
200	200	83.059886665902	0	83.059886665902	DCA	140	97.8267593043467
214.285714285714	200	82.388583117249	0	82.388583117249	DCA	280	106.10270653692
228.571428571429	200	83.8926923675117	0	83.8926923675117	DCA	140	98.6595650059564
242.857142857143	200	85.6410263219898	0	85.6410263219898	DCA	280	109.35514974166
257.142857142857	200	83.7974928355408	0	83.7974928355408	DCA	140	98.5643654739855
271.428571428571	200	82.7640864171643	0	82.7640864171643	DCA	140	97.5309590556091
285.714285714286	200	78.97440343337	0	78.97440343337	DCA	140	93.7412760718148
300	200	77.3591623363678	0	77.3591623363678	DCA	0	77.3591623363678
314.285714285714	200	75.8768394720727	0	75.8768394720727	DCA	140	90.6437121105175
328.571428571429	200	74.4854877418142	0	74.4854877418142	DCA	210	94.4534385030243
342.857142857143	200	77.2965080933722	0	77.2965080933722	DCA	280	101.010631513043
357.142857142857	200	78.5478484774656	0	78.5478484774656	DCA	140	93.3147211159103
371.428571428571	200	81.9177500403463	0	81.9177500403463	DCA	140	96.684622678791
385.714285714286	200	78.529175484219	0	78.529175484219	DCA	140	93.2960481226638
400	200	82.1898654009087	0	82.1898654009087	DCA	210	102.157816162119
414.285714285714	200	82.3722887510739	0	82.3722887510739	DCA	70	90.4831778024486
428.571428571429	200	81.7521058864603	0	81.7521058864603	DCA	0	81.7521058864603
442.857142857143	200	82.8617230072933	0	82.8617230072933	DCA	0	82.8617230072933
457.142857142857	200	80.9472584807875	0	80.9472584807875	DCA	140	95.7141311192322
471.428571428571	200	84.146691943651	0	84.146691943651	DCA	140	98.9135645820957
485.714285714286	200	83.1234042281999	0	83.1234042281999	DCA	140	97.8902768666446
500	200	81.0182101431166	0	81.0182101431166	DCA	280	104.732333562787
514.285714285714	200	79.1612778698529	24.6	103.761277869853	DCA	0	103.761277869853
528.571428571429	200	79.6531830964004	24.6	104.2531830964	DCA	0	104.2531830964
542.857142857143	200	80.7960500202729	24.6	105.396050020273	DCA	0	105.396050020273
557.142857142857	200	83.531693960356	24.6	108.131693960356	DCA	70	122.097383011731
571.428571428571	200	81.8253458111526	24.6	106.425345811153	DCA	210	143.957696572363
585.714285714286	200	86.1525606735726	24.6	110.752560673573	DCA	210	148.284911434783
600	200	86.4496037238941	24.6	111.049603723894	DCA	70	125.015292775269
614.285714285714	200	81.0026087852082	24.6	105.602608785208	DCA	0	105.602608785208
628.571428571429	200	82.1326222848972	24.6	106.732622284897	DCA	0	106.732622284897
642.857142857143	200	78.7739349222711	24.6	103.373934922271	DCA	70	117.339623973646
657.142857142857	200	79.8962134463866	24.6	104.496213446387	DCA	70	118.461902497761
671.428571428571	200	80.1118617963421	24.6	104.711861796342	DCA	210	142.244212557552
685.714285714286	200	80.970529767994	24.6	105.570529767994	DCA	70	119.536218819369
700	200	83.5702121666938	24.6	108.170212166694	DCA	0	108.170212166694
714.285714285714	200	82.4763503957442	24.6	107.076350395744	DCA	70	121.042039447119
728.571428571429	200	82.3607853815339	24.6	106.960785381534	DCA	0	106.960785381534
742.857142857143	200	80.4857620186854	24.6	105.085762018685	DCA	70	119.05145107006
757.142857142857	200	79.5885948262181	24.6	104.188594826218	DCA	140	130.665067464663
771.428571428571	200	75.8958817873078	24.6	100.495881787308	DCA	280	147.629205206979
785.714285714286	200	76.2308959597414	24.6	100.830895959741	DCA	280	147.964219379412
800	200	78.0251619990406	24.6	102.625161999041	DCA	0	102.625161999041
814.285714285714	200	73.6563924396129	24.6	98.2563924396129	DCA	70	112.222081490988
828.571428571429	200	80.6769470803626	24.6	105.276947080363	DCA	70	119.242636131737
842.857142857143	200	78.7089202120749	24.6	103.308920212075	DCA	0	103.308920212075
857.142857142857	200	79.5999050191253	24.6	104.199905019125	DCA	280	151.333228438796
871.428571428571	200	77.7891164699966	24.6	102.389116469997	DCA	140	128.865589108441
885.714285714286	200	79.9933930232319	24.6	104.593393023232	DCA	280	151.726716442903
900	200	77.4780533266741	24.6	102.078053326674	DCA	280	149.211376746345
914.285714285714	200	76.7494953234462	24.6	101.349495323446	DCA	210	138.881846084656
928.571428571429	200	80.6207803970608	24.6	105.220780397061	DCA	280	152.354103816732
942.857142857143	200	82.5555488552264	24.6	107.155548855226	DCA	70	121.121237906601
957.142857142857	200	84.9852125151251	24.6	109.585212515125	DCA	210	147.117563276335
971.428571428571	200	84.5203647225232	24.6	109.120364722523	DCA	0	109.120364722523
985.714285714286	200	84.2857699650964	24.6	108.885769965096	DCA	0	108.885769965096
1000	200	83.5363432879518	24.6	108.136343287952	DCA	140	134.612815926397
0	233.333333333333	78.6941237234011	0	78.6941237234011	DCA	280	102.408247143072
14.2857142857143	233.333333333333	78.3182616756917	0	78.3182616756917	DCA	210	98.2862124369018
28.5714285714286	233.333333333333	81.6454775115582	0	81.6454775115582	DCA	280	105.359600931229
42.8571428571429	233.333333333333	81.7115482459994	0	81.7115482459994	DCA	280	105.42567166567
57.1428571428571	233.333333333333	81.1465096681047	0	81.1465096681047	DCA	140	95.9133823065494
71.4285714285714	233.333333333333	78.6250518576658	0	78.6250518576658	DCA	140	93.3919244961105
85.7142857142857	233.333333333333	78.3247468124368	0	78.3247468124368	DCA	210	98.2926975736469
100	233.333333333333	79.5917409289864	0	79.5917409289864	DCA	140	94.3586135674311
114.285714285714	233.333333333333	79.8559175714665	0	79.8559175714665	DCA	210	99.8238683326766
128.571428571429	233.333333333333	81.8327638511694	0	81.8327638511694	DCA	280	105.54688727084
142.857142857143	233.333333333333	82.0578522625765	0	82.0578522625765	DCA	210	102.025803023787
157.142857142857	233.333333333333	78.4717452900577	0	78.4717452900577	DCA	280	102.185868709728
171.428571428571	233.333333333333	81.9149481417204	0	81.9149481417204	DCA	210	101.88289890293
185.714285714286	233.333333333333	83.9277466624282	0	83.9277466624282	DCA	70	92.0386357138029
200	233.333333333333	82.7488135507857	0	82.7488135507857	DCA	70	90.8597026021604
214.285714285714	233.333333333333	83.8379612367113	0	83.8379612367113	DCA	70	91.948850288086
228.571428571429	233.333333333333	80.8005948322161	0	80.8005948322161	DCA	140	95.5674674706609
242.857142857143	233.333333333333	78.0735224131882	0	78.0735224131882	DCA	210	98.0414731743982
257.142857142857	233.333333333333	79.1609986246826	0	79.1609986246826	DCA	0	79.1609986246826
271.428571428571	233.333333333333	81.2127745417866	0	81.2127745417866	DCA	0	81.2127745417866
285.714285714286	233.333333333333	81.3278774530972	0	81.3278774530972	DCA	280	105.042000872768
300	233.333333333333	80.3459284583884	0	80.3459284583884	DCA	280	104.060051878059
314.285714285714	233.333333333333	82.5563587009351	0	82.5563587009351	DCA	280	106.270482120606
328.571428571429	233.333333333333	79.4142452292742	0	79.4142452292742	DCA	70	87.5251342806489
342.857142857143	233.333333333333	78.0710706042699	0	78.0710706042699	DCA	210	98.03902136548
357.142857142857	233.333333333333	77.5417172573165	0	77.5417172573165	DCA	280	101.255840676987
371.428571428571	233.333333333333	80.4072830411067	0	80.4072830411067	DCA	280	104.121406460777
385.714285714286	233.333333333333	81.5038167760466	0	81.5038167760466	DCA	210	101.471767537257
400	233.333333333333	83.0383081104626	0	83.0383081104626	DCA	70	91.1491971618373
414.285714285714	233.333333333333	80.5198738979879	0	80.5198738979879	DCA	140	95.2867465364326
428.571428571429	233.333333333333	82.0493195016985	0	82.0493195016985	DCA	210	102.017270262909
442.857142857143	233.333333333333	84.854560670733	0	84.854560670733	DCA	0	84.854560670733
457.142857142857	233.333333333333	83.3761817095728	0	83.3761817095728	DCA	0	83.3761817095728
471.428571428571	233.333333333333	82.6350895618553	0	82.6350895618553	DCA	210	102.603040323065
485.714285714286	233.333333333333	84.3704257906598	0	84.3704257906598	DCA	70	92.4813148420345
500	233.333333333333	86.2061276777755	0	86.2061276777755	DCA	210	106.174078438986
514.285714285714	233.333333333333	84.3465126727427	24.6	108.946512672743	DCA	0	108.946512672743
528.571428571429	233.333333333333	85.6160085089168	24.6	110.216008508917	DCA	70	124.181697560292
542.857142857143	233.333333333333	83.0942222902402	24.6	107.69422229024	DCA	140	134.170694928685
557.142857142857	233.333333333333	84.1011622870022	24.6	108.701162287002	DCA	210	146.233513048212
571.428571428571	233.333333333333	86.6551321460843	24.6	111.255132146084	DCA	280	158.388455565755
585.714285714286	233.333333333333	82.6010695394876	24.6	107.201069539488	DCA	210	144.733420300698
600	233.333333333333	79.9431671076392	24.6	104.543167107639	DCA	210	142.075517868849
614.285714285714	233.333333333333	82.4162503347152	24.6	107.016250334715	DCA	280	154.149573754386
628.571428571429	233.333333333333	78.3365290603865	24.6	102.936529060387	DCA	140	129.413001698831
642.857142857143	233.333333333333	78.3559837445164	24.6	102.955983744516	DCA	280	150.089307164187
657.142857142857	233.333333333333	78.4885018318826	24.6	103.088501831883	DCA	0	103.088501831883
671.428571428571	233.333333333333	79.6195361343136	24.6	104.219536134314	DCA	210	141.751886895524
685.714285714286	233.333333333333	80.8543591344707	24.6	105.454359134471	DCA	280	152.587682554141
700	233.333333333333	80.2028476492682	24.6	104.802847649268	DCA	140	131.279320287713
714.285714285714	233.333333333333	82.0132140275101	24.6	106.61321402751	DCA	210	144.14556478872
728.571428571429	233.333333333333	79.0454028336035	24.6	103.645402833603	DCA	70	117.611091884978
742.857142857143	233.333333333333	80.355923080693	24.6	104.955923080693	DCA	210	142.488273841903
757.142857142857	233.333333333333	81.5194543123337	24.6	106.119454312334	DCA	210	143.651805073544
771.428571428571	233.333333333333	79.5438612397389	24.6	104.143861239739	DCA	0	104.143861239739
785.714285714286	233.333333333333	80.0416669173952	24.6	104.641666917395	DCA	210	142.174017678605
800	233.333333333333	79.5223418939481	24.6	104.122341893948	DCA	70	118.088030945323
814.285714285714	233.333333333333	79.4984034647126	24.6	104.098403464713	DCA	210	141.630754225923
828.571428571429	233.333333333333	75.9296768060623	24.6	100.529676806062	DCA	0	100.529676806062
842.857142857143	233.333333333333	77.646113538601	24.6	102.246113538601	DCA	280	149.379436958272
857.142857142857	233.333333333333	81.3170607579511	24.6	105.917060757951	DCA	210	143.449411519161
871.428571428571	233.333333333333	79.3180531234344	24.6	103.918053123434	DCA	140	130.394525761879
885.714285714286	233.333333333333	79.0805004997605	24.6	103.68050049976	DCA	70	117.646189551135
900	233.333333333333	78.7360857374413	24.6	103.336085737441	DCA	280	150.469409157112
914.285714285714	233.333333333333	78.3685406836646	24.6	102.968540683665	DCA	140	129.445013322109
928.571428571429	233.333333333333	79.1353646486812	24.6	103.735364648681	DCA	70	117.701053700056
942.857142857143	233.333333333333	79.2475423033273	24.6	103.847542303327	DCA	280	150.980865722998
957.142857142857	233.333333333333	77.4463706162799	24.6	102.04637061628	DCA	0	102.04637061628
971.428571428571	233.333333333333	77.9138843053927	24.6	102.513884305393	DCA	0	102.513884305393
985.714285714286	233.333333333333	74.3832011788329	24.6	98.9832011788329	DCA	140	125.459673817278
1000	233.333333333333	78.7903217601389	24.6	103.390321760139	DCA	0	103.390321760139
0	266.666666666667	82.2689542732506	0	82.2689542732506	DCA	280	105.983077692921
14.2857142857143	266.666666666667	83.6436537968187	0	83.6436537968187	DCA	0	83.6436537968187
28.5714285714286	266.666666666667	83.5076130150719	0	83.5076130150719	DCA	70	91.6185020664466
42.8571428571429	266.666666666667	81.079806365594	0	81.079806365594	DCA	70	89.1906954169687
57.1428571428571	266.666666666667	86.54225100611	0	86.54225100611	DCA	70	94.6531400574847
71.4285714285714	266.666666666667	86.8558894436064	0	86.8558894436064	DCA	70	94.9667784949811
85.7142857142857	266.666666666667	82.1854849823013	0	82.1854849823013	DCA	70	90.296374033676
100	266.666666666667	84.6110099842576	0	84.6110099842576	DCA	140	99.3778826227023
114.285714285714	266.666666666667	82.0077947274833	0	82.0077947274833	DCA	70	90.118683778858
128.571428571429	266.666666666667	81.5911074273063	0	81.5911074273063	DCA	280	105.305230846977
142.857142857143	266.666666666667	76.7217562074577	0	76.7217562074577	DCA	0	76.7217562074577
157.142857142857	266.666666666667	83.1796959289632	0	83.1796959289632	DCA	210	103.147646690173
171.428571428571	266.666666666667	80.2865141514046	0	80.2865141514046	DCA	280	104.000637571075
185.714285714286	266.666666666667	78.8292060497953	0	78.8292060497953	DCA	0	78.8292060497953
200	266.666666666667	77.945737275356	0	77.945737275356	DCA	140	92.7126099138007
214.285714285714	266.666666666667	79.1501485494258	0	79.1501485494258	DCA	0	79.1501485494258
228.571428571429	266.666666666667	74.671593964909	0	74.671593964909	DCA	280	98.3857173845797
242.857142857143	266.666666666667	78.6720272518064	0	78.6720272518064	DCA	140	93.4388998902512
257.142857142857	266.666666666667	77.7957480431032	0	77.7957480431032	DCA	70	85.9066370944779
271.428571428571	266.666666666667	79.5768225161728	0	79.5768225161728	DCA	0	79.5768225161728
285.714285714286	266.666666666667	80.4664059851692	0	80.4664059851692	DCA	140	95.2332786236139
300	266.666666666667	79.9429537471511	0	79.9429537471511	DCA	140	94.7098263855958
314.285714285714	266.666666666667	79.4333002022614	0	79.4333002022614	DCA	280	103.147423621932
328.571428571429	266.666666666667	81.5435480426595	0	81.5435480426595	DCA	140	96.3104206811042
342.857142857143	266.666666666667	77.0118089928235	0	77.0118089928235	DCA	0	77.0118089928235
357.142857142857	266.666666666667	79.0302156954941	0	79.0302156954941	DCA	280	102.744339115165
371.428571428571	266.666666666667	80.504114494405	0	80.504114494405	DCA	280	104.218237914076
385.714285714286	266.666666666667	81.3174335364274	0	81.3174335364274	DCA	70	89.4283225878021
400	266.666666666667	85.9350111050153	0	85.9350111050153	DCA	70	94.04590015639
414.285714285714	266.666666666667	83.7096045847702	0	83.7096045847702	DCA	210	103.67755534598
428.571428571429	266.666666666667	77.2964984275645	0	77.2964984275645	DCA	280	101.010621847235
442.857142857143	266.666666666667	83.8836557646583	0	83.8836557646583	DCA	70	91.994544816033
457.142857142857	266.666666666667	80.285796973616	0	80.285796973616	DCA	0	80.285796973616
471.428571428571	266.666666666667	76.378587412952	0	76.378587412952	DCA	0	76.378587412952
485.714285714286	266.666666666667	82.754605282577	0	82.754605282577	DCA	140	97.5214779210217
500	266.666666666667	82.4723289566653	0	82.4723289566653	DCA	70	90.58321800804
514.285714285714	266.666666666667	83.0984955807415	24.6	107.698495580741	DCA	280	154.831819000412
528.571428571429	266.666666666667	82.8358195166511	24.6	107.435819516651	DCA	210	144.968170277861
542.857142857143	266.666666666667	84.4917751863008	24.6	109.091775186301	DCA	280	156.225098605972
557.142857142857	266.666666666667	81.5305865146667	24.6	106.130586514667	DCA	210	143.662937275877
571.428571428571	266.666666666667	77.7868818572889	24.6	102.386881857289	DCA	70	116.352570908664
585.714285714286	266.666666666667	79.3321063915099	24.6	103.93210639151	DCA	210	141.46445715272
600	266.666666666667	77.4088755069142	24.6	102.008875506914	DCA	140	128.485348145359
614.285714285714	266.666666666667	78.9643800467253	24.6	103.564380046725	DCA	70	117.5300690981
628.571428571429	266.666666666667	80.6025487367492	24.6	105.202548736749	DCA	70	119.168237788124
642.857142857143	266.666666666667	83.4138550179268	24.6	108.013855017927	DCA	0	108.013855017927
657.142857142857	266.666666666667	77.388137620568	24.6	101.988137620568	DCA	0	101.988137620568
671.428571428571	266.666666666667	76.3253359975071	24.6	100.925335997507	DCA	0	100.925335997507
685.714285714286	266.666666666667	76.7166014909094	24.6	101.316601490909	DCA	0	101.316601490909
700	266.666666666667	76.8628563497801	24.6	101.46285634978	DCA	0	101.46285634978
714.285714285714	266.666666666667	78.1591950061671	24.6	102.759195006167	DCA	140	129.235667644612
728.571428571429	266.666666666667	78.3913698738902	24.6	102.99136987389	DCA	0	102.99136987389
742.857142857143	266.666666666667	74.2795507043816	24.6	98.8795507043816	DCA	210	136.411901465592
757.142857142857	266.666666666667	81.4122797673023	24.6	106.012279767302	DCA	0	106.012279767302
771.428571428571	266.666666666667	78.6671332579994	24.6	103.267133257999	DCA	70	117.232822309374
785.714285714286	266.666666666667	81.0053127728056	24.6	105.605312772806	DCA	0	105.605312772806
800	266.666666666667	82.844455645498	24.6	107.444455645498	DCA	140	133.920928283943
814.285714285714	266.666666666667	77.7247792611619	24.6	102.324779261162	DCA	70	116.290468312537
828.571428571429	266.666666666667	80.9360871928285	24.6	105.536087192828	DCA	210	143.068437954039
842.857142857143	266.666666666667	77.6382190479273	24.6	102.238219047927	DCA	140	128.714691686372
857.142857142857	266.666666666667	82.6607756313204	24.6	107.26077563132	DCA	210	144.79312639253
871.428571428571	266.666666666667	78.6403792509443	24.6	103.240379250944	DCA	140	129.716851889389
885.714285714286	266.666666666667	80.485964082555	24.6	105.085964082555	DCA	0	105.085964082555
900	266.666666666667	81.2180058015365	24.6	105.818005801536	DCA	210	143.350356562747
914.285714285714	266.666666666667	79.6766106159005	24.6	104.2766106159	DCA	280	151.409934035571
928.571428571429	266.666666666667	79.0174397852382	24.6	103.617439785238	DCA	0	103.617439785238
942.857142857143	266.666666666667	75.7691840768477	24.6	100.369184076848	DCA	210	137.901534838058
957.142857142857	266.666666666667	77.8173313333065	24.6	102.417331333307	DCA	70	116.383020384681
971.428571428571	266.666666666667	77.0782421040685	24.6	101.678242104068	DCA	0	101.678242104068
985.714285714286	266.666666666667	80.2908533439596	24.6	104.89085334396	DCA	70	118.856542395334
1000	266.666666666667	81.4674655278509	24.6	106.067465527851	DCA	70	120.033154579226
0	300	81.5405015009632	0	81.5405015009632	DCA	70	89.6513905523379
14.2857142857143	300	84.2939786265151	0	84.2939786265151	DCA	210	104.261929387725
28.5714285714286	300	82.9702030866547	0	82.9702030866547	DCA	0	82.9702030866547
42.8571428571429	300	88.2979993572404	0	88.2979993572404	DCA	140	103.064871995685
57.1428571428571	300	83.0251660415771	0	83.0251660415771	DCA	280	106.739289461248
71.4285714285714	300	83.2736900685228	0	83.2736900685228	DCA	0	83.2736900685228
85.7142857142857	300	85.1693719753347	0	85.1693719753347	DCA	280	108.883495395005
100	300	83.8613195425334	0	83.8613195425334	DCA	280	107.575442962204
114.285714285714	300	80.4769878241981	0	80.4769878241981	DCA	70	88.5878768755728
128.571428571429	300	81.8064102121891	0	81.8064102121891	DCA	0	81.8064102121891
142.857142857143	300	83.9119133642817	0	83.9119133642817	DCA	280	107.626036783952
157.142857142857	300	84.0591398168665	0	84.0591398168665	DCA	70	92.1700288682412
171.428571428571	300	83.248776725872	0	83.248776725872	DCA	140	98.0156493643168
185.714285714286	300	83.8275259881921	0	83.8275259881921	DCA	140	98.5943986266369
200	300	79.4611092768787	0	79.4611092768787	DCA	70	87.5719983282534
214.285714285714	300	79.5293762336888	0	79.5293762336888	DCA	210	99.4973269948989
228.571428571429	300	81.7675788954961	0	81.7675788954961	DCA	70	89.8784679468708
242.857142857143	300	81.872260341083	0	81.872260341083	DCA	70	89.9831493924577
257.142857142857	300	83.1085011360709	0	83.1085011360709	DCA	70	91.2193901874456
271.428571428571	300	81.9259277735028	0	81.9259277735028	DCA	70	90.0368168248775
285.714285714286	300	81.0522591363635	0	81.0522591363635	DCA	70	89.1631481877382
300	300	77.6085784263093	0	77.6085784263093	DCA	280	101.32270184598
314.285714285714	300	78.0954728535529	0	78.0954728535529	DCA	280	101.809596273224
328.571428571429	300	80.0901959849335	0	80.0901959849335	DCA	210	100.058146746144
342.857142857143	300	82.4387972352454	0	82.4387972352454	DCA	0	82.4387972352454
357.142857142857	300	78.1252846365028	0	78.1252846365028	DCA	210	98.0932353977129
371.428571428571	300	79.6549988644984	0	79.6549988644984	DCA	210	99.6229496257085
385.714285714286	300	80.056027762479	0	80.056027762479	DCA	140	94.8229004009237
400	300	79.6460638034587	0	79.6460638034587	DCA	140	94.4129364419034
414.285714285714	300	83.0799258081696	0	83.0799258081696	DCA	0	83.0799258081696
428.571428571429	300	79.6610391062832	0	79.6610391062832	DCA	0	79.6610391062832
442.857142857143	300	77.3393714355837	0	77.3393714355837	DCA	0	77.3393714355837
457.142857142857	300	80.7872325671975	0	80.7872325671975	DCA	140	95.5541052056422
471.428571428571	300	78.2244314624897	0	78.2244314624897	DCA	70	86.3353205138644
485.714285714286	300	78.096194926489	0	78.096194926489	DCA	210	98.0641456876991
500	300	76.5305078911626	0	76.5305078911626	DCA	210	96.4984586523727
514.285714285714	300	77.5819600625046	24.6	102.181960062505	DCA	210	139.714310823715
528.571428571429	300	77.8357561217188	24.6	102.435756121719	DCA	140	128.912228760164
542.857142857143	300	80.0346279789514	24.6	104.634627978951	DCA	0	104.634627978951
557.142857142857	300	79.479624920082	24.6	104.079624920082	DCA	280	151.212948339753
571.428571428571	300	78.6176363012509	24.6	103.217636301251	DCA	140	129.694108939696
585.714285714286	300	80.8950039937895	24.6	105.49500399379	DCA	0	105.49500399379
600	300	80.5465795725439	24.6	105.146579572544	DCA	0	105.146579572544
614.285714285714	300	78.1647556922724	24.6	102.764755692272	DCA	70	116.730444743647
628.571428571429	300	79.8467487995474	24.6	104.446748799547	DCA	140	130.923221437992
642.857142857143	300	80.5717874782239	24.6	105.171787478224	DCA	70	119.137476529599
657.142857142857	300	81.442874085985	24.6	106.042874085985	DCA	140	132.51934672443
671.428571428571	300	81.9203096375209	24.6	106.520309637521	DCA	70	120.485998688896
685.714285714286	300	79.5524753981834	24.6	104.152475398183	DCA	70	118.118164449558
700	300	81.367842900831	24.6	105.967842900831	DCA	140	132.444315539276
714.285714285714	300	81.3054494906895	24.6	105.90544949069	DCA	70	119.871138542064
728.571428571429	300	84.6536624169924	24.6	109.253662416992	DCA	70	123.219351468367
742.857142857143	300	84.1401473505384	24.6	108.740147350538	DCA	280	155.873470770209
757.142857142857	300	83.7341379165405	24.6	108.33413791654	DCA	280	155.467461336211
771.428571428571	300	81.4360401866038	24.6	106.036040186604	DCA	140	132.512512825049
785.714285714286	300	79.4727968665211	24.6	104.072796866521	DCA	280	151.206120286192
800	300	80.9932648468011	24.6	105.593264846801	DCA	140	132.069737485246
814.285714285714	300	82.2950072683248	24.6	106.895007268325	DCA	280	154.028330687996
828.571428571429	300	80.88300461811	24.6	105.48300461811	DCA	280	152.616328037781
842.857142857143	300	82.4509062453619	24.6	107.050906245362	DCA	0	107.050906245362
857.142857142857	300	81.8872331678409	24.6	106.487233167841	DCA	210	144.019583929051
871.428571428571	300	83.0241432132344	24.6	107.624143213234	DCA	210	145.156493974444
885.714285714286	300	81.9072000087779	24.6	106.507200008778	DCA	140	132.983672647223
900	300	83.0449756227302	24.6	107.64497562273	DCA	210	145.17732638394
914.285714285714	300	82.0534755682286	24.6	106.653475568229	DCA	140	133.129948206673
928.571428571429	300	81.5482593565792	24.6	106.148259356579	DCA	280	153.28158277625
942.857142857143	300	79.8862287317626	24.6	104.486228731763	DCA	0	104.486228731763
957.142857142857	300	78.365383015639	24.6	102.965383015639	DCA	280	150.09870643531
971.428571428571	300	78.145732237224	24.6	102.745732237224	DCA	210	140.278082998434
985.714285714286	300	81.1166258992095	24.6	105.71662589921	DCA	70	119.682314950584
1000	300	80.1133020174492	24.6	104.713302017449	DCA	70	118.678991068824
