x	y	variable1	Zona	ErrorConEfecto	Disenio	AsigTrat	MiRto
0	0	81.9051746111102	0	81.9051746111102	DCA	210	94.1343658810159
14.2857142857143	0	81.5020971699313	0	81.5020971699313	DCA	210	93.7312884398371
28.5714285714286	0	81.4483298409491	0	81.4483298409491	DCA	70	89.0867047281487
42.8571428571429	0	81.4960596903063	0	81.4960596903063	DCA	140	93.2108316674745
57.1428571428571	0	82.369638736673	0	82.369638736673	DCA	0	82.369638736673
71.4285714285714	0	82.3811716919389	0	82.3811716919389	DCA	70	90.0195465791385
85.7142857142857	0	81.6813540819378	0	81.6813540819378	DCA	70	89.3197289691375
100	0	80.9321768474842	0	80.9321768474842	DCA	140	92.6469488246524
114.285714285714	0	86.148259706477	0	86.148259706477	DCA	140	97.8630316836452
128.571428571429	0	85.3210023866341	0	85.3210023866341	DCA	0	85.3210023866341
142.857142857143	0	82.3824370389359	0	82.3824370389359	DCA	280	91.5640698043482
157.142857142857	0	79.6945810835385	0	79.6945810835385	DCA	140	91.4093530607066
171.428571428571	0	78.6250531987379	0	78.6250531987379	DCA	280	87.8066859641501
185.714285714286	0	84.1623331047553	0	84.1623331047553	DCA	70	91.8007079919549
200	0	79.9784032293321	0	79.9784032293321	DCA	210	92.2075944992379
214.285714285714	0	81.8101971929119	0	81.8101971929119	DCA	210	94.0393884628177
228.571428571429	0	79.5886148173166	0	79.5886148173166	DCA	0	79.5886148173166
242.857142857143	0	80.8127727492913	0	80.8127727492913	DCA	210	93.041964019197
257.142857142857	0	80.4625210596154	0	80.4625210596154	DCA	280	89.6441538250276
271.428571428571	0	82.4674199623381	0	82.4674199623381	DCA	0	82.4674199623381
285.714285714286	0	81.1650500100128	0	81.1650500100128	DCA	280	90.346682775425
300	0	76.6796929002248	0	76.6796929002248	DCA	210	88.9088841701306
314.285714285714	0	77.3336627045803	0	77.3336627045803	DCA	70	84.97203759178
328.571428571429	0	78.3465567713159	0	78.3465567713159	DCA	0	78.3465567713159
342.857142857143	0	77.7093231620173	0	77.7093231620173	DCA	280	86.8909559274295
357.142857142857	0	77.3758315204883	0	77.3758315204883	DCA	140	89.0906034976565
371.428571428571	0	77.5568595860646	0	77.5568595860646	DCA	70	85.1952344732642
385.714285714286	0	76.3877974978101	0	76.3877974978101	DCA	70	84.0261723850097
400	0	77.7816729606326	0	77.7816729606326	DCA	70	85.4200478478322
414.285714285714	0	78.3999650050484	0	78.3999650050484	DCA	70	86.038339892248
428.571428571429	0	76.5243650159801	0	76.5243650159801	DCA	210	88.7535562858858
442.857142857143	0	81.0809523404123	0	81.0809523404123	DCA	280	90.2625851058245
457.142857142857	0	82.8369521230524	0	82.8369521230524	DCA	210	95.0661433929581
471.428571428571	0	80.0897012097212	0	80.0897012097212	DCA	210	92.3188924796269
485.714285714286	0	80.1235856207065	0	80.1235856207065	DCA	0	80.1235856207065
500	0	80.418135151782	0	80.418135151782	DCA	0	80.418135151782
514.285714285714	0	77.8442101190156	24.6	102.444210119016	DCA	70	115.937385006215
528.571428571429	0	80.9899120597492	24.6	105.589912059749	DCA	210	135.383503329655
542.857142857143	0	81.1826039867818	24.6	105.782603986782	DCA	70	119.275778873981
557.142857142857	0	86.2444458757866	24.6	110.844445875787	DCA	280	143.445278641199
571.428571428571	0	84.4996337350175	24.6	109.099633735018	DCA	210	138.893225004923
585.714285714286	0	84.1087045540079	24.6	108.708704554008	DCA	0	108.708704554008
600	0	83.4480897606802	24.6	108.04808976068	DCA	140	131.472461737848
614.285714285714	0	81.9056655803076	24.6	106.505665580308	DCA	70	119.998840467507
628.571428571429	0	84.1055881646228	24.6	108.705588164623	DCA	140	132.129960141791
642.857142857143	0	84.3151378345808	24.6	108.915137834581	DCA	210	138.708729104487
657.142857142857	0	80.8504799702563	24.6	105.450479970256	DCA	0	105.450479970256
671.428571428571	0	83.0082544374401	24.6	107.60825443744	DCA	70	121.10142932464
685.714285714286	0	83.8651835568343	24.6	108.465183556834	DCA	0	108.465183556834
700	0	83.1787639373749	24.6	107.778763937375	DCA	70	121.271938824575
714.285714285714	0	83.7781321152344	24.6	108.378132115234	DCA	70	121.871307002434
728.571428571429	0	82.1572793274964	24.6	106.757279327496	DCA	140	130.181651304665
742.857142857143	0	82.2701073329119	24.6	106.870107332912	DCA	140	130.29447931008
757.142857142857	0	79.083744999614	24.6	103.683744999614	DCA	0	103.683744999614
771.428571428571	0	79.3299929959083	24.6	103.929992995908	DCA	210	133.723584265814
785.714285714286	0	78.4681948413248	24.6	103.068194841325	DCA	210	132.861786111231
800	0	79.6388207521808	24.6	104.238820752181	DCA	0	104.238820752181
814.285714285714	0	76.7688544939032	24.6	101.368854493903	DCA	0	101.368854493903
828.571428571429	0	77.5317192794366	24.6	102.131719279437	DCA	140	125.556091256605
842.857142857143	0	77.969075341111	24.6	102.569075341111	DCA	210	132.362666611017
857.142857142857	0	77.9953267773906	24.6	102.595326777391	DCA	280	135.196159542803
871.428571428571	0	76.5558584051712	24.6	101.155858405171	DCA	140	124.580230382339
885.714285714286	0	76.4792801064291	24.6	101.079280106429	DCA	0	101.079280106429
900	0	77.385283052816	24.6	101.985283052816	DCA	140	125.409655029984
914.285714285714	0	79.1255099854415	24.6	103.725509985442	DCA	0	103.725509985442
928.571428571429	0	77.6714507601615	24.6	102.271450760162	DCA	70	115.764625647361
942.857142857143	0	80.9227165168126	24.6	105.522716516813	DCA	210	135.316307786718
957.142857142857	0	80.4846791699359	24.6	105.084679169936	DCA	210	134.878270439842
971.428571428571	0	81.0788163544779	24.6	105.678816354478	DCA	210	135.472407624384
985.714285714286	0	84.7407962538429	24.6	109.340796253843	DCA	280	141.941629019255
1000	0	85.6729099052495	24.6	110.27290990525	DCA	210	140.066501175155
0	33.3333333333333	80.5054013402983	0	80.5054013402983	DCA	0	80.5054013402983
14.2857142857143	33.3333333333333	80.1229084473695	0	80.1229084473695	DCA	0	80.1229084473695
28.5714285714286	33.3333333333333	78.2578962435187	0	78.2578962435187	DCA	70	85.8962711307183
42.8571428571429	33.3333333333333	78.3610550806622	0	78.3610550806622	DCA	0	78.3610550806622
57.1428571428571	33.3333333333333	78.7480584780843	0	78.7480584780843	DCA	210	90.97724974799
71.4285714285714	33.3333333333333	76.6945479070717	0	76.6945479070717	DCA	0	76.6945479070717
85.7142857142857	33.3333333333333	74.1003949586303	0	74.1003949586303	DCA	280	83.2820277240425
100	33.3333333333333	79.1668967484732	0	79.1668967484732	DCA	0	79.1668967484732
114.285714285714	33.3333333333333	75.6135349391311	0	75.6135349391311	DCA	210	87.8427262090368
128.571428571429	33.3333333333333	85.249556676343	0	85.249556676343	DCA	140	96.9643286535112
142.857142857143	33.3333333333333	82.0999877461733	0	82.0999877461733	DCA	140	93.8147597233415
157.142857142857	33.3333333333333	80.2384832552056	0	80.2384832552056	DCA	70	87.8768581424052
171.428571428571	33.3333333333333	82.0945755479845	0	82.0945755479845	DCA	280	91.2762083133967
185.714285714286	33.3333333333333	79.936160450349	0	79.936160450349	DCA	210	92.1653517202547
200	33.3333333333333	79.9350785685634	0	79.9350785685634	DCA	210	92.1642698384692
214.285714285714	33.3333333333333	78.4168129749154	0	78.4168129749154	DCA	70	86.055187862115
228.571428571429	33.3333333333333	79.4009051784996	0	79.4009051784996	DCA	280	88.5825379439118
242.857142857143	33.3333333333333	80.2013763196679	0	80.2013763196679	DCA	0	80.2013763196679
257.142857142857	33.3333333333333	78.3448541055566	0	78.3448541055566	DCA	0	78.3448541055566
271.428571428571	33.3333333333333	80.5948713552696	0	80.5948713552696	DCA	210	92.8240626251753
285.714285714286	33.3333333333333	80.541959287624	0	80.541959287624	DCA	210	92.7711505575297
300	33.3333333333333	78.1136967564557	0	78.1136967564557	DCA	140	89.8284687336239
314.285714285714	33.3333333333333	77.8538879785885	0	77.8538879785885	DCA	70	85.4922628657881
328.571428571429	33.3333333333333	81.1585066239792	0	81.1585066239792	DCA	210	93.3876978938849
342.857142857143	33.3333333333333	76.7911060103948	0	76.7911060103948	DCA	280	85.972738775807
357.142857142857	33.3333333333333	78.4712503353627	0	78.4712503353627	DCA	70	86.1096252225623
371.428571428571	33.3333333333333	77.3977700629766	0	77.3977700629766	DCA	140	89.1125420401448
385.714285714286	33.3333333333333	78.9668537198544	0	78.9668537198544	DCA	280	88.1484864852666
400	33.3333333333333	80.337169806035	0	80.337169806035	DCA	140	92.0519417832032
414.285714285714	33.3333333333333	80.2875413964755	0	80.2875413964755	DCA	70	87.9259162836751
428.571428571429	33.3333333333333	79.2877379071065	0	79.2877379071065	DCA	210	91.5169291770122
442.857142857143	33.3333333333333	80.1612139292993	0	80.1612139292993	DCA	210	92.390405199205
457.142857142857	33.3333333333333	82.7118747411361	0	82.7118747411361	DCA	70	90.3502496283357
471.428571428571	33.3333333333333	80.530366303586	0	80.530366303586	DCA	70	88.1687411907856
485.714285714286	33.3333333333333	76.2245723509555	0	76.2245723509555	DCA	280	85.4062051163677
500	33.3333333333333	78.9449820956038	0	78.9449820956038	DCA	280	88.126614861016
514.285714285714	33.3333333333333	77.589412933037	24.6	102.189412933037	DCA	0	102.189412933037
528.571428571429	33.3333333333333	82.0652416997423	24.6	106.665241699742	DCA	0	106.665241699742
542.857142857143	33.3333333333333	83.5324104915821	24.6	108.132410491582	DCA	140	131.55678246875
557.142857142857	33.3333333333333	84.2696702199204	24.6	108.86967021992	DCA	280	141.470502985333
571.428571428571	33.3333333333333	82.6220563197132	24.6	107.222056319713	DCA	280	139.822889085125
585.714285714286	33.3333333333333	82.3309125429857	24.6	106.930912542986	DCA	280	139.531745308398
600	33.3333333333333	85.3948841406349	24.6	109.994884140635	DCA	280	142.595716906047
614.285714285714	33.3333333333333	85.2201145788758	24.6	109.820114578876	DCA	0	109.820114578876
628.571428571429	33.3333333333333	82.1665948390925	24.6	106.766594839093	DCA	140	130.190966816261
642.857142857143	33.3333333333333	86.4502513013484	24.6	111.050251301348	DCA	0	111.050251301348
657.142857142857	33.3333333333333	84.3122698025004	24.6	108.9122698025	DCA	70	122.4054446897
671.428571428571	33.3333333333333	81.8123355771275	24.6	106.412335577128	DCA	280	139.01316834254
685.714285714286	33.3333333333333	81.8440645111769	24.6	106.444064511177	DCA	210	136.237655781083
700	33.3333333333333	84.0583007973616	24.6	108.658300797362	DCA	280	141.259133562774
714.285714285714	33.3333333333333	81.0598854443237	24.6	105.659885444324	DCA	70	119.153060331523
728.571428571429	33.3333333333333	78.1832690053263	24.6	102.783269005326	DCA	140	126.207640982494
742.857142857143	33.3333333333333	81.8905593527344	24.6	106.490559352734	DCA	140	129.914931329903
757.142857142857	33.3333333333333	78.0230181413099	24.6	102.62301814131	DCA	140	126.047390118478
771.428571428571	33.3333333333333	76.8877761790901	24.6	101.48777617909	DCA	0	101.48777617909
785.714285714286	33.3333333333333	78.4318260384487	24.6	103.031826038449	DCA	0	103.031826038449
800	33.3333333333333	76.5678974551601	24.6	101.16789745516	DCA	70	114.66107234236
814.285714285714	33.3333333333333	81.1203000104107	24.6	105.720300010411	DCA	140	129.144671987579
828.571428571429	33.3333333333333	81.9869459058616	24.6	106.586945905862	DCA	280	139.187778671274
842.857142857143	33.3333333333333	78.5933365035921	24.6	103.193336503592	DCA	280	135.794169269004
857.142857142857	33.3333333333333	78.9659310976567	24.6	103.565931097657	DCA	70	117.059105984856
871.428571428571	33.3333333333333	77.8291822667844	24.6	102.429182266784	DCA	70	115.922357153984
885.714285714286	33.3333333333333	80.6383298480844	24.6	105.238329848084	DCA	280	137.839162613497
900	33.3333333333333	82.1025633986873	24.6	106.702563398687	DCA	210	136.496154668593
914.285714285714	33.3333333333333	81.324710783038	24.6	105.924710783038	DCA	140	129.349082760206
928.571428571429	33.3333333333333	77.2557181776291	24.6	101.855718177629	DCA	0	101.855718177629
942.857142857143	33.3333333333333	77.6678505966233	24.6	102.267850596623	DCA	280	134.868683362035
957.142857142857	33.3333333333333	84.5293448330833	24.6	109.129344833083	DCA	0	109.129344833083
971.428571428571	33.3333333333333	84.6167062128573	24.6	109.216706212857	DCA	140	132.641078190025
985.714285714286	33.3333333333333	80.8747679003261	24.6	105.474767900326	DCA	210	135.268359170232
1000	33.3333333333333	82.9880327731844	24.6	107.588032773184	DCA	280	140.188865538597
0	66.6666666666667	81.3685475499424	0	81.3685475499424	DCA	210	93.5977388198481
14.2857142857143	66.6666666666667	80.8489733528125	0	80.8489733528125	DCA	0	80.8489733528125
28.5714285714286	66.6666666666667	81.1286828551946	0	81.1286828551946	DCA	280	90.3103156206068
42.8571428571429	66.6666666666667	79.1099285062456	0	79.1099285062456	DCA	70	86.7483033934453
57.1428571428571	66.6666666666667	75.1624796360555	0	75.1624796360555	DCA	280	84.3441124014677
71.4285714285714	66.6666666666667	76.9952331122288	0	76.9952331122288	DCA	0	76.9952331122288
85.7142857142857	66.6666666666667	76.461034388534	0	76.461034388534	DCA	210	88.6902256584397
100	66.6666666666667	77.2489779668634	0	77.2489779668634	DCA	0	77.2489779668634
114.285714285714	66.6666666666667	80.0164403941407	0	80.0164403941407	DCA	140	91.7312123713089
128.571428571429	66.6666666666667	84.52540753223	0	84.52540753223	DCA	140	96.2401795093982
142.857142857143	66.6666666666667	82.2942506651706	0	82.2942506651706	DCA	0	82.2942506651706
157.142857142857	66.6666666666667	84.9217920236777	0	84.9217920236777	DCA	140	96.6365640008459
171.428571428571	66.6666666666667	84.0308948744523	0	84.0308948744523	DCA	70	91.6692697616519
185.714285714286	66.6666666666667	81.0501776010579	0	81.0501776010579	DCA	0	81.0501776010579
200	66.6666666666667	81.062523074117	0	81.062523074117	DCA	0	81.062523074117
214.285714285714	66.6666666666667	78.5132536937464	0	78.5132536937464	DCA	70	86.151628580946
228.571428571429	66.6666666666667	80.6125221957338	0	80.6125221957338	DCA	0	80.6125221957338
242.857142857143	66.6666666666667	81.3631748452847	0	81.3631748452847	DCA	0	81.3631748452847
257.142857142857	66.6666666666667	81.5800940120452	0	81.5800940120452	DCA	210	93.8092852819509
271.428571428571	66.6666666666667	81.7930162391631	0	81.7930162391631	DCA	0	81.7930162391631
285.714285714286	66.6666666666667	81.5483227110406	0	81.5483227110406	DCA	210	93.7775139809463
300	66.6666666666667	85.0849941389703	0	85.0849941389703	DCA	70	92.7233690261699
314.285714285714	66.6666666666667	80.6757602819588	0	80.6757602819588	DCA	140	92.390532259127
328.571428571429	66.6666666666667	78.8017915245784	0	78.8017915245784	DCA	70	86.440166411778
342.857142857143	66.6666666666667	80.6580283546564	0	80.6580283546564	DCA	280	89.8396611200686
357.142857142857	66.6666666666667	82.8942754802339	0	82.8942754802339	DCA	280	92.0759082456461
371.428571428571	66.6666666666667	80.1136813905491	0	80.1136813905491	DCA	70	87.7520562777487
385.714285714286	66.6666666666667	79.5202431854992	0	79.5202431854992	DCA	210	91.7494344554049
400	66.6666666666667	74.8604553177331	0	74.8604553177331	DCA	140	86.5752272949013
414.285714285714	66.6666666666667	77.559047000098	0	77.559047000098	DCA	0	77.559047000098
428.571428571429	66.6666666666667	78.8871486445081	0	78.8871486445081	DCA	70	86.5255235317077
442.857142857143	66.6666666666667	76.9642362787746	0	76.9642362787746	DCA	70	84.6026111659742
457.142857142857	66.6666666666667	79.5577613853484	0	79.5577613853484	DCA	0	79.5577613853484
471.428571428571	66.6666666666667	78.4610550992368	0	78.4610550992368	DCA	70	86.0994299864364
485.714285714286	66.6666666666667	81.9901781026254	0	81.9901781026254	DCA	70	89.628552989825
500	66.6666666666667	79.0279360132609	0	79.0279360132609	DCA	140	90.7427079904291
514.285714285714	66.6666666666667	81.380423718898	24.6	105.980423718898	DCA	280	138.58125648431
528.571428571429	66.6666666666667	81.0834704426021	24.6	105.683470442602	DCA	0	105.683470442602
542.857142857143	66.6666666666667	82.8397659788013	24.6	107.439765978801	DCA	210	137.233357248707
557.142857142857	66.6666666666667	85.7710802424598	24.6	110.37108024246	DCA	140	133.795452219628
571.428571428571	66.6666666666667	81.3759427594741	24.6	105.975942759474	DCA	70	119.469117646674
585.714285714286	66.6666666666667	83.9185353546285	24.6	108.518535354628	DCA	0	108.518535354628
600	66.6666666666667	81.3467621405796	24.6	105.94676214058	DCA	210	135.740353410485
614.285714285714	66.6666666666667	81.2129918406811	24.6	105.812991840681	DCA	70	119.306166727881
628.571428571429	66.6666666666667	78.5472906307849	24.6	103.147290630785	DCA	140	126.571662607953
642.857142857143	66.6666666666667	82.8782164340522	24.6	107.478216434052	DCA	140	130.90258841122
657.142857142857	66.6666666666667	82.833439504417	24.6	107.433439504417	DCA	0	107.433439504417
671.428571428571	66.6666666666667	82.5960922878534	24.6	107.196092287853	DCA	140	130.620464265022
685.714285714286	66.6666666666667	82.2798167725443	24.6	106.879816772544	DCA	0	106.879816772544
700	66.6666666666667	80.5898320969021	24.6	105.189832096902	DCA	280	137.790664862314
714.285714285714	66.6666666666667	81.4899220861301	24.6	106.08992208613	DCA	280	138.690754851542
728.571428571429	66.6666666666667	81.0393688352544	24.6	105.639368835254	DCA	140	129.063740812423
742.857142857143	66.6666666666667	78.8333499291231	24.6	103.433349929123	DCA	70	116.926524816323
757.142857142857	66.6666666666667	74.5164008519488	24.6	99.1164008519488	DCA	140	122.540772829117
771.428571428571	66.6666666666667	76.5429494901934	24.6	101.142949490193	DCA	140	124.567321467362
785.714285714286	66.6666666666667	76.5189291097384	24.6	101.118929109738	DCA	140	124.543301086907
800	66.6666666666667	79.5468721355885	24.6	104.146872135588	DCA	280	136.747704901001
814.285714285714	66.6666666666667	81.038735234661	24.6	105.638735234661	DCA	280	138.239568000073
828.571428571429	66.6666666666667	78.1608288846945	24.6	102.760828884695	DCA	0	102.760828884695
842.857142857143	66.6666666666667	80.0766004607412	24.6	104.676600460741	DCA	280	137.277433226153
857.142857142857	66.6666666666667	74.0282936965016	24.6	98.6282936965016	DCA	70	112.121468583701
871.428571428571	66.6666666666667	75.3057294829252	24.6	99.9057294829252	DCA	280	132.506562248337
885.714285714286	66.6666666666667	74.7971199518815	24.6	99.3971199518815	DCA	0	99.3971199518815
900	66.6666666666667	76.1473804337292	24.6	100.747380433729	DCA	140	124.171752410897
914.285714285714	66.6666666666667	76.0867189326999	24.6	100.6867189327	DCA	140	124.111090909868
928.571428571429	66.6666666666667	79.4932581635402	24.6	104.09325816354	DCA	0	104.09325816354
942.857142857143	66.6666666666667	80.9945932285681	24.6	105.594593228568	DCA	210	135.388184498474
957.142857142857	66.6666666666667	80.8273390083184	24.6	105.427339008318	DCA	0	105.427339008318
971.428571428571	66.6666666666667	80.7598387486728	24.6	105.359838748673	DCA	70	118.853013635872
985.714285714286	66.6666666666667	80.0067569054037	24.6	104.606756905404	DCA	70	118.099931792603
1000	66.6666666666667	83.4620988135815	24.6	108.062098813581	DCA	280	140.662931578994
0	100	77.3305094935623	0	77.3305094935623	DCA	70	84.968884380762
14.2857142857143	100	79.3251258722696	0	79.3251258722696	DCA	70	86.9635007594692
28.5714285714286	100	81.2394617469191	0	81.2394617469191	DCA	140	92.9542337240873
42.8571428571429	100	79.7355343408472	0	79.7355343408472	DCA	210	91.9647256107529
57.1428571428571	100	78.8504706483247	0	78.8504706483247	DCA	280	88.0321034137369
71.4285714285714	100	81.6020301678451	0	81.6020301678451	DCA	280	90.7836629332573
85.7142857142857	100	79.4726749752087	0	79.4726749752087	DCA	210	91.7018662451144
100	100	82.2450751994851	0	82.2450751994851	DCA	140	93.9598471766533
114.285714285714	100	83.2952510012316	0	83.2952510012316	DCA	210	95.5244422711373
128.571428571429	100	81.1468413079254	0	81.1468413079254	DCA	210	93.3760325778311
142.857142857143	100	84.5663996408277	0	84.5663996408277	DCA	70	92.2047745280273
157.142857142857	100	83.2560350701413	0	83.2560350701413	DCA	140	94.9708070473095
171.428571428571	100	81.2051622837601	0	81.2051622837601	DCA	210	93.4343535536658
185.714285714286	100	81.0652574782894	0	81.0652574782894	DCA	280	90.2468902437016
200	100	81.2807423453875	0	81.2807423453875	DCA	140	92.9955143225557
214.285714285714	100	80.5777595679344	0	80.5777595679344	DCA	210	92.8069508378401
228.571428571429	100	81.2140029047227	0	81.2140029047227	DCA	140	92.9287748818909
242.857142857143	100	80.3598097189401	0	80.3598097189401	DCA	140	92.0745816961083
257.142857142857	100	81.7587048584687	0	81.7587048584687	DCA	210	93.9878961283744
271.428571428571	100	80.3928558828187	0	80.3928558828187	DCA	140	92.1076278599869
285.714285714286	100	80.0516692005748	0	80.0516692005748	DCA	280	89.233301965987
300	100	83.3630112131737	0	83.3630112131737	DCA	280	92.5446439785859
314.285714285714	100	80.0086023276243	0	80.0086023276243	DCA	0	80.0086023276243
328.571428571429	100	79.2741117391442	0	79.2741117391442	DCA	0	79.2741117391442
342.857142857143	100	80.5570517673901	0	80.5570517673901	DCA	70	88.1954266545897
357.142857142857	100	78.5586141874504	0	78.5586141874504	DCA	140	90.2733861646186
371.428571428571	100	81.7485727392619	0	81.7485727392619	DCA	0	81.7485727392619
385.714285714286	100	79.7449843129247	0	79.7449843129247	DCA	210	91.9741755828304
400	100	74.8403004682436	0	74.8403004682436	DCA	140	86.5550724454118
414.285714285714	100	76.436615665584	0	76.436615665584	DCA	140	88.1513876427522
428.571428571429	100	77.6541857169178	0	77.6541857169178	DCA	280	86.83581848233
442.857142857143	100	74.1914238942472	0	74.1914238942472	DCA	210	86.4206151641529
457.142857142857	100	76.0579682679797	0	76.0579682679797	DCA	210	88.2871595378855
471.428571428571	100	75.6015913869451	0	75.6015913869451	DCA	0	75.6015913869451
485.714285714286	100	77.9920041878364	0	77.9920041878364	DCA	140	89.7067761650046
500	100	78.9069547433124	0	78.9069547433124	DCA	0	78.9069547433124
514.285714285714	100	79.0176160331403	24.6	103.61761603314	DCA	140	127.041988010308
528.571428571429	100	82.8829407479624	24.6	107.482940747962	DCA	140	130.907312725131
542.857142857143	100	80.85630148477	24.6	105.45630148477	DCA	210	135.249892754676
557.142857142857	100	84.0054553993623	24.6	108.605455399362	DCA	0	108.605455399362
571.428571428571	100	83.0010092502972	24.6	107.601009250297	DCA	280	140.201842015709
585.714285714286	100	83.7139018488582	24.6	108.313901848858	DCA	140	131.738273826026
600	100	81.428657313294	24.6	106.028657313294	DCA	140	129.453029290462
614.285714285714	100	79.2015393394643	24.6	103.801539339464	DCA	280	136.402372104877
628.571428571429	100	80.2866462745043	24.6	104.886646274504	DCA	210	134.68023754441
642.857142857143	100	80.9131996844978	24.6	105.513199684498	DCA	0	105.513199684498
657.142857142857	100	81.5808430979488	24.6	106.180843097949	DCA	210	135.974434367854
671.428571428571	100	80.7478540542233	24.6	105.347854054223	DCA	0	105.347854054223
685.714285714286	100	79.416850566076	24.6	104.016850566076	DCA	210	133.810441835982
700	100	82.4288284428337	24.6	107.028828442834	DCA	140	130.453200420002
714.285714285714	100	81.641991193469	24.6	106.241991193469	DCA	140	129.666363170637
728.571428571429	100	81.485309124591	24.6	106.085309124591	DCA	140	129.509681101759
742.857142857143	100	72.9183448962038	24.6	97.5183448962038	DCA	0	97.5183448962038
757.142857142857	100	73.227050336166	24.6	97.827050336166	DCA	70	111.320225223366
771.428571428571	100	72.2326400577106	24.6	96.8326400577106	DCA	140	120.257012034879
785.714285714286	100	76.1134301324002	24.6	100.7134301324	DCA	210	130.507021402306
800	100	72.3613402882922	24.6	96.9613402882922	DCA	0	96.9613402882922
814.285714285714	100	77.4531369934129	24.6	102.053136993413	DCA	280	134.653969758825
828.571428571429	100	78.265948618634	24.6	102.865948618634	DCA	280	135.466781384046
842.857142857143	100	78.0321470591994	24.6	102.632147059199	DCA	280	135.232979824612
857.142857142857	100	75.5344990605842	24.6	100.134499060584	DCA	280	132.735331825996
871.428571428571	100	73.3999886940343	24.6	97.9999886940343	DCA	0	97.9999886940343
885.714285714286	100	75.6376198427953	24.6	100.237619842795	DCA	280	132.838452608207
900	100	79.6406474879013	24.6	104.240647487901	DCA	70	117.733822375101
914.285714285714	100	78.9273615992692	24.6	103.527361599269	DCA	280	136.128194364681
928.571428571429	100	80.826653711182	24.6	105.426653711182	DCA	280	138.027486476594
942.857142857143	100	82.9765475771498	24.6	107.57654757715	DCA	140	131.000919554318
957.142857142857	100	79.821523147725	24.6	104.421523147725	DCA	280	137.022355913137
971.428571428571	100	83.0349267946209	24.6	107.634926794621	DCA	210	137.428518064527
985.714285714286	100	82.0107038586328	24.6	106.610703858633	DCA	70	120.103878745832
1000	100	82.6905710785115	24.6	107.290571078511	DCA	210	137.084162348417
0	133.333333333333	83.4069504624875	0	83.4069504624875	DCA	280	92.5885832278997
14.2857142857143	133.333333333333	82.7739191836915	0	82.7739191836915	DCA	210	95.0031104535972
28.5714285714286	133.333333333333	82.3299844108865	0	82.3299844108865	DCA	210	94.5591756807923
42.8571428571429	133.333333333333	80.1394045145787	0	80.1394045145787	DCA	210	92.3685957844845
57.1428571428571	133.333333333333	80.1536162423142	0	80.1536162423142	DCA	210	92.3828075122199
71.4285714285714	133.333333333333	78.4816398422043	0	78.4816398422043	DCA	280	87.6632726076165
85.7142857142857	133.333333333333	79.8479861973911	0	79.8479861973911	DCA	70	87.4863610845907
100	133.333333333333	77.7146653264192	0	77.7146653264192	DCA	280	86.8962980918314
114.285714285714	133.333333333333	80.9137992167569	0	80.9137992167569	DCA	70	88.5521741039565
128.571428571429	133.333333333333	81.6756276291316	0	81.6756276291316	DCA	210	93.9048188990373
142.857142857143	133.333333333333	80.3937711665732	0	80.3937711665732	DCA	280	89.5754039319854
157.142857142857	133.333333333333	76.1878690658214	0	76.1878690658214	DCA	280	85.3695018312336
171.428571428571	133.333333333333	78.9536556903101	0	78.9536556903101	DCA	140	90.6684276674783
185.714285714286	133.333333333333	79.5167440311	0	79.5167440311	DCA	210	91.7459353010057
200	133.333333333333	78.4290493560824	0	78.4290493560824	DCA	210	90.6582406259881
214.285714285714	133.333333333333	74.5966455266962	0	74.5966455266962	DCA	140	86.3114175038644
228.571428571429	133.333333333333	73.7813593636372	0	73.7813593636372	DCA	280	82.9629921290494
242.857142857143	133.333333333333	77.786053347198	0	77.786053347198	DCA	0	77.786053347198
257.142857142857	133.333333333333	78.2046507434512	0	78.2046507434512	DCA	210	90.433842013357
271.428571428571	133.333333333333	77.6732797016977	0	77.6732797016977	DCA	0	77.6732797016977
285.714285714286	133.333333333333	78.2592950798169	0	78.2592950798169	DCA	0	78.2592950798169
300	133.333333333333	76.8271100306344	0	76.8271100306344	DCA	140	88.5418820078026
314.285714285714	133.333333333333	77.2473045453766	0	77.2473045453766	DCA	0	77.2473045453766
328.571428571429	133.333333333333	77.4860210225142	0	77.4860210225142	DCA	70	85.1243959097138
342.857142857143	133.333333333333	77.9835888101645	0	77.9835888101645	DCA	0	77.9835888101645
357.142857142857	133.333333333333	77.9097626489341	0	77.9097626489341	DCA	0	77.9097626489341
371.428571428571	133.333333333333	77.7484848234152	0	77.7484848234152	DCA	210	89.977676093321
385.714285714286	133.333333333333	84.4573482923379	0	84.4573482923379	DCA	0	84.4573482923379
400	133.333333333333	82.5815655271974	0	82.5815655271974	DCA	140	94.2963375043656
414.285714285714	133.333333333333	77.7959062605817	0	77.7959062605817	DCA	280	86.9775390259939
428.571428571429	133.333333333333	79.2079915399853	0	79.2079915399853	DCA	210	91.4371828098911
442.857142857143	133.333333333333	76.5632666202404	0	76.5632666202404	DCA	140	88.2780385974086
457.142857142857	133.333333333333	79.8153238734873	0	79.8153238734873	DCA	140	91.5300958506555
471.428571428571	133.333333333333	76.7885907546464	0	76.7885907546464	DCA	280	85.9702235200586
485.714285714286	133.333333333333	76.2824015118583	0	76.2824015118583	DCA	140	87.9971734890265
500	133.333333333333	78.4787386722332	0	78.4787386722332	DCA	140	90.1935106494014
514.285714285714	133.333333333333	74.7685714636654	24.6	99.3685714636654	DCA	140	122.792943440834
528.571428571429	133.333333333333	76.9067473676782	24.6	101.506747367678	DCA	280	134.10758013309
542.857142857143	133.333333333333	82.1606580101557	24.6	106.760658010156	DCA	280	139.361490775568
557.142857142857	133.333333333333	82.461266682789	24.6	107.061266682789	DCA	70	120.554441569989
571.428571428571	133.333333333333	79.5956828885841	24.6	104.195682888584	DCA	0	104.195682888584
585.714285714286	133.333333333333	83.9973080945589	24.6	108.597308094559	DCA	70	122.090482981758
600	133.333333333333	83.4322002912484	24.6	108.032200291248	DCA	280	140.633033056661
614.285714285714	133.333333333333	83.6404622611167	24.6	108.240462261117	DCA	210	138.034053531022
628.571428571429	133.333333333333	82.7525424087666	24.6	107.352542408767	DCA	70	120.845717295966
642.857142857143	133.333333333333	81.2718528859087	24.6	105.871852885909	DCA	210	135.665444155814
657.142857142857	133.333333333333	84.5749939494424	24.6	109.174993949442	DCA	280	141.775826714855
671.428571428571	133.333333333333	81.6144791674755	24.6	106.214479167476	DCA	0	106.214479167476
685.714285714286	133.333333333333	80.0645642401158	24.6	104.664564240116	DCA	70	118.157739127315
700	133.333333333333	78.4172216608878	24.6	103.017221660888	DCA	70	116.510396548087
714.285714285714	133.333333333333	75.4164288326957	24.6	100.016428832696	DCA	0	100.016428832696
728.571428571429	133.333333333333	79.5427737402639	24.6	104.142773740264	DCA	280	136.743606505676
742.857142857143	133.333333333333	77.6365724368198	24.6	102.23657243682	DCA	0	102.23657243682
757.142857142857	133.333333333333	78.5833832674499	24.6	103.18338326745	DCA	0	103.18338326745
771.428571428571	133.333333333333	81.4612216184782	24.6	106.061221618478	DCA	140	129.485593595646
785.714285714286	133.333333333333	80.4718696729935	24.6	105.071869672993	DCA	70	118.565044560193
800	133.333333333333	81.4473492796844	24.6	106.047349279684	DCA	70	119.540524166884
814.285714285714	133.333333333333	80.0490754924391	24.6	104.649075492439	DCA	140	128.073447469607
828.571428571429	133.333333333333	81.1321239690507	24.6	105.732123969051	DCA	210	135.525715238956
842.857142857143	133.333333333333	78.0018463743058	24.6	102.601846374306	DCA	210	132.395437644212
857.142857142857	133.333333333333	81.9609431047349	24.6	106.560943104735	DCA	70	120.054117991934
871.428571428571	133.333333333333	80.5177639119278	24.6	105.117763911928	DCA	140	128.542135889096
885.714285714286	133.333333333333	80.7248101328472	24.6	105.324810132847	DCA	70	118.817985020047
900	133.333333333333	82.5381649945151	24.6	107.138164994515	DCA	0	107.138164994515
914.285714285714	133.333333333333	80.2041053619472	24.6	104.804105361947	DCA	280	137.404938127359
928.571428571429	133.333333333333	81.7343051050476	24.6	106.334305105048	DCA	0	106.334305105048
942.857142857143	133.333333333333	78.6682768628289	24.6	103.268276862829	DCA	0	103.268276862829
957.142857142857	133.333333333333	81.0706611591198	24.6	105.67066115912	DCA	70	119.163836046319
971.428571428571	133.333333333333	78.8124999287331	24.6	103.412499928733	DCA	0	103.412499928733
985.714285714286	133.333333333333	80.7265647798859	24.6	105.326564779886	DCA	70	118.819739667085
1000	133.333333333333	80.8489533489957	24.6	105.448953348996	DCA	280	138.049786114408
0	166.666666666667	79.6269825474606	0	79.6269825474606	DCA	210	91.8561738173663
14.2857142857143	166.666666666667	81.0615341757197	0	81.0615341757197	DCA	140	92.7763061528879
28.5714285714286	166.666666666667	82.0008357643807	0	82.0008357643807	DCA	210	94.2300270342864
42.8571428571429	166.666666666667	81.2238650616558	0	81.2238650616558	DCA	0	81.2238650616558
57.1428571428571	166.666666666667	82.6987118663872	0	82.6987118663872	DCA	70	90.3370867535868
71.4285714285714	166.666666666667	83.5659576076262	0	83.5659576076262	DCA	280	92.7475903730384
85.7142857142857	166.666666666667	81.0291012310613	0	81.0291012310613	DCA	210	93.258292500967
100	166.666666666667	79.3011710544438	0	79.3011710544438	DCA	210	91.5303623243495
114.285714285714	166.666666666667	79.4719808627124	0	79.4719808627124	DCA	0	79.4719808627124
128.571428571429	166.666666666667	81.7419569402572	0	81.7419569402572	DCA	140	93.4567289174254
142.857142857143	166.666666666667	79.6273721867766	0	79.6273721867766	DCA	70	87.2657470739762
157.142857142857	166.666666666667	79.0247780843346	0	79.0247780843346	DCA	210	91.2539693542404
171.428571428571	166.666666666667	77.2054917870073	0	77.2054917870073	DCA	0	77.2054917870073
185.714285714286	166.666666666667	78.3008724064889	0	78.3008724064889	DCA	0	78.3008724064889
200	166.666666666667	80.9633244659044	0	80.9633244659044	DCA	0	80.9633244659044
214.285714285714	166.666666666667	77.3479428026143	0	77.3479428026143	DCA	70	84.9863176898139
228.571428571429	166.666666666667	80.6144089933511	0	80.6144089933511	DCA	280	89.7960417587633
242.857142857143	166.666666666667	78.9554390861341	0	78.9554390861341	DCA	280	88.1370718515463
257.142857142857	166.666666666667	82.3301023757696	0	82.3301023757696	DCA	210	94.5592936456753
271.428571428571	166.666666666667	81.7351257503214	0	81.7351257503214	DCA	70	89.373500637521
285.714285714286	166.666666666667	81.9158571103163	0	81.9158571103163	DCA	70	89.5542319975159
300	166.666666666667	78.979036596732	0	78.979036596732	DCA	280	88.1606693621442
314.285714285714	166.666666666667	77.0744516537438	0	77.0744516537438	DCA	0	77.0744516537438
328.571428571429	166.666666666667	75.7250045005841	0	75.7250045005841	DCA	70	83.3633793877838
342.857142857143	166.666666666667	78.7405305810285	0	78.7405305810285	DCA	70	86.3789054682281
357.142857142857	166.666666666667	81.0043734200597	0	81.0043734200597	DCA	210	93.2335646899654
371.428571428571	166.666666666667	83.2704078827384	0	83.2704078827384	DCA	70	90.908782769938
385.714285714286	166.666666666667	82.3508406998818	0	82.3508406998818	DCA	140	94.06561267705
400	166.666666666667	81.259654372894	0	81.259654372894	DCA	70	88.8980292600936
414.285714285714	166.666666666667	78.9001045448339	0	78.9001045448339	DCA	0	78.9001045448339
428.571428571429	166.666666666667	78.457222216252	0	78.457222216252	DCA	0	78.457222216252
442.857142857143	166.666666666667	76.050084011599	0	76.050084011599	DCA	0	76.050084011599
457.142857142857	166.666666666667	75.1901002775342	0	75.1901002775342	DCA	140	86.9048722547024
471.428571428571	166.666666666667	79.7012139397086	0	79.7012139397086	DCA	0	79.7012139397086
485.714285714286	166.666666666667	81.7991037022848	0	81.7991037022848	DCA	210	94.0282949721905
500	166.666666666667	76.542096151224	0	76.542096151224	DCA	140	88.2568681283922
514.285714285714	166.666666666667	76.7065333567447	24.6	101.306533356745	DCA	280	133.907366122157
528.571428571429	166.666666666667	83.1501622478524	24.6	107.750162247852	DCA	280	140.350995013265
542.857142857143	166.666666666667	84.9214337767268	24.6	109.521433776727	DCA	0	109.521433776727
557.142857142857	166.666666666667	81.2502126099796	24.6	105.85021260998	DCA	140	129.274584587148
571.428571428571	166.666666666667	81.1107247230754	24.6	105.710724723075	DCA	70	119.203899610275
585.714285714286	166.666666666667	86.4313693853739	24.6	111.031369385374	DCA	210	140.82496065528
600	166.666666666667	83.8994766156503	24.6	108.49947661565	DCA	70	121.99265150285
614.285714285714	166.666666666667	86.3924662415117	24.6	110.992466241512	DCA	280	143.593299006924
628.571428571429	166.666666666667	84.3760204896362	24.6	108.976020489636	DCA	280	141.576853255048
642.857142857143	166.666666666667	78.8727126384464	24.6	103.472712638446	DCA	210	133.266303908352
657.142857142857	166.666666666667	79.2924156052931	24.6	103.892415605293	DCA	140	127.316787582461
671.428571428571	166.666666666667	80.3409994427603	24.6	104.94099944276	DCA	280	137.541832208173
685.714285714286	166.666666666667	81.4606274536136	24.6	106.060627453614	DCA	0	106.060627453614
700	166.666666666667	80.1538120377755	24.6	104.753812037776	DCA	280	137.354644803188
714.285714285714	166.666666666667	79.9998123477089	24.6	104.599812347709	DCA	140	128.024184324877
728.571428571429	166.666666666667	79.3769122259909	24.6	103.976912225991	DCA	70	117.470087113191
742.857142857143	166.666666666667	80.2310871148291	24.6	104.831087114829	DCA	210	134.624678384735
757.142857142857	166.666666666667	82.2423816644701	24.6	106.84238166447	DCA	140	130.266753641638
771.428571428571	166.666666666667	79.6540293131463	24.6	104.254029313146	DCA	210	134.047620583052
785.714285714286	166.666666666667	80.5705207216997	24.6	105.1705207217	DCA	0	105.1705207217
800	166.666666666667	83.7620073408761	24.6	108.362007340876	DCA	70	121.855182228076
814.285714285714	166.666666666667	83.9371911164265	24.6	108.537191116426	DCA	140	131.961563093595
828.571428571429	166.666666666667	80.1596936721128	24.6	104.759693672113	DCA	140	128.184065649281
842.857142857143	166.666666666667	79.2308546147917	24.6	103.830854614792	DCA	140	127.25522659196
857.142857142857	166.666666666667	79.6912914357189	24.6	104.291291435719	DCA	140	127.715663412887
871.428571428571	166.666666666667	77.7336652186171	24.6	102.333665218617	DCA	0	102.333665218617
885.714285714286	166.666666666667	78.320046279407	24.6	102.920046279407	DCA	140	126.344418256575
900	166.666666666667	79.5609956499953	24.6	104.160995649995	DCA	0	104.160995649995
914.285714285714	166.666666666667	81.06920278221	24.6	105.66920278221	DCA	210	135.462794052116
928.571428571429	166.666666666667	79.2062200184572	24.6	103.806220018457	DCA	70	117.299394905657
942.857142857143	166.666666666667	79.0132735706059	24.6	103.613273570606	DCA	280	136.214106336018
957.142857142857	166.666666666667	79.3816830968399	24.6	103.98168309684	DCA	140	127.406055074008
971.428571428571	166.666666666667	79.4111493833685	24.6	104.011149383369	DCA	210	133.804740653274
985.714285714286	166.666666666667	80.2719814680223	24.6	104.871981468022	DCA	280	137.472814233434
1000	166.666666666667	76.7290200706325	24.6	101.329020070632	DCA	0	101.329020070632
0	200	79.198262216578	0	79.198262216578	DCA	70	86.8366371037776
14.2857142857143	200	80.798616182957	0	80.798616182957	DCA	70	88.4369910701566
28.5714285714286	200	83.2973105632616	0	83.2973105632616	DCA	280	92.4789433286738
42.8571428571429	200	87.8176215832384	0	87.8176215832384	DCA	140	99.5323935604066
57.1428571428571	200	87.5852920363687	0	87.5852920363687	DCA	140	99.3000640135369
71.4285714285714	200	84.7728838946611	0	84.7728838946611	DCA	280	93.9545166600734
85.7142857142857	200	84.9345911910537	0	84.9345911910537	DCA	210	97.1637824609595
100	200	80.6822318186227	0	80.6822318186227	DCA	70	88.3206067058223
114.285714285714	200	79.6176605658066	0	79.6176605658066	DCA	70	87.2560354530062
128.571428571429	200	78.0528961760469	0	78.0528961760469	DCA	210	90.2820874459526
142.857142857143	200	78.8965790391629	0	78.8965790391629	DCA	70	86.5349539263625
157.142857142857	200	79.8767768636509	0	79.8767768636509	DCA	210	92.1059681335566
171.428571428571	200	82.3344025711648	0	82.3344025711648	DCA	140	94.049174548333
185.714285714286	200	82.3411560275853	0	82.3411560275853	DCA	210	94.5703472974911
200	200	78.1855475036857	0	78.1855475036857	DCA	70	85.8239223908853
214.285714285714	200	76.9226222162132	0	76.9226222162132	DCA	280	86.1042549816254
228.571428571429	200	77.7691289290015	0	77.7691289290015	DCA	0	77.7691289290015
242.857142857143	200	81.4722238443884	0	81.4722238443884	DCA	280	90.6538566098006
257.142857142857	200	80.2832591858944	0	80.2832591858944	DCA	280	89.4648919513066
271.428571428571	200	78.9871476975667	0	78.9871476975667	DCA	140	90.7019196747349
285.714285714286	200	78.5544436186953	0	78.5544436186953	DCA	70	86.1928185058949
300	200	78.4333325318782	0	78.4333325318782	DCA	210	90.6625238017839
314.285714285714	200	78.8209806057097	0	78.8209806057097	DCA	140	90.5357525828779
328.571428571429	200	79.5941931400084	0	79.5941931400084	DCA	0	79.5941931400084
342.857142857143	200	79.552752352882	0	79.552752352882	DCA	280	88.7343851182942
357.142857142857	200	75.8055817637709	0	75.8055817637709	DCA	140	87.5203537409391
371.428571428571	200	80.6714116225172	0	80.6714116225172	DCA	210	92.9006028924229
385.714285714286	200	78.611323367916	0	78.611323367916	DCA	280	87.7929561333282
400	200	79.5102895171576	0	79.5102895171576	DCA	280	88.6919222825698
414.285714285714	200	76.819681231197	0	76.819681231197	DCA	0	76.819681231197
428.571428571429	200	76.2552720873023	0	76.2552720873023	DCA	70	83.8936469745019
442.857142857143	200	79.6479867584828	0	79.6479867584828	DCA	140	91.362758735651
457.142857142857	200	80.2590157447487	0	80.2590157447487	DCA	210	92.4882070146545
471.428571428571	200	78.5938067530147	0	78.5938067530147	DCA	280	87.7754395184269
485.714285714286	200	80.269211581323	0	80.269211581323	DCA	0	80.269211581323
500	200	82.3790798333628	0	82.3790798333628	DCA	140	94.093851810531
514.285714285714	200	81.176627977173	24.6	105.776627977173	DCA	280	138.377460742585
528.571428571429	200	82.1025895662207	24.6	106.702589566221	DCA	210	136.496180836126
542.857142857143	200	82.4701044331921	24.6	107.070104433192	DCA	140	130.49447641036
557.142857142857	200	83.6387099679669	24.6	108.238709967967	DCA	210	138.032301237873
571.428571428571	200	82.5115629292808	24.6	107.111562929281	DCA	210	136.905154199186
585.714285714286	200	84.0478559020768	24.6	108.647855902077	DCA	210	138.441447171982
600	200	82.5046214939667	24.6	107.104621493967	DCA	0	107.104621493967
614.285714285714	200	84.1887909460893	24.6	108.788790946089	DCA	140	132.213162923257
628.571428571429	200	87.6824965459013	24.6	112.282496545901	DCA	140	135.706868523069
642.857142857143	200	85.5201135021968	24.6	110.120113502197	DCA	0	110.120113502197
657.142857142857	200	88.2711125719408	24.6	112.871112571941	DCA	70	126.36428745914
671.428571428571	200	83.155462658757	24.6	107.755462658757	DCA	210	137.549053928663
685.714285714286	200	88.1094587238592	24.6	112.709458723859	DCA	280	145.310291489271
700	200	85.6450109769738	24.6	110.245010976974	DCA	210	140.038602246879
714.285714285714	200	82.8660639570353	24.6	107.466063957035	DCA	70	120.959238844235
728.571428571429	200	80.9420986091802	24.6	105.54209860918	DCA	280	138.142931374592
742.857142857143	200	80.89343955948	24.6	105.49343955948	DCA	70	118.98661444668
757.142857142857	200	81.1965981846631	24.6	105.796598184663	DCA	280	138.397430950075
771.428571428571	200	83.1958213748007	24.6	107.795821374801	DCA	210	137.589412644706
785.714285714286	200	84.6538574857774	24.6	109.253857485777	DCA	210	139.047448755683
800	200	82.060629949622	24.6	106.660629949622	DCA	70	120.153804836822
814.285714285714	200	82.1064136217496	24.6	106.70641362175	DCA	140	130.130785598918
828.571428571429	200	81.385436526708	24.6	105.985436526708	DCA	280	138.58626929212
842.857142857143	200	78.8116606889659	24.6	103.411660688966	DCA	140	126.836032666134
857.142857142857	200	77.0351518716701	24.6	101.63515187167	DCA	210	131.428743141576
871.428571428571	200	78.6480358072292	24.6	103.248035807229	DCA	0	103.248035807229
885.714285714286	200	80.8522304036819	24.6	105.452230403682	DCA	280	138.053063169094
900	200	79.4382827367963	24.6	104.038282736796	DCA	70	117.531457623996
914.285714285714	200	76.1195361136256	24.6	100.719536113626	DCA	210	130.513127383531
928.571428571429	200	77.8594711005083	24.6	102.459471100508	DCA	70	115.952645987708
942.857142857143	200	78.1096253379329	24.6	102.709625337933	DCA	70	116.202800225133
957.142857142857	200	79.0489602709876	24.6	103.648960270988	DCA	140	127.073332248156
971.428571428571	200	79.3568039159554	24.6	103.956803915955	DCA	140	127.381175893124
985.714285714286	200	73.0332784482504	24.6	97.6332784482504	DCA	140	121.057650425419
1000	200	75.9125517715506	24.6	100.512551771551	DCA	210	130.306143041456
0	233.333333333333	78.2374272055313	0	78.2374272055313	DCA	140	89.9521991826995
14.2857142857143	233.333333333333	82.3629081076374	0	82.3629081076374	DCA	0	82.3629081076374
28.5714285714286	233.333333333333	85.9357651685424	0	85.9357651685424	DCA	210	98.1649564384481
42.8571428571429	233.333333333333	84.4854933533224	0	84.4854933533224	DCA	140	96.2002653304906
57.1428571428571	233.333333333333	85.2620157052562	0	85.2620157052562	DCA	210	97.4912069751619
71.4285714285714	233.333333333333	84.9628581488066	0	84.9628581488066	DCA	0	84.9628581488066
85.7142857142857	233.333333333333	85.2455810040481	0	85.2455810040481	DCA	280	94.4272137694603
100	233.333333333333	83.1096699392604	0	83.1096699392604	DCA	280	92.2913027046726
114.285714285714	233.333333333333	86.1190569361313	0	86.1190569361313	DCA	210	98.3482482060371
128.571428571429	233.333333333333	84.5174473932946	0	84.5174473932946	DCA	140	96.2322193704628
142.857142857143	233.333333333333	82.9431828398943	0	82.9431828398943	DCA	0	82.9431828398943
157.142857142857	233.333333333333	80.4644965585486	0	80.4644965585486	DCA	0	80.4644965585486
171.428571428571	233.333333333333	80.6186679830537	0	80.6186679830537	DCA	280	89.8003007484659
185.714285714286	233.333333333333	79.8791106898203	0	79.8791106898203	DCA	70	87.5174855770199
200	233.333333333333	77.2822778771657	0	77.2822778771657	DCA	70	84.9206527643653
214.285714285714	233.333333333333	80.2303098495247	0	80.2303098495247	DCA	140	91.9450818266929
228.571428571429	233.333333333333	83.3474108800284	0	83.3474108800284	DCA	280	92.5290436454406
242.857142857143	233.333333333333	83.8540082868811	0	83.8540082868811	DCA	140	95.5687802640493
257.142857142857	233.333333333333	84.8754241321107	0	84.8754241321107	DCA	70	92.5137990193103
271.428571428571	233.333333333333	84.0352025632965	0	84.0352025632965	DCA	140	95.7499745404646
285.714285714286	233.333333333333	77.0570320937923	0	77.0570320937923	DCA	280	86.2386648592045
300	233.333333333333	79.8074506484759	0	79.8074506484759	DCA	70	87.4458255356755
314.285714285714	233.333333333333	80.0024420753174	0	80.0024420753174	DCA	280	89.1840748407297
328.571428571429	233.333333333333	77.9007672157466	0	77.9007672157466	DCA	0	77.9007672157466
342.857142857143	233.333333333333	76.7408289822704	0	76.7408289822704	DCA	280	85.9224617476826
357.142857142857	233.333333333333	77.0289890687697	0	77.0289890687697	DCA	70	84.6673639559693
371.428571428571	233.333333333333	77.2477920442118	0	77.2477920442118	DCA	0	77.2477920442118
385.714285714286	233.333333333333	77.943746974847	0	77.943746974847	DCA	0	77.943746974847
400	233.333333333333	79.0496335181361	0	79.0496335181361	DCA	210	91.2788247880418
414.285714285714	233.333333333333	78.7894508834507	0	78.7894508834507	DCA	210	91.0186421533564
428.571428571429	233.333333333333	81.3517787711616	0	81.3517787711616	DCA	280	90.5334115365738
442.857142857143	233.333333333333	82.0445374071569	0	82.0445374071569	DCA	0	82.0445374071569
457.142857142857	233.333333333333	79.0724604691025	0	79.0724604691025	DCA	210	91.3016517390082
471.428571428571	233.333333333333	77.7416032362423	0	77.7416032362423	DCA	0	77.7416032362423
485.714285714286	233.333333333333	77.90195217531	0	77.90195217531	DCA	70	85.5403270625097
500	233.333333333333	79.0095509721571	0	79.0095509721571	DCA	280	88.1911837375693
514.285714285714	233.333333333333	81.2916202192743	24.6	105.891620219274	DCA	70	119.384795106474
528.571428571429	233.333333333333	80.2482452065153	24.6	104.848245206515	DCA	70	118.341420093715
542.857142857143	233.333333333333	82.568441939605	24.6	107.168441939605	DCA	70	120.661616826805
557.142857142857	233.333333333333	79.6030652151697	24.6	104.20306521517	DCA	70	117.696240102369
571.428571428571	233.333333333333	81.5262334036373	24.6	106.126233403637	DCA	140	129.550605380805
585.714285714286	233.333333333333	81.7924219176384	24.6	106.392421917638	DCA	0	106.392421917638
600	233.333333333333	83.9556763310387	24.6	108.555676331039	DCA	0	108.555676331039
614.285714285714	233.333333333333	86.5173325370876	24.6	111.117332537088	DCA	70	124.610507424287
628.571428571429	233.333333333333	81.1648221682999	24.6	105.7648221683	DCA	140	129.189194145468
642.857142857143	233.333333333333	82.543982911809	24.6	107.143982911809	DCA	140	130.568354888977
657.142857142857	233.333333333333	84.2781207877304	24.6	108.87812078773	DCA	70	122.37129567493
671.428571428571	233.333333333333	78.7943910086372	24.6	103.394391008637	DCA	70	116.887565895837
685.714285714286	233.333333333333	80.962613787329	24.6	105.562613787329	DCA	140	128.986985764497
700	233.333333333333	80.0101501629545	24.6	104.610150162955	DCA	210	134.40374143286
714.285714285714	233.333333333333	80.2741831430012	24.6	104.874183143001	DCA	280	137.475015908413
728.571428571429	233.333333333333	79.1148660852985	24.6	103.714866085299	DCA	0	103.714866085299
742.857142857143	233.333333333333	80.0867873921014	24.6	104.686787392101	DCA	0	104.686787392101
757.142857142857	233.333333333333	80.384478455036	24.6	104.984478455036	DCA	0	104.984478455036
771.428571428571	233.333333333333	79.5363166124436	24.6	104.136316612444	DCA	210	133.929907882349
785.714285714286	233.333333333333	79.4626109237013	24.6	104.062610923701	DCA	70	117.555785810901
800	233.333333333333	81.7233406530363	24.6	106.323340653036	DCA	0	106.323340653036
814.285714285714	233.333333333333	79.7628761346167	24.6	104.362876134617	DCA	70	117.856051021816
828.571428571429	233.333333333333	77.4404473489189	24.6	102.040447348919	DCA	70	115.533622236119
842.857142857143	233.333333333333	78.5689601589658	24.6	103.168960158966	DCA	210	132.962551428872
857.142857142857	233.333333333333	80.437408852325	24.6	105.037408852325	DCA	70	118.530583739525
871.428571428571	233.333333333333	78.6030935345186	24.6	103.203093534519	DCA	140	126.627465511687
885.714285714286	233.333333333333	81.4904158655345	24.6	106.090415865535	DCA	70	119.583590752734
900	233.333333333333	77.5452112925819	24.6	102.145211292582	DCA	70	115.638386179782
914.285714285714	233.333333333333	78.0287792804055	24.6	102.628779280406	DCA	70	116.121954167605
928.571428571429	233.333333333333	78.0759865927887	24.6	102.675986592789	DCA	280	135.276819358201
942.857142857143	233.333333333333	78.5076897892918	24.6	103.107689789292	DCA	140	126.53206176646
957.142857142857	233.333333333333	79.4067105059237	24.6	104.006710505924	DCA	0	104.006710505924
971.428571428571	233.333333333333	77.3749481911655	24.6	101.974948191166	DCA	70	115.468123078365
985.714285714286	233.333333333333	76.5096328708519	24.6	101.109632870852	DCA	210	130.903224140758
1000	233.333333333333	79.7405510692792	24.6	104.340551069279	DCA	70	117.833725956479
0	266.666666666667	81.6530842369737	0	81.6530842369737	DCA	280	90.8347170023859
14.2857142857143	266.666666666667	82.2074796493722	0	82.2074796493722	DCA	280	91.3891124147844
28.5714285714286	266.666666666667	80.2789868083571	0	80.2789868083571	DCA	210	92.5081780782628
42.8571428571429	266.666666666667	86.7488614982082	0	86.7488614982082	DCA	140	98.4636334753764
57.1428571428571	266.666666666667	89.324647975043	0	89.324647975043	DCA	0	89.324647975043
71.4285714285714	266.666666666667	88.3502177235313	0	88.3502177235313	DCA	0	88.3502177235313
85.7142857142857	266.666666666667	85.296417486504	0	85.296417486504	DCA	70	92.9347923737036
100	266.666666666667	85.7908671016245	0	85.7908671016245	DCA	140	97.5056390787927
114.285714285714	266.666666666667	81.9052703416649	0	81.9052703416649	DCA	210	94.1344616115706
128.571428571429	266.666666666667	85.6615591973026	0	85.6615591973026	DCA	70	93.2999340845022
142.857142857143	266.666666666667	84.3726295853145	0	84.3726295853145	DCA	210	96.6018208552203
157.142857142857	266.666666666667	84.7940067750381	0	84.7940067750381	DCA	280	93.9756395404503
171.428571428571	266.666666666667	84.2101530353157	0	84.2101530353157	DCA	280	93.3917858007279
185.714285714286	266.666666666667	83.2076395197477	0	83.2076395197477	DCA	280	92.3892722851599
200	266.666666666667	82.7108077013265	0	82.7108077013265	DCA	210	94.9399989712323
214.285714285714	266.666666666667	81.8426739069337	0	81.8426739069337	DCA	280	91.0243066723459
228.571428571429	266.666666666667	85.8584048809117	0	85.8584048809117	DCA	140	97.5731768580799
242.857142857143	266.666666666667	85.1876503912001	0	85.1876503912001	DCA	140	96.9024223683683
257.142857142857	266.666666666667	84.3704935807112	0	84.3704935807112	DCA	140	96.0852655578794
271.428571428571	266.666666666667	84.1229887196443	0	84.1229887196443	DCA	210	96.3521799895501
285.714285714286	266.666666666667	86.4865678187717	0	86.4865678187717	DCA	280	95.6682005841839
300	266.666666666667	81.4182694901647	0	81.4182694901647	DCA	210	93.6474607600704
314.285714285714	266.666666666667	83.3918742797371	0	83.3918742797371	DCA	140	95.1066462569053
328.571428571429	266.666666666667	82.0593082501604	0	82.0593082501604	DCA	70	89.69768313736
342.857142857143	266.666666666667	81.2694273107293	0	81.2694273107293	DCA	210	93.4986185806351
357.142857142857	266.666666666667	79.2543146556455	0	79.2543146556455	DCA	140	90.9690866328137
371.428571428571	266.666666666667	78.5662994188179	0	78.5662994188179	DCA	0	78.5662994188179
385.714285714286	266.666666666667	77.4119048021255	0	77.4119048021255	DCA	0	77.4119048021255
400	266.666666666667	79.8174023582024	0	79.8174023582024	DCA	140	91.5321743353706
414.285714285714	266.666666666667	80.7720137926092	0	80.7720137926092	DCA	70	88.4103886798088
428.571428571429	266.666666666667	85.0805048612579	0	85.0805048612579	DCA	0	85.0805048612579
442.857142857143	266.666666666667	81.3935426392966	0	81.3935426392966	DCA	70	89.0319175264962
457.142857142857	266.666666666667	78.8879455526581	0	78.8879455526581	DCA	70	86.5263204398577
471.428571428571	266.666666666667	81.8039082434908	0	81.8039082434908	DCA	140	93.518680220659
485.714285714286	266.666666666667	79.8416229793933	0	79.8416229793933	DCA	0	79.8416229793933
500	266.666666666667	79.2811799411118	0	79.2811799411118	DCA	0	79.2811799411118
514.285714285714	266.666666666667	83.9774906759265	24.6	108.577490675926	DCA	280	141.178323441339
528.571428571429	266.666666666667	82.032657396327	24.6	106.632657396327	DCA	210	136.426248666233
542.857142857143	266.666666666667	82.5309582102043	24.6	107.130958210204	DCA	210	136.92454948011
557.142857142857	266.666666666667	83.7861646193273	24.6	108.386164619327	DCA	280	140.986997384739
571.428571428571	266.666666666667	86.3089771742903	24.6	110.90897717429	DCA	280	143.509809939703
585.714285714286	266.666666666667	82.5617144529608	24.6	107.161714452961	DCA	280	139.762547218373
600	266.666666666667	83.8844802611464	24.6	108.484480261146	DCA	0	108.484480261146
614.285714285714	266.666666666667	83.732095810672	24.6	108.332095810672	DCA	210	138.125687080578
628.571428571429	266.666666666667	81.8212445066859	24.6	106.421244506686	DCA	140	129.845616483854
642.857142857143	266.666666666667	81.1287280340438	24.6	105.728728034044	DCA	0	105.728728034044
657.142857142857	266.666666666667	82.2850952511501	24.6	106.88509525115	DCA	0	106.88509525115
671.428571428571	266.666666666667	81.8304784008436	24.6	106.430478400844	DCA	70	119.923653288043
685.714285714286	266.666666666667	79.8614937292478	24.6	104.461493729248	DCA	280	137.06232649466
700	266.666666666667	82.2599396393397	24.6	106.85993963934	DCA	210	136.653530909245
714.285714285714	266.666666666667	81.1412558049142	24.6	105.741255804914	DCA	280	138.342088570326
728.571428571429	266.666666666667	78.4332723850762	24.6	103.033272385076	DCA	70	116.526447272276
742.857142857143	266.666666666667	79.5534691846449	24.6	104.153469184645	DCA	140	127.577841161813
757.142857142857	266.666666666667	78.1993762818538	24.6	102.799376281854	DCA	210	132.59296755176
771.428571428571	266.666666666667	76.6445583434258	24.6	101.244558343426	DCA	70	114.737733230625
785.714285714286	266.666666666667	82.3954882046779	24.6	106.995488204678	DCA	210	136.789079474584
800	266.666666666667	82.3622890906331	24.6	106.962289090633	DCA	210	136.755880360539
814.285714285714	266.666666666667	81.5052276276754	24.6	106.105227627675	DCA	0	106.105227627675
828.571428571429	266.666666666667	75.9730158156754	24.6	100.573015815675	DCA	0	100.573015815675
842.857142857143	266.666666666667	77.3753261988441	24.6	101.975326198844	DCA	140	125.399698176012
857.142857142857	266.666666666667	77.8770683558144	24.6	102.477068355814	DCA	280	135.077901121227
871.428571428571	266.666666666667	78.4758638846963	24.6	103.075863884696	DCA	0	103.075863884696
885.714285714286	266.666666666667	80.9311440302193	24.6	105.531144030219	DCA	0	105.531144030219
900	266.666666666667	75.9311389263395	24.6	100.53113892634	DCA	140	123.955510903508
914.285714285714	266.666666666667	77.610661446708	24.6	102.210661446708	DCA	70	115.703836333908
928.571428571429	266.666666666667	79.0506934190143	24.6	103.650693419014	DCA	210	133.44428468892
942.857142857143	266.666666666667	80.4086874056492	24.6	105.008687405649	DCA	0	105.008687405649
957.142857142857	266.666666666667	81.6052109597002	24.6	106.2052109597	DCA	140	129.629582936868
971.428571428571	266.666666666667	81.4960101023673	24.6	106.096010102367	DCA	70	119.589184989567
985.714285714286	266.666666666667	81.4757462698728	24.6	106.075746269873	DCA	140	129.500118247041
1000	266.666666666667	82.2528100056296	24.6	106.85281000563	DCA	0	106.85281000563
0	300	85.3365816286733	0	85.3365816286733	DCA	70	92.9749565158729
14.2857142857143	300	83.1890536556794	0	83.1890536556794	DCA	280	92.3706864210916
28.5714285714286	300	83.984552397063	0	83.984552397063	DCA	210	96.2137436669687
42.8571428571429	300	85.3657896100869	0	85.3657896100869	DCA	210	97.5949808799927
57.1428571428571	300	84.3270035319325	0	84.3270035319325	DCA	70	91.9653784191322
71.4285714285714	300	84.8608512787628	0	84.8608512787628	DCA	280	94.042484044175
85.7142857142857	300	82.0732053689063	0	82.0732053689063	DCA	280	91.2548381343185
100	300	81.8827372876949	0	81.8827372876949	DCA	70	89.5211121748945
114.285714285714	300	83.6754172458909	0	83.6754172458909	DCA	210	95.9046085157966
128.571428571429	300	83.4252111014482	0	83.4252111014482	DCA	280	92.6068438668604
142.857142857143	300	84.3485301733663	0	84.3485301733663	DCA	280	93.5301629387785
157.142857142857	300	85.701656233987	0	85.701656233987	DCA	140	97.4164282111552
171.428571428571	300	83.4763493049243	0	83.4763493049243	DCA	0	83.4763493049243
185.714285714286	300	85.2074921199695	0	85.2074921199695	DCA	210	97.4366833898752
200	300	84.0601590563412	0	84.0601590563412	DCA	210	96.2893503262469
214.285714285714	300	83.4114449140381	0	83.4114449140381	DCA	280	92.5930776794503
228.571428571429	300	84.0312754392236	0	84.0312754392236	DCA	70	91.6696503264233
242.857142857143	300	84.0492030776299	0	84.0492030776299	DCA	280	93.2308358430421
257.142857142857	300	85.5874824882589	0	85.5874824882589	DCA	210	97.8166737581646
271.428571428571	300	80.5782808525048	0	80.5782808525048	DCA	0	80.5782808525048
285.714285714286	300	83.4808886245506	0	83.4808886245506	DCA	140	95.1956606017188
300	300	83.9502204733172	0	83.9502204733172	DCA	70	91.5885953605168
314.285714285714	300	79.0442285813427	0	79.0442285813427	DCA	70	86.6826034685423
328.571428571429	300	80.5457040934518	0	80.5457040934518	DCA	0	80.5457040934518
342.857142857143	300	76.9933419440502	0	76.9933419440502	DCA	280	86.1749747094624
357.142857142857	300	77.0540063771773	0	77.0540063771773	DCA	70	84.6923812643769
371.428571428571	300	76.3714857289339	0	76.3714857289339	DCA	140	88.0862577061021
385.714285714286	300	76.7608961510217	0	76.7608961510217	DCA	280	85.9425289164339
400	300	77.253046129878	0	77.253046129878	DCA	0	77.253046129878
414.285714285714	300	80.1417736913834	0	80.1417736913834	DCA	210	92.3709649612892
428.571428571429	300	83.1599250888628	0	83.1599250888628	DCA	280	92.341557854275
442.857142857143	300	82.0448802009012	0	82.0448802009012	DCA	70	89.6832550881008
457.142857142857	300	80.4629376010947	0	80.4629376010947	DCA	140	92.1777095782629
471.428571428571	300	78.3565922758901	0	78.3565922758901	DCA	0	78.3565922758901
485.714285714286	300	77.7597900972647	0	77.7597900972647	DCA	280	86.9414228626769
500	300	79.0789626333912	0	79.0789626333912	DCA	140	90.7937346105594
514.285714285714	300	80.8293643706168	24.6	105.429364370617	DCA	0	105.429364370617
528.571428571429	300	79.3632360888561	24.6	103.963236088856	DCA	280	136.564068854268
542.857142857143	300	77.8533772906785	24.6	102.453377290678	DCA	280	135.054210056091
557.142857142857	300	81.692881676	24.6	106.292881676	DCA	0	106.292881676
571.428571428571	300	81.2892320873155	24.6	105.889232087315	DCA	70	119.382406974515
585.714285714286	300	80.6467364883028	24.6	105.246736488303	DCA	280	137.847569253715
600	300	78.6302170850886	24.6	103.230217085089	DCA	280	135.831049850501
614.285714285714	300	79.1804346224854	24.6	103.780434622485	DCA	280	136.381267387898
628.571428571429	300	76.7891207548604	24.6	101.38912075486	DCA	210	131.182712024766
642.857142857143	300	80.5436651786591	24.6	105.143665178659	DCA	210	134.937256448565
657.142857142857	300	81.5962851369154	24.6	106.196285136915	DCA	70	119.689460024115
671.428571428571	300	86.3167265086391	24.6	110.916726508639	DCA	140	134.341098485807
685.714285714286	300	86.8989693350317	24.6	111.498969335032	DCA	280	144.099802100444
700	300	81.0140029236405	24.6	105.614002923641	DCA	210	135.407594193546
714.285714285714	300	80.4949627085634	24.6	105.094962708563	DCA	210	134.888553978469
728.571428571429	300	79.4989879260136	24.6	104.098987926014	DCA	0	104.098987926014
742.857142857143	300	81.6253322886659	24.6	106.225332288666	DCA	140	129.649704265834
757.142857142857	300	81.9031341474121	24.6	106.503134147412	DCA	0	106.503134147412
771.428571428571	300	75.7626078353024	24.6	100.362607835302	DCA	210	130.156199105208
785.714285714286	300	79.179266590821	24.6	103.779266590821	DCA	70	117.272441478021
800	300	76.861937129662	24.6	101.461937129662	DCA	140	124.88630910683
814.285714285714	300	75.2287975831043	24.6	99.8287975831043	DCA	140	123.253169560272
828.571428571429	300	74.5859240102779	24.6	99.1859240102779	DCA	70	112.679098897477
842.857142857143	300	81.1613461871297	24.6	105.76134618713	DCA	140	129.185718164298
857.142857142857	300	81.9539183598625	24.6	106.553918359863	DCA	0	106.553918359863
871.428571428571	300	80.1096981007695	24.6	104.70969810077	DCA	280	137.310530866182
885.714285714286	300	78.8748154638084	24.6	103.474815463808	DCA	140	126.899187440977
900	300	83.0608747832832	24.6	107.660874783283	DCA	0	107.660874783283
914.285714285714	300	79.3753263745391	24.6	103.975326374539	DCA	280	136.576159139951
928.571428571429	300	81.0646022949709	24.6	105.664602294971	DCA	280	138.265435060383
942.857142857143	300	82.0947481403217	24.6	106.694748140322	DCA	70	120.187923027521
957.142857142857	300	83.8280288014449	24.6	108.428028801445	DCA	70	121.921203688645
971.428571428571	300	84.3117272171567	24.6	108.911727217157	DCA	210	138.705318487062
985.714285714286	300	80.3328013087541	24.6	104.932801308754	DCA	210	134.72639257866
1000	300	80.1167448274787	24.6	104.716744827479	DCA	210	134.510336097384
