x	y	variable1	Zona	ErrorConEfecto	Disenio	AsigTrat	MiRto
0	0	79.8159251454066	0	79.8159251454066	DCA	140	90.2868173824785
14.2857142857143	0	75.6560995727718	0	75.6560995727718	DCA	140	86.1269918098437
28.5714285714286	0	78.1716954227924	0	78.1716954227924	DCA	280	84.686924619625
42.8571428571429	0	82.0934263694399	0	82.0934263694399	DCA	0	82.0934263694399
57.1428571428571	0	79.8573968797769	0	79.8573968797769	DCA	0	79.8573968797769
71.4285714285714	0	82.6760139166652	0	82.6760139166652	DCA	210	92.9723940432814
85.7142857142857	0	78.1258828260403	0	78.1258828260403	DCA	0	78.1258828260403
100	0	77.4780118753239	0	77.4780118753239	DCA	0	77.4780118753239
114.285714285714	0	75.7008209609045	0	75.7008209609045	DCA	0	75.7008209609045
128.571428571429	0	75.9121178212475	0	75.9121178212475	DCA	210	86.2084979478637
142.857142857143	0	77.9779210895131	0	77.9779210895131	DCA	140	88.448813326585
157.142857142857	0	77.4870220061614	0	77.4870220061614	DCA	210	87.7834021327776
171.428571428571	0	74.5650111381227	0	74.5650111381227	DCA	0	74.5650111381227
185.714285714286	0	76.6250210268934	0	76.6250210268934	DCA	0	76.6250210268934
200	0	78.5118073437093	0	78.5118073437093	DCA	210	88.8081874703254
214.285714285714	0	78.1356394930371	0	78.1356394930371	DCA	70	85.174405021237
228.571428571429	0	80.0761538390423	0	80.0761538390423	DCA	0	80.0761538390423
242.857142857143	0	79.6512499188124	0	79.6512499188124	DCA	140	90.1221421558843
257.142857142857	0	82.3989261071759	0	82.3989261071759	DCA	210	92.6953062337921
271.428571428571	0	76.0357986360194	0	76.0357986360194	DCA	280	82.551027832852
285.714285714286	0	76.8611416208321	0	76.8611416208321	DCA	210	87.1575217474482
300	0	75.8693125561995	0	75.8693125561995	DCA	0	75.8693125561995
314.285714285714	0	76.437557638018	0	76.437557638018	DCA	140	86.90844987509
328.571428571429	0	74.6543804692713	0	74.6543804692713	DCA	70	81.6931459974712
342.857142857143	0	79.2485311224273	0	79.2485311224273	DCA	0	79.2485311224273
357.142857142857	0	78.6701797405937	0	78.6701797405937	DCA	140	89.1410719776656
371.428571428571	0	81.3270877607001	0	81.3270877607001	DCA	280	87.8423169575327
385.714285714286	0	80.855911764952	0	80.855911764952	DCA	280	87.3711409617846
400	0	81.4954161409208	0	81.4954161409208	DCA	0	81.4954161409208
414.285714285714	0	77.7699605346849	0	77.7699605346849	DCA	280	84.2851897315175
428.571428571429	0	81.3074255402414	0	81.3074255402414	DCA	0	81.3074255402414
442.857142857143	0	76.5791969104552	0	76.5791969104552	DCA	210	86.8755770370714
457.142857142857	0	73.643173582093	0	73.643173582093	DCA	140	84.1140658191649
471.428571428571	0	75.7618841792339	0	75.7618841792339	DCA	0	75.7618841792339
485.714285714286	0	74.5145924155861	0	74.5145924155861	DCA	140	84.985484652658
500	0	75.7648873466995	0	75.7648873466995	DCA	70	82.8036528748994
514.285714285714	0	75.1313129148756	24.6	99.7313129148756	DCA	70	112.624878443075
528.571428571429	0	78.856248775288	24.6	103.456248775288	DCA	280	133.390677972121
542.857142857143	0	79.0350884741881	24.6	103.635088474188	DCA	210	131.495868600804
557.142857142857	0	79.9544751824616	24.6	104.554475182462	DCA	280	134.488904379294
571.428571428571	0	78.6805636652256	24.6	103.280563665226	DCA	210	131.141343791842
585.714285714286	0	80.7973903729207	24.6	105.397390372921	DCA	280	135.331819569753
600	0	77.94897353453	24.6	102.54897353453	DCA	140	124.729465771602
614.285714285714	0	77.9944545406531	24.6	102.594454540653	DCA	140	124.774946777725
628.571428571429	0	80.4812189425956	24.6	105.081218942596	DCA	140	127.261711179668
642.857142857143	0	79.8557509541621	24.6	104.455750954162	DCA	140	126.636243191234
657.142857142857	0	82.987843767861	24.6	107.587843767861	DCA	210	135.448623894477
671.428571428571	0	84.1080728481285	24.6	108.708072848129	DCA	140	130.8885650852
685.714285714286	0	82.9613767400954	24.6	107.561376740095	DCA	140	129.741868977167
700	0	84.8803436726873	24.6	109.480343672687	DCA	140	131.660835909759
714.285714285714	0	81.954817312543	24.6	106.554817312543	DCA	70	119.448382840743
728.571428571429	0	83.5529500228365	24.6	108.152950022836	DCA	0	108.152950022836
742.857142857143	0	86.4418315021465	24.6	111.041831502147	DCA	140	133.222323739218
757.142857142857	0	83.3946828388325	24.6	107.994682838833	DCA	0	107.994682838833
771.428571428571	0	81.2902087888313	24.6	105.890208788831	DCA	140	128.070701025903
785.714285714286	0	82.1084808106183	24.6	106.708480810618	DCA	70	119.602046338818
800	0	79.7011708412264	24.6	104.301170841226	DCA	70	117.194736369426
814.285714285714	0	78.0319083681078	24.6	102.631908368108	DCA	280	132.56633756494
828.571428571429	0	78.2074348258093	24.6	102.807434825809	DCA	70	115.701000354009
842.857142857143	0	77.9056104529299	24.6	102.50561045293	DCA	70	115.39917598113
857.142857142857	0	79.9963588581913	24.6	104.596358858191	DCA	70	117.489924386391
871.428571428571	0	81.2516285652412	24.6	105.851628565241	DCA	210	133.712408691857
885.714285714286	0	80.8251180061372	24.6	105.425118006137	DCA	140	127.605610243209
900	0	85.1556124164353	24.6	109.755612416435	DCA	210	137.616392543051
914.285714285714	0	80.0309981277146	24.6	104.630998127715	DCA	140	126.811490364787
928.571428571429	0	77.4595779264164	24.6	102.059577926416	DCA	140	124.240070163488
942.857142857143	0	76.872993413438	24.6	101.472993413438	DCA	70	114.366558941638
957.142857142857	0	77.9356513237013	24.6	102.535651323701	DCA	140	124.716143560773
971.428571428571	0	76.148356399134	24.6	100.748356399134	DCA	70	113.641921927334
985.714285714286	0	76.7788529188703	24.6	101.37885291887	DCA	280	131.313282115703
1000	0	83.0661899178024	24.6	107.666189917802	DCA	140	129.846682154874
0	33.3333333333333	76.9555946588735	0	76.9555946588735	DCA	140	87.4264868959454
14.2857142857143	33.3333333333333	71.6723917046822	0	71.6723917046822	DCA	70	78.7111572328821
28.5714285714286	33.3333333333333	74.8769063686856	0	74.8769063686856	DCA	280	81.3921355655182
42.8571428571429	33.3333333333333	74.5923733573897	0	74.5923733573897	DCA	0	74.5923733573897
57.1428571428571	33.3333333333333	76.6211380781646	0	76.6211380781646	DCA	140	87.0920303152366
71.4285714285714	33.3333333333333	78.641725286567	0	78.641725286567	DCA	280	85.1569544833996
85.7142857142857	33.3333333333333	76.98458596049	0	76.98458596049	DCA	140	87.4554781975619
100	33.3333333333333	78.103036756	0	78.103036756	DCA	140	88.5739289930719
114.285714285714	33.3333333333333	77.6864726298212	0	77.6864726298212	DCA	280	84.2017018266538
128.571428571429	33.3333333333333	80.5503779479895	0	80.5503779479895	DCA	70	87.5891434761894
142.857142857143	33.3333333333333	81.9876890779001	0	81.9876890779001	DCA	140	92.4585813149721
157.142857142857	33.3333333333333	80.5131993470327	0	80.5131993470327	DCA	70	87.5519648752326
171.428571428571	33.3333333333333	80.0993356526434	0	80.0993356526434	DCA	0	80.0993356526434
185.714285714286	33.3333333333333	78.6682691493689	0	78.6682691493689	DCA	210	88.9646492759851
200	33.3333333333333	82.2625992235576	0	82.2625992235576	DCA	140	92.7334914606295
214.285714285714	33.3333333333333	83.0344405518016	0	83.0344405518016	DCA	70	90.0732060800015
228.571428571429	33.3333333333333	85.1212050949907	0	85.1212050949907	DCA	0	85.1212050949907
242.857142857143	33.3333333333333	82.4128783212684	0	82.4128783212684	DCA	210	92.7092584478846
257.142857142857	33.3333333333333	79.099597139662	0	79.099597139662	DCA	280	85.6148263364946
271.428571428571	33.3333333333333	81.1761996069394	0	81.1761996069394	DCA	210	91.4725797335556
285.714285714286	33.3333333333333	79.675637888611	0	79.675637888611	DCA	280	86.1908670854436
300	33.3333333333333	80.1557126180939	0	80.1557126180939	DCA	70	87.1944781462938
314.285714285714	33.3333333333333	76.5607847854299	0	76.5607847854299	DCA	70	83.5995503136298
328.571428571429	33.3333333333333	78.4508229591015	0	78.4508229591015	DCA	140	88.9217151961734
342.857142857143	33.3333333333333	78.1068508147181	0	78.1068508147181	DCA	0	78.1068508147181
357.142857142857	33.3333333333333	78.7948864018046	0	78.7948864018046	DCA	210	89.0912665284207
371.428571428571	33.3333333333333	77.3813753032165	0	77.3813753032165	DCA	140	87.8522675402885
385.714285714286	33.3333333333333	78.759040917235	0	78.759040917235	DCA	210	89.0554210438512
400	33.3333333333333	80.6626789251324	0	80.6626789251324	DCA	210	90.9590590517485
414.285714285714	33.3333333333333	78.3716580675623	0	78.3716580675623	DCA	280	84.8868872643949
428.571428571429	33.3333333333333	77.9344436849517	0	77.9344436849517	DCA	70	84.9732092131516
442.857142857143	33.3333333333333	75.6653938576312	0	75.6653938576312	DCA	140	86.1362860947031
457.142857142857	33.3333333333333	81.870805723083	0	81.870805723083	DCA	210	92.1671858496992
471.428571428571	33.3333333333333	80.2263276215548	0	80.2263276215548	DCA	0	80.2263276215548
485.714285714286	33.3333333333333	81.5758223614774	0	81.5758223614774	DCA	210	91.8722024880935
500	33.3333333333333	80.8060225775685	0	80.8060225775685	DCA	140	91.2769148146404
514.285714285714	33.3333333333333	75.2149365816537	24.6	99.8149365816537	DCA	280	129.749365778486
528.571428571429	33.3333333333333	75.0746607962785	24.6	99.6746607962785	DCA	70	112.568226324478
542.857142857143	33.3333333333333	72.5515902365232	24.6	97.1515902365232	DCA	70	110.045155764723
557.142857142857	33.3333333333333	73.8745168748997	24.6	98.4745168748997	DCA	140	120.655009111972
571.428571428571	33.3333333333333	79.1908131486108	24.6	103.790813148611	DCA	210	131.651593275227
585.714285714286	33.3333333333333	78.9254110302753	24.6	103.525411030275	DCA	140	125.705903267347
600	33.3333333333333	77.8014907930386	24.6	102.401490793039	DCA	280	132.335919989871
614.285714285714	33.3333333333333	78.340127461736	24.6	102.940127461736	DCA	210	130.800907588352
628.571428571429	33.3333333333333	78.9062240975327	24.6	103.506224097533	DCA	140	125.686716334605
642.857142857143	33.3333333333333	79.4640426347105	24.6	104.06404263471	DCA	210	131.924822761327
657.142857142857	33.3333333333333	77.6081035520867	24.6	102.208103552087	DCA	210	130.068883678703
671.428571428571	33.3333333333333	74.3728347120985	24.6	98.9728347120985	DCA	280	128.907263908931
685.714285714286	33.3333333333333	76.7440836605862	24.6	101.344083660586	DCA	70	114.237649188786
700	33.3333333333333	79.309418487478	24.6	103.909418487478	DCA	70	116.802984015678
714.285714285714	33.3333333333333	83.3298219451048	24.6	107.929821945105	DCA	70	120.823387473305
728.571428571429	33.3333333333333	84.339243214554	24.6	108.939243214554	DCA	0	108.939243214554
742.857142857143	33.3333333333333	85.1215027725311	24.6	109.721502772531	DCA	70	122.615068300731
757.142857142857	33.3333333333333	84.1407612078453	24.6	108.740761207845	DCA	140	130.921253444917
771.428571428571	33.3333333333333	85.4350184959936	24.6	110.035018495994	DCA	70	122.928584024194
785.714285714286	33.3333333333333	81.110080694064	24.6	105.710080694064	DCA	140	127.890572931136
800	33.3333333333333	83.2619070306297	24.6	107.86190703063	DCA	280	137.796336227462
814.285714285714	33.3333333333333	83.6309236906692	24.6	108.230923690669	DCA	140	130.411415927741
828.571428571429	33.3333333333333	79.9018782952008	24.6	104.501878295201	DCA	210	132.362658421817
842.857142857143	33.3333333333333	79.1322250722789	24.6	103.732225072279	DCA	70	116.625790600479
857.142857142857	33.3333333333333	76.6339029694287	24.6	101.233902969429	DCA	210	129.094683096045
871.428571428571	33.3333333333333	80.3459474498523	24.6	104.945947449852	DCA	280	134.880376646685
885.714285714286	33.3333333333333	80.8741958288169	24.6	105.474195828817	DCA	210	133.334975955433
900	33.3333333333333	79.3084530726131	24.6	103.908453072613	DCA	140	126.088945309685
914.285714285714	33.3333333333333	81.5832794643392	24.6	106.183279464339	DCA	0	106.183279464339
928.571428571429	33.3333333333333	80.7838413481984	24.6	105.383841348198	DCA	140	127.56433358527
942.857142857143	33.3333333333333	78.0236892884389	24.6	102.623689288439	DCA	0	102.623689288439
957.142857142857	33.3333333333333	79.2380109265844	24.6	103.838010926584	DCA	210	131.698791053201
971.428571428571	33.3333333333333	78.8824651073749	24.6	103.482465107375	DCA	140	125.662957344447
985.714285714286	33.3333333333333	81.8769910871565	24.6	106.476991087157	DCA	280	136.411420283989
1000	33.3333333333333	82.6766053434776	24.6	107.276605343478	DCA	70	120.170170871677
0	66.6666666666667	77.8615277848262	0	77.8615277848262	DCA	140	88.3324200218981
14.2857142857143	66.6666666666667	81.5815456813094	0	81.5815456813094	DCA	70	88.6203112095092
28.5714285714286	66.6666666666667	79.6812884688782	0	79.6812884688782	DCA	210	89.9776685954943
42.8571428571429	66.6666666666667	80.2555129158408	0	80.2555129158408	DCA	280	86.7707421126734
57.1428571428571	66.6666666666667	76.9548176066313	0	76.9548176066313	DCA	140	87.4257098437033
71.4285714285714	66.6666666666667	81.4057383997023	0	81.4057383997023	DCA	0	81.4057383997023
85.7142857142857	66.6666666666667	80.5620373459121	0	80.5620373459121	DCA	0	80.5620373459121
100	66.6666666666667	80.0902427166483	0	80.0902427166483	DCA	70	87.1290082448482
114.285714285714	66.6666666666667	82.0970844952069	0	82.0970844952069	DCA	140	92.5679767322789
128.571428571429	66.6666666666667	82.3790821576127	0	82.3790821576127	DCA	70	89.4178476858125
142.857142857143	66.6666666666667	77.4780574966698	0	77.4780574966698	DCA	140	87.9489497337417
157.142857142857	66.6666666666667	77.6386529683166	0	77.6386529683166	DCA	70	84.6774184965165
171.428571428571	66.6666666666667	78.0618031567153	0	78.0618031567153	DCA	210	88.3581832833315
185.714285714286	66.6666666666667	79.8096956281889	0	79.8096956281889	DCA	210	90.1060757548051
200	66.6666666666667	82.1745369129488	0	82.1745369129488	DCA	0	82.1745369129488
214.285714285714	66.6666666666667	85.2064549897009	0	85.2064549897009	DCA	70	92.2452205179007
228.571428571429	66.6666666666667	81.4781314313359	0	81.4781314313359	DCA	0	81.4781314313359
242.857142857143	66.6666666666667	81.5590704739664	0	81.5590704739664	DCA	0	81.5590704739664
257.142857142857	66.6666666666667	80.4607596568313	0	80.4607596568313	DCA	210	90.7571397834475
271.428571428571	66.6666666666667	79.1672158719679	0	79.1672158719679	DCA	210	89.4635959985841
285.714285714286	66.6666666666667	80.094184480569	0	80.094184480569	DCA	280	86.6094136774016
300	66.6666666666667	78.1518301096812	0	78.1518301096812	DCA	0	78.1518301096812
314.285714285714	66.6666666666667	80.2764745525303	0	80.2764745525303	DCA	70	87.3152400807302
328.571428571429	66.6666666666667	76.5248656675608	0	76.5248656675608	DCA	280	83.0400948643934
342.857142857143	66.6666666666667	76.7350261936638	0	76.7350261936638	DCA	0	76.7350261936638
357.142857142857	66.6666666666667	77.3897323526687	0	77.3897323526687	DCA	210	87.6861124792848
371.428571428571	66.6666666666667	77.8445798748489	0	77.8445798748489	DCA	70	84.8833454030488
385.714285714286	66.6666666666667	82.9545896801701	0	82.9545896801701	DCA	280	89.4698188770027
400	66.6666666666667	83.2826731669972	0	83.2826731669972	DCA	210	93.5790532936134
414.285714285714	66.6666666666667	79.3188198396305	0	79.3188198396305	DCA	140	89.7897120767024
428.571428571429	66.6666666666667	75.686116060207	0	75.686116060207	DCA	140	86.1570082972789
442.857142857143	66.6666666666667	77.296457103684	0	77.296457103684	DCA	0	77.296457103684
457.142857142857	66.6666666666667	81.11748949416	0	81.11748949416	DCA	140	91.588381731232
471.428571428571	66.6666666666667	84.8856704956626	0	84.8856704956626	DCA	140	95.3565627327346
485.714285714286	66.6666666666667	84.2926575213259	0	84.2926575213259	DCA	280	90.8078867181585
500	66.6666666666667	80.0440668439592	0	80.0440668439592	DCA	210	90.3404469705754
514.285714285714	66.6666666666667	77.3113403290463	24.6	101.911340329046	DCA	70	114.804905857246
528.571428571429	66.6666666666667	78.855388420154	24.6	103.455388420154	DCA	280	133.389817616987
542.857142857143	66.6666666666667	77.1694872030375	24.6	101.769487203038	DCA	280	131.70391639987
557.142857142857	66.6666666666667	75.7400006737478	24.6	100.340000673748	DCA	280	130.27442987058
571.428571428571	66.6666666666667	73.5003722300585	24.6	98.1003722300585	DCA	210	125.961152356675
585.714285714286	66.6666666666667	75.5171309941788	24.6	100.117130994179	DCA	210	127.977911120795
600	66.6666666666667	77.4357938057809	24.6	102.035793805781	DCA	140	124.216286042853
614.285714285714	66.6666666666667	78.2022260559236	24.6	102.802226055924	DCA	70	115.695791584123
628.571428571429	66.6666666666667	79.9676316091186	24.6	104.567631609119	DCA	280	134.502060805951
642.857142857143	66.6666666666667	78.6266215972085	24.6	103.226621597208	DCA	70	116.120187125408
657.142857142857	66.6666666666667	76.2924194588229	24.6	100.892419458823	DCA	210	128.753199585439
671.428571428571	66.6666666666667	80.1539754896039	24.6	104.753975489604	DCA	280	134.688404686436
685.714285714286	66.6666666666667	81.9063461545466	24.6	106.506346154547	DCA	70	119.399911682746
700	66.6666666666667	82.762077496437	24.6	107.362077496437	DCA	210	135.222857623053
714.285714285714	66.6666666666667	82.4921115683547	24.6	107.092111568355	DCA	210	134.952891694971
728.571428571429	66.6666666666667	81.1597538630813	24.6	105.759753863081	DCA	70	118.653319391281
742.857142857143	66.6666666666667	84.1491315100452	24.6	108.749131510045	DCA	140	130.929623747117
757.142857142857	66.6666666666667	83.0153457591241	24.6	107.615345759124	DCA	210	135.47612588574
771.428571428571	66.6666666666667	85.3106325843985	24.6	109.910632584398	DCA	140	132.09112482147
785.714285714286	66.6666666666667	84.7262120602953	24.6	109.326212060295	DCA	210	137.186992186911
800	66.6666666666667	80.3888634181253	24.6	104.988863418125	DCA	0	104.988863418125
814.285714285714	66.6666666666667	80.8257808701254	24.6	105.425780870125	DCA	280	135.360210066958
828.571428571429	66.6666666666667	78.4788756638968	24.6	103.078875663897	DCA	210	130.939655790513
842.857142857143	66.6666666666667	78.9016939317526	24.6	103.501693931753	DCA	210	131.362474058369
857.142857142857	66.6666666666667	80.3123524056594	24.6	104.912352405659	DCA	70	117.805917933859
871.428571428571	66.6666666666667	79.9369297151677	24.6	104.536929715168	DCA	70	117.430495243368
885.714285714286	66.6666666666667	82.1028296387386	24.6	106.702829638739	DCA	0	106.702829638739
900	66.6666666666667	82.9783043790735	24.6	107.578304379073	DCA	210	135.43908450569
914.285714285714	66.6666666666667	82.2376593609559	24.6	106.837659360956	DCA	70	119.731224889156
928.571428571429	66.6666666666667	79.3643530094593	24.6	103.964353009459	DCA	280	133.898782206292
942.857142857143	66.6666666666667	81.1154882777924	24.6	105.715488277792	DCA	210	133.576268404409
957.142857142857	66.6666666666667	85.4812989690742	24.6	110.081298969074	DCA	70	122.974864497274
971.428571428571	66.6666666666667	82.5353704935026	24.6	107.135370493503	DCA	280	137.069799690335
985.714285714286	66.6666666666667	79.1167626894801	24.6	103.71676268948	DCA	0	103.71676268948
1000	66.6666666666667	84.1318808693303	24.6	108.73188086933	DCA	210	136.592660995947
0	100	78.9867777457877	0	78.9867777457877	DCA	70	86.0255432739876
14.2857142857143	100	79.2250612453747	0	79.2250612453747	DCA	0	79.2250612453747
28.5714285714286	100	79.6119975886939	0	79.6119975886939	DCA	70	86.6507631168938
42.8571428571429	100	76.8686979258327	0	76.8686979258327	DCA	0	76.8686979258327
57.1428571428571	100	81.0797716884903	0	81.0797716884903	DCA	0	81.0797716884903
71.4285714285714	100	79.372786758016	0	79.372786758016	DCA	70	86.4115522862159
85.7142857142857	100	79.3695941611334	0	79.3695941611334	DCA	70	86.4083596893333
100	100	79.0101921732007	0	79.0101921732007	DCA	280	85.5254213700333
114.285714285714	100	79.2493279088705	0	79.2493279088705	DCA	280	85.764557105703
128.571428571429	100	79.1486745921925	0	79.1486745921925	DCA	210	89.4450547188086
142.857142857143	100	83.3484036034044	0	83.3484036034044	DCA	0	83.3484036034044
157.142857142857	100	79.4783138561443	0	79.4783138561443	DCA	70	86.5170793843442
171.428571428571	100	81.5553816863501	0	81.5553816863501	DCA	0	81.5553816863501
185.714285714286	100	81.8440199054398	0	81.8440199054398	DCA	210	92.140400032056
200	100	80.5570495244668	0	80.5570495244668	DCA	140	91.0279417615388
214.285714285714	100	82.8758240040014	0	82.8758240040014	DCA	280	89.391053200834
228.571428571429	100	83.892865884001	0	83.892865884001	DCA	70	90.9316314122009
242.857142857143	100	79.668744783428	0	79.668744783428	DCA	280	86.1839739802606
257.142857142857	100	82.5485909272719	0	82.5485909272719	DCA	70	89.5873564554718
271.428571428571	100	82.3341872728001	0	82.3341872728001	DCA	210	92.6305673994163
285.714285714286	100	82.1647354614355	0	82.1647354614355	DCA	210	92.4611155880517
300	100	82.304253616595	0	82.304253616595	DCA	280	88.8194828134276
314.285714285714	100	79.1397756677767	0	79.1397756677767	DCA	280	85.6550048646093
328.571428571429	100	83.459014466912	0	83.459014466912	DCA	210	93.7553945935282
342.857142857143	100	83.2274852656375	0	83.2274852656375	DCA	70	90.2662507938373
357.142857142857	100	81.8120937377926	0	81.8120937377926	DCA	210	92.1084738644088
371.428571428571	100	81.0217871408878	0	81.0217871408878	DCA	70	88.0605526690877
385.714285714286	100	79.9073759633	0	79.9073759633	DCA	140	90.3782682003719
400	100	80.9847544138637	0	80.9847544138637	DCA	210	91.2811345404799
414.285714285714	100	80.5771407444565	0	80.5771407444565	DCA	0	80.5771407444565
428.571428571429	100	80.8191078947816	0	80.8191078947816	DCA	0	80.8191078947816
442.857142857143	100	83.0911034612052	0	83.0911034612052	DCA	210	93.3874835878213
457.142857142857	100	84.1959086074977	0	84.1959086074977	DCA	70	91.2346741356976
471.428571428571	100	81.6016541533292	0	81.6016541533292	DCA	210	91.8980342799454
485.714285714286	100	79.93468628111	0	79.93468628111	DCA	280	86.4499154779426
500	100	79.8506493397774	0	79.8506493397774	DCA	0	79.8506493397774
514.285714285714	100	81.9961060104833	24.6	106.596106010483	DCA	210	134.4568861371
528.571428571429	100	79.3706068097168	24.6	103.970606809717	DCA	70	116.864172337917
542.857142857143	100	80.6816468768258	24.6	105.281646876826	DCA	280	135.216076073658
557.142857142857	100	79.0681121495702	24.6	103.66811214957	DCA	0	103.66811214957
571.428571428571	100	79.6554141049667	24.6	104.255414104967	DCA	280	134.189843301799
585.714285714286	100	80.012335375837	24.6	104.612335375837	DCA	210	132.473115502453
600	100	81.6390456847723	24.6	106.239045684772	DCA	280	136.173474881605
614.285714285714	100	82.1945642906483	24.6	106.794564290648	DCA	280	136.728993487481
628.571428571429	100	77.4420751175309	24.6	102.042075117531	DCA	280	131.976504314363
642.857142857143	100	81.2729758644358	24.6	105.872975864436	DCA	140	128.053468101508
657.142857142857	100	82.4797645204598	24.6	107.07976452046	DCA	210	134.940544647076
671.428571428571	100	80.3799671057658	24.6	104.979967105766	DCA	210	132.840747232382
685.714285714286	100	78.8262142513692	24.6	103.426214251369	DCA	70	116.319779779569
700	100	79.5568584281389	24.6	104.156858428139	DCA	70	117.050423956339
714.285714285714	100	80.7403292090167	24.6	105.340329209017	DCA	0	105.340329209017
728.571428571429	100	79.6966735224023	24.6	104.296673522402	DCA	210	132.157453649018
742.857142857143	100	80.1776689769676	24.6	104.777668976968	DCA	70	117.671234505167
757.142857142857	100	80.6215068854768	24.6	105.221506885477	DCA	210	133.082287012093
771.428571428571	100	77.0857332835211	24.6	101.685733283521	DCA	70	114.579298811721
785.714285714286	100	80.4879499790199	24.6	105.08794997902	DCA	140	127.268442216092
800	100	79.5103036660163	24.6	104.110303666016	DCA	280	134.044732862849
814.285714285714	100	78.5714593712584	24.6	103.171459371258	DCA	280	133.105888568091
828.571428571429	100	80.3500488141658	24.6	104.950048814166	DCA	0	104.950048814166
842.857142857143	100	80.3597362221079	24.6	104.959736222108	DCA	0	104.959736222108
857.142857142857	100	80.2244192273628	24.6	104.824419227363	DCA	0	104.824419227363
871.428571428571	100	78.0720598563776	24.6	102.672059856378	DCA	70	115.565625384577
885.714285714286	100	81.3773931023342	24.6	105.977393102334	DCA	210	133.83817322895
900	100	81.1181601489162	24.6	105.718160148916	DCA	280	135.652589345749
914.285714285714	100	76.2096326141453	24.6	100.809632614145	DCA	0	100.809632614145
928.571428571429	100	83.7312677431806	24.6	108.331267743181	DCA	280	138.265696940013
942.857142857143	100	87.8390372475338	24.6	112.439037247534	DCA	70	125.332602775734
957.142857142857	100	87.9468243064005	24.6	112.5468243064	DCA	280	142.481253503233
971.428571428571	100	87.4734129133811	24.6	112.073412913381	DCA	0	112.073412913381
985.714285714286	100	85.7362727984552	24.6	110.336272798455	DCA	210	138.197052925071
1000	100	87.9955489494087	24.6	112.595548949409	DCA	0	112.595548949409
0	133.333333333333	78.0695615860015	0	78.0695615860015	DCA	70	85.1083271142013
14.2857142857143	133.333333333333	80.5950450624114	0	80.5950450624114	DCA	210	90.8914251890276
28.5714285714286	133.333333333333	81.7368601006602	0	81.7368601006602	DCA	0	81.7368601006602
42.8571428571429	133.333333333333	76.780689377041	0	76.780689377041	DCA	280	83.2959185738736
57.1428571428571	133.333333333333	77.464706154537	0	77.464706154537	DCA	280	83.9799353513696
71.4285714285714	133.333333333333	78.534735396855	0	78.534735396855	DCA	280	85.0499645936876
85.7142857142857	133.333333333333	78.4084293541394	0	78.4084293541394	DCA	280	84.923658550972
100	133.333333333333	80.2055036998015	0	80.2055036998015	DCA	70	87.2442692280013
114.285714285714	133.333333333333	80.5685657498742	0	80.5685657498742	DCA	210	90.8649458764904
128.571428571429	133.333333333333	80.0290909318271	0	80.0290909318271	DCA	210	90.3254710584433
142.857142857143	133.333333333333	76.4030304431015	0	76.4030304431015	DCA	280	82.9182596399341
157.142857142857	133.333333333333	80.9171125291058	0	80.9171125291058	DCA	0	80.9171125291058
171.428571428571	133.333333333333	79.5483715162472	0	79.5483715162472	DCA	280	86.0636007130798
185.714285714286	133.333333333333	81.6952402830783	0	81.6952402830783	DCA	0	81.6952402830783
200	133.333333333333	80.3733481847465	0	80.3733481847465	DCA	70	87.4121137129464
214.285714285714	133.333333333333	80.083358837542	0	80.083358837542	DCA	140	90.554251074614
228.571428571429	133.333333333333	85.2666539432289	0	85.2666539432289	DCA	210	95.5630340698451
242.857142857143	133.333333333333	81.710374399707	0	81.710374399707	DCA	280	88.2256035965396
257.142857142857	133.333333333333	83.6572980612729	0	83.6572980612729	DCA	0	83.6572980612729
271.428571428571	133.333333333333	83.2848025491385	0	83.2848025491385	DCA	0	83.2848025491385
285.714285714286	133.333333333333	83.0311914332104	0	83.0311914332104	DCA	140	93.5020836702823
300	133.333333333333	84.3907955339503	0	84.3907955339503	DCA	70	91.4295610621502
314.285714285714	133.333333333333	83.2394015689351	0	83.2394015689351	DCA	140	93.7102938060071
328.571428571429	133.333333333333	82.4730709206412	0	82.4730709206412	DCA	280	88.9883001174738
342.857142857143	133.333333333333	82.4455170371945	0	82.4455170371945	DCA	280	88.9607462340271
357.142857142857	133.333333333333	78.4740905903013	0	78.4740905903013	DCA	140	88.9449828273733
371.428571428571	133.333333333333	78.9977834524018	0	78.9977834524018	DCA	0	78.9977834524018
385.714285714286	133.333333333333	80.201243597379	0	80.201243597379	DCA	0	80.201243597379
400	133.333333333333	79.1093709693346	0	79.1093709693346	DCA	140	89.5802632064066
414.285714285714	133.333333333333	80.7382739365661	0	80.7382739365661	DCA	70	87.777039464766
428.571428571429	133.333333333333	82.2676266259262	0	82.2676266259262	DCA	210	92.5640067525424
442.857142857143	133.333333333333	76.0161135875644	0	76.0161135875644	DCA	70	83.0548791157643
457.142857142857	133.333333333333	81.6866658608319	0	81.6866658608319	DCA	280	88.2018950576645
471.428571428571	133.333333333333	79.3724980365509	0	79.3724980365509	DCA	140	89.8433902736229
485.714285714286	133.333333333333	78.1931978989499	0	78.1931978989499	DCA	70	85.2319634271498
500	133.333333333333	80.1915219742426	0	80.1915219742426	DCA	280	86.7067511710752
514.285714285714	133.333333333333	80.3393809306737	24.6	104.939380930674	DCA	70	117.832946458874
528.571428571429	133.333333333333	77.9763198770878	24.6	102.576319877088	DCA	210	130.437100003704
542.857142857143	133.333333333333	76.5678687550307	24.6	101.167868755031	DCA	210	129.028648881647
557.142857142857	133.333333333333	74.3261446272335	24.6	98.9261446272335	DCA	70	111.819710155433
571.428571428571	133.333333333333	80.9648480471616	24.6	105.564848047162	DCA	70	118.458413575361
585.714285714286	133.333333333333	81.6448829509784	24.6	106.244882950978	DCA	70	119.138448479178
600	133.333333333333	81.1650913081214	24.6	105.765091308121	DCA	140	127.945583545193
614.285714285714	133.333333333333	79.1523150688998	24.6	103.7523150689	DCA	0	103.7523150689
628.571428571429	133.333333333333	76.1835538058357	24.6	100.783553805836	DCA	140	122.964046042908
642.857142857143	133.333333333333	75.8384784611905	24.6	100.43847846119	DCA	0	100.43847846119
657.142857142857	133.333333333333	76.8375560317264	24.6	101.437556031726	DCA	140	123.618048268798
671.428571428571	133.333333333333	77.8960096213536	24.6	102.496009621354	DCA	210	130.35678974797
685.714285714286	133.333333333333	80.0433345185732	24.6	104.643334518573	DCA	210	132.504114645189
700	133.333333333333	78.8724703945377	24.6	103.472470394538	DCA	140	125.65296263161
714.285714285714	133.333333333333	76.9544418697763	24.6	101.554441869776	DCA	140	123.734934106848
728.571428571429	133.333333333333	79.6553139898601	24.6	104.25531398986	DCA	0	104.25531398986
742.857142857143	133.333333333333	80.9296726287024	24.6	105.529672628702	DCA	210	133.390452755319
757.142857142857	133.333333333333	80.2139342420727	24.6	104.813934242073	DCA	280	134.748363438905
771.428571428571	133.333333333333	82.3686445990603	24.6	106.96864459906	DCA	0	106.96864459906
785.714285714286	133.333333333333	77.9701017702605	24.6	102.57010177026	DCA	0	102.57010177026
800	133.333333333333	77.4514747936436	24.6	102.051474793644	DCA	210	129.91225492026
814.285714285714	133.333333333333	76.7430479991354	24.6	101.343047999135	DCA	140	123.523540236207
828.571428571429	133.333333333333	77.4620454886635	24.6	102.062045488664	DCA	70	114.955611016863
842.857142857143	133.333333333333	79.979236813821	24.6	104.579236813821	DCA	280	134.513666010654
857.142857142857	133.333333333333	78.7667939282487	24.6	103.366793928249	DCA	280	133.301223125081
871.428571428571	133.333333333333	81.4636244438623	24.6	106.063624443862	DCA	280	135.998053640695
885.714285714286	133.333333333333	81.6903970177137	24.6	106.290397017714	DCA	280	136.224826214546
900	133.333333333333	81.3574752916539	24.6	105.957475291654	DCA	70	118.851040819854
914.285714285714	133.333333333333	80.4545998809505	24.6	105.054599880951	DCA	0	105.054599880951
928.571428571429	133.333333333333	88.0100887616872	24.6	112.610088761687	DCA	140	134.790580998759
942.857142857143	133.333333333333	85.5222661740287	24.6	110.122266174029	DCA	210	137.983046300645
957.142857142857	133.333333333333	86.45353493237	24.6	111.05353493237	DCA	140	133.234027169442
971.428571428571	133.333333333333	86.0139181128872	24.6	110.613918112887	DCA	70	123.507483641087
985.714285714286	133.333333333333	87.9271626065904	24.6	112.52716260659	DCA	140	134.707654843662
1000	133.333333333333	83.3493222703293	24.6	107.949322270329	DCA	140	130.129814507401
0	166.666666666667	79.6042415160038	0	79.6042415160038	DCA	280	86.1194707128363
14.2857142857143	166.666666666667	82.5227969929922	0	82.5227969929922	DCA	140	92.9936892300642
28.5714285714286	166.666666666667	78.3883684455925	0	78.3883684455925	DCA	210	88.6847485722087
42.8571428571429	166.666666666667	76.5154103899343	0	76.5154103899343	DCA	70	83.5541759181342
57.1428571428571	166.666666666667	78.1081095635304	0	78.1081095635304	DCA	70	85.1468750917303
71.4285714285714	166.666666666667	79.7701700562218	0	79.7701700562218	DCA	280	86.2853992530544
85.7142857142857	166.666666666667	79.0668490396475	0	79.0668490396475	DCA	0	79.0668490396475
100	166.666666666667	79.6902359425648	0	79.6902359425648	DCA	140	90.1611281796367
114.285714285714	166.666666666667	77.4626223936263	0	77.4626223936263	DCA	280	83.9778515904589
128.571428571429	166.666666666667	82.7934029543461	0	82.7934029543461	DCA	0	82.7934029543461
142.857142857143	166.666666666667	79.1216785678554	0	79.1216785678554	DCA	0	79.1216785678554
157.142857142857	166.666666666667	79.0310412631371	0	79.0310412631371	DCA	70	86.069806791337
171.428571428571	166.666666666667	80.0979415984908	0	80.0979415984908	DCA	0	80.0979415984908
185.714285714286	166.666666666667	80.0364280887588	0	80.0364280887588	DCA	0	80.0364280887588
200	166.666666666667	81.5566146280958	0	81.5566146280958	DCA	0	81.5566146280958
214.285714285714	166.666666666667	81.8795308502206	0	81.8795308502206	DCA	210	92.1759109768367
228.571428571429	166.666666666667	83.4602488871025	0	83.4602488871025	DCA	70	90.4990144153024
242.857142857143	166.666666666667	83.3407092995911	0	83.3407092995911	DCA	70	90.379474827791
257.142857142857	166.666666666667	81.9665603283441	0	81.9665603283441	DCA	140	92.4374525654161
271.428571428571	166.666666666667	83.1853460443848	0	83.1853460443848	DCA	140	93.6562382814567
285.714285714286	166.666666666667	82.7818236792727	0	82.7818236792727	DCA	0	82.7818236792727
300	166.666666666667	81.14612129978	0	81.14612129978	DCA	210	91.4425014263962
314.285714285714	166.666666666667	79.4720664255351	0	79.4720664255351	DCA	70	86.510831953735
328.571428571429	166.666666666667	79.9971216146528	0	79.9971216146528	DCA	210	90.293501741269
342.857142857143	166.666666666667	81.9113122651532	0	81.9113122651532	DCA	140	92.3822045022251
357.142857142857	166.666666666667	79.0113081411331	0	79.0113081411331	DCA	140	89.4822003782051
371.428571428571	166.666666666667	80.4120858367946	0	80.4120858367946	DCA	70	87.4508513649945
385.714285714286	166.666666666667	80.2129088743956	0	80.2129088743956	DCA	140	90.6838011114675
400	166.666666666667	80.1506027429004	0	80.1506027429004	DCA	0	80.1506027429004
414.285714285714	166.666666666667	77.7523797917977	0	77.7523797917977	DCA	0	77.7523797917977
428.571428571429	166.666666666667	81.4340263932014	0	81.4340263932014	DCA	280	87.949255590034
442.857142857143	166.666666666667	82.2300023576883	0	82.2300023576883	DCA	70	89.2687678858882
457.142857142857	166.666666666667	78.4017944319166	0	78.4017944319166	DCA	140	88.8726866689885
471.428571428571	166.666666666667	81.4792003999317	0	81.4792003999317	DCA	210	91.7755805265479
485.714285714286	166.666666666667	81.6229506229417	0	81.6229506229417	DCA	140	92.0938428600136
500	166.666666666667	80.7435421046216	0	80.7435421046216	DCA	0	80.7435421046216
514.285714285714	166.666666666667	82.0008278283226	24.6	106.600827828323	DCA	140	128.781320065395
528.571428571429	166.666666666667	82.9677053172912	24.6	107.567705317291	DCA	70	120.461270845491
542.857142857143	166.666666666667	81.492235157545	24.6	106.092235157545	DCA	140	128.272727394617
557.142857142857	166.666666666667	79.8461633195175	24.6	104.446163319517	DCA	70	117.339728847717
571.428571428571	166.666666666667	81.6876066970411	24.6	106.287606697041	DCA	280	136.222035893874
585.714285714286	166.666666666667	83.8277403074163	24.6	108.427740307416	DCA	70	121.321305835616
600	166.666666666667	82.6779266029104	24.6	107.27792660291	DCA	0	107.27792660291
614.285714285714	166.666666666667	76.2989676944564	24.6	100.898967694456	DCA	70	113.792533222656
628.571428571429	166.666666666667	76.7520361100585	24.6	101.352036110058	DCA	210	129.212816236675
642.857142857143	166.666666666667	78.9050091118896	24.6	103.50500911189	DCA	210	131.365789238506
657.142857142857	166.666666666667	76.9143105463538	24.6	101.514310546354	DCA	0	101.514310546354
671.428571428571	166.666666666667	77.9162333998024	24.6	102.516233399802	DCA	0	102.516233399802
685.714285714286	166.666666666667	78.1225450704055	24.6	102.722545070405	DCA	70	115.616110598605
700	166.666666666667	76.7564371780855	24.6	101.356437178086	DCA	0	101.356437178086
714.285714285714	166.666666666667	78.2031850580822	24.6	102.803185058082	DCA	70	115.696750586282
728.571428571429	166.666666666667	77.6703180440928	24.6	102.270318044093	DCA	0	102.270318044093
742.857142857143	166.666666666667	79.1107334849576	24.6	103.710733484958	DCA	70	116.604299013158
757.142857142857	166.666666666667	77.0220843621719	24.6	101.622084362172	DCA	70	114.515649890372
771.428571428571	166.666666666667	77.0460240705921	24.6	101.646024070592	DCA	210	129.506804197208
785.714285714286	166.666666666667	78.0631560599253	24.6	102.663156059925	DCA	210	130.523936186541
800	166.666666666667	77.2391986972092	24.6	101.839198697209	DCA	140	124.019690934281
814.285714285714	166.666666666667	80.1319553039149	24.6	104.731955303915	DCA	140	126.912447540987
828.571428571429	166.666666666667	79.5357087945325	24.6	104.135708794532	DCA	140	126.316201031604
842.857142857143	166.666666666667	81.2696426336795	24.6	105.86964263368	DCA	70	118.763208161879
857.142857142857	166.666666666667	79.4204679042745	24.6	104.020467904275	DCA	0	104.020467904275
871.428571428571	166.666666666667	82.6661221037151	24.6	107.266122103715	DCA	0	107.266122103715
885.714285714286	166.666666666667	81.7404182349013	24.6	106.340418234901	DCA	0	106.340418234901
900	166.666666666667	78.2919816844056	24.6	102.891981684406	DCA	280	132.826410881238
914.285714285714	166.666666666667	82.4725101211507	24.6	107.072510121151	DCA	0	107.072510121151
928.571428571429	166.666666666667	83.7856103021196	24.6	108.38561030212	DCA	0	108.38561030212
942.857142857143	166.666666666667	81.9942165915394	24.6	106.594216591539	DCA	210	134.454996718156
957.142857142857	166.666666666667	81.9217631958854	24.6	106.521763195885	DCA	0	106.521763195885
971.428571428571	166.666666666667	83.7406570013183	24.6	108.340657001318	DCA	0	108.340657001318
985.714285714286	166.666666666667	84.7488037757138	24.6	109.348803775714	DCA	280	139.283232972546
1000	166.666666666667	80.6526546948189	24.6	105.252654694819	DCA	70	118.146220223019
0	200	79.3961648700946	0	79.3961648700946	DCA	0	79.3961648700946
14.2857142857143	200	76.6582647625061	0	76.6582647625061	DCA	140	87.1291569995781
28.5714285714286	200	79.7445324465965	0	79.7445324465965	DCA	210	90.0409125732127
42.8571428571429	200	78.1029994024539	0	78.1029994024539	DCA	280	84.6182285992865
57.1428571428571	200	77.7400945553452	0	77.7400945553452	DCA	140	88.2109867924172
71.4285714285714	200	79.994022973445	0	79.994022973445	DCA	0	79.994022973445
85.7142857142857	200	81.3049305991029	0	81.3049305991029	DCA	0	81.3049305991029
100	200	81.0487705161811	0	81.0487705161811	DCA	140	91.519662753253
114.285714285714	200	78.0950567486981	0	78.0950567486981	DCA	280	84.6102859455307
128.571428571429	200	78.4255622900665	0	78.4255622900665	DCA	140	88.8964545271385
142.857142857143	200	83.4083360116853	0	83.4083360116853	DCA	140	93.8792282487572
157.142857142857	200	80.8203900999115	0	80.8203900999115	DCA	140	91.2912823369834
171.428571428571	200	80.0555578513208	0	80.0555578513208	DCA	70	87.0943233795207
185.714285714286	200	77.8797310149125	0	77.8797310149125	DCA	210	88.1761111415287
200	200	80.8331439410885	0	80.8331439410885	DCA	0	80.8331439410885
214.285714285714	200	84.6372550007454	0	84.6372550007454	DCA	140	95.1081472378174
228.571428571429	200	81.9379001756666	0	81.9379001756666	DCA	140	92.4087924127385
242.857142857143	200	85.0769770879971	0	85.0769770879971	DCA	0	85.0769770879971
257.142857142857	200	85.9896627328455	0	85.9896627328455	DCA	210	96.2860428594617
271.428571428571	200	84.8982508056167	0	84.8982508056167	DCA	280	91.4134800024493
285.714285714286	200	80.9095237727514	0	80.9095237727514	DCA	140	91.3804160098233
300	200	81.7003051920528	0	81.7003051920528	DCA	70	88.7390707202527
314.285714285714	200	79.9031635869925	0	79.9031635869925	DCA	280	86.4183927838251
328.571428571429	200	79.2803541396273	0	79.2803541396273	DCA	280	85.7955833364599
342.857142857143	200	78.9544999684927	0	78.9544999684927	DCA	0	78.9544999684927
357.142857142857	200	81.3351920018547	0	81.3351920018547	DCA	140	91.8060842389266
371.428571428571	200	80.6689534714677	0	80.6689534714677	DCA	140	91.1398457085397
385.714285714286	200	81.3328938946946	0	81.3328938946946	DCA	70	88.3716594228945
400	200	79.2195237772624	0	79.2195237772624	DCA	70	86.2582893054623
414.285714285714	200	81.8247304479275	0	81.8247304479275	DCA	70	88.8634959761273
428.571428571429	200	81.0728254696899	0	81.0728254696899	DCA	210	91.3692055963061
442.857142857143	200	81.4806152616468	0	81.4806152616468	DCA	0	81.4806152616468
457.142857142857	200	81.5776413694286	0	81.5776413694286	DCA	0	81.5776413694286
471.428571428571	200	79.4757270623991	0	79.4757270623991	DCA	280	85.9909562592317
485.714285714286	200	82.0602128622987	0	82.0602128622987	DCA	210	92.3565929889148
500	200	84.4250268759322	0	84.4250268759322	DCA	0	84.4250268759322
514.285714285714	200	83.9432331105375	24.6	108.543233110538	DCA	0	108.543233110538
528.571428571429	200	81.706863920565	24.6	106.306863920565	DCA	0	106.306863920565
542.857142857143	200	82.9554357512261	24.6	107.555435751226	DCA	70	120.449001279426
557.142857142857	200	84.7719073409315	24.6	109.371907340931	DCA	140	131.552399578003
571.428571428571	200	82.0224303743514	24.6	106.622430374351	DCA	70	119.515995902551
585.714285714286	200	83.2279245338024	24.6	107.827924533802	DCA	280	137.762353730635
600	200	78.1144155375801	24.6	102.71441553758	DCA	280	132.648844734413
614.285714285714	200	79.2602116539039	24.6	103.860211653904	DCA	210	131.72099178052
628.571428571429	200	80.4951774412331	24.6	105.095177441233	DCA	280	135.029606638066
642.857142857143	200	80.6142572618421	24.6	105.214257261842	DCA	0	105.214257261842
657.142857142857	200	80.3952719599745	24.6	104.995271959974	DCA	140	127.175764197046
671.428571428571	200	81.9696327448557	24.6	106.569632744856	DCA	210	134.430412871472
685.714285714286	200	75.7487634797242	24.6	100.348763479724	DCA	140	122.529255716796
700	200	74.5783038226485	24.6	99.1783038226484	DCA	0	99.1783038226484
714.285714285714	200	77.8145201748358	24.6	102.414520174836	DCA	70	115.308085703036
728.571428571429	200	78.0862209707771	24.6	102.686220970777	DCA	70	115.579786498977
742.857142857143	200	75.583835229897	24.6	100.183835229897	DCA	210	128.044615356513
757.142857142857	200	77.6593336253937	24.6	102.259333625394	DCA	210	130.12011375201
771.428571428571	200	79.3206661704812	24.6	103.920666170481	DCA	70	116.814231698681
785.714285714286	200	75.8992294071171	24.6	100.499229407117	DCA	280	130.43365860395
800	200	78.8952140526521	24.6	103.495214052652	DCA	280	133.429643249485
814.285714285714	200	79.0816640410444	24.6	103.681664041044	DCA	210	131.542444167661
828.571428571429	200	77.9211283253402	24.6	102.52112832534	DCA	140	124.701620562412
842.857142857143	200	78.1003755142815	24.6	102.700375514281	DCA	280	132.634804711114
857.142857142857	200	78.8386278376927	24.6	103.438627837693	DCA	140	125.619120074765
871.428571428571	200	78.9683015068634	24.6	103.568301506863	DCA	140	125.748793743935
885.714285714286	200	80.4542591670587	24.6	105.054259167059	DCA	210	132.915039293675
900	200	76.0020781400962	24.6	100.602078140096	DCA	140	122.782570377168
914.285714285714	200	81.4439798772258	24.6	106.043979877226	DCA	210	133.904760003842
928.571428571429	200	81.0872249259567	24.6	105.687224925957	DCA	210	133.548005052573
942.857142857143	200	80.8612883308992	24.6	105.461288330899	DCA	280	135.395717527732
957.142857142857	200	82.7587445192522	24.6	107.358744519252	DCA	70	120.252310047452
971.428571428571	200	80.0469870183486	24.6	104.646987018349	DCA	70	117.540552546549
985.714285714286	200	83.6888354209504	24.6	108.28883542095	DCA	70	121.18240094915
1000	200	80.7389239320837	24.6	105.338923932084	DCA	140	127.519416169156
0	233.333333333333	82.3358303662653	0	82.3358303662653	DCA	210	92.6322104928814
14.2857142857143	233.333333333333	83.8591031471176	0	83.8591031471176	DCA	210	94.1554832737338
28.5714285714286	233.333333333333	75.8317680959776	0	75.8317680959776	DCA	280	82.3469972928102
42.8571428571429	233.333333333333	77.0184817273216	0	77.0184817273216	DCA	280	83.5337109241542
57.1428571428571	233.333333333333	79.1449691928428	0	79.1449691928428	DCA	70	86.1837347210427
71.4285714285714	233.333333333333	80.945318633876	0	80.945318633876	DCA	70	87.9840841620759
85.7142857142857	233.333333333333	77.292392431529	0	77.292392431529	DCA	140	87.7632846686009
100	233.333333333333	80.6379111568707	0	80.6379111568707	DCA	0	80.6379111568707
114.285714285714	233.333333333333	81.2990204875343	0	81.2990204875343	DCA	280	87.8142496843669
128.571428571429	233.333333333333	79.4283210869723	0	79.4283210869723	DCA	140	89.8992133240443
142.857142857143	233.333333333333	80.7148499650732	0	80.7148499650732	DCA	210	91.0112300916894
157.142857142857	233.333333333333	82.2573210095395	0	82.2573210095395	DCA	210	92.5537011361557
171.428571428571	233.333333333333	82.6029943167794	0	82.6029943167794	DCA	280	89.118223513612
185.714285714286	233.333333333333	84.2808566915991	0	84.2808566915991	DCA	70	91.3196222197989
200	233.333333333333	85.8272504561618	0	85.8272504561618	DCA	70	92.8660159843617
214.285714285714	233.333333333333	89.1410501896655	0	89.1410501896655	DCA	0	89.1410501896655
228.571428571429	233.333333333333	84.8630542382814	0	84.8630542382814	DCA	280	91.3782834351139
242.857142857143	233.333333333333	80.1454059580406	0	80.1454059580406	DCA	0	80.1454059580406
257.142857142857	233.333333333333	86.3433249074499	0	86.3433249074499	DCA	210	96.6397050340661
271.428571428571	233.333333333333	87.495509634106	0	87.495509634106	DCA	140	97.966401871178
285.714285714286	233.333333333333	86.7909683536683	0	86.7909683536683	DCA	0	86.7909683536683
300	233.333333333333	80.3486215031011	0	80.3486215031011	DCA	280	86.8638506999337
314.285714285714	233.333333333333	83.0151119236395	0	83.0151119236395	DCA	210	93.3114920502557
328.571428571429	233.333333333333	80.0646116767345	0	80.0646116767345	DCA	140	90.5355039138064
342.857142857143	233.333333333333	84.4608967123928	0	84.4608967123928	DCA	0	84.4608967123928
357.142857142857	233.333333333333	84.3882458247873	0	84.3882458247873	DCA	0	84.3882458247873
371.428571428571	233.333333333333	83.162883630223	0	83.162883630223	DCA	280	89.6781128270555
385.714285714286	233.333333333333	79.1315771896469	0	79.1315771896469	DCA	140	89.6024694267188
400	233.333333333333	78.4704074338929	0	78.4704074338929	DCA	70	85.5091729620928
414.285714285714	233.333333333333	74.8199551590519	0	74.8199551590519	DCA	70	81.8587206872518
428.571428571429	233.333333333333	76.6421435212257	0	76.6421435212257	DCA	280	83.1573727180582
442.857142857143	233.333333333333	78.669818548679	0	78.669818548679	DCA	280	85.1850477455116
457.142857142857	233.333333333333	79.0237002516024	0	79.0237002516024	DCA	0	79.0237002516024
471.428571428571	233.333333333333	79.9862751931769	0	79.9862751931769	DCA	0	79.9862751931769
485.714285714286	233.333333333333	78.2717204075399	0	78.2717204075399	DCA	210	88.5681005341561
500	233.333333333333	82.0505552728653	0	82.0505552728653	DCA	0	82.0505552728653
514.285714285714	233.333333333333	84.4707319413185	24.6	109.070731941318	DCA	140	131.25122417839
528.571428571429	233.333333333333	83.8940125618377	24.6	108.494012561838	DCA	140	130.67450479891
542.857142857143	233.333333333333	81.8808725497586	24.6	106.480872549759	DCA	280	136.415301746591
557.142857142857	233.333333333333	80.2663013462053	24.6	104.866301346205	DCA	70	117.759866874405
571.428571428571	233.333333333333	81.373133646758	24.6	105.973133646758	DCA	140	128.15362588383
585.714285714286	233.333333333333	81.6671809450609	24.6	106.267180945061	DCA	280	136.201610141894
600	233.333333333333	80.8279949224756	24.6	105.427994922476	DCA	280	135.362424119308
614.285714285714	233.333333333333	80.087361309163	24.6	104.687361309163	DCA	140	126.867853546235
628.571428571429	233.333333333333	81.0941671460266	24.6	105.694167146027	DCA	140	127.874659383099
642.857142857143	233.333333333333	80.152096169368	24.6	104.752096169368	DCA	280	134.686525366201
657.142857142857	233.333333333333	76.5004379433223	24.6	101.100437943322	DCA	70	113.994003471522
671.428571428571	233.333333333333	80.1111066432316	24.6	104.711106643232	DCA	140	126.891598880304
685.714285714286	233.333333333333	77.4104802471284	24.6	102.010480247128	DCA	70	114.904045775328
700	233.333333333333	80.3262541297027	24.6	104.926254129703	DCA	280	134.860683326535
714.285714285714	233.333333333333	79.6476738554936	24.6	104.247673855494	DCA	280	134.182103052326
728.571428571429	233.333333333333	80.8927531582369	24.6	105.492753158237	DCA	140	127.673245395309
742.857142857143	233.333333333333	76.5284699085282	24.6	101.128469908528	DCA	210	128.989250035144
757.142857142857	233.333333333333	78.0754245959886	24.6	102.675424595989	DCA	280	132.609853792821
771.428571428571	233.333333333333	75.5740707361644	24.6	100.174070736164	DCA	210	128.034850862781
785.714285714286	233.333333333333	73.6184291394034	24.6	98.2184291394034	DCA	140	120.398921376475
800	233.333333333333	76.2651159943416	24.6	100.865115994342	DCA	0	100.865115994342
814.285714285714	233.333333333333	74.3092964383535	24.6	98.9092964383535	DCA	0	98.9092964383535
828.571428571429	233.333333333333	79.7989732351033	24.6	104.398973235103	DCA	280	134.333402431936
842.857142857143	233.333333333333	81.8460264771331	24.6	106.446026477133	DCA	0	106.446026477133
857.142857142857	233.333333333333	81.5690267535474	24.6	106.169026753547	DCA	280	136.10345595038
871.428571428571	233.333333333333	84.318708352533	24.6	108.918708352533	DCA	140	131.099200589605
885.714285714286	233.333333333333	80.1233121995362	24.6	104.723312199536	DCA	210	132.584092326152
900	233.333333333333	82.0359498693949	24.6	106.635949869395	DCA	140	128.816442106467
914.285714285714	233.333333333333	79.2291042783193	24.6	103.829104278319	DCA	140	126.009596515391
928.571428571429	233.333333333333	82.8183972632927	24.6	107.418397263293	DCA	0	107.418397263293
942.857142857143	233.333333333333	80.5811682024764	24.6	105.181168202476	DCA	280	135.115597399309
957.142857142857	233.333333333333	80.2445997680059	24.6	104.844599768006	DCA	70	117.738165296206
971.428571428571	233.333333333333	80.5041103995276	24.6	105.104110399528	DCA	70	117.997675927727
985.714285714286	233.333333333333	81.3895560714343	24.6	105.989556071434	DCA	280	135.923985268267
1000	233.333333333333	83.5119510330249	24.6	108.111951033025	DCA	70	121.005516561225
0	266.666666666667	82.1938977125016	0	82.1938977125016	DCA	0	82.1938977125016
14.2857142857143	266.666666666667	78.6838012589347	0	78.6838012589347	DCA	210	88.9801813855509
28.5714285714286	266.666666666667	78.0093584754516	0	78.0093584754516	DCA	140	88.4802507125235
42.8571428571429	266.666666666667	81.2439939618701	0	81.2439939618701	DCA	280	87.7592231587027
57.1428571428571	266.666666666667	78.3985123546586	0	78.3985123546586	DCA	0	78.3985123546586
71.4285714285714	266.666666666667	78.6252824694709	0	78.6252824694709	DCA	210	88.9216625960871
85.7142857142857	266.666666666667	78.4948831669875	0	78.4948831669875	DCA	0	78.4948831669875
100	266.666666666667	77.4260754221657	0	77.4260754221657	DCA	140	87.8969676592377
114.285714285714	266.666666666667	79.3870269475883	0	79.3870269475883	DCA	0	79.3870269475883
128.571428571429	266.666666666667	80.8338391645451	0	80.8338391645451	DCA	210	91.1302192911613
142.857142857143	266.666666666667	82.7267996408349	0	82.7267996408349	DCA	280	89.2420288376675
157.142857142857	266.666666666667	79.9933247490853	0	79.9933247490853	DCA	280	86.5085539459179
171.428571428571	266.666666666667	82.1044262352621	0	82.1044262352621	DCA	210	92.4008063618782
185.714285714286	266.666666666667	81.3732181805664	0	81.3732181805664	DCA	280	87.888447377399
200	266.666666666667	84.2501395903403	0	84.2501395903403	DCA	70	91.2889051185402
214.285714285714	266.666666666667	86.3232670428735	0	86.3232670428735	DCA	0	86.3232670428735
228.571428571429	266.666666666667	84.2496468692238	0	84.2496468692238	DCA	210	94.54602699584
242.857142857143	266.666666666667	87.584451479252	0	87.584451479252	DCA	280	94.0996806760846
257.142857142857	266.666666666667	85.8307717362353	0	85.8307717362353	DCA	210	96.1271518628515
271.428571428571	266.666666666667	87.0403843797114	0	87.0403843797114	DCA	70	94.0791499079113
285.714285714286	266.666666666667	86.3079990802894	0	86.3079990802894	DCA	140	96.7788913173613
300	266.666666666667	88.4589603823356	0	88.4589603823356	DCA	70	95.4977259105355
314.285714285714	266.666666666667	83.9073365885976	0	83.9073365885976	DCA	210	94.2037167152138
328.571428571429	266.666666666667	82.8881063745914	0	82.8881063745914	DCA	210	93.1844865012076
342.857142857143	266.666666666667	81.7172051912469	0	81.7172051912469	DCA	70	88.7559707194468
357.142857142857	266.666666666667	82.4308807195965	0	82.4308807195965	DCA	0	82.4308807195965
371.428571428571	266.666666666667	80.6026789638304	0	80.6026789638304	DCA	280	87.117908160663
385.714285714286	266.666666666667	80.9441852836705	0	80.9441852836705	DCA	0	80.9441852836705
400	266.666666666667	78.9351997098838	0	78.9351997098838	DCA	210	89.2315798364999
414.285714285714	266.666666666667	82.9361679167569	0	82.9361679167569	DCA	210	93.232548043373
428.571428571429	266.666666666667	82.508840548506	0	82.508840548506	DCA	210	92.8052206751222
442.857142857143	266.666666666667	83.8083257964471	0	83.8083257964471	DCA	210	94.1047059230632
457.142857142857	266.666666666667	79.0141765713212	0	79.0141765713212	DCA	140	89.4850688083931
471.428571428571	266.666666666667	80.8504367733711	0	80.8504367733711	DCA	280	87.3656659702037
485.714285714286	266.666666666667	84.3383123699011	0	84.3383123699011	DCA	280	90.8535415667337
500	266.666666666667	84.7485656682528	0	84.7485656682528	DCA	70	91.7873311964527
514.285714285714	266.666666666667	84.0229496784524	24.6	108.622949678452	DCA	140	130.803441915524
528.571428571429	266.666666666667	78.8349657039701	24.6	103.43496570397	DCA	280	133.369394900803
542.857142857143	266.666666666667	78.4500968043136	24.6	103.050096804314	DCA	210	130.91087693093
557.142857142857	266.666666666667	75.9669569874768	24.6	100.566956987477	DCA	280	130.501386184309
571.428571428571	266.666666666667	78.2032432124147	24.6	102.803243212415	DCA	0	102.803243212415
585.714285714286	266.666666666667	80.1898358182373	24.6	104.789835818237	DCA	70	117.683401346437
600	266.666666666667	86.458281922362	24.6	111.058281922362	DCA	280	140.992711119195
614.285714285714	266.666666666667	85.3647415948814	24.6	109.964741594881	DCA	0	109.964741594881
628.571428571429	266.666666666667	87.1318848347785	24.6	111.731884834779	DCA	140	133.91237707185
642.857142857143	266.666666666667	86.3590873907913	24.6	110.959087390791	DCA	70	123.852652918991
657.142857142857	266.666666666667	85.3386471152845	24.6	109.938647115285	DCA	210	137.799427241901
671.428571428571	266.666666666667	79.8343226005736	24.6	104.434322600574	DCA	210	132.29510272719
685.714285714286	266.666666666667	78.6903148553961	24.6	103.290314855396	DCA	280	133.224744052229
700	266.666666666667	83.2965741965431	24.6	107.896574196543	DCA	280	137.831003393376
714.285714285714	266.666666666667	82.868656280627	24.6	107.468656280627	DCA	0	107.468656280627
728.571428571429	266.666666666667	84.5426992734517	24.6	109.142699273452	DCA	0	109.142699273452
742.857142857143	266.666666666667	83.0587041168017	24.6	107.658704116802	DCA	70	120.552269645002
757.142857142857	266.666666666667	83.7474864465158	24.6	108.347486446516	DCA	0	108.347486446516
771.428571428571	266.666666666667	78.2503273879864	24.6	102.850327387986	DCA	0	102.850327387986
785.714285714286	266.666666666667	78.1416143868334	24.6	102.741614386833	DCA	70	115.635179915033
800	266.666666666667	77.2565975976443	24.6	101.856597597644	DCA	280	131.791026794477
814.285714285714	266.666666666667	76.187590727676	24.6	100.787590727676	DCA	210	128.648370854292
828.571428571429	266.666666666667	77.2035433913211	24.6	101.803543391321	DCA	140	123.984035628393
842.857142857143	266.666666666667	78.5154674639147	24.6	103.115467463915	DCA	210	130.976247590531
857.142857142857	266.666666666667	82.8549359954323	24.6	107.454935995432	DCA	0	107.454935995432
871.428571428571	266.666666666667	80.7009255206632	24.6	105.300925520663	DCA	210	133.161705647279
885.714285714286	266.666666666667	80.9071512046198	24.6	105.50715120462	DCA	140	127.687643441692
900	266.666666666667	80.4583717649034	24.6	105.058371764903	DCA	210	132.91915189152
914.285714285714	266.666666666667	77.0172220477257	24.6	101.617222047726	DCA	210	129.478002174342
928.571428571429	266.666666666667	78.8491735182313	24.6	103.449173518231	DCA	280	133.383602715064
942.857142857143	266.666666666667	79.5545906314142	24.6	104.154590631414	DCA	70	117.048156159614
957.142857142857	266.666666666667	83.1688059716934	24.6	107.768805971693	DCA	280	137.703235168526
971.428571428571	266.666666666667	81.4103590032349	24.6	106.010359003235	DCA	70	118.903924531435
985.714285714286	266.666666666667	78.0486655882016	24.6	102.648665588202	DCA	140	124.829157825274
1000	266.666666666667	81.8599049398582	24.6	106.459904939858	DCA	70	119.353470468058
0	300	80.2963535928317	0	80.2963535928317	DCA	280	86.8115827896643
14.2857142857143	300	83.3121499633432	0	83.3121499633432	DCA	0	83.3121499633432
28.5714285714286	300	82.6521094839988	0	82.6521094839988	DCA	140	93.1230017210707
42.8571428571429	300	82.8599593842643	0	82.8599593842643	DCA	0	82.8599593842643
57.1428571428571	300	78.5401895683749	0	78.5401895683749	DCA	140	89.0110818054469
71.4285714285714	300	81.2540303343958	0	81.2540303343958	DCA	70	88.2927958625957
85.7142857142857	300	80.637315625854	0	80.637315625854	DCA	280	87.1525448226866
100	300	77.7002452942149	0	77.7002452942149	DCA	280	84.2154744910474
114.285714285714	300	77.9085855814703	0	77.9085855814703	DCA	70	84.9473511096702
128.571428571429	300	76.4752589035527	0	76.4752589035527	DCA	140	86.9461511406247
142.857142857143	300	75.1771270830052	0	75.1771270830052	DCA	70	82.2158926112051
157.142857142857	300	76.931654637401	0	76.931654637401	DCA	280	83.4468838342336
171.428571428571	300	78.1965638617805	0	78.1965638617805	DCA	140	88.6674560988525
185.714285714286	300	77.1165641015872	0	77.1165641015872	DCA	140	87.5874563386591
200	300	81.1277895525986	0	81.1277895525986	DCA	280	87.6430187494312
214.285714285714	300	81.0022229023724	0	81.0022229023724	DCA	210	91.2986030289886
228.571428571429	300	87.9275728997003	0	87.9275728997003	DCA	280	94.4428020965329
242.857142857143	300	86.5700071373533	0	86.5700071373533	DCA	210	96.8663872639695
257.142857142857	300	85.1508713314504	0	85.1508713314504	DCA	280	91.666100528283
271.428571428571	300	86.788488811359	0	86.788488811359	DCA	70	93.8272543395589
285.714285714286	300	85.3394826822743	0	85.3394826822743	DCA	140	95.8103749193462
300	300	87.5976644907312	0	87.5976644907312	DCA	210	97.8940446173474
314.285714285714	300	83.3866778470896	0	83.3866778470896	DCA	140	93.8575700841615
328.571428571429	300	81.2894053913788	0	81.2894053913788	DCA	280	87.8046345882113
342.857142857143	300	81.4774807136206	0	81.4774807136206	DCA	0	81.4774807136206
357.142857142857	300	79.9409306241792	0	79.9409306241792	DCA	70	86.9796961523791
371.428571428571	300	82.6187796033512	0	82.6187796033512	DCA	210	92.9151597299673
385.714285714286	300	82.8587024198734	0	82.8587024198734	DCA	140	93.3295946569453
400	300	82.9946092817267	0	82.9946092817267	DCA	0	82.9946092817267
414.285714285714	300	81.07038443235	0	81.07038443235	DCA	0	81.07038443235
428.571428571429	300	80.5486044396416	0	80.5486044396416	DCA	140	91.0194966767135
442.857142857143	300	79.7958912986069	0	79.7958912986069	DCA	280	86.3111204954395
457.142857142857	300	80.8446253191125	0	80.8446253191125	DCA	0	80.8446253191125
471.428571428571	300	85.7132542370587	0	85.7132542370587	DCA	0	85.7132542370587
485.714285714286	300	80.5561438682986	0	80.5561438682986	DCA	280	87.0713730651312
500	300	82.4244839608055	0	82.4244839608055	DCA	280	88.9397131576381
514.285714285714	300	79.0793870928315	24.6	103.679387092832	DCA	0	103.679387092832
528.571428571429	300	77.1852038338541	24.6	101.785203833854	DCA	210	129.64598396047
542.857142857143	300	78.396264245991	24.6	102.996264245991	DCA	70	115.889829774191
557.142857142857	300	80.8934295660507	24.6	105.493429566051	DCA	70	118.386995094251
571.428571428571	300	79.0898395525192	24.6	103.689839552519	DCA	210	131.550619679135
585.714285714286	300	79.8196153778066	24.6	104.419615377807	DCA	0	104.419615377807
600	300	82.546764854758	24.6	107.146764854758	DCA	210	135.007544981374
614.285714285714	300	84.6656259595336	24.6	109.265625959534	DCA	140	131.446118196606
628.571428571429	300	83.1171866740748	24.6	107.717186674075	DCA	280	137.651615870907
642.857142857143	300	80.6587520490528	24.6	105.258752049053	DCA	0	105.258752049053
657.142857142857	300	83.4230843071255	24.6	108.023084307125	DCA	210	135.883864433742
671.428571428571	300	79.9675515388279	24.6	104.567551538828	DCA	280	134.50198073566
685.714285714286	300	81.8726073362015	24.6	106.472607336202	DCA	280	136.407036533034
700	300	84.3747899753071	24.6	108.974789975307	DCA	70	121.868355503507
714.285714285714	300	88.2469843183107	24.6	112.846984318311	DCA	280	142.781413515143
728.571428571429	300	79.6738276343939	24.6	104.273827634394	DCA	210	132.13460776101
742.857142857143	300	79.4698902672391	24.6	104.069890267239	DCA	70	116.963455795439
757.142857142857	300	81.7894377012524	24.6	106.389437701252	DCA	0	106.389437701252
771.428571428571	300	81.4559937483824	24.6	106.055993748382	DCA	0	106.055993748382
785.714285714286	300	84.1770214587332	24.6	108.777021458733	DCA	140	130.957513695805
800	300	80.2135888745235	24.6	104.813588874523	DCA	210	132.67436900114
814.285714285714	300	79.1179176726831	24.6	103.717917672683	DCA	280	133.652346869516
828.571428571429	300	80.3134122668722	24.6	104.913412266872	DCA	0	104.913412266872
842.857142857143	300	78.8195851723728	24.6	103.419585172373	DCA	70	116.313150700573
857.142857142857	300	77.2293245511589	24.6	101.829324551159	DCA	280	131.763753747992
871.428571428571	300	77.0209356510904	24.6	101.62093565109	DCA	0	101.62093565109
885.714285714286	300	77.9794780575206	24.6	102.579478057521	DCA	0	102.579478057521
900	300	76.7477202354163	24.6	101.347720235416	DCA	210	129.208500362032
914.285714285714	300	78.1937706883064	24.6	102.793770688306	DCA	0	102.793770688306
928.571428571429	300	77.0733201447748	24.6	101.673320144775	DCA	70	114.566885672975
942.857142857143	300	77.6811580708918	24.6	102.281158070892	DCA	0	102.281158070892
957.142857142857	300	80.390612487648	24.6	104.990612487648	DCA	210	132.851392614264
971.428571428571	300	76.0731603739025	24.6	100.673160373903	DCA	140	122.853652610974
985.714285714286	300	81.589246916235	24.6	106.189246916235	DCA	70	119.082812444435
1000	300	80.3920929125496	24.6	104.99209291255	DCA	280	134.926522109382
