x	y	variable1	Zona	ErrorConEfecto	Disenio	AsigTrat	MiRto
0	0	74.6989641629918	0	74.6989641629918	DCA	140	87.9034123414142
14.2857142857143	0	74.5752348056494	0	74.5752348056494	DCA	280	88.6237040496872
28.5714285714286	0	79.3711777708722	0	79.3711777708722	DCA	0	79.3711777708722
42.8571428571429	0	77.447290222341	0	77.447290222341	DCA	140	90.6517384007635
57.1428571428571	0	76.259674068488	0	76.259674068488	DCA	280	90.3081433125259
71.4285714285714	0	79.9738318739829	0	79.9738318739829	DCA	210	95.1453439743139
85.7142857142857	0	81.0789424866864	0	81.0789424866864	DCA	140	94.2833906651088
100	0	78.9328680831606	0	78.9328680831606	DCA	70	87.0801455614727
114.285714285714	0	75.1178607746154	0	75.1178607746154	DCA	210	90.2893728749464
128.571428571429	0	76.7477140936184	0	76.7477140936184	DCA	280	90.7961833376562
142.857142857143	0	75.8535215175762	0	75.8535215175762	DCA	70	84.0007989958883
157.142857142857	0	73.6263240720527	0	73.6263240720527	DCA	280	87.6747933160905
171.428571428571	0	74.7752477040309	0	74.7752477040309	DCA	140	87.9796958824534
185.714285714286	0	76.3328706234435	0	76.3328706234435	DCA	70	84.4801481017556
200	0	81.2009010417898	0	81.2009010417898	DCA	70	89.3481785201019
214.285714285714	0	81.3979988905555	0	81.3979988905555	DCA	70	89.5452763688676
228.571428571429	0	80.453760958858	0	80.453760958858	DCA	0	80.453760958858
242.857142857143	0	77.8551847921655	0	77.8551847921655	DCA	280	91.9036540362033
257.142857142857	0	74.341224706931	0	74.341224706931	DCA	140	87.5456728853534
271.428571428571	0	79.760523211017	0	79.760523211017	DCA	140	92.9649713894395
285.714285714286	0	75.4887639393	0	75.4887639393	DCA	210	90.660276039631
300	0	73.5169851272857	0	73.5169851272857	DCA	140	86.7214333057081
314.285714285714	0	76.5588123050776	0	76.5588123050776	DCA	140	89.7632604835
328.571428571429	0	72.8433408543287	0	72.8433408543287	DCA	280	86.8918100983666
342.857142857143	0	73.4716379093881	0	73.4716379093881	DCA	0	73.4716379093881
357.142857142857	0	75.7816932107116	0	75.7816932107116	DCA	70	83.9289706890237
371.428571428571	0	78.8190258919973	0	78.8190258919973	DCA	140	92.0234740704198
385.714285714286	0	79.5359802853	0	79.5359802853	DCA	0	79.5359802853
400	0	76.982515523854	0	76.982515523854	DCA	0	76.982515523854
414.285714285714	0	77.80558995547	0	77.80558995547	DCA	70	85.9528674337821
428.571428571429	0	77.5702567208997	0	77.5702567208997	DCA	280	91.6187259649376
442.857142857143	0	77.5617752293169	0	77.5617752293169	DCA	70	85.709052707629
457.142857142857	0	78.5240372032742	0	78.5240372032742	DCA	0	78.5240372032742
471.428571428571	0	79.0667293075781	0	79.0667293075781	DCA	210	94.2382414079091
485.714285714286	0	80.7584685802119	0	80.7584685802119	DCA	280	94.8069378242497
500	0	81.8155150167615	0	81.8155150167615	DCA	280	95.8639842607994
514.285714285714	0	82.8613392058645	24.6	107.461339205864	DCA	0	107.461339205864
528.571428571429	0	77.4874890527036	24.6	102.087489052704	DCA	140	127.001537231126
542.857142857143	0	80.3871955543336	24.6	104.987195554334	DCA	70	118.989273032646
557.142857142857	0	79.6445765386562	24.6	104.244576538656	DCA	140	129.158624717079
571.428571428571	0	81.5361773813839	24.6	106.136177381384	DCA	0	106.136177381384
585.714285714286	0	82.7580441538832	24.6	107.358044153883	DCA	210	140.093956254214
600	0	86.3888821531846	24.6	110.988882153185	DCA	140	135.902930331607
614.285714285714	0	82.5087543513731	24.6	107.108754351373	DCA	140	132.022802529795
628.571428571429	0	83.7189578598807	24.6	108.318957859881	DCA	210	141.054869960212
642.857142857143	0	84.7223686850715	24.6	109.322368685071	DCA	0	109.322368685071
657.142857142857	0	83.2308666129042	24.6	107.830866612904	DCA	280	145.298535856942
671.428571428571	0	82.3139617875793	24.6	106.913961787579	DCA	280	144.381631031617
685.714285714286	0	81.8781284656533	24.6	106.478128465653	DCA	280	143.945797709691
700	0	78.0998501006254	24.6	102.699850100625	DCA	210	135.435762200956
714.285714285714	0	79.6061654860359	24.6	104.206165486036	DCA	140	129.120213664458
728.571428571429	0	81.2311429232257	24.6	105.831142923226	DCA	210	138.567055023557
742.857142857143	0	82.6002868179066	24.6	107.200286817907	DCA	280	144.667956061944
757.142857142857	0	81.4127911350893	24.6	106.012791135089	DCA	140	130.926839313512
771.428571428571	0	77.5119345751053	24.6	102.111934575105	DCA	0	102.111934575105
785.714285714286	0	80.2392816687199	24.6	104.83928166872	DCA	70	118.841359147032
800	0	80.0696854165531	24.6	104.669685416553	DCA	70	118.671762894865
814.285714285714	0	81.8824888603158	24.6	106.482488860316	DCA	0	106.482488860316
828.571428571429	0	80.7689964373044	24.6	105.368996437304	DCA	70	119.371073915617
842.857142857143	0	81.8556682109509	24.6	106.455668210951	DCA	0	106.455668210951
857.142857142857	0	79.1400344229928	24.6	103.740034422993	DCA	280	141.207703667031
871.428571428571	0	78.5544382078461	24.6	103.154438207846	DCA	210	135.890350308177
885.714285714286	0	78.0265725542531	24.6	102.626572554253	DCA	280	140.094241798291
900	0	79.192982621407	24.6	103.792982621407	DCA	70	117.795060099719
914.285714285714	0	82.8353640843867	24.6	107.435364084387	DCA	280	144.903033328425
928.571428571429	0	80.447321732404	24.6	105.047321732404	DCA	140	129.961369910826
942.857142857143	0	80.7806810703523	24.6	105.380681070352	DCA	280	142.84835031439
957.142857142857	0	80.4030878862737	24.6	105.003087886274	DCA	280	142.470757130311
971.428571428571	0	85.6366744689838	24.6	110.236674468984	DCA	280	147.704343713022
985.714285714286	0	84.0016236249309	24.6	108.601623624931	DCA	280	146.069292868969
1000	0	81.3955979029777	24.6	105.995597902978	DCA	280	143.463267147016
0	33.3333333333333	79.1741298749483	0	79.1741298749483	DCA	140	92.3785780533708
14.2857142857143	33.3333333333333	76.2483095242132	0	76.2483095242132	DCA	210	91.4198216245442
28.5714285714286	33.3333333333333	75.2593550290094	0	75.2593550290094	DCA	280	89.3078242730473
42.8571428571429	33.3333333333333	76.0567433463565	0	76.0567433463565	DCA	70	84.2040208246686
57.1428571428571	33.3333333333333	80.0772235127141	0	80.0772235127141	DCA	140	93.2816716911366
71.4285714285714	33.3333333333333	77.0132231852802	0	77.0132231852802	DCA	0	77.0132231852802
85.7142857142857	33.3333333333333	75.9211100818733	0	75.9211100818733	DCA	140	89.1255582602957
100	33.3333333333333	74.7001134253544	0	74.7001134253544	DCA	70	82.8473909036665
114.285714285714	33.3333333333333	74.372299408502	0	74.372299408502	DCA	70	82.5195768868141
128.571428571429	33.3333333333333	71.8961472179604	0	71.8961472179604	DCA	0	71.8961472179604
142.857142857143	33.3333333333333	75.9138032708154	0	75.9138032708154	DCA	70	84.0610807491275
157.142857142857	33.3333333333333	75.9269079368595	0	75.9269079368595	DCA	210	91.0984200371905
171.428571428571	33.3333333333333	80.4681320507278	0	80.4681320507278	DCA	280	94.5166012947656
185.714285714286	33.3333333333333	79.6401021343125	0	79.6401021343125	DCA	0	79.6401021343125
200	33.3333333333333	79.3260299521548	0	79.3260299521548	DCA	0	79.3260299521548
214.285714285714	33.3333333333333	79.4224650544695	0	79.4224650544695	DCA	210	94.5939771548006
228.571428571429	33.3333333333333	80.394742475148	0	80.394742475148	DCA	140	93.5991906535704
242.857142857143	33.3333333333333	79.3787881871021	0	79.3787881871021	DCA	0	79.3787881871021
257.142857142857	33.3333333333333	77.9302062016694	0	77.9302062016694	DCA	210	93.1017183020004
271.428571428571	33.3333333333333	77.6112283002899	0	77.6112283002899	DCA	280	91.6596975443277
285.714285714286	33.3333333333333	77.5595867344577	0	77.5595867344577	DCA	140	90.7640349128801
300	33.3333333333333	81.8297809084361	0	81.8297809084361	DCA	0	81.8297809084361
314.285714285714	33.3333333333333	81.3832760234614	0	81.3832760234614	DCA	0	81.3832760234614
328.571428571429	33.3333333333333	81.3688050317028	0	81.3688050317028	DCA	140	94.5732532101252
342.857142857143	33.3333333333333	80.351893156943	0	80.351893156943	DCA	0	80.351893156943
357.142857142857	33.3333333333333	78.2934490069047	0	78.2934490069047	DCA	280	92.3419182509425
371.428571428571	33.3333333333333	83.1179179647172	0	83.1179179647172	DCA	140	96.3223661431396
385.714285714286	33.3333333333333	78.3825573814469	0	78.3825573814469	DCA	280	92.4310266254848
400	33.3333333333333	77.8521153187172	0	77.8521153187172	DCA	280	91.9005845627551
414.285714285714	33.3333333333333	78.6475192160467	0	78.6475192160467	DCA	140	91.8519673944692
428.571428571429	33.3333333333333	81.6983686815072	0	81.6983686815072	DCA	140	94.9028168599296
442.857142857143	33.3333333333333	84.7058557236334	0	84.7058557236334	DCA	210	99.8773678239644
457.142857142857	33.3333333333333	81.6111234469881	0	81.6111234469881	DCA	210	96.7826355473191
471.428571428571	33.3333333333333	79.6472945221607	0	79.6472945221607	DCA	70	87.7945720004728
485.714285714286	33.3333333333333	82.787709630233	0	82.787709630233	DCA	0	82.787709630233
500	33.3333333333333	81.0584801412738	0	81.0584801412738	DCA	140	94.2629283196962
514.285714285714	33.3333333333333	80.3445283943297	24.6	104.94452839433	DCA	0	104.94452839433
528.571428571429	33.3333333333333	81.5831105435594	24.6	106.183110543559	DCA	210	138.91902264389
542.857142857143	33.3333333333333	81.7564203748809	24.6	106.356420374881	DCA	70	120.358497853193
557.142857142857	33.3333333333333	81.5674838922657	24.6	106.167483892266	DCA	280	143.635153136304
571.428571428571	33.3333333333333	83.8642967305834	24.6	108.464296730583	DCA	280	145.931965974621
585.714285714286	33.3333333333333	83.7455100217987	24.6	108.345510021799	DCA	280	145.813179265837
600	33.3333333333333	83.0927610603513	24.6	107.692761060351	DCA	70	121.694838538663
614.285714285714	33.3333333333333	83.2995116357874	24.6	107.899511635787	DCA	140	132.81355981421
628.571428571429	33.3333333333333	81.3554344252169	24.6	105.955434425217	DCA	0	105.955434425217
642.857142857143	33.3333333333333	84.7644501666517	24.6	109.364450166652	DCA	210	142.100362266983
657.142857142857	33.3333333333333	83.1762997064691	24.6	107.776299706469	DCA	210	140.5122118068
671.428571428571	33.3333333333333	81.9495610893954	24.6	106.549561089395	DCA	280	144.017230333433
685.714285714286	33.3333333333333	80.2615184455511	24.6	104.861518445551	DCA	70	118.863595923863
700	33.3333333333333	78.8571870374129	24.6	103.457187037413	DCA	280	140.924856281451
714.285714285714	33.3333333333333	76.7959955680708	24.6	101.395995568071	DCA	70	115.398073046383
728.571428571429	33.3333333333333	78.5843447982971	24.6	103.184344798297	DCA	140	128.09839297672
742.857142857143	33.3333333333333	78.6582483669557	24.6	103.258248366956	DCA	70	117.260325845268
757.142857142857	33.3333333333333	76.6069837817157	24.6	101.206983781716	DCA	140	126.121031960138
771.428571428571	33.3333333333333	76.3379831286324	24.6	100.937983128632	DCA	140	125.852031307055
785.714285714286	33.3333333333333	77.4447210643903	24.6	102.04472106439	DCA	0	102.04472106439
800	33.3333333333333	82.267820735308	24.6	106.867820735308	DCA	280	144.335489979346
814.285714285714	33.3333333333333	78.032668535139	24.6	102.632668535139	DCA	280	140.100337779177
828.571428571429	33.3333333333333	83.6069074634894	24.6	108.206907463489	DCA	0	108.206907463489
842.857142857143	33.3333333333333	81.856722676943	24.6	106.456722676943	DCA	70	120.458800155255
857.142857142857	33.3333333333333	80.1182521667892	24.6	104.718252166789	DCA	210	137.45416426712
871.428571428571	33.3333333333333	80.3757242093584	24.6	104.975724209358	DCA	210	137.711636309689
885.714285714286	33.3333333333333	80.5616310843271	24.6	105.161631084327	DCA	280	142.629300328365
900	33.3333333333333	79.0473458883544	24.6	103.647345888354	DCA	0	103.647345888354
914.285714285714	33.3333333333333	77.1264079555693	24.6	101.726407955569	DCA	280	139.194077199607
928.571428571429	33.3333333333333	78.1476417978296	24.6	102.74764179783	DCA	0	102.74764179783
942.857142857143	33.3333333333333	78.9985192707224	24.6	103.598519270722	DCA	210	136.334431371053
957.142857142857	33.3333333333333	79.4442215245467	24.6	104.044221524547	DCA	70	118.046299002859
971.428571428571	33.3333333333333	82.5079152334158	24.6	107.107915233416	DCA	0	107.107915233416
985.714285714286	33.3333333333333	84.9539756108577	24.6	109.553975610858	DCA	70	123.55605308917
1000	33.3333333333333	84.0283772804213	24.6	108.628377280421	DCA	70	122.630454758733
0	66.6666666666667	81.5833807323887	0	81.5833807323887	DCA	70	89.7306582107008
14.2857142857143	66.6666666666667	81.2962775074838	0	81.2962775074838	DCA	70	89.4435549857959
28.5714285714286	66.6666666666667	79.5928668199054	0	79.5928668199054	DCA	70	87.7401442982175
42.8571428571429	66.6666666666667	79.2954209842791	0	79.2954209842791	DCA	70	87.4426984625913
57.1428571428571	66.6666666666667	78.4285710462835	0	78.4285710462835	DCA	280	92.4770402903214
71.4285714285714	66.6666666666667	81.2801229843479	0	81.2801229843479	DCA	210	96.4516350846789
85.7142857142857	66.6666666666667	80.3307449893934	0	80.3307449893934	DCA	0	80.3307449893934
100	66.6666666666667	76.7975678313367	0	76.7975678313367	DCA	0	76.7975678313367
114.285714285714	66.6666666666667	77.20849051478	0	77.20849051478	DCA	140	90.4129386932025
128.571428571429	66.6666666666667	75.4138608883702	0	75.4138608883702	DCA	0	75.4138608883702
142.857142857143	66.6666666666667	78.6107257677625	0	78.6107257677625	DCA	0	78.6107257677625
157.142857142857	66.6666666666667	81.9556750510456	0	81.9556750510456	DCA	280	96.0041442950834
171.428571428571	66.6666666666667	75.6663134665758	0	75.6663134665758	DCA	140	88.8707616449982
185.714285714286	66.6666666666667	77.726087237952	0	77.726087237952	DCA	140	90.9305354163744
200	66.6666666666667	79.9955938039313	0	79.9955938039313	DCA	280	94.0440630479691
214.285714285714	66.6666666666667	81.7162805703225	0	81.7162805703225	DCA	0	81.7162805703225
228.571428571429	66.6666666666667	76.1780175705503	0	76.1780175705503	DCA	140	89.3824657489727
242.857142857143	66.6666666666667	78.2589066355553	0	78.2589066355553	DCA	70	86.4061841138674
257.142857142857	66.6666666666667	80.6324974771609	0	80.6324974771609	DCA	210	95.8040095774919
271.428571428571	66.6666666666667	80.7045510258186	0	80.7045510258186	DCA	70	88.8518285041307
285.714285714286	66.6666666666667	81.1213482585018	0	81.1213482585018	DCA	210	96.2928603588328
300	66.6666666666667	81.5131092700663	0	81.5131092700663	DCA	140	94.7175574484887
314.285714285714	66.6666666666667	82.4550564153819	0	82.4550564153819	DCA	70	90.602333893694
328.571428571429	66.6666666666667	85.8606976643854	0	85.8606976643854	DCA	210	101.032209764716
342.857142857143	66.6666666666667	85.1724306395009	0	85.1724306395009	DCA	280	99.2208998835388
357.142857142857	66.6666666666667	79.4607243547863	0	79.4607243547863	DCA	140	92.6651725332087
371.428571428571	66.6666666666667	82.079277402794	0	82.079277402794	DCA	210	97.2507895031251
385.714285714286	66.6666666666667	78.0718490579729	0	78.0718490579729	DCA	0	78.0718490579729
400	66.6666666666667	77.0057072506215	0	77.0057072506215	DCA	210	92.1772193509525
414.285714285714	66.6666666666667	76.9698650195531	0	76.9698650195531	DCA	280	91.0183342635909
428.571428571429	66.6666666666667	80.7741851145103	0	80.7741851145103	DCA	70	88.9214625928224
442.857142857143	66.6666666666667	76.4814380599176	0	76.4814380599176	DCA	0	76.4814380599176
457.142857142857	66.6666666666667	79.459247498892	0	79.459247498892	DCA	0	79.459247498892
471.428571428571	66.6666666666667	80.2854551809141	0	80.2854551809141	DCA	0	80.2854551809141
485.714285714286	66.6666666666667	82.3020293737576	0	82.3020293737576	DCA	0	82.3020293737576
500	66.6666666666667	80.2180569399909	0	80.2180569399909	DCA	70	88.365334418303
514.285714285714	66.6666666666667	78.4825707512247	24.6	103.082570751225	DCA	210	135.818482851556
528.571428571429	66.6666666666667	82.5036193821083	24.6	107.103619382108	DCA	210	139.839531482439
542.857142857143	66.6666666666667	83.3032348504855	24.6	107.903234850486	DCA	280	145.370904094523
557.142857142857	66.6666666666667	81.9134397741016	24.6	106.513439774102	DCA	0	106.513439774102
571.428571428571	66.6666666666667	79.5792079990026	24.6	104.179207999003	DCA	280	141.64687724304
585.714285714286	66.6666666666667	81.1505890213646	24.6	105.750589021365	DCA	70	119.752666499677
600	66.6666666666667	81.8634145611428	24.6	106.463414561143	DCA	140	131.377462739565
614.285714285714	66.6666666666667	83.1280234704224	24.6	107.728023470422	DCA	140	132.642071648845
628.571428571429	66.6666666666667	84.1395227194765	24.6	108.739522719476	DCA	0	108.739522719476
642.857142857143	66.6666666666667	84.4705908305156	24.6	109.070590830516	DCA	0	109.070590830516
657.142857142857	66.6666666666667	82.6826161693941	24.6	107.282616169394	DCA	0	107.282616169394
671.428571428571	66.6666666666667	81.5241665012614	24.6	106.124166501261	DCA	70	120.126243979574
685.714285714286	66.6666666666667	81.4797320425976	24.6	106.079732042598	DCA	0	106.079732042598
700	66.6666666666667	79.7701533076142	24.6	104.370153307614	DCA	70	118.372230785926
714.285714285714	66.6666666666667	79.205058016203	24.6	103.805058016203	DCA	0	103.805058016203
728.571428571429	66.6666666666667	84.3346222848752	24.6	108.934622284875	DCA	0	108.934622284875
742.857142857143	66.6666666666667	83.1747088253186	24.6	107.774708825319	DCA	0	107.774708825319
757.142857142857	66.6666666666667	84.7771346969783	24.6	109.377134696978	DCA	70	123.37921217529
771.428571428571	66.6666666666667	82.0612142242125	24.6	106.661214224212	DCA	70	120.663291702525
785.714285714286	66.6666666666667	83.9619014260491	24.6	108.561901426049	DCA	70	122.563978904361
800	66.6666666666667	81.6785023361562	24.6	106.278502336156	DCA	140	131.192550514579
814.285714285714	66.6666666666667	82.186643780372	24.6	106.786643780372	DCA	0	106.786643780372
828.571428571429	66.6666666666667	82.9737093294563	24.6	107.573709329456	DCA	70	121.575786807768
842.857142857143	66.6666666666667	80.5909382441629	24.6	105.190938244163	DCA	140	130.104986422585
857.142857142857	66.6666666666667	82.4340163887322	24.6	107.034016388732	DCA	0	107.034016388732
871.428571428571	66.6666666666667	81.5604887064488	24.6	106.160488706449	DCA	0	106.160488706449
885.714285714286	66.6666666666667	79.0375033622021	24.6	103.637503362202	DCA	0	103.637503362202
900	66.6666666666667	79.8879897370295	24.6	104.48798973703	DCA	210	137.223901837361
914.285714285714	66.6666666666667	80.1566405065651	24.6	104.756640506565	DCA	70	118.758717984877
928.571428571429	66.6666666666667	79.8390270820953	24.6	104.439027082095	DCA	210	137.174939182426
942.857142857143	66.6666666666667	76.871830341501	24.6	101.471830341501	DCA	280	138.939499585539
957.142857142857	66.6666666666667	75.9698842805635	24.6	100.569884280563	DCA	70	114.571961758876
971.428571428571	66.6666666666667	81.8255972858842	24.6	106.425597285884	DCA	140	131.339645464307
985.714285714286	66.6666666666667	82.4528424322251	24.6	107.052842432225	DCA	210	139.788754532556
1000	66.6666666666667	84.4570413111001	24.6	109.0570413111	DCA	280	146.524710555138
0	100	82.9863801721331	0	82.9863801721331	DCA	210	98.1578922724642
14.2857142857143	100	82.4418237153763	0	82.4418237153763	DCA	140	95.6462718937987
28.5714285714286	100	79.9499973681626	0	79.9499973681626	DCA	70	88.0972748464747
42.8571428571429	100	79.8980941248263	0	79.8980941248263	DCA	280	93.9465633688641
57.1428571428571	100	82.3938815861201	0	82.3938815861201	DCA	140	95.5983297645425
71.4285714285714	100	81.6004201239197	0	81.6004201239197	DCA	70	89.7476976022318
85.7142857142857	100	80.34301912953	0	80.34301912953	DCA	70	88.4902966078421
100	100	80.0932891580278	0	80.0932891580278	DCA	0	80.0932891580278
114.285714285714	100	81.0328877424417	0	81.0328877424417	DCA	210	96.2043998427728
128.571428571429	100	76.158493523735	0	76.158493523735	DCA	280	90.2069627677729
142.857142857143	100	76.96913348992	0	76.96913348992	DCA	210	92.140645590251
157.142857142857	100	81.2693612191629	0	81.2693612191629	DCA	0	81.2693612191629
171.428571428571	100	80.0442063388351	0	80.0442063388351	DCA	210	95.2157184391661
185.714285714286	100	82.6915080637564	0	82.6915080637564	DCA	70	90.8387855420685
200	100	77.748094000535	0	77.748094000535	DCA	280	91.7965632445728
214.285714285714	100	81.960150708091	0	81.960150708091	DCA	0	81.960150708091
228.571428571429	100	80.1227683453127	0	80.1227683453127	DCA	140	93.3272165237351
242.857142857143	100	82.1663186454759	0	82.1663186454759	DCA	280	96.2147878895137
257.142857142857	100	80.3741735370972	0	80.3741735370972	DCA	0	80.3741735370972
271.428571428571	100	81.1493179889897	0	81.1493179889897	DCA	70	89.2965954673018
285.714285714286	100	85.0378173505803	0	85.0378173505803	DCA	0	85.0378173505803
300	100	78.4259346329168	0	78.4259346329168	DCA	70	86.5732121112289
314.285714285714	100	84.5628672153295	0	84.5628672153295	DCA	140	97.767315393752
328.571428571429	100	84.0683616121269	0	84.0683616121269	DCA	210	99.239873712458
342.857142857143	100	85.2512197327926	0	85.2512197327926	DCA	0	85.2512197327926
357.142857142857	100	82.3276402554167	0	82.3276402554167	DCA	140	95.5320884338391
371.428571428571	100	84.6363838824667	0	84.6363838824667	DCA	70	92.7836613607788
385.714285714286	100	78.6300256822062	0	78.6300256822062	DCA	210	93.8015377825373
400	100	79.3616470573531	0	79.3616470573531	DCA	140	92.5660952357755
414.285714285714	100	78.202256075053	0	78.202256075053	DCA	210	93.373768175384
428.571428571429	100	78.3071312155746	0	78.3071312155746	DCA	0	78.3071312155746
442.857142857143	100	78.0996820742053	0	78.0996820742053	DCA	210	93.2711941745363
457.142857142857	100	78.9580788026675	0	78.9580788026675	DCA	140	92.1625269810899
471.428571428571	100	77.9740245524643	0	77.9740245524643	DCA	280	92.0224937965022
485.714285714286	100	79.0412534358355	0	79.0412534358355	DCA	280	93.0897226798733
500	100	81.1611087995713	0	81.1611087995713	DCA	280	95.2095780436091
514.285714285714	100	79.2102686053298	24.6	103.81026860533	DCA	0	103.81026860533
528.571428571429	100	81.2796249645156	24.6	105.879624964516	DCA	210	138.615537064847
542.857142857143	100	82.3415119295809	24.6	106.941511929581	DCA	140	131.855560108003
557.142857142857	100	79.9059825757753	24.6	104.505982575775	DCA	0	104.505982575775
571.428571428571	100	78.8223666998272	24.6	103.422366699827	DCA	0	103.422366699827
585.714285714286	100	77.5068457845225	24.6	102.106845784522	DCA	210	134.842757884854
600	100	84.6242463287525	24.6	109.224246328753	DCA	210	141.960158429084
614.285714285714	100	82.1342811230306	24.6	106.734281123031	DCA	70	120.736358601343
628.571428571429	100	82.0964442766721	24.6	106.696444276672	DCA	0	106.696444276672
642.857142857143	100	80.6239488425973	24.6	105.223948842597	DCA	210	137.959860942928
657.142857142857	100	81.7104955880108	24.6	106.310495588011	DCA	280	143.778164832049
671.428571428571	100	78.6893073145673	24.6	103.289307314567	DCA	280	140.756976558605
685.714285714286	100	81.3005502659659	24.6	105.900550265966	DCA	0	105.900550265966
700	100	77.0033335914254	24.6	101.603333591425	DCA	140	126.517381769848
714.285714285714	100	77.6910674080818	24.6	102.291067408082	DCA	210	135.026979508413
728.571428571429	100	79.1549396993513	24.6	103.754939699351	DCA	210	136.490851799682
742.857142857143	100	81.5717582952172	24.6	106.171758295217	DCA	280	143.639427539255
757.142857142857	100	81.2523650743212	24.6	105.852365074321	DCA	140	130.766413252744
771.428571428571	100	83.1098521743713	24.6	107.709852174371	DCA	70	121.711929652683
785.714285714286	100	82.8208182946888	24.6	107.420818294689	DCA	70	121.422895773001
800	100	81.1579447947212	24.6	105.757944794721	DCA	70	119.760022273033
814.285714285714	100	77.5594348625706	24.6	102.159434862571	DCA	140	127.073483040993
828.571428571429	100	77.1206626252809	24.6	101.720662625281	DCA	0	101.720662625281
842.857142857143	100	79.8630149619793	24.6	104.463014961979	DCA	280	141.930684206017
857.142857142857	100	76.6855989638988	24.6	101.285598963899	DCA	0	101.285598963899
871.428571428571	100	77.8294465606886	24.6	102.429446560689	DCA	210	135.16535866102
885.714285714286	100	81.4030871322259	24.6	106.003087132226	DCA	210	138.738999232557
900	100	80.6472533507814	24.6	105.247253350781	DCA	0	105.247253350781
914.285714285714	100	81.9660278985382	24.6	106.566027898538	DCA	210	139.301939998869
928.571428571429	100	81.8725670502026	24.6	106.472567050203	DCA	140	131.386615228625
942.857142857143	100	77.307241199224	24.6	101.907241199224	DCA	280	139.374910443262
957.142857142857	100	79.0929924959111	24.6	103.692992495911	DCA	70	117.695069974223
971.428571428571	100	84.1266547652085	24.6	108.726654765208	DCA	280	146.194324009246
985.714285714286	100	79.3458478159626	24.6	103.945847815963	DCA	280	141.41351706
1000	100	80.4020263383152	24.6	105.002026338315	DCA	70	119.004103816627
0	133.333333333333	82.5978383581211	0	82.5978383581211	DCA	140	95.8022865365436
14.2857142857143	133.333333333333	79.8127964955452	0	79.8127964955452	DCA	280	93.8612657395831
28.5714285714286	133.333333333333	81.6505888216899	0	81.6505888216899	DCA	280	95.6990580657277
42.8571428571429	133.333333333333	82.3409189546066	0	82.3409189546066	DCA	140	95.5453671330291
57.1428571428571	133.333333333333	84.0520124139261	0	84.0520124139261	DCA	0	84.0520124139261
71.4285714285714	133.333333333333	83.5536175436964	0	83.5536175436964	DCA	280	97.6020867877343
85.7142857142857	133.333333333333	84.3473928875634	0	84.3473928875634	DCA	0	84.3473928875634
100	133.333333333333	76.9859146912002	0	76.9859146912002	DCA	210	92.1574267915312
114.285714285714	133.333333333333	77.9211353424966	0	77.9211353424966	DCA	280	91.9696045865345
128.571428571429	133.333333333333	77.9968994893737	0	77.9968994893737	DCA	210	93.1684115897047
142.857142857143	133.333333333333	78.5750290522506	0	78.5750290522506	DCA	0	78.5750290522506
157.142857142857	133.333333333333	76.4873253479641	0	76.4873253479641	DCA	280	90.5357945920019
171.428571428571	133.333333333333	74.3263878839266	0	74.3263878839266	DCA	70	82.4736653622387
185.714285714286	133.333333333333	74.2126333553355	0	74.2126333553355	DCA	280	88.2611025993733
200	133.333333333333	76.8550731836712	0	76.8550731836712	DCA	210	92.0265852840023
214.285714285714	133.333333333333	77.706959016379	0	77.706959016379	DCA	140	90.9114071948015
228.571428571429	133.333333333333	82.3577297639344	0	82.3577297639344	DCA	210	97.5292418642655
242.857142857143	133.333333333333	83.1265305070808	0	83.1265305070808	DCA	210	98.2980426074119
257.142857142857	133.333333333333	81.8567977918527	0	81.8567977918527	DCA	70	90.0040752701648
271.428571428571	133.333333333333	84.8795130570396	0	84.8795130570396	DCA	0	84.8795130570396
285.714285714286	133.333333333333	82.2944044113198	0	82.2944044113198	DCA	0	82.2944044113198
300	133.333333333333	83.7533023648532	0	83.7533023648532	DCA	0	83.7533023648532
314.285714285714	133.333333333333	80.6635665894605	0	80.6635665894605	DCA	0	80.6635665894605
328.571428571429	133.333333333333	79.2101879473169	0	79.2101879473169	DCA	140	92.4146361257393
342.857142857143	133.333333333333	81.4964909334091	0	81.4964909334091	DCA	140	94.7009391118316
357.142857142857	133.333333333333	84.2930088457878	0	84.2930088457878	DCA	140	97.4974570242102
371.428571428571	133.333333333333	83.8117280569201	0	83.8117280569201	DCA	280	97.860197300958
385.714285714286	133.333333333333	85.911775227207	0	85.911775227207	DCA	280	99.9602444712449
400	133.333333333333	84.9177825590951	0	84.9177825590951	DCA	280	98.9662518031329
414.285714285714	133.333333333333	79.082187521415	0	79.082187521415	DCA	70	87.2294649997271
428.571428571429	133.333333333333	78.3123987051636	0	78.3123987051636	DCA	140	91.516846883586
442.857142857143	133.333333333333	78.672084117555	0	78.672084117555	DCA	70	86.8193615958671
457.142857142857	133.333333333333	80.3411395897777	0	80.3411395897777	DCA	210	95.5126516901087
471.428571428571	133.333333333333	81.911809370885	0	81.911809370885	DCA	70	90.0590868491971
485.714285714286	133.333333333333	81.3464004725115	0	81.3464004725115	DCA	280	95.3948697165493
500	133.333333333333	84.3672300232546	0	84.3672300232546	DCA	0	84.3672300232546
514.285714285714	133.333333333333	82.8157595577695	24.6	107.415759557769	DCA	280	144.883428801807
528.571428571429	133.333333333333	84.384540418614	24.6	108.984540418614	DCA	210	141.720452518945
542.857142857143	133.333333333333	84.2906888472329	24.6	108.890688847233	DCA	70	122.892766325545
557.142857142857	133.333333333333	76.9320184478848	24.6	101.532018447885	DCA	210	134.267930548216
571.428571428571	133.333333333333	77.2733546924446	24.6	101.873354692445	DCA	70	115.875432170757
585.714285714286	133.333333333333	82.0962603483998	24.6	106.6962603484	DCA	210	139.432172448731
600	133.333333333333	81.0284211731003	24.6	105.6284211731	DCA	210	138.364333273431
614.285714285714	133.333333333333	81.653240291758	24.6	106.253240291758	DCA	140	131.16728847018
628.571428571429	133.333333333333	80.7674469658026	24.6	105.367446965803	DCA	280	142.83511620984
642.857142857143	133.333333333333	77.0755213210852	24.6	101.675521321085	DCA	280	139.143190565123
657.142857142857	133.333333333333	77.6925282946167	24.6	102.292528294617	DCA	210	135.028440394948
671.428571428571	133.333333333333	78.3900172926293	24.6	102.990017292629	DCA	0	102.990017292629
685.714285714286	133.333333333333	80.4067100080074	24.6	105.006710008007	DCA	140	129.92075818643
700	133.333333333333	81.5056368801615	24.6	106.105636880161	DCA	280	143.573306124199
714.285714285714	133.333333333333	79.5074665409538	24.6	104.107466540954	DCA	0	104.107466540954
728.571428571429	133.333333333333	79.2322500511109	24.6	103.832250051111	DCA	140	128.746298229533
742.857142857143	133.333333333333	78.5915072284164	24.6	103.191507228416	DCA	210	135.927419328747
757.142857142857	133.333333333333	82.6638200336141	24.6	107.263820033614	DCA	140	132.177868212037
771.428571428571	133.333333333333	84.7428578030536	24.6	109.342857803054	DCA	210	142.078769903385
785.714285714286	133.333333333333	78.9955616123489	24.6	103.595561612349	DCA	0	103.595561612349
800	133.333333333333	76.5687217999832	24.6	101.168721799983	DCA	280	138.636391044021
814.285714285714	133.333333333333	78.7170545735191	24.6	103.317054573519	DCA	0	103.317054573519
828.571428571429	133.333333333333	77.4591009841613	24.6	102.059100984161	DCA	280	139.526770228199
842.857142857143	133.333333333333	82.7357996637707	24.6	107.335799663771	DCA	280	144.803468907809
857.142857142857	133.333333333333	81.9571719358864	24.6	106.557171935886	DCA	140	131.471220114309
871.428571428571	133.333333333333	82.2576187595058	24.6	106.857618759506	DCA	210	139.593530859837
885.714285714286	133.333333333333	83.2844943376328	24.6	107.884494337633	DCA	280	145.352163581671
900	133.333333333333	83.4381204810694	24.6	108.038120481069	DCA	210	140.7740325814
914.285714285714	133.333333333333	83.0033760327315	24.6	107.603376032731	DCA	140	132.517424211154
928.571428571429	133.333333333333	82.34674783988	24.6	106.94674783988	DCA	280	144.414417083918
942.857142857143	133.333333333333	79.1833047703573	24.6	103.783304770357	DCA	70	117.785382248669
957.142857142857	133.333333333333	81.8704267810322	24.6	106.470426781032	DCA	140	131.384474959455
971.428571428571	133.333333333333	83.041377923993	24.6	107.641377923993	DCA	210	140.377290024324
985.714285714286	133.333333333333	79.0174905040458	24.6	103.617490504046	DCA	70	117.619567982358
1000	133.333333333333	78.2463736778826	24.6	102.846373677883	DCA	210	135.582285778214
0	166.666666666667	83.2475970770193	0	83.2475970770193	DCA	70	91.3948745553314
14.2857142857143	166.666666666667	83.8867326204806	0	83.8867326204806	DCA	0	83.8867326204806
28.5714285714286	166.666666666667	83.9978354403131	0	83.9978354403131	DCA	70	92.1451129186252
42.8571428571429	166.666666666667	80.3794949979483	0	80.3794949979483	DCA	280	94.4279642419862
57.1428571428571	166.666666666667	84.4451343677749	0	84.4451343677749	DCA	0	84.4451343677749
71.4285714285714	166.666666666667	82.0665442967461	0	82.0665442967461	DCA	0	82.0665442967461
85.7142857142857	166.666666666667	81.998161571912	0	81.998161571912	DCA	210	97.169673672243
100	166.666666666667	79.7836341783503	0	79.7836341783503	DCA	0	79.7836341783503
114.285714285714	166.666666666667	79.4369732071187	0	79.4369732071187	DCA	140	92.6414213855411
128.571428571429	166.666666666667	78.4595160202225	0	78.4595160202225	DCA	140	91.6639641986449
142.857142857143	166.666666666667	81.2553059003017	0	81.2553059003017	DCA	280	95.3037751443395
157.142857142857	166.666666666667	75.9692550351797	0	75.9692550351797	DCA	280	90.0177242792175
171.428571428571	166.666666666667	77.4117686800489	0	77.4117686800489	DCA	0	77.4117686800489
185.714285714286	166.666666666667	81.8188752603463	0	81.8188752603463	DCA	140	95.0233234387687
200	166.666666666667	79.7960671030841	0	79.7960671030841	DCA	70	87.9433445813962
214.285714285714	166.666666666667	85.3790419533586	0	85.3790419533586	DCA	210	100.55055405369
228.571428571429	166.666666666667	86.459330719727	0	86.459330719727	DCA	70	94.6066081980391
242.857142857143	166.666666666667	83.2452860251979	0	83.2452860251979	DCA	70	91.39256350351
257.142857142857	166.666666666667	81.3024409000194	0	81.3024409000194	DCA	0	81.3024409000194
271.428571428571	166.666666666667	82.6130739241765	0	82.6130739241765	DCA	70	90.7603514024886
285.714285714286	166.666666666667	85.3287356558363	0	85.3287356558363	DCA	280	99.3772048998742
300	166.666666666667	85.0560286212387	0	85.0560286212387	DCA	210	100.22754072157
314.285714285714	166.666666666667	81.7508053938875	0	81.7508053938875	DCA	0	81.7508053938875
328.571428571429	166.666666666667	84.8126534517199	0	84.8126534517199	DCA	70	92.959930930032
342.857142857143	166.666666666667	84.3155828877771	0	84.3155828877771	DCA	210	99.4870949881081
357.142857142857	166.666666666667	83.3335896503701	0	83.3335896503701	DCA	70	91.4808671286822
371.428571428571	166.666666666667	84.0334223871354	0	84.0334223871354	DCA	140	97.2378705655579
385.714285714286	166.666666666667	81.0632623786485	0	81.0632623786485	DCA	210	96.2347744789795
400	166.666666666667	82.486176821143	0	82.486176821143	DCA	210	97.657688921474
414.285714285714	166.666666666667	81.72478149786	0	81.72478149786	DCA	140	94.9292296762824
428.571428571429	166.666666666667	81.3048294689387	0	81.3048294689387	DCA	0	81.3048294689387
442.857142857143	166.666666666667	80.8472884492226	0	80.8472884492226	DCA	210	96.0188005495536
457.142857142857	166.666666666667	77.7888800599249	0	77.7888800599249	DCA	280	91.8373493039628
471.428571428571	166.666666666667	84.530959934345	0	84.530959934345	DCA	70	92.6782374126571
485.714285714286	166.666666666667	83.7164291102758	0	83.7164291102758	DCA	280	97.7648983543137
500	166.666666666667	83.8448260382718	0	83.8448260382718	DCA	210	99.0163381386028
514.285714285714	166.666666666667	90.3942301558779	24.6	114.994230155878	DCA	210	147.730142256209
528.571428571429	166.666666666667	85.7007125861523	24.6	110.300712586152	DCA	210	143.036624686483
542.857142857143	166.666666666667	84.0116188503976	24.6	108.611618850398	DCA	140	133.52566702882
557.142857142857	166.666666666667	81.909057725366	24.6	106.509057725366	DCA	0	106.509057725366
571.428571428571	166.666666666667	82.8434833973947	24.6	107.443483397395	DCA	70	121.445560875707
585.714285714286	166.666666666667	83.0650667039441	24.6	107.665066703944	DCA	0	107.665066703944
600	166.666666666667	82.0083675240186	24.6	106.608367524019	DCA	280	144.076036768056
614.285714285714	166.666666666667	83.2400187985732	24.6	107.840018798573	DCA	140	132.754066976996
628.571428571429	166.666666666667	81.7873203703389	24.6	106.387320370339	DCA	210	139.12323247067
642.857142857143	166.666666666667	80.7873840545509	24.6	105.387384054551	DCA	70	119.389461532863
657.142857142857	166.666666666667	80.2410871754609	24.6	104.841087175461	DCA	70	118.843164653773
671.428571428571	166.666666666667	79.174510117361	24.6	103.774510117361	DCA	140	128.688558295783
685.714285714286	166.666666666667	78.458317998466	24.6	103.058317998466	DCA	0	103.058317998466
700	166.666666666667	75.3451364134278	24.6	99.9451364134278	DCA	280	137.412805657466
714.285714285714	166.666666666667	79.5463444353714	24.6	104.146344435371	DCA	140	129.060392613794
728.571428571429	166.666666666667	80.7475790194346	24.6	105.347579019435	DCA	140	130.261627197857
742.857142857143	166.666666666667	80.3313413774707	24.6	104.931341377471	DCA	280	142.399010621509
757.142857142857	166.666666666667	82.5954245074782	24.6	107.195424507478	DCA	280	144.663093751516
771.428571428571	166.666666666667	81.9832296228284	24.6	106.583229622828	DCA	280	144.050898866866
785.714285714286	166.666666666667	80.2682008695117	24.6	104.868200869512	DCA	140	129.782249047934
800	166.666666666667	80.1572909513821	24.6	104.757290951382	DCA	140	129.671339129805
814.285714285714	166.666666666667	79.6483482282113	24.6	104.248348228211	DCA	70	118.250425706523
828.571428571429	166.666666666667	81.1650623208731	24.6	105.765062320873	DCA	280	143.232731564911
842.857142857143	166.666666666667	82.3272835010405	24.6	106.92728350104	DCA	0	106.92728350104
857.142857142857	166.666666666667	82.3495144614715	24.6	106.949514461471	DCA	0	106.949514461471
871.428571428571	166.666666666667	82.49400857962	24.6	107.09400857962	DCA	70	121.096086057932
885.714285714286	166.666666666667	81.9766272168125	24.6	106.576627216812	DCA	70	120.578704695125
900	166.666666666667	80.3110249631306	24.6	104.911024963131	DCA	70	118.913102441443
914.285714285714	166.666666666667	83.1528792429172	24.6	107.752879242917	DCA	140	132.66692742134
928.571428571429	166.666666666667	80.6749349271235	24.6	105.274934927123	DCA	210	138.010847027454
942.857142857143	166.666666666667	77.4766072065451	24.6	102.076607206545	DCA	280	139.544276450583
957.142857142857	166.666666666667	77.4690997259943	24.6	102.069099725994	DCA	280	139.536768970032
971.428571428571	166.666666666667	79.8282018271394	24.6	104.428201827139	DCA	70	118.430279305452
985.714285714286	166.666666666667	80.412075240787	24.6	105.012075240787	DCA	210	137.747987341118
1000	166.666666666667	78.8165004882498	24.6	103.41650048825	DCA	210	136.152412588581
0	200	81.8348533963803	0	81.8348533963803	DCA	0	81.8348533963803
14.2857142857143	200	81.0324995900567	0	81.0324995900567	DCA	210	96.2040116903877
28.5714285714286	200	80.3313810229638	0	80.3313810229638	DCA	0	80.3313810229638
42.8571428571429	200	82.9449782028615	0	82.9449782028615	DCA	70	91.0922556811736
57.1428571428571	200	80.7974189086756	0	80.7974189086756	DCA	280	94.8458881527134
71.4285714285714	200	81.1710168195305	0	81.1710168195305	DCA	140	94.3754649979529
85.7142857142857	200	81.8814063156684	0	81.8814063156684	DCA	140	95.0858544940908
100	200	79.6786219341266	0	79.6786219341266	DCA	140	92.883070112549
114.285714285714	200	79.1601716204597	0	79.1601716204597	DCA	70	87.3074490987718
128.571428571429	200	78.5001360127839	0	78.5001360127839	DCA	210	93.6716481131149
142.857142857143	200	77.3468991983339	0	77.3468991983339	DCA	0	77.3468991983339
157.142857142857	200	77.8395774873452	0	77.8395774873452	DCA	70	85.9868549656573
171.428571428571	200	81.0908318589434	0	81.0908318589434	DCA	70	89.2381093372555
185.714285714286	200	82.7330341992318	0	82.7330341992318	DCA	0	82.7330341992318
200	200	82.8600726166675	0	82.8600726166675	DCA	210	98.0315847169985
214.285714285714	200	81.8449804726436	0	81.8449804726436	DCA	210	97.0164925729746
228.571428571429	200	81.55718016002	0	81.55718016002	DCA	140	94.7616283384425
242.857142857143	200	82.5785317321544	0	82.5785317321544	DCA	210	97.7500438324854
257.142857142857	200	77.9543542360331	0	77.9543542360331	DCA	70	86.1016317143452
271.428571428571	200	81.5297343153649	0	81.5297343153649	DCA	140	94.7341824937873
285.714285714286	200	82.8264667066965	0	82.8264667066965	DCA	210	97.9979788070275
300	200	80.5694993395781	0	80.5694993395781	DCA	70	88.7167768178902
314.285714285714	200	77.56102447519	0	77.56102447519	DCA	280	91.6094937192279
328.571428571429	200	80.8520089340555	0	80.8520089340555	DCA	140	94.0564571124779
342.857142857143	200	78.6808171291793	0	78.6808171291793	DCA	0	78.6808171291793
357.142857142857	200	78.4942195888166	0	78.4942195888166	DCA	210	93.6657316891476
371.428571428571	200	79.2861422842423	0	79.2861422842423	DCA	0	79.2861422842423
385.714285714286	200	77.7727854040916	0	77.7727854040916	DCA	0	77.7727854040916
400	200	79.0483238516472	0	79.0483238516472	DCA	140	92.2527720300696
414.285714285714	200	78.4086483706033	0	78.4086483706033	DCA	70	86.5559258489154
428.571428571429	200	79.2042206332949	0	79.2042206332949	DCA	210	94.375732733626
442.857142857143	200	79.0572067223865	0	79.0572067223865	DCA	280	93.1056759664243
457.142857142857	200	78.560506230484	0	78.560506230484	DCA	280	92.6089754745218
471.428571428571	200	84.0450818359662	0	84.0450818359662	DCA	0	84.0450818359662
485.714285714286	200	83.7237605026124	0	83.7237605026124	DCA	0	83.7237605026124
500	200	83.7378461163081	0	83.7378461163081	DCA	280	97.786315360346
514.285714285714	200	84.1455141390209	24.6	108.745514139021	DCA	280	146.213183383059
528.571428571429	200	87.3319891391255	24.6	111.931989139125	DCA	70	125.934066617438
542.857142857143	200	85.2465358959544	24.6	109.846535895954	DCA	70	123.848613374267
557.142857142857	200	80.1030636049844	24.6	104.703063604984	DCA	0	104.703063604984
571.428571428571	200	81.1432636697005	24.6	105.7432636697	DCA	0	105.7432636697
585.714285714286	200	81.768381129133	24.6	106.368381129133	DCA	210	139.104293229464
600	200	82.289532972125	24.6	106.889532972125	DCA	70	120.891610450437
614.285714285714	200	83.6339139009159	24.6	108.233913900916	DCA	280	145.701583144954
628.571428571429	200	80.7431201865098	24.6	105.34312018651	DCA	210	138.079032286841
642.857142857143	200	82.4717602849361	24.6	107.071760284936	DCA	70	121.073837763248
657.142857142857	200	81.4988323457448	24.6	106.098832345745	DCA	70	120.100909824057
671.428571428571	200	79.5106185697073	24.6	104.110618569707	DCA	70	118.112696048019
685.714285714286	200	77.7181014352145	24.6	102.318101435215	DCA	210	135.054013535546
700	200	81.86879819201	24.6	106.46879819201	DCA	0	106.46879819201
714.285714285714	200	80.070798167174	24.6	104.670798167174	DCA	140	129.584846345596
728.571428571429	200	78.9976231492834	24.6	103.597623149283	DCA	140	128.511671327706
742.857142857143	200	80.0905207309237	24.6	104.690520730924	DCA	280	142.158189974962
757.142857142857	200	80.738572428682	24.6	105.338572428682	DCA	210	138.074484529013
771.428571428571	200	79.7065121155577	24.6	104.306512115558	DCA	210	137.042424215889
785.714285714286	200	77.2442818444191	24.6	101.844281844419	DCA	210	134.58019394475
800	200	77.6216334666944	24.6	102.221633466694	DCA	280	139.689302710732
814.285714285714	200	78.3227070905811	24.6	102.922707090581	DCA	280	140.390376334619
828.571428571429	200	78.3184904300603	24.6	102.91849043006	DCA	0	102.91849043006
842.857142857143	200	77.8920427441657	24.6	102.492042744166	DCA	70	116.494120222478
857.142857142857	200	79.940149172623	24.6	104.540149172623	DCA	140	129.454197351045
871.428571428571	200	77.6191384108355	24.6	102.219138410836	DCA	210	134.955050511167
885.714285714286	200	77.3420948391943	24.6	101.942094839194	DCA	210	134.678006939525
900	200	78.8202057589388	24.6	103.420205758939	DCA	140	128.334253937361
914.285714285714	200	77.7700564042792	24.6	102.370056404279	DCA	280	139.837725648317
928.571428571429	200	80.9748502030678	24.6	105.574850203068	DCA	210	138.310762303399
942.857142857143	200	76.7846454063168	24.6	101.384645406317	DCA	70	115.386722884629
957.142857142857	200	76.4985398828997	24.6	101.0985398829	DCA	280	138.566209126938
971.428571428571	200	78.4303511338273	24.6	103.030351133827	DCA	0	103.030351133827
985.714285714286	200	74.9198387971917	24.6	99.5198387971917	DCA	210	132.255750897523
1000	200	73.0487037063517	24.6	97.6487037063517	DCA	210	130.384615806683
0	233.333333333333	80.5224147561629	0	80.5224147561629	DCA	210	95.6939268564939
14.2857142857143	233.333333333333	78.9649932688594	0	78.9649932688594	DCA	0	78.9649932688594
28.5714285714286	233.333333333333	80.1635800548666	0	80.1635800548666	DCA	140	93.3680282332891
42.8571428571429	233.333333333333	83.3923443079942	0	83.3923443079942	DCA	140	96.5967924864167
57.1428571428571	233.333333333333	86.1118860954941	0	86.1118860954941	DCA	140	99.3163342739165
71.4285714285714	233.333333333333	84.2246311637942	0	84.2246311637942	DCA	70	92.3719086421063
85.7142857142857	233.333333333333	82.8042877492292	0	82.8042877492292	DCA	140	96.0087359276516
100	233.333333333333	84.4065161655284	0	84.4065161655284	DCA	0	84.4065161655284
114.285714285714	233.333333333333	82.2936908368435	0	82.2936908368435	DCA	280	96.3421600808813
128.571428571429	233.333333333333	80.9394569206339	0	80.9394569206339	DCA	210	96.1109690209649
142.857142857143	233.333333333333	78.4487526272623	0	78.4487526272623	DCA	140	91.6532008056848
157.142857142857	233.333333333333	80.1781734899568	0	80.1781734899568	DCA	280	94.2266427339947
171.428571428571	233.333333333333	79.3080382470333	0	79.3080382470333	DCA	210	94.4795503473643
185.714285714286	233.333333333333	79.0779061009984	0	79.0779061009984	DCA	140	92.2823542794208
200	233.333333333333	81.1674413567186	0	81.1674413567186	DCA	0	81.1674413567186
214.285714285714	233.333333333333	80.4792225632408	0	80.4792225632408	DCA	280	94.5276918072786
228.571428571429	233.333333333333	77.301514804888	0	77.301514804888	DCA	280	91.3499840489259
242.857142857143	233.333333333333	78.3828647821875	0	78.3828647821875	DCA	0	78.3828647821875
257.142857142857	233.333333333333	73.5251156588755	0	73.5251156588755	DCA	280	87.5735849029134
271.428571428571	233.333333333333	75.9915161275358	0	75.9915161275358	DCA	210	91.1630282278668
285.714285714286	233.333333333333	80.3984066050649	0	80.3984066050649	DCA	140	93.6028547834874
300	233.333333333333	80.3837722053756	0	80.3837722053756	DCA	70	88.5310496836877
314.285714285714	233.333333333333	79.447116538774	0	79.447116538774	DCA	0	79.447116538774
328.571428571429	233.333333333333	77.891329622847	0	77.891329622847	DCA	0	77.891329622847
342.857142857143	233.333333333333	76.3271102619806	0	76.3271102619806	DCA	140	89.531558440403
357.142857142857	233.333333333333	74.430503003689	0	74.430503003689	DCA	0	74.430503003689
371.428571428571	233.333333333333	80.6388194341729	0	80.6388194341729	DCA	0	80.6388194341729
385.714285714286	233.333333333333	82.5618424960873	0	82.5618424960873	DCA	210	97.7333545964183
400	233.333333333333	80.495771129036	0	80.495771129036	DCA	210	95.667283229367
414.285714285714	233.333333333333	79.5561013273106	0	79.5561013273106	DCA	140	92.7605495057331
428.571428571429	233.333333333333	80.5475646472404	0	80.5475646472404	DCA	140	93.7520128256629
442.857142857143	233.333333333333	76.9206286655229	0	76.9206286655229	DCA	70	85.067906143835
457.142857142857	233.333333333333	78.7913607964004	0	78.7913607964004	DCA	70	86.9386382747125
471.428571428571	233.333333333333	80.8839328277348	0	80.8839328277348	DCA	140	94.0883810061572
485.714285714286	233.333333333333	80.8248669161379	0	80.8248669161379	DCA	0	80.8248669161379
500	233.333333333333	79.46607571609	0	79.46607571609	DCA	210	94.6375878164211
514.285714285714	233.333333333333	80.4539680230565	24.6	105.053968023056	DCA	210	137.789880123387
528.571428571429	233.333333333333	78.3363909203598	24.6	102.93639092036	DCA	140	127.850439098782
542.857142857143	233.333333333333	81.4771922936804	24.6	106.07719229368	DCA	140	130.991240472103
557.142857142857	233.333333333333	82.2510582361326	24.6	106.851058236133	DCA	70	120.853135714445
571.428571428571	233.333333333333	80.923221422675	24.6	105.523221422675	DCA	140	130.437269601097
585.714285714286	233.333333333333	83.1362391572809	24.6	107.736239157281	DCA	280	145.203908401319
600	233.333333333333	78.955296291393	24.6	103.555296291393	DCA	210	136.291208391724
614.285714285714	233.333333333333	81.6388658968975	24.6	106.238865896898	DCA	210	138.974777997229
628.571428571429	233.333333333333	80.3243543513135	24.6	104.924354351313	DCA	0	104.924354351313
642.857142857143	233.333333333333	80.1180221278535	24.6	104.718022127853	DCA	280	142.185691371891
657.142857142857	233.333333333333	78.472231606924	24.6	103.072231606924	DCA	70	117.074309085236
671.428571428571	233.333333333333	80.4941564835123	24.6	105.094156483512	DCA	0	105.094156483512
685.714285714286	233.333333333333	78.8834893392199	24.6	103.48348933922	DCA	70	117.485566817532
700	233.333333333333	81.1151299181527	24.6	105.715129918153	DCA	0	105.715129918153
714.285714285714	233.333333333333	79.6379465861763	24.6	104.237946586176	DCA	0	104.237946586176
728.571428571429	233.333333333333	79.0094149944941	24.6	103.609414994494	DCA	280	141.077084238532
742.857142857143	233.333333333333	76.9483718416334	24.6	101.548371841633	DCA	0	101.548371841633
757.142857142857	233.333333333333	77.6264946403635	24.6	102.226494640363	DCA	140	127.140542818786
771.428571428571	233.333333333333	77.7837986161767	24.6	102.383798616177	DCA	70	116.385876094489
785.714285714286	233.333333333333	76.6668117732145	24.6	101.266811773214	DCA	140	126.180859951637
800	233.333333333333	76.5688958774194	24.6	101.168895877419	DCA	210	133.90480797775
814.285714285714	233.333333333333	80.0857360157386	24.6	104.685736015739	DCA	140	129.599784194161
828.571428571429	233.333333333333	78.6125006661118	24.6	103.212500666112	DCA	140	128.126548844534
842.857142857143	233.333333333333	77.9099576535059	24.6	102.509957653506	DCA	70	116.512035131818
857.142857142857	233.333333333333	79.0195954617269	24.6	103.619595461727	DCA	70	117.621672940039
871.428571428571	233.333333333333	79.3069595629768	24.6	103.906959562977	DCA	280	141.374628807015
885.714285714286	233.333333333333	78.2640608679682	24.6	102.864060867968	DCA	280	140.331730112006
900	233.333333333333	79.8651735911229	24.6	104.465173591123	DCA	210	137.201085691454
914.285714285714	233.333333333333	74.9398520732894	24.6	99.5398520732894	DCA	70	113.541929551601
928.571428571429	233.333333333333	79.6872019614042	24.6	104.287201961404	DCA	70	118.289279439716
942.857142857143	233.333333333333	78.4467988169377	24.6	103.046798816938	DCA	140	127.96084699536
957.142857142857	233.333333333333	78.2778564345833	24.6	102.877856434583	DCA	70	116.879933912895
971.428571428571	233.333333333333	79.4235012509334	24.6	104.023501250933	DCA	140	128.937549429356
985.714285714286	233.333333333333	76.2637726739466	24.6	100.863772673947	DCA	0	100.863772673947
1000	233.333333333333	78.4450543180178	24.6	103.045054318018	DCA	210	135.780966418349
0	266.666666666667	84.2673769094918	0	84.2673769094918	DCA	280	98.3158461535296
14.2857142857143	266.666666666667	80.0615765349695	0	80.0615765349695	DCA	210	95.2330886353005
28.5714285714286	266.666666666667	84.0916024244081	0	84.0916024244081	DCA	70	92.2388799027202
42.8571428571429	266.666666666667	86.4090323296472	0	86.4090323296472	DCA	140	99.6134805080696
57.1428571428571	266.666666666667	81.5954050909828	0	81.5954050909828	DCA	70	89.7426825692949
71.4285714285714	266.666666666667	81.580231234521	0	81.580231234521	DCA	70	89.7275087128331
85.7142857142857	266.666666666667	84.2586215441194	0	84.2586215441194	DCA	0	84.2586215441194
100	266.666666666667	83.2059412570204	0	83.2059412570204	DCA	210	98.3774533573514
114.285714285714	266.666666666667	85.8174864165215	0	85.8174864165215	DCA	280	99.8659556605593
128.571428571429	266.666666666667	81.6107989604655	0	81.6107989604655	DCA	70	89.7580764387776
142.857142857143	266.666666666667	77.7066575306034	0	77.7066575306034	DCA	0	77.7066575306034
157.142857142857	266.666666666667	75.8596377899269	0	75.8596377899269	DCA	210	91.0311498902579
171.428571428571	266.666666666667	82.4555929219161	0	82.4555929219161	DCA	70	90.6028704002282
185.714285714286	266.666666666667	80.4653228808586	0	80.4653228808586	DCA	140	93.669771059281
200	266.666666666667	76.8835537190657	0	76.8835537190657	DCA	70	85.0308311973778
214.285714285714	266.666666666667	77.1260460916404	0	77.1260460916404	DCA	280	91.1745153356783
228.571428571429	266.666666666667	76.6502668430974	0	76.6502668430974	DCA	140	89.8547150215199
242.857142857143	266.666666666667	73.6914262173111	0	73.6914262173111	DCA	140	86.8958743957335
257.142857142857	266.666666666667	69.6244811057743	0	69.6244811057743	DCA	70	77.7717585840864
271.428571428571	266.666666666667	74.3482509536202	0	74.3482509536202	DCA	140	87.5526991320426
285.714285714286	266.666666666667	76.5519150947929	0	76.5519150947929	DCA	140	89.7563632732153
300	266.666666666667	76.0736158452492	0	76.0736158452492	DCA	70	84.2208933235613
314.285714285714	266.666666666667	78.8736713150183	0	78.8736713150183	DCA	70	87.0209487933304
328.571428571429	266.666666666667	77.8167706417802	0	77.8167706417802	DCA	210	92.9882827421112
342.857142857143	266.666666666667	80.27190183585	0	80.27190183585	DCA	280	94.3203710798879
357.142857142857	266.666666666667	83.6717992949329	0	83.6717992949329	DCA	140	96.8762474733554
371.428571428571	266.666666666667	79.6744640873929	0	79.6744640873929	DCA	140	92.8789122658153
385.714285714286	266.666666666667	80.2636882833256	0	80.2636882833256	DCA	210	95.4352003836566
400	266.666666666667	79.7362835412292	0	79.7362835412292	DCA	70	87.8835610195413
414.285714285714	266.666666666667	79.7678135432843	0	79.7678135432843	DCA	140	92.9722617217068
428.571428571429	266.666666666667	76.9798832096289	0	76.9798832096289	DCA	0	76.9798832096289
442.857142857143	266.666666666667	83.1361616201019	0	83.1361616201019	DCA	280	97.1846308641397
457.142857142857	266.666666666667	81.2982474084797	0	81.2982474084797	DCA	280	95.3467166525175
471.428571428571	266.666666666667	82.7940062151293	0	82.7940062151293	DCA	0	82.7940062151293
485.714285714286	266.666666666667	81.7440381670799	0	81.7440381670799	DCA	0	81.7440381670799
500	266.666666666667	81.7333995166539	0	81.7333995166539	DCA	140	94.9378476950763
514.285714285714	266.666666666667	76.6092482672988	24.6	101.209248267299	DCA	210	133.94516036763
528.571428571429	266.666666666667	80.6702354943866	24.6	105.270235494387	DCA	210	138.006147594718
542.857142857143	266.666666666667	80.4260221512895	24.6	105.026022151289	DCA	210	137.761934251621
557.142857142857	266.666666666667	78.6241893269918	24.6	103.224189326992	DCA	0	103.224189326992
571.428571428571	266.666666666667	82.0776285590956	24.6	106.677628559096	DCA	70	120.679706037408
585.714285714286	266.666666666667	82.7863291754671	24.6	107.386329175467	DCA	140	132.30037735389
600	266.666666666667	80.5170685035581	24.6	105.117068503558	DCA	280	142.584737747596
614.285714285714	266.666666666667	83.0444447092323	24.6	107.644444709232	DCA	210	140.380356809563
628.571428571429	266.666666666667	85.0249912197422	24.6	109.624991219742	DCA	140	134.539039398165
642.857142857143	266.666666666667	80.6408234332468	24.6	105.240823433247	DCA	70	119.242900911559
657.142857142857	266.666666666667	81.1794968888387	24.6	105.779496888839	DCA	140	130.693545067261
671.428571428571	266.666666666667	79.3834897862075	24.6	103.983489786208	DCA	70	117.98556726452
685.714285714286	266.666666666667	79.4896652177378	24.6	104.089665217738	DCA	140	129.00371339616
700	266.666666666667	77.3261770888958	24.6	101.926177088896	DCA	140	126.840225267318
714.285714285714	266.666666666667	77.8859064586137	24.6	102.485906458614	DCA	70	116.487983936926
728.571428571429	266.666666666667	79.5078477394249	24.6	104.107847739425	DCA	280	141.575516983463
742.857142857143	266.666666666667	78.4705650634041	24.6	103.070565063404	DCA	210	135.806477163735
757.142857142857	266.666666666667	77.6322403858156	24.6	102.232240385816	DCA	0	102.232240385816
771.428571428571	266.666666666667	76.3268898818489	24.6	100.926889881849	DCA	210	133.66280198218
785.714285714286	266.666666666667	75.121335236267	24.6	99.721335236267	DCA	70	113.723412714579
800	266.666666666667	80.4002457975327	24.6	105.000245797533	DCA	280	142.467915041571
814.285714285714	266.666666666667	79.8531589960888	24.6	104.453158996089	DCA	210	137.18907109642
828.571428571429	266.666666666667	77.9731914774018	24.6	102.573191477402	DCA	280	140.04086072144
842.857142857143	266.666666666667	77.8985957966226	24.6	102.498595796623	DCA	140	127.412643975045
857.142857142857	266.666666666667	78.7787874675234	24.6	103.378787467523	DCA	70	117.380864945836
871.428571428571	266.666666666667	76.4419095404663	24.6	101.041909540466	DCA	210	133.777821640797
885.714285714286	266.666666666667	77.197104458147	24.6	101.797104458147	DCA	210	134.533016558478
900	266.666666666667	76.0388479976997	24.6	100.6388479977	DCA	210	133.374760098031
914.285714285714	266.666666666667	73.2726692790478	24.6	97.8726692790478	DCA	140	122.78671745747
928.571428571429	266.666666666667	74.5603331016017	24.6	99.1603331016017	DCA	0	99.1603331016017
942.857142857143	266.666666666667	75.7897448765218	24.6	100.389744876522	DCA	70	114.391822354834
957.142857142857	266.666666666667	75.8998339840749	24.6	100.499833984075	DCA	140	125.413882162497
971.428571428571	266.666666666667	79.5554008766169	24.6	104.155400876617	DCA	280	141.623070120655
985.714285714286	266.666666666667	81.0666119761929	24.6	105.666611976193	DCA	210	138.402524076524
1000	266.666666666667	78.0875770325715	24.6	102.687577032572	DCA	280	140.155246276609
0	300	82.6105685869026	0	82.6105685869026	DCA	280	96.6590378309404
14.2857142857143	300	84.8610960765095	0	84.8610960765095	DCA	280	98.9095653205473
28.5714285714286	300	83.6073638504661	0	83.6073638504661	DCA	280	97.655833094504
42.8571428571429	300	84.229752238302	0	84.229752238302	DCA	140	97.4342004167244
57.1428571428571	300	79.8633444559581	0	79.8633444559581	DCA	280	93.911813699996
71.4285714285714	300	79.474287309805	0	79.474287309805	DCA	70	87.6215647881171
85.7142857142857	300	79.1488045215782	0	79.1488045215782	DCA	140	92.3532527000007
100	300	81.3680663514136	0	81.3680663514136	DCA	0	81.3680663514136
114.285714285714	300	86.9154492703928	0	86.9154492703928	DCA	140	100.119897448815
128.571428571429	300	81.5359439005675	0	81.5359439005675	DCA	280	95.5844131446054
142.857142857143	300	82.4983655138374	0	82.4983655138374	DCA	280	96.5468347578752
157.142857142857	300	80.1105168190436	0	80.1105168190436	DCA	280	94.1589860630814
171.428571428571	300	76.2737299203026	0	76.2737299203026	DCA	140	89.478178098725
185.714285714286	300	80.1795143536233	0	80.1795143536233	DCA	210	95.3510264539543
200	300	73.2505891112292	0	73.2505891112292	DCA	210	88.4221012115602
214.285714285714	300	74.9684800850214	0	74.9684800850214	DCA	140	88.1729282634438
228.571428571429	300	76.4961560386169	0	76.4961560386169	DCA	210	91.667668138948
242.857142857143	300	77.1010733357776	0	77.1010733357776	DCA	70	85.2483508140897
257.142857142857	300	76.1305793289781	0	76.1305793289781	DCA	280	90.1790485730159
271.428571428571	300	77.273003724004	0	77.273003724004	DCA	70	85.4202812023161
285.714285714286	300	78.0300876447923	0	78.0300876447923	DCA	70	86.1773651231044
300	300	73.4637962244209	0	73.4637962244209	DCA	70	81.6110737027331
314.285714285714	300	75.7752177933304	0	75.7752177933304	DCA	280	89.8236870373682
328.571428571429	300	78.4669696307364	0	78.4669696307364	DCA	280	92.5154388747742
342.857142857143	300	79.3669835720803	0	79.3669835720803	DCA	210	94.5384956724113
357.142857142857	300	82.8438694205463	0	82.8438694205463	DCA	0	82.8438694205463
371.428571428571	300	80.3400934215289	0	80.3400934215289	DCA	280	94.3885626655667
385.714285714286	300	80.959722542218	0	80.959722542218	DCA	140	94.1641707206405
400	300	80.2255526181367	0	80.2255526181367	DCA	280	94.2740218621746
414.285714285714	300	81.8349385768131	0	81.8349385768131	DCA	0	81.8349385768131
428.571428571429	300	79.8012349865384	0	79.8012349865384	DCA	140	93.0056831649608
442.857142857143	300	79.5286443814674	0	79.5286443814674	DCA	210	94.7001564817984
457.142857142857	300	76.9855598855267	0	76.9855598855267	DCA	0	76.9855598855267
471.428571428571	300	83.4079613127128	0	83.4079613127128	DCA	70	91.5552387910249
485.714285714286	300	78.9331656330079	0	78.9331656330079	DCA	70	87.08044311132
500	300	79.3514099275298	0	79.3514099275298	DCA	280	93.3998791715676
514.285714285714	300	79.8615470202755	24.6	104.461547020275	DCA	140	129.375595198698
528.571428571429	300	78.5972688973074	24.6	103.197268897307	DCA	0	103.197268897307
542.857142857143	300	83.5455900560345	24.6	108.145590056034	DCA	140	133.059638234457
557.142857142857	300	80.8985777119476	24.6	105.498577711948	DCA	0	105.498577711948
571.428571428571	300	82.1706730852703	24.6	106.77067308527	DCA	70	120.772750563582
585.714285714286	300	81.1737926137689	24.6	105.773792613769	DCA	0	105.773792613769
600	300	83.0886962592093	24.6	107.688696259209	DCA	210	140.42460835954
614.285714285714	300	81.2816509866025	24.6	105.881650986603	DCA	140	130.795699165025
628.571428571429	300	80.6035492375136	24.6	105.203549237514	DCA	70	119.205626715826
642.857142857143	300	81.5929733090539	24.6	106.192973309054	DCA	280	143.660642553092
657.142857142857	300	80.7767208617228	24.6	105.376720861723	DCA	140	130.290769040145
671.428571428571	300	79.0998830628694	24.6	103.699883062869	DCA	70	117.701960541182
685.714285714286	300	81.1571123060243	24.6	105.757112306024	DCA	210	138.493024406355
700	300	77.5492377419842	24.6	102.149237741984	DCA	0	102.149237741984
714.285714285714	300	75.9245490006324	24.6	100.524549000632	DCA	0	100.524549000632
728.571428571429	300	75.4421379746683	24.6	100.042137974668	DCA	280	137.509807218706
742.857142857143	300	79.4261212642569	24.6	104.026121264257	DCA	0	104.026121264257
757.142857142857	300	80.2904897738348	24.6	104.890489773835	DCA	210	137.626401874166
771.428571428571	300	77.7076541266073	24.6	102.307654126607	DCA	0	102.307654126607
785.714285714286	300	77.4988548950392	24.6	102.098854895039	DCA	0	102.098854895039
800	300	78.1629916363377	24.6	102.762991636338	DCA	280	140.230660880376
814.285714285714	300	82.2514530178595	24.6	106.85145301786	DCA	0	106.85145301786
828.571428571429	300	80.9389264622758	24.6	105.538926462276	DCA	210	138.274838562607
842.857142857143	300	80.3082625373178	24.6	104.908262537318	DCA	210	137.644174637649
857.142857142857	300	75.5928397826144	24.6	100.192839782614	DCA	210	132.928751882945
871.428571428571	300	77.1207586574986	24.6	101.720758657499	DCA	140	126.634806835921
885.714285714286	300	76.4213366772051	24.6	101.021336677205	DCA	70	115.023414155517
900	300	75.9984535664407	24.6	100.598453566441	DCA	0	100.598453566441
914.285714285714	300	76.0351809142071	24.6	100.635180914207	DCA	70	114.637258392519
928.571428571429	300	75.1590151479323	24.6	99.7590151479323	DCA	210	132.494927248263
942.857142857143	300	74.6110401649013	24.6	99.2110401649013	DCA	140	124.125088343324
957.142857142857	300	77.1538687687158	24.6	101.753868768716	DCA	210	134.489780869047
971.428571428571	300	80.7318849448324	24.6	105.331884944832	DCA	70	119.333962423144
985.714285714286	300	80.6934840624286	24.6	105.293484062429	DCA	210	138.02939616276
1000	300	80.6284411720873	24.6	105.228441172087	DCA	0	105.228441172087
