x	y	variable1	Zona	ErrorConEfecto	Disenio	AsigTrat	MiRto
0	0	87.0544813572646	0	87.0544813572646	DCA	140	94.2536922811148
14.2857142857143	0	82.018265646965	0	82.018265646965	DCA	70	87.9515555216646
28.5714285714286	0	84.219720937498	0	84.219720937498	DCA	0	84.219720937498
42.8571428571429	0	84.9379410954786	0	84.9379410954786	DCA	70	90.8712309701783
57.1428571428571	0	84.0301413021121	0	84.0301413021121	DCA	280	79.7590878476161
71.4285714285714	0	83.2517514199244	0	83.2517514199244	DCA	70	89.185041294624
85.7142857142857	0	86.0586394932009	0	86.0586394932009	DCA	0	86.0586394932009
100	0	86.7920832612842	0	86.7920832612842	DCA	280	82.5210298067881
114.285714285714	0	86.8324231527681	0	86.8324231527681	DCA	140	94.0316340766183
128.571428571429	0	82.6347301935449	0	82.6347301935449	DCA	140	89.8339411173951
142.857142857143	0	82.2738233922207	0	82.2738233922207	DCA	0	82.2738233922207
157.142857142857	0	83.3146791131917	0	83.3146791131917	DCA	210	87.1124422606434
171.428571428571	0	83.9520505085816	0	83.9520505085816	DCA	280	79.6809970540855
185.714285714286	0	80.7896888926869	0	80.7896888926869	DCA	70	86.7229787673866
200	0	81.1808551870172	0	81.1808551870172	DCA	70	87.1141450617168
214.285714285714	0	82.1976978857936	0	82.1976978857936	DCA	280	77.9266444312976
228.571428571429	0	76.840844780743	0	76.840844780743	DCA	140	84.0400557045932
242.857142857143	0	78.07170339041	0	78.07170339041	DCA	70	84.0049932651096
257.142857142857	0	78.2061512409105	0	78.2061512409105	DCA	280	73.9350977864144
271.428571428571	0	75.0011367206234	0	75.0011367206234	DCA	140	82.2003476444736
285.714285714286	0	77.1343867671961	0	77.1343867671961	DCA	140	84.3335976910463
300	0	75.8024465396493	0	75.8024465396493	DCA	0	75.8024465396493
314.285714285714	0	79.138930432329	0	79.138930432329	DCA	210	82.9366935797807
328.571428571429	0	79.7170814866529	0	79.7170814866529	DCA	280	75.4460280321568
342.857142857143	0	80.5040930624481	0	80.5040930624481	DCA	140	87.7033039862983
357.142857142857	0	80.2483010884607	0	80.2483010884607	DCA	0	80.2483010884607
371.428571428571	0	78.3679963436503	0	78.3679963436503	DCA	70	84.3012862183499
385.714285714286	0	78.24025099338	0	78.24025099338	DCA	140	85.4394619172302
400	0	80.4869612180587	0	80.4869612180587	DCA	0	80.4869612180587
414.285714285714	0	81.0475392780122	0	81.0475392780122	DCA	140	88.2467502018624
428.571428571429	0	82.2920046730832	0	82.2920046730832	DCA	280	78.0209512185872
442.857142857143	0	79.6146780879667	0	79.6146780879667	DCA	0	79.6146780879667
457.142857142857	0	78.0414431445931	0	78.0414431445931	DCA	70	83.9747330192927
471.428571428571	0	75.6815010501483	0	75.6815010501483	DCA	210	79.4792641976
485.714285714286	0	74.9215779417949	0	74.9215779417949	DCA	140	82.1207888656451
500	0	79.8410003962046	0	79.8410003962046	DCA	280	75.5699469417085
514.285714285714	0	80.7932021186436	24.6	105.393202118644	DCA	140	124.302013042494
528.571428571429	0	80.3233152831544	24.6	104.923315283154	DCA	70	116.711405157854
542.857142857143	0	80.1257212267304	24.6	104.72572122673	DCA	280	123.873867772234
557.142857142857	0	77.9537041113849	24.6	102.553704111385	DCA	280	121.701850656889
571.428571428571	0	79.0253843655931	24.6	103.625384365593	DCA	140	122.534195289443
585.714285714286	0	78.3215866849126	24.6	102.921586684913	DCA	0	102.921586684913
600	0	74.7820427628376	24.6	99.3820427628376	DCA	70	111.170132637537
614.285714285714	0	76.4093441191565	24.6	101.009344119156	DCA	0	101.009344119156
628.571428571429	0	77.4257270391673	24.6	102.025727039167	DCA	0	102.025727039167
642.857142857143	0	79.2702442343784	24.6	103.870244234378	DCA	140	122.779055158229
657.142857142857	0	80.6526458721052	24.6	105.252645872105	DCA	210	126.614809019557
671.428571428571	0	79.9412741947865	24.6	104.541274194787	DCA	0	104.541274194787
685.714285714286	0	77.2558179663694	24.6	101.855817966369	DCA	0	101.855817966369
700	0	76.0039383499954	24.6	100.603938349995	DCA	0	100.603938349995
714.285714285714	0	80.6698830317271	24.6	105.269883031727	DCA	280	124.418029577231
728.571428571429	0	77.3010046824211	24.6	101.901004682421	DCA	280	121.049151227925
742.857142857143	0	78.1855445474133	24.6	102.785544547413	DCA	140	121.694355471264
757.142857142857	0	83.4895876829382	24.6	108.089587682938	DCA	70	119.877677557638
771.428571428571	0	83.9691279898805	24.6	108.569127989881	DCA	140	127.477938913731
785.714285714286	0	83.316214728178	24.6	107.916214728178	DCA	280	127.064361273682
800	0	82.591052752039	24.6	107.191052752039	DCA	210	128.553215899491
814.285714285714	0	79.6235908355212	24.6	104.223590835521	DCA	280	123.371737381025
828.571428571429	0	82.5074966762708	24.6	107.107496676271	DCA	0	107.107496676271
842.857142857143	0	79.6726863823919	24.6	104.272686382392	DCA	280	123.420832927896
857.142857142857	0	83.1228860366971	24.6	107.722886036697	DCA	70	119.510975911397
871.428571428571	0	81.9526979103965	24.6	106.552697910397	DCA	140	125.461508834247
885.714285714286	0	81.655334965011	24.6	106.255334965011	DCA	280	125.403481510515
900	0	78.1005447377412	24.6	102.700544737741	DCA	140	121.609355661591
914.285714285714	0	76.9503104386939	24.6	101.550310438694	DCA	210	122.912473586146
928.571428571429	0	80.5371358153092	24.6	105.137135815309	DCA	280	124.285282360813
942.857142857143	0	77.8629778558884	24.6	102.462977855888	DCA	140	121.371788779739
957.142857142857	0	78.8194645649457	24.6	103.419464564946	DCA	0	103.419464564946
971.428571428571	0	78.7627871567675	24.6	103.362787156768	DCA	280	122.510933702271
985.714285714286	0	81.1903963735294	24.6	105.790396373529	DCA	210	127.152559520981
1000	0	79.2730566872585	24.6	103.873056687259	DCA	280	123.021203232762
0	33.3333333333333	79.6314691835922	0	79.6314691835922	DCA	280	75.3604157290961
14.2857142857143	33.3333333333333	83.05489825504	0	83.05489825504	DCA	280	78.783844800544
28.5714285714286	33.3333333333333	81.3620334919903	0	81.3620334919903	DCA	280	77.0909800374942
42.8571428571429	33.3333333333333	84.1700254626539	0	84.1700254626539	DCA	210	87.9677886101055
57.1428571428571	33.3333333333333	82.4882268766521	0	82.4882268766521	DCA	280	78.2171734221561
71.4285714285714	33.3333333333333	83.388772782344	0	83.388772782344	DCA	210	87.1865359297956
85.7142857142857	33.3333333333333	86.4270411955837	0	86.4270411955837	DCA	0	86.4270411955837
100	33.3333333333333	88.1422310457777	0	88.1422310457777	DCA	70	94.0755209204774
114.285714285714	33.3333333333333	83.504902989754	0	83.504902989754	DCA	70	89.4381928644537
128.571428571429	33.3333333333333	82.1578353218735	0	82.1578353218735	DCA	70	88.0911251965732
142.857142857143	33.3333333333333	80.9242624763272	0	80.9242624763272	DCA	210	84.7220256237788
157.142857142857	33.3333333333333	79.9443991428807	0	79.9443991428807	DCA	280	75.6733456883847
171.428571428571	33.3333333333333	81.2405681316271	0	81.2405681316271	DCA	70	87.1738580063267
185.714285714286	33.3333333333333	85.3964419044319	0	85.3964419044319	DCA	70	91.3297317791316
200	33.3333333333333	83.3446012973615	0	83.3446012973615	DCA	280	79.0735478428655
214.285714285714	33.3333333333333	80.9903668459684	0	80.9903668459684	DCA	70	86.923656720668
228.571428571429	33.3333333333333	80.0964424174813	0	80.0964424174813	DCA	210	83.8942055649329
242.857142857143	33.3333333333333	79.2354471123886	0	79.2354471123886	DCA	70	85.1687369870883
257.142857142857	33.3333333333333	79.2017135844746	0	79.2017135844746	DCA	70	85.1350034591743
271.428571428571	33.3333333333333	79.4086939239918	0	79.4086939239918	DCA	280	75.1376404694958
285.714285714286	33.3333333333333	82.0035696612879	0	82.0035696612879	DCA	210	85.8013328087395
300	33.3333333333333	80.9653749579761	0	80.9653749579761	DCA	210	84.7631381054277
314.285714285714	33.3333333333333	78.7434516396555	0	78.7434516396555	DCA	0	78.7434516396555
328.571428571429	33.3333333333333	78.2442533497466	0	78.2442533497466	DCA	280	73.9731998952506
342.857142857143	33.3333333333333	83.1748039751313	0	83.1748039751313	DCA	0	83.1748039751313
357.142857142857	33.3333333333333	79.9550622263427	0	79.9550622263427	DCA	210	83.7528253737944
371.428571428571	33.3333333333333	81.7133436276439	0	81.7133436276439	DCA	210	85.5111067750955
385.714285714286	33.3333333333333	79.6552221064495	0	79.6552221064495	DCA	280	75.3841686519535
400	33.3333333333333	82.3727020895865	0	82.3727020895865	DCA	140	89.5719130134367
414.285714285714	33.3333333333333	81.7808212357478	0	81.7808212357478	DCA	280	77.5097677812518
428.571428571429	33.3333333333333	80.5658493365495	0	80.5658493365495	DCA	140	87.7650602603997
442.857142857143	33.3333333333333	79.8414200593076	0	79.8414200593076	DCA	70	85.7747099340073
457.142857142857	33.3333333333333	76.7373186209541	0	76.7373186209541	DCA	280	72.466265166458
471.428571428571	33.3333333333333	76.3610271611669	0	76.3610271611669	DCA	210	80.1587903086185
485.714285714286	33.3333333333333	79.0247302873151	0	79.0247302873151	DCA	0	79.0247302873151
500	33.3333333333333	78.4729346776333	0	78.4729346776333	DCA	210	82.270697825085
514.285714285714	33.3333333333333	83.0761852387279	24.6	107.676185238728	DCA	210	129.038348386179
528.571428571429	33.3333333333333	83.156277446571	24.6	107.756277446571	DCA	140	126.665088370421
542.857142857143	33.3333333333333	78.188243587527	24.6	102.788243587527	DCA	140	121.697054511377
557.142857142857	33.3333333333333	77.2688334063473	24.6	101.868833406347	DCA	140	120.777644330198
571.428571428571	33.3333333333333	74.2090051154695	24.6	98.8090051154695	DCA	140	117.71781603932
585.714285714286	33.3333333333333	77.3844563103781	24.6	101.984456310378	DCA	0	101.984456310378
600	33.3333333333333	76.4563720794901	24.6	101.05637207949	DCA	280	120.204518624994
614.285714285714	33.3333333333333	79.3294850756002	24.6	103.9294850756	DCA	140	122.83829599945
628.571428571429	33.3333333333333	77.5574210787998	24.6	102.1574210788	DCA	210	123.519584226251
642.857142857143	33.3333333333333	77.6208282247954	24.6	102.220828224795	DCA	70	114.008918099495
657.142857142857	33.3333333333333	76.9357432445605	24.6	101.53574324456	DCA	210	122.897906392012
671.428571428571	33.3333333333333	78.8569484581488	24.6	103.456948458149	DCA	140	122.365759381999
685.714285714286	33.3333333333333	77.8168853450767	24.6	102.416885345077	DCA	0	102.416885345077
700	33.3333333333333	78.0518579301773	24.6	102.651857930177	DCA	70	114.439947804877
714.285714285714	33.3333333333333	76.654039236628	24.6	101.254039236628	DCA	0	101.254039236628
728.571428571429	33.3333333333333	79.0139366818376	24.6	103.613936681838	DCA	210	124.976099829289
742.857142857143	33.3333333333333	80.1428068014484	24.6	104.742806801448	DCA	70	116.530896676148
757.142857142857	33.3333333333333	79.0833656405034	24.6	103.683365640503	DCA	210	125.045528787955
771.428571428571	33.3333333333333	77.5460532340965	24.6	102.146053234097	DCA	70	113.934143108796
785.714285714286	33.3333333333333	80.6906767006058	24.6	105.290676700606	DCA	210	126.652839848057
800	33.3333333333333	78.6394672936984	24.6	103.239467293698	DCA	70	115.027557168398
814.285714285714	33.3333333333333	79.8948708206618	24.6	104.494870820662	DCA	0	104.494870820662
828.571428571429	33.3333333333333	79.0669230949361	24.6	103.666923094936	DCA	210	125.029086242388
842.857142857143	33.3333333333333	79.7721136243453	24.6	104.372113624345	DCA	140	123.280924548195
857.142857142857	33.3333333333333	78.708307683841	24.6	103.308307683841	DCA	280	122.456454229345
871.428571428571	33.3333333333333	78.7710354386013	24.6	103.371035438601	DCA	280	122.519181984105
885.714285714286	33.3333333333333	81.1203813963444	24.6	105.720381396344	DCA	140	124.629192320195
900	33.3333333333333	78.6754254707785	24.6	103.275425470778	DCA	140	122.184236394629
914.285714285714	33.3333333333333	77.6429200096931	24.6	102.242920009693	DCA	140	121.151730933543
928.571428571429	33.3333333333333	82.254186967394	24.6	106.854186967394	DCA	140	125.762997891244
942.857142857143	33.3333333333333	77.8268989076056	24.6	102.426898907606	DCA	210	123.789062055057
957.142857142857	33.3333333333333	81.1152154677923	24.6	105.715215467792	DCA	280	124.863362013296
971.428571428571	33.3333333333333	82.6110262925538	24.6	107.211026292554	DCA	280	126.359172838058
985.714285714286	33.3333333333333	84.6272190312477	24.6	109.227219031248	DCA	280	128.375365576752
1000	33.3333333333333	81.8665141679878	24.6	106.466514167988	DCA	70	118.254604042687
0	66.6666666666667	76.0964816113086	0	76.0964816113086	DCA	0	76.0964816113086
14.2857142857143	66.6666666666667	79.2401748040983	0	79.2401748040983	DCA	140	86.4393857279485
28.5714285714286	66.6666666666667	77.3780511777231	0	77.3780511777231	DCA	140	84.5772621015732
42.8571428571429	66.6666666666667	76.9876437457095	0	76.9876437457095	DCA	210	80.7854068931612
57.1428571428571	66.6666666666667	78.3857451378334	0	78.3857451378334	DCA	0	78.3857451378334
71.4285714285714	66.6666666666667	82.3810096031245	0	82.3810096031245	DCA	0	82.3810096031245
85.7142857142857	66.6666666666667	80.9051593706213	0	80.9051593706213	DCA	0	80.9051593706213
100	66.6666666666667	84.0872048137219	0	84.0872048137219	DCA	210	87.8849679611735
114.285714285714	66.6666666666667	87.6777010878686	0	87.6777010878686	DCA	70	93.6109909625682
128.571428571429	66.6666666666667	81.58864565986	0	81.58864565986	DCA	280	77.317592205364
142.857142857143	66.6666666666667	83.5104241279743	0	83.5104241279743	DCA	70	89.443714002674
157.142857142857	66.6666666666667	83.1670062814132	0	83.1670062814132	DCA	0	83.1670062814132
171.428571428571	66.6666666666667	81.6670387484964	0	81.6670387484964	DCA	70	87.600328623196
185.714285714286	66.6666666666667	81.8295155780842	0	81.8295155780842	DCA	210	85.6272787255359
200	66.6666666666667	83.6841256983618	0	83.6841256983618	DCA	210	87.4818888458134
214.285714285714	66.6666666666667	82.9248415682715	0	82.9248415682715	DCA	140	90.1240524921217
228.571428571429	66.6666666666667	83.0404310385318	0	83.0404310385318	DCA	70	88.9737209132314
242.857142857143	66.6666666666667	82.8947058979005	0	82.8947058979005	DCA	280	78.6236524434045
257.142857142857	66.6666666666667	84.8459243893295	0	84.8459243893295	DCA	0	84.8459243893295
271.428571428571	66.6666666666667	81.1991895400455	0	81.1991895400455	DCA	280	76.9281360855495
285.714285714286	66.6666666666667	80.4325062763268	0	80.4325062763268	DCA	210	84.2302694237784
300	66.6666666666667	79.3295294161075	0	79.3295294161075	DCA	210	83.1272925635592
314.285714285714	66.6666666666667	76.9785308800556	0	76.9785308800556	DCA	280	72.7074774255595
328.571428571429	66.6666666666667	77.6163972414337	0	77.6163972414337	DCA	0	77.6163972414337
342.857142857143	66.6666666666667	77.9909532226881	0	77.9909532226881	DCA	280	73.7198997681921
357.142857142857	66.6666666666667	78.2770989467782	0	78.2770989467782	DCA	280	74.0060454922822
371.428571428571	66.6666666666667	77.7986368143854	0	77.7986368143854	DCA	70	83.7319266890851
385.714285714286	66.6666666666667	80.9488731309509	0	80.9488731309509	DCA	0	80.9488731309509
400	66.6666666666667	83.3876263687696	0	83.3876263687696	DCA	0	83.3876263687696
414.285714285714	66.6666666666667	81.963956011859	0	81.963956011859	DCA	210	85.7617191593107
428.571428571429	66.6666666666667	81.9568681488668	0	81.9568681488668	DCA	140	89.1560790727169
442.857142857143	66.6666666666667	79.577987554154	0	79.577987554154	DCA	140	86.7771984780042
457.142857142857	66.6666666666667	77.9969379058001	0	77.9969379058001	DCA	210	81.7947010532517
471.428571428571	66.6666666666667	82.171928928378	0	82.171928928378	DCA	70	88.1052188030777
485.714285714286	66.6666666666667	78.9673629526149	0	78.9673629526149	DCA	210	82.7651261000665
500	66.6666666666667	81.6457162813246	0	81.6457162813246	DCA	140	88.8449272051748
514.285714285714	66.6666666666667	83.1381611750567	24.6	107.738161175057	DCA	280	126.886307720561
528.571428571429	66.6666666666667	84.5430154074354	24.6	109.143015407435	DCA	280	128.291161952939
542.857142857143	66.6666666666667	80.9670732383842	24.6	105.567073238384	DCA	140	124.475884162234
557.142857142857	66.6666666666667	78.7049997295789	24.6	103.304999729579	DCA	140	122.213810653429
571.428571428571	66.6666666666667	77.5086615232662	24.6	102.108661523266	DCA	280	121.25680806877
585.714285714286	66.6666666666667	75.829437149732	24.6	100.429437149732	DCA	0	100.429437149732
600	66.6666666666667	76.3970524967812	24.6	100.997052496781	DCA	280	120.145199042285
614.285714285714	66.6666666666667	78.0769668356622	24.6	102.676966835662	DCA	70	114.465056710362
628.571428571429	66.6666666666667	77.882199901892	24.6	102.482199901892	DCA	280	121.630346447396
642.857142857143	66.6666666666667	80.9079518079857	24.6	105.507951807986	DCA	70	117.296041682685
657.142857142857	66.6666666666667	79.0153078067862	24.6	103.615307806786	DCA	70	115.403397681486
671.428571428571	66.6666666666667	81.8855692952211	24.6	106.485569295221	DCA	280	125.633715840725
685.714285714286	66.6666666666667	80.727337131106	24.6	105.327337131106	DCA	0	105.327337131106
700	66.6666666666667	81.2503677283821	24.6	105.850367728382	DCA	280	124.998514273886
714.285714285714	66.6666666666667	80.7048140261708	24.6	105.304814026171	DCA	140	124.213624950021
728.571428571429	66.6666666666667	83.3259686748418	24.6	107.925968674842	DCA	0	107.925968674842
742.857142857143	66.6666666666667	82.0028055240982	24.6	106.602805524098	DCA	0	106.602805524098
757.142857142857	66.6666666666667	81.1234003357239	24.6	105.723400335724	DCA	210	127.085563483176
771.428571428571	66.6666666666667	82.9783632606902	24.6	107.57836326069	DCA	140	126.48717418454
785.714285714286	66.6666666666667	78.7332676654398	24.6	103.33326766544	DCA	140	122.24207858929
800	66.6666666666667	80.8845739583733	24.6	105.484573958373	DCA	210	126.846737105825
814.285714285714	66.6666666666667	79.8900123867945	24.6	104.490012386794	DCA	70	116.278102261494
828.571428571429	66.6666666666667	76.6263851799225	24.6	101.226385179922	DCA	210	122.588548327374
842.857142857143	66.6666666666667	79.0052057202903	24.6	103.60520572029	DCA	280	122.753352265794
857.142857142857	66.6666666666667	75.8201365506298	24.6	100.42013655063	DCA	0	100.42013655063
871.428571428571	66.6666666666667	77.7078392293098	24.6	102.30783922931	DCA	70	114.095929104009
885.714285714286	66.6666666666667	79.7257477295918	24.6	104.325747729592	DCA	140	123.234558653442
900	66.6666666666667	78.8702198987549	24.6	103.470219898755	DCA	70	115.258309773455
914.285714285714	66.6666666666667	79.224847582975	24.6	103.824847582975	DCA	210	125.187010730427
928.571428571429	66.6666666666667	77.0320415001329	24.6	101.632041500133	DCA	140	120.540852423983
942.857142857143	66.6666666666667	78.1198908231017	24.6	102.719890823102	DCA	280	121.868037368606
957.142857142857	66.6666666666667	79.1642812325873	24.6	103.764281232587	DCA	0	103.764281232587
971.428571428571	66.6666666666667	81.8674834993065	24.6	106.467483499307	DCA	140	125.376294423157
985.714285714286	66.6666666666667	80.7645061811983	24.6	105.364506181198	DCA	280	124.512652726702
1000	66.6666666666667	79.472663803612	24.6	104.072663803612	DCA	280	123.220810349116
0	100	82.4532702370627	0	82.4532702370627	DCA	0	82.4532702370627
14.2857142857143	100	79.7916179043401	0	79.7916179043401	DCA	280	75.520564449844
28.5714285714286	100	77.1436547114839	0	77.1436547114839	DCA	0	77.1436547114839
42.8571428571429	100	80.9759804367729	0	80.9759804367729	DCA	70	86.9092703114726
57.1428571428571	100	78.3950213061693	0	78.3950213061693	DCA	210	82.1927844536209
71.4285714285714	100	85.8240434983885	0	85.8240434983885	DCA	70	91.7573333730882
85.7142857142857	100	84.2714225202508	0	84.2714225202508	DCA	140	91.470633444101
100	100	85.0804674536132	0	85.0804674536132	DCA	0	85.0804674536132
114.285714285714	100	83.6930872364341	0	83.6930872364341	DCA	70	89.6263771111337
128.571428571429	100	78.6277254496249	0	78.6277254496249	DCA	210	82.4254885970765
142.857142857143	100	83.3553341273674	0	83.3553341273674	DCA	280	79.0842806728714
157.142857142857	100	79.4792006739306	0	79.4792006739306	DCA	0	79.4792006739306
171.428571428571	100	81.2979865733571	0	81.2979865733571	DCA	280	77.026933118861
185.714285714286	100	80.5048881337437	0	80.5048881337437	DCA	70	86.4381780084433
200	100	79.6343130360045	0	79.6343130360045	DCA	70	85.5676029107042
214.285714285714	100	82.2202609265036	0	82.2202609265036	DCA	140	89.4194718503538
228.571428571429	100	82.9236908138153	0	82.9236908138153	DCA	140	90.1229017376655
242.857142857143	100	83.7339065127386	0	83.7339065127386	DCA	140	90.9331174365888
257.142857142857	100	83.3289343759066	0	83.3289343759066	DCA	70	89.2622242506063
271.428571428571	100	81.9309306069249	0	81.9309306069249	DCA	140	89.1301415307751
285.714285714286	100	80.7077238577033	0	80.7077238577033	DCA	210	84.505487005155
300	100	74.728053591476	0	74.728053591476	DCA	70	80.6613434661756
314.285714285714	100	73.5848477315052	0	73.5848477315052	DCA	140	80.7840586553554
328.571428571429	100	73.9444200481612	0	73.9444200481612	DCA	0	73.9444200481612
342.857142857143	100	74.3341003279356	0	74.3341003279356	DCA	210	78.1318634753872
357.142857142857	100	74.7101966302957	0	74.7101966302957	DCA	0	74.7101966302957
371.428571428571	100	75.461826689533	0	75.461826689533	DCA	280	71.1907732350369
385.714285714286	100	79.6316577446991	0	79.6316577446991	DCA	280	75.360604290203
400	100	79.8517166805137	0	79.8517166805137	DCA	140	87.0509276043639
414.285714285714	100	84.2494392433969	0	84.2494392433969	DCA	70	90.1827291180966
428.571428571429	100	87.8305682027012	0	87.8305682027012	DCA	0	87.8305682027012
442.857142857143	100	84.9810181627939	0	84.9810181627939	DCA	70	90.9143080374935
457.142857142857	100	83.4407015148221	0	83.4407015148221	DCA	140	90.6399124386723
471.428571428571	100	84.5798415220505	0	84.5798415220505	DCA	280	80.3087880675544
485.714285714286	100	83.007742038064	0	83.007742038064	DCA	0	83.007742038064
500	100	84.5801079507686	0	84.5801079507686	DCA	140	91.7793188746188
514.285714285714	100	79.07107371577	24.6	103.67107371577	DCA	140	122.57988463962
528.571428571429	100	80.3712000004188	24.6	104.971200000419	DCA	140	123.880010924269
542.857142857143	100	78.0177317887544	24.6	102.617731788754	DCA	70	114.405821663454
557.142857142857	100	75.3480800428931	24.6	99.9480800428931	DCA	0	99.9480800428931
571.428571428571	100	75.5787150153188	24.6	100.178715015319	DCA	0	100.178715015319
585.714285714286	100	74.5219553462695	24.6	99.1219553462695	DCA	280	118.270101891773
600	100	76.1859754032112	24.6	100.785975403211	DCA	70	112.574065277911
614.285714285714	100	74.8025102455739	24.6	99.4025102455739	DCA	140	118.311321169424
628.571428571429	100	83.4594724420361	24.6	108.059472442036	DCA	210	129.421635589488
642.857142857143	100	81.9820872190562	24.6	106.582087219056	DCA	140	125.490898142906
657.142857142857	100	82.1142862778269	24.6	106.714286277827	DCA	210	128.076449425279
671.428571428571	100	82.532874440793	24.6	107.132874440793	DCA	280	126.281020986297
685.714285714286	100	81.5454854546629	24.6	106.145485454663	DCA	70	117.933575329363
700	100	80.1579572212007	24.6	104.757957221201	DCA	70	116.5460470959
714.285714285714	100	79.6859279492654	24.6	104.285927949265	DCA	210	125.648091096717
728.571428571429	100	80.9192990524232	24.6	105.519299052423	DCA	70	117.307388927123
742.857142857143	100	82.6354768584575	24.6	107.235476858457	DCA	280	126.383623403961
757.142857142857	100	83.0734163929047	24.6	107.673416392905	DCA	280	126.821562938409
771.428571428571	100	86.991938945285	24.6	111.591938945285	DCA	280	130.740085490789
785.714285714286	100	84.5115000084863	24.6	109.111500008486	DCA	70	120.899589883186
800	100	82.5410247224155	24.6	107.141024722416	DCA	140	126.049835646266
814.285714285714	100	81.5854444136861	24.6	106.185444413686	DCA	210	127.547607561138
828.571428571429	100	80.6561345229526	24.6	105.256134522953	DCA	0	105.256134522953
842.857142857143	100	80.9654348309967	24.6	105.565434830997	DCA	0	105.565434830997
857.142857142857	100	78.7313910611327	24.6	103.331391061133	DCA	280	122.479537606637
871.428571428571	100	83.4648181676049	24.6	108.064818167605	DCA	70	119.852908042305
885.714285714286	100	79.531526824227	24.6	104.131526824227	DCA	210	125.493689971679
900	100	78.8058573856998	24.6	103.4058573857	DCA	210	124.768020533151
914.285714285714	100	79.0031912333775	24.6	103.603191233377	DCA	140	122.512002157228
928.571428571429	100	79.3434110380875	24.6	103.943411038088	DCA	70	115.731500912787
942.857142857143	100	76.1314466414089	24.6	100.731446641409	DCA	140	119.640257565259
957.142857142857	100	76.9436255712558	24.6	101.543625571256	DCA	140	120.452436495106
971.428571428571	100	78.0882459669219	24.6	102.688245966922	DCA	70	114.476335841622
985.714285714286	100	80.215518106557	24.6	104.815518106557	DCA	0	104.815518106557
1000	100	78.8534169556513	24.6	103.453416955651	DCA	70	115.241506830351
0	133.333333333333	79.31910074412	0	79.31910074412	DCA	70	85.2523906188197
14.2857142857143	133.333333333333	80.5297789587796	0	80.5297789587796	DCA	280	76.2587255042836
28.5714285714286	133.333333333333	77.734509014512	0	77.734509014512	DCA	70	83.6677988892117
42.8571428571429	133.333333333333	80.3041676028577	0	80.3041676028577	DCA	210	84.1019307503093
57.1428571428571	133.333333333333	79.2111452498325	0	79.2111452498325	DCA	280	74.9400917953364
71.4285714285714	133.333333333333	77.4341053978047	0	77.4341053978047	DCA	70	83.3673952725044
85.7142857142857	133.333333333333	77.0706174236222	0	77.0706174236222	DCA	210	80.8683805710738
100	133.333333333333	82.4785969445254	0	82.4785969445254	DCA	140	89.6778078683756
114.285714285714	133.333333333333	77.9676738473712	0	77.9676738473712	DCA	0	77.9676738473712
128.571428571429	133.333333333333	81.1030237925778	0	81.1030237925778	DCA	70	87.0363136672775
142.857142857143	133.333333333333	82.5976125627805	0	82.5976125627805	DCA	0	82.5976125627805
157.142857142857	133.333333333333	77.3829306739749	0	77.3829306739749	DCA	0	77.3829306739749
171.428571428571	133.333333333333	81.3620788794196	0	81.3620788794196	DCA	0	81.3620788794196
185.714285714286	133.333333333333	78.674729162993	0	78.674729162993	DCA	0	78.674729162993
200	133.333333333333	80.5121601731892	0	80.5121601731892	DCA	210	84.3099233206408
214.285714285714	133.333333333333	81.2329894517713	0	81.2329894517713	DCA	0	81.2329894517713
228.571428571429	133.333333333333	83.3023301158366	0	83.3023301158366	DCA	210	87.1000932632882
242.857142857143	133.333333333333	80.5033464989615	0	80.5033464989615	DCA	210	84.3011096464131
257.142857142857	133.333333333333	84.5188744794032	0	84.5188744794032	DCA	70	90.4521643541028
271.428571428571	133.333333333333	79.1563931007329	0	79.1563931007329	DCA	0	79.1563931007329
285.714285714286	133.333333333333	78.9569365036294	0	78.9569365036294	DCA	210	82.754699651081
300	133.333333333333	76.3932407705384	0	76.3932407705384	DCA	280	72.1221873160423
314.285714285714	133.333333333333	77.4810596748328	0	77.4810596748328	DCA	0	77.4810596748328
328.571428571429	133.333333333333	74.2584712759797	0	74.2584712759797	DCA	70	80.1917611506794
342.857142857143	133.333333333333	76.8098543560675	0	76.8098543560675	DCA	210	80.6076175035192
357.142857142857	133.333333333333	76.772336903874	0	76.772336903874	DCA	280	72.5012834493779
371.428571428571	133.333333333333	77.8375575522823	0	77.8375575522823	DCA	280	73.5665040977862
385.714285714286	133.333333333333	75.416340951254	0	75.416340951254	DCA	0	75.416340951254
400	133.333333333333	79.8436715578316	0	79.8436715578316	DCA	70	85.7769614325312
414.285714285714	133.333333333333	80.5786702402403	0	80.5786702402403	DCA	0	80.5786702402403
428.571428571429	133.333333333333	86.7949446338616	0	86.7949446338616	DCA	0	86.7949446338616
442.857142857143	133.333333333333	85.3589719868703	0	85.3589719868703	DCA	210	89.1567351343219
457.142857142857	133.333333333333	84.6968901670369	0	84.6968901670369	DCA	70	90.6301800417366
471.428571428571	133.333333333333	81.9691348961516	0	81.9691348961516	DCA	70	87.9024247708513
485.714285714286	133.333333333333	80.4480718131487	0	80.4480718131487	DCA	210	84.2458349606004
500	133.333333333333	82.2599992585754	0	82.2599992585754	DCA	140	89.4592101824256
514.285714285714	133.333333333333	80.1701425561163	24.6	104.770142556116	DCA	140	123.678953479967
528.571428571429	133.333333333333	79.9769538084321	24.6	104.576953808432	DCA	140	123.485764732282
542.857142857143	133.333333333333	79.6875471417294	24.6	104.287547141729	DCA	0	104.287547141729
557.142857142857	133.333333333333	81.9515916896506	24.6	106.551591689651	DCA	280	125.699738235155
571.428571428571	133.333333333333	76.9532114300311	24.6	101.553211430031	DCA	140	120.462022353881
585.714285714286	133.333333333333	81.2849635439326	24.6	105.884963543933	DCA	210	127.247126691384
600	133.333333333333	77.7789596146606	24.6	102.378959614661	DCA	140	121.287770538511
614.285714285714	133.333333333333	79.7919325204745	24.6	104.391932520474	DCA	0	104.391932520474
628.571428571429	133.333333333333	81.226280193784	24.6	105.826280193784	DCA	280	124.974426739288
642.857142857143	133.333333333333	83.9608036969405	24.6	108.56080369694	DCA	140	127.469614620791
657.142857142857	133.333333333333	86.2962826224296	24.6	110.89628262243	DCA	0	110.89628262243
671.428571428571	133.333333333333	83.5885086288495	24.6	108.18850862885	DCA	0	108.18850862885
685.714285714286	133.333333333333	86.4537067739597	24.6	111.05370677396	DCA	210	132.415869921411
700	133.333333333333	85.2122659282856	24.6	109.812265928286	DCA	280	128.96041247379
714.285714285714	133.333333333333	85.7527104677638	24.6	110.352710467764	DCA	70	122.140800342463
728.571428571429	133.333333333333	82.6949862661538	24.6	107.294986266154	DCA	280	126.443132811658
742.857142857143	133.333333333333	84.3794221231927	24.6	108.979422123193	DCA	210	130.341585270644
757.142857142857	133.333333333333	82.9906140760484	24.6	107.590614076048	DCA	210	128.9527772235
771.428571428571	133.333333333333	83.8013324147445	24.6	108.401332414744	DCA	280	127.549478960248
785.714285714286	133.333333333333	84.7235560016335	24.6	109.323556001633	DCA	70	121.111645876333
800	133.333333333333	82.9454716504952	24.6	107.545471650495	DCA	280	126.693618195999
814.285714285714	133.333333333333	83.8752638785736	24.6	108.475263878574	DCA	70	120.263353753273
828.571428571429	133.333333333333	85.1136592519317	24.6	109.713659251932	DCA	0	109.713659251932
842.857142857143	133.333333333333	81.6023956700979	24.6	106.202395670098	DCA	140	125.111206593948
857.142857142857	133.333333333333	79.9061325482469	24.6	104.506132548247	DCA	210	125.868295695699
871.428571428571	133.333333333333	78.3317147071702	24.6	102.93171470717	DCA	280	122.079861252674
885.714285714286	133.333333333333	80.4170538312206	24.6	105.017053831221	DCA	0	105.017053831221
900	133.333333333333	82.1043532334638	24.6	106.704353233464	DCA	210	128.066516380915
914.285714285714	133.333333333333	81.0109368037894	24.6	105.610936803789	DCA	70	117.399026678489
928.571428571429	133.333333333333	80.8029974676399	24.6	105.40299746764	DCA	0	105.40299746764
942.857142857143	133.333333333333	78.9736418698849	24.6	103.573641869885	DCA	70	115.361731744585
957.142857142857	133.333333333333	79.5051883302809	24.6	104.105188330281	DCA	140	123.013999254131
971.428571428571	133.333333333333	75.0894303824118	24.6	99.6894303824118	DCA	140	118.598241306262
985.714285714286	133.333333333333	78.1762954668648	24.6	102.776295466865	DCA	210	124.138458614316
1000	133.333333333333	77.9193146592768	24.6	102.519314659277	DCA	210	123.881477806728
0	166.666666666667	79.9309068041229	0	79.9309068041229	DCA	0	79.9309068041229
14.2857142857143	166.666666666667	77.4057405190995	0	77.4057405190995	DCA	70	83.3390303937991
28.5714285714286	166.666666666667	80.2750391655013	0	80.2750391655013	DCA	280	76.0039857110053
42.8571428571429	166.666666666667	76.069197132277	0	76.069197132277	DCA	70	82.0024870069766
57.1428571428571	166.666666666667	75.3363602763535	0	75.3363602763535	DCA	210	79.1341234238051
71.4285714285714	166.666666666667	77.8481017514987	0	77.8481017514987	DCA	0	77.8481017514987
85.7142857142857	166.666666666667	77.551347488992	0	77.551347488992	DCA	210	81.3491106364436
100	166.666666666667	79.6402434400169	0	79.6402434400169	DCA	0	79.6402434400169
114.285714285714	166.666666666667	82.2660510765745	0	82.2660510765745	DCA	140	89.4652620004247
128.571428571429	166.666666666667	81.5676697386284	0	81.5676697386284	DCA	70	87.500959613328
142.857142857143	166.666666666667	80.3215049582133	0	80.3215049582133	DCA	140	87.5207158820635
157.142857142857	166.666666666667	81.7475696238843	0	81.7475696238843	DCA	70	87.680859498584
171.428571428571	166.666666666667	81.288664407473	0	81.288664407473	DCA	0	81.288664407473
185.714285714286	166.666666666667	81.3105342489078	0	81.3105342489078	DCA	140	88.509745172758
200	166.666666666667	83.6922245517361	0	83.6922245517361	DCA	0	83.6922245517361
214.285714285714	166.666666666667	80.6251919551149	0	80.6251919551149	DCA	280	76.3541385006188
228.571428571429	166.666666666667	86.2844999408161	0	86.2844999408161	DCA	280	82.0134464863201
242.857142857143	166.666666666667	87.8079612553249	0	87.8079612553249	DCA	0	87.8079612553249
257.142857142857	166.666666666667	81.1825368347123	0	81.1825368347123	DCA	140	88.3817477585625
271.428571428571	166.666666666667	79.8218938230069	0	79.8218938230069	DCA	0	79.8218938230069
285.714285714286	166.666666666667	77.5187685265297	0	77.5187685265297	DCA	140	84.7179794503799
300	166.666666666667	76.5919368603055	0	76.5919368603055	DCA	280	72.3208834058094
314.285714285714	166.666666666667	79.6088395761232	0	79.6088395761232	DCA	210	83.4066027235749
328.571428571429	166.666666666667	82.5955741246365	0	82.5955741246365	DCA	280	78.3245206701405
342.857142857143	166.666666666667	84.6464480621512	0	84.6464480621512	DCA	210	88.4442112096028
357.142857142857	166.666666666667	81.1740357162344	0	81.1740357162344	DCA	70	87.107325590934
371.428571428571	166.666666666667	82.926215748705	0	82.926215748705	DCA	70	88.8595056234046
385.714285714286	166.666666666667	82.2427794552664	0	82.2427794552664	DCA	0	82.2427794552664
400	166.666666666667	82.3228423158234	0	82.3228423158234	DCA	280	78.0517888613274
414.285714285714	166.666666666667	84.9017000565314	0	84.9017000565314	DCA	280	80.6306466020353
428.571428571429	166.666666666667	85.3587650638775	0	85.3587650638775	DCA	140	92.5579759877277
442.857142857143	166.666666666667	83.5876815106787	0	83.5876815106787	DCA	210	87.3854446581303
457.142857142857	166.666666666667	80.8165011597448	0	80.8165011597448	DCA	140	88.015712083595
471.428571428571	166.666666666667	81.3870211019604	0	81.3870211019604	DCA	140	88.5862320258106
485.714285714286	166.666666666667	83.7686336819499	0	83.7686336819499	DCA	70	89.7019235566495
500	166.666666666667	75.6472478995019	0	75.6472478995019	DCA	280	71.3761944450059
514.285714285714	166.666666666667	76.8258897687816	24.6	101.425889768782	DCA	0	101.425889768782
528.571428571429	166.666666666667	81.3461688968966	24.6	105.946168896897	DCA	0	105.946168896897
542.857142857143	166.666666666667	78.3145411714158	24.6	102.914541171416	DCA	210	124.276704318867
557.142857142857	166.666666666667	82.3819350888749	24.6	106.981935088875	DCA	70	118.770024963575
571.428571428571	166.666666666667	81.932027485439	24.6	106.532027485439	DCA	210	127.894190632891
585.714285714286	166.666666666667	79.172009066253	24.6	103.772009066253	DCA	280	122.920155611757
600	166.666666666667	79.7125850005236	24.6	104.312585000524	DCA	210	125.674748147975
614.285714285714	166.666666666667	79.9731676535004	24.6	104.5731676535	DCA	210	125.935330800952
628.571428571429	166.666666666667	83.1195202130352	24.6	107.719520213035	DCA	70	119.507610087735
642.857142857143	166.666666666667	84.3452640341472	24.6	108.945264034147	DCA	210	130.307427181599
657.142857142857	166.666666666667	83.5144730445892	24.6	108.114473044589	DCA	280	127.262619590093
671.428571428571	166.666666666667	84.1113657480313	24.6	108.711365748031	DCA	280	127.859512293535
685.714285714286	166.666666666667	84.9581876782094	24.6	109.558187678209	DCA	0	109.558187678209
700	166.666666666667	84.377701145093	24.6	108.977701145093	DCA	280	128.125847690597
714.285714285714	166.666666666667	80.7300510660381	24.6	105.330051066038	DCA	140	124.238861989888
728.571428571429	166.666666666667	82.1899222171743	24.6	106.789922217174	DCA	0	106.789922217174
742.857142857143	166.666666666667	81.0294151845656	24.6	105.629415184566	DCA	70	117.417505059265
757.142857142857	166.666666666667	85.4136892913224	24.6	110.013689291322	DCA	280	129.161835836826
771.428571428571	166.666666666667	81.1499061116986	24.6	105.749906111699	DCA	0	105.749906111699
785.714285714286	166.666666666667	82.8390374807271	24.6	107.439037480727	DCA	0	107.439037480727
800	166.666666666667	84.4101450079253	24.6	109.010145007925	DCA	70	120.798234882625
814.285714285714	166.666666666667	84.3616030395346	24.6	108.961603039535	DCA	210	130.323766186986
828.571428571429	166.666666666667	81.798410372764	24.6	106.398410372764	DCA	140	125.307221296614
842.857142857143	166.666666666667	86.8133143757477	24.6	111.413314375748	DCA	280	130.561460921252
857.142857142857	166.666666666667	86.9245324100621	24.6	111.524532410062	DCA	0	111.524532410062
871.428571428571	166.666666666667	82.6575577261039	24.6	107.257557726104	DCA	210	128.619720873556
885.714285714286	166.666666666667	80.2102743603364	24.6	104.810274360336	DCA	70	116.598364235036
900	166.666666666667	81.6194323759965	24.6	106.219432375996	DCA	0	106.219432375996
914.285714285714	166.666666666667	80.850691063448	24.6	105.450691063448	DCA	210	126.8128542109
928.571428571429	166.666666666667	82.1990390578216	24.6	106.799039057822	DCA	0	106.799039057822
942.857142857143	166.666666666667	81.6976799715037	24.6	106.297679971504	DCA	210	127.659843118955
957.142857142857	166.666666666667	81.6283385178477	24.6	106.228338517848	DCA	70	118.016428392547
971.428571428571	166.666666666667	79.1223769564453	24.6	103.722376956445	DCA	70	115.510466831145
985.714285714286	166.666666666667	80.8865648469026	24.6	105.486564846903	DCA	0	105.486564846903
1000	166.666666666667	79.7666507790737	24.6	104.366650779074	DCA	280	123.514797324578
0	200	77.4871541736533	0	77.4871541736533	DCA	140	84.6863650975035
14.2857142857143	200	79.6806072137798	0	79.6806072137798	DCA	70	85.6138970884795
28.5714285714286	200	83.487662129362	0	83.487662129362	DCA	70	89.4209520040616
42.8571428571429	200	80.414416417255	0	80.414416417255	DCA	140	87.6136273411052
57.1428571428571	200	81.2885290885812	0	81.2885290885812	DCA	210	85.0862922360329
71.4285714285714	200	79.0460366878738	0	79.0460366878738	DCA	210	82.8437998353255
85.7142857142857	200	79.7042472787383	0	79.7042472787383	DCA	280	75.4331938242423
100	200	80.2312872143048	0	80.2312872143048	DCA	280	75.9602337598088
114.285714285714	200	78.5477562641174	0	78.5477562641174	DCA	140	85.7469671879676
128.571428571429	200	81.0147266338457	0	81.0147266338457	DCA	280	76.7436731793496
142.857142857143	200	80.3594068710942	0	80.3594068710942	DCA	70	86.2926967457938
157.142857142857	200	76.5216339590412	0	76.5216339590412	DCA	140	83.7208448828913
171.428571428571	200	81.8263354736861	0	81.8263354736861	DCA	0	81.8263354736861
185.714285714286	200	79.7830099525268	0	79.7830099525268	DCA	280	75.5119564980307
200	200	81.1512887059791	0	81.1512887059791	DCA	0	81.1512887059791
214.285714285714	200	83.3412870602368	0	83.3412870602368	DCA	210	87.1390502076884
228.571428571429	200	83.5069511529746	0	83.5069511529746	DCA	280	79.2358976984786
242.857142857143	200	87.4386629776295	0	87.4386629776295	DCA	210	91.2364261250811
257.142857142857	200	80.4985201934115	0	80.4985201934115	DCA	0	80.4985201934115
271.428571428571	200	81.9577531290297	0	81.9577531290297	DCA	280	77.6866996745336
285.714285714286	200	76.4369006569363	0	76.4369006569363	DCA	70	82.370190531636
300	200	76.0636574659301	0	76.0636574659301	DCA	280	71.7926040114341
314.285714285714	200	80.4830096089443	0	80.4830096089443	DCA	0	80.4830096089443
328.571428571429	200	81.2619973019734	0	81.2619973019734	DCA	280	76.9909438474774
342.857142857143	200	82.9820092305492	0	82.9820092305492	DCA	280	78.7109557760531
357.142857142857	200	79.4823023202804	0	79.4823023202804	DCA	0	79.4823023202804
371.428571428571	200	81.7160226139263	0	81.7160226139263	DCA	210	85.5137857613779
385.714285714286	200	80.9225500805315	0	80.9225500805315	DCA	70	86.8558399552311
400	200	78.8084981258415	0	78.8084981258415	DCA	210	82.6062612732931
414.285714285714	200	80.8105240745342	0	80.8105240745342	DCA	70	86.7438139492339
428.571428571429	200	83.5032758456524	0	83.5032758456524	DCA	0	83.5032758456524
442.857142857143	200	80.4272436707064	0	80.4272436707064	DCA	0	80.4272436707064
457.142857142857	200	79.6000362245496	0	79.6000362245496	DCA	70	85.5333260992492
471.428571428571	200	76.5529109774314	0	76.5529109774314	DCA	140	83.7521219012816
485.714285714286	200	74.194355338821	0	74.194355338821	DCA	280	69.9233018843249
500	200	75.6233980355846	0	75.6233980355846	DCA	210	79.4211611830363
514.285714285714	200	75.7349088546445	24.6	100.334908854644	DCA	140	119.243719778495
528.571428571429	200	77.1063503168346	24.6	101.706350316835	DCA	70	113.494440191534
542.857142857143	200	78.5905462192998	24.6	103.1905462193	DCA	70	114.978636093999
557.142857142857	200	77.0999126949274	24.6	101.699912694927	DCA	70	113.488002569627
571.428571428571	200	79.0368072430626	24.6	103.636807243063	DCA	140	122.545618166913
585.714285714286	200	79.0728837005565	24.6	103.672883700556	DCA	0	103.672883700556
600	200	80.1527927820678	24.6	104.752792782068	DCA	0	104.752792782068
614.285714285714	200	82.4200898650274	24.6	107.020089865027	DCA	0	107.020089865027
628.571428571429	200	81.8758067429515	24.6	106.475806742952	DCA	140	125.384617666802
642.857142857143	200	85.1959229332303	24.6	109.79592293323	DCA	140	128.70473385708
657.142857142857	200	83.3404835653166	24.6	107.940483565317	DCA	210	129.302646712768
671.428571428571	200	83.7915604471993	24.6	108.391560447199	DCA	140	127.300371371049
685.714285714286	200	84.9738015095328	24.6	109.573801509533	DCA	280	128.721948055037
700	200	82.4870681333694	24.6	107.087068133369	DCA	210	128.449231280821
714.285714285714	200	83.7203237018543	24.6	108.320323701854	DCA	0	108.320323701854
728.571428571429	200	76.8290521588328	24.6	101.429052158833	DCA	70	113.217142033532
742.857142857143	200	79.7201166153849	24.6	104.320116615385	DCA	210	125.682279762837
757.142857142857	200	79.8629332759764	24.6	104.462933275976	DCA	280	123.61107982148
771.428571428571	200	80.3442364629917	24.6	104.944236462992	DCA	210	126.306399610443
785.714285714286	200	81.9734533208563	24.6	106.573453320856	DCA	210	127.935616468308
800	200	84.7013394573076	24.6	109.301339457308	DCA	70	121.089429332007
814.285714285714	200	82.8022423741151	24.6	107.402242374115	DCA	210	128.764405521567
828.571428571429	200	85.5527978429174	24.6	110.152797842917	DCA	210	131.514960990369
842.857142857143	200	81.9735942227014	24.6	106.573594222701	DCA	210	127.935757370153
857.142857142857	200	83.5159344092482	24.6	108.115934409248	DCA	0	108.115934409248
871.428571428571	200	84.6206331450194	24.6	109.220633145019	DCA	70	121.008723019719
885.714285714286	200	84.1875658043347	24.6	108.787565804335	DCA	70	120.575655679034
900	200	79.9550743312249	24.6	104.555074331225	DCA	140	123.463885255075
914.285714285714	200	79.1732508000674	24.6	103.773250800067	DCA	210	125.135413947519
928.571428571429	200	78.3123231488564	24.6	102.912323148856	DCA	140	121.821134072707
942.857142857143	200	78.6896437174625	24.6	103.289643717463	DCA	140	122.198454641313
957.142857142857	200	82.0030646489049	24.6	106.603064648905	DCA	140	125.511875572755
971.428571428571	200	84.978471633526	24.6	109.578471633526	DCA	280	128.72661817903
985.714285714286	200	80.8804133473486	24.6	105.480413347349	DCA	140	124.389224271199
1000	200	84.851876396823	24.6	109.451876396823	DCA	140	128.360687320673
0	233.333333333333	82.0479860268153	0	82.0479860268153	DCA	70	87.981275901515
14.2857142857143	233.333333333333	82.7099075555517	0	82.7099075555517	DCA	210	86.5076707030033
28.5714285714286	233.333333333333	81.2412772077349	0	81.2412772077349	DCA	210	85.0390403551865
42.8571428571429	233.333333333333	80.7679899822513	0	80.7679899822513	DCA	140	87.9672009061015
57.1428571428571	233.333333333333	82.0826397551675	0	82.0826397551675	DCA	280	77.8115863006714
71.4285714285714	233.333333333333	82.1257860201728	0	82.1257860201728	DCA	210	85.9235491676245
85.7142857142857	233.333333333333	79.0487238018384	0	79.0487238018384	DCA	210	82.8464869492901
100	233.333333333333	80.4422268893995	0	80.4422268893995	DCA	0	80.4422268893995
114.285714285714	233.333333333333	77.6090029038878	0	77.6090029038878	DCA	70	83.5422927785875
128.571428571429	233.333333333333	77.354595430998	0	77.354595430998	DCA	0	77.354595430998
142.857142857143	233.333333333333	77.1796842356404	0	77.1796842356404	DCA	140	84.3788951594906
157.142857142857	233.333333333333	78.9687302358595	0	78.9687302358595	DCA	0	78.9687302358595
171.428571428571	233.333333333333	78.4715709423685	0	78.4715709423685	DCA	140	85.6707818662187
185.714285714286	233.333333333333	78.4148215347236	0	78.4148215347236	DCA	210	82.2125846821752
200	233.333333333333	77.2482647740336	0	77.2482647740336	DCA	140	84.4474756978838
214.285714285714	233.333333333333	80.8370307528204	0	80.8370307528204	DCA	280	76.5659772983244
228.571428571429	233.333333333333	82.5359214808803	0	82.5359214808803	DCA	140	89.7351324047305
242.857142857143	233.333333333333	80.9715593599865	0	80.9715593599865	DCA	280	76.7005059054905
257.142857142857	233.333333333333	80.244761135168	0	80.244761135168	DCA	280	75.973707680672
271.428571428571	233.333333333333	80.9745584079583	0	80.9745584079583	DCA	210	84.77232155541
285.714285714286	233.333333333333	80.5465116608511	0	80.5465116608511	DCA	70	86.4798015355507
300	233.333333333333	79.8882781076378	0	79.8882781076378	DCA	280	75.6172246531417
314.285714285714	233.333333333333	81.4824509329636	0	81.4824509329636	DCA	70	87.4157408076632
328.571428571429	233.333333333333	82.0383874946721	0	82.0383874946721	DCA	210	85.8361506421237
342.857142857143	233.333333333333	81.5013662369915	0	81.5013662369915	DCA	210	85.2991293844431
357.142857142857	233.333333333333	82.3019040806016	0	82.3019040806016	DCA	210	86.0996672280532
371.428571428571	233.333333333333	77.1531233748102	0	77.1531233748102	DCA	140	84.3523342986604
385.714285714286	233.333333333333	81.2043944040295	0	81.2043944040295	DCA	210	85.0021575514811
400	233.333333333333	79.7806863368028	0	79.7806863368028	DCA	140	86.979897260653
414.285714285714	233.333333333333	78.0476549637448	0	78.0476549637448	DCA	280	73.7766015092488
428.571428571429	233.333333333333	80.2338055796583	0	80.2338055796583	DCA	0	80.2338055796583
442.857142857143	233.333333333333	79.9002524624157	0	79.9002524624157	DCA	70	85.8335423371154
457.142857142857	233.333333333333	79.7081353774249	0	79.7081353774249	DCA	210	83.5058985248765
471.428571428571	233.333333333333	77.1761459542135	0	77.1761459542135	DCA	70	83.1094358289131
485.714285714286	233.333333333333	74.9030096659386	0	74.9030096659386	DCA	70	80.8362995406383
500	233.333333333333	68.8706048870926	0	68.8706048870926	DCA	70	74.8038947617922
514.285714285714	233.333333333333	70.2287170289148	24.6	94.8287170289148	DCA	210	116.190880176366
528.571428571429	233.333333333333	75.4110774528234	24.6	100.011077452823	DCA	140	118.919888376674
542.857142857143	233.333333333333	75.7506076422214	24.6	100.350607642221	DCA	140	119.259418566072
557.142857142857	233.333333333333	77.7654691739104	24.6	102.36546917391	DCA	280	121.513615719414
571.428571428571	233.333333333333	81.5543321967711	24.6	106.154332196771	DCA	0	106.154332196771
585.714285714286	233.333333333333	82.8084088203392	24.6	107.408408820339	DCA	0	107.408408820339
600	233.333333333333	87.2653943332971	24.6	111.865394333297	DCA	280	131.013540878801
614.285714285714	233.333333333333	85.479254677399	24.6	110.079254677399	DCA	140	128.988065601249
628.571428571429	233.333333333333	81.0286781272198	24.6	105.62867812722	DCA	70	117.416768001919
642.857142857143	233.333333333333	79.7499111174663	24.6	104.349911117466	DCA	210	125.712074264918
657.142857142857	233.333333333333	84.4814830397035	24.6	109.081483039704	DCA	140	127.990293963554
671.428571428571	233.333333333333	83.0889491754383	24.6	107.688949175438	DCA	210	129.05111232289
685.714285714286	233.333333333333	81.1561077085427	24.6	105.756107708543	DCA	140	124.664918632393
700	233.333333333333	80.96053193896	24.6	105.56053193896	DCA	70	117.34862181366
714.285714285714	233.333333333333	80.9391894977865	24.6	105.539189497786	DCA	70	117.327279372486
728.571428571429	233.333333333333	77.0059085610239	24.6	101.605908561024	DCA	70	113.393998435724
742.857142857143	233.333333333333	77.8188390246003	24.6	102.4188390246	DCA	280	121.566985570104
757.142857142857	233.333333333333	78.2894466936747	24.6	102.889446693675	DCA	70	114.677536568374
771.428571428571	233.333333333333	82.4380943396751	24.6	107.038094339675	DCA	280	126.186240885179
785.714285714286	233.333333333333	85.379495987911	24.6	109.979495987911	DCA	280	129.127642533415
800	233.333333333333	81.1509634986503	24.6	105.75096349865	DCA	140	124.6597744225
814.285714285714	233.333333333333	80.4427717811084	24.6	105.042771781108	DCA	0	105.042771781108
828.571428571429	233.333333333333	83.0436725222515	24.6	107.643672522251	DCA	280	126.791819067755
842.857142857143	233.333333333333	80.0967674554055	24.6	104.696767455406	DCA	70	116.484857330105
857.142857142857	233.333333333333	85.931235409353	24.6	110.531235409353	DCA	280	129.679381954857
871.428571428571	233.333333333333	83.4123609222663	24.6	108.012360922266	DCA	0	108.012360922266
885.714285714286	233.333333333333	82.5534466079206	24.6	107.153446607921	DCA	210	128.515609755372
900	233.333333333333	82.3365105993007	24.6	106.936510599301	DCA	280	126.084657144805
914.285714285714	233.333333333333	81.5367064629423	24.6	106.136706462942	DCA	0	106.136706462942
928.571428571429	233.333333333333	82.7885198848859	24.6	107.388519884886	DCA	140	126.297330808736
942.857142857143	233.333333333333	83.2876146238893	24.6	107.887614623889	DCA	70	119.675704498589
957.142857142857	233.333333333333	75.1713292712559	24.6	99.7713292712559	DCA	0	99.7713292712559
971.428571428571	233.333333333333	79.8059481276608	24.6	104.405948127661	DCA	140	123.314759051511
985.714285714286	233.333333333333	82.007925840615	24.6	106.607925840615	DCA	140	125.516736764465
1000	233.333333333333	77.6172829012518	24.6	102.217282901252	DCA	210	123.579446048703
0	266.666666666667	84.3220234481049	0	84.3220234481049	DCA	140	91.521234371955
14.2857142857143	266.666666666667	82.7568186563761	0	82.7568186563761	DCA	0	82.7568186563761
28.5714285714286	266.666666666667	83.7839378670659	0	83.7839378670659	DCA	210	87.5817010145175
42.8571428571429	266.666666666667	80.4423803795108	0	80.4423803795108	DCA	210	84.2401435269625
57.1428571428571	266.666666666667	80.5248138761104	0	80.5248138761104	DCA	280	76.2537604216143
71.4285714285714	266.666666666667	81.5529675385459	0	81.5529675385459	DCA	0	81.5529675385459
85.7142857142857	266.666666666667	77.8819125886813	0	77.8819125886813	DCA	70	83.815202463381
100	266.666666666667	78.9360862541971	0	78.9360862541971	DCA	280	74.6650327997011
114.285714285714	266.666666666667	75.4542646748372	0	75.4542646748372	DCA	280	71.1832112203411
128.571428571429	266.666666666667	76.4383569299067	0	76.4383569299067	DCA	140	83.6375678537569
142.857142857143	266.666666666667	77.7286730405465	0	77.7286730405465	DCA	140	84.9278839643967
157.142857142857	266.666666666667	76.935018264755	0	76.935018264755	DCA	0	76.935018264755
171.428571428571	266.666666666667	80.5351819235742	0	80.5351819235742	DCA	280	76.2641284690781
185.714285714286	266.666666666667	78.6898276915159	0	78.6898276915159	DCA	0	78.6898276915159
200	266.666666666667	77.3881541767695	0	77.3881541767695	DCA	0	77.3881541767695
214.285714285714	266.666666666667	76.0365262338772	0	76.0365262338772	DCA	210	79.8342893813288
228.571428571429	266.666666666667	79.9927718096725	0	79.9927718096725	DCA	210	83.7905349571242
242.857142857143	266.666666666667	80.1707958386722	0	80.1707958386722	DCA	210	83.9685589861239
257.142857142857	266.666666666667	81.2464707849736	0	81.2464707849736	DCA	70	87.1797606596732
271.428571428571	266.666666666667	80.9471577870901	0	80.9471577870901	DCA	280	76.6761043325941
285.714285714286	266.666666666667	79.3383593451191	0	79.3383593451191	DCA	0	79.3383593451191
300	266.666666666667	80.5282183477619	0	80.5282183477619	DCA	280	76.2571648932659
314.285714285714	266.666666666667	77.9878159855852	0	77.9878159855852	DCA	140	85.1870269094354
328.571428571429	266.666666666667	77.2636844515898	0	77.2636844515898	DCA	140	84.46289537544
342.857142857143	266.666666666667	78.248029507338	0	78.248029507338	DCA	70	84.1813193820377
357.142857142857	266.666666666667	79.8168492445962	0	79.8168492445962	DCA	210	83.6146123920478
371.428571428571	266.666666666667	77.885361954162	0	77.885361954162	DCA	70	83.8186518288617
385.714285714286	266.666666666667	78.3563637031267	0	78.3563637031267	DCA	210	82.1541268505784
400	266.666666666667	78.7426988473463	0	78.7426988473463	DCA	210	82.5404619947979
414.285714285714	266.666666666667	76.2976734716076	0	76.2976734716076	DCA	70	82.2309633463072
428.571428571429	266.666666666667	81.3516655762143	0	81.3516655762143	DCA	0	81.3516655762143
442.857142857143	266.666666666667	76.828719075411	0	76.828719075411	DCA	70	82.7620089501107
457.142857142857	266.666666666667	77.2847589454334	0	77.2847589454334	DCA	140	84.4839698692836
471.428571428571	266.666666666667	76.5584903773084	0	76.5584903773084	DCA	0	76.5584903773084
485.714285714286	266.666666666667	74.2330389213522	0	74.2330389213522	DCA	280	69.9619854668561
500	266.666666666667	74.1395004914697	0	74.1395004914697	DCA	70	80.0727903661694
514.285714285714	266.666666666667	74.9453755053198	24.6	99.5453755053198	DCA	280	118.693522050824
528.571428571429	266.666666666667	76.2366605197552	24.6	100.836660519755	DCA	0	100.836660519755
542.857142857143	266.666666666667	79.1740458655729	24.6	103.774045865573	DCA	140	122.682856789423
557.142857142857	266.666666666667	81.8756340988288	24.6	106.475634098829	DCA	210	127.83779724628
571.428571428571	266.666666666667	83.0106736787627	24.6	107.610673678763	DCA	70	119.398763553462
585.714285714286	266.666666666667	80.8958250971125	24.6	105.495825097113	DCA	140	124.404636020963
600	266.666666666667	78.4145777260892	24.6	103.014577726089	DCA	280	122.162724271593
614.285714285714	266.666666666667	81.7781056904212	24.6	106.378105690421	DCA	210	127.740268837873
628.571428571429	266.666666666667	79.4402741830996	24.6	104.0402741831	DCA	0	104.0402741831
642.857142857143	266.666666666667	77.2470830074503	24.6	101.84708300745	DCA	0	101.84708300745
657.142857142857	266.666666666667	77.4656003805984	24.6	102.065600380598	DCA	280	121.213746926102
671.428571428571	266.666666666667	86.3367390183372	24.6	110.936739018337	DCA	0	110.936739018337
685.714285714286	266.666666666667	81.9181574288036	24.6	106.518157428804	DCA	140	125.426968352654
700	266.666666666667	78.3202699313572	24.6	102.920269931357	DCA	280	122.068416476861
714.285714285714	266.666666666667	75.5249412514333	24.6	100.124941251433	DCA	140	119.033752175284
728.571428571429	266.666666666667	78.7787366324006	24.6	103.378736632401	DCA	70	115.1668265071
742.857142857143	266.666666666667	78.8089702667192	24.6	103.408970266719	DCA	280	122.557116812223
757.142857142857	266.666666666667	78.8556994821935	24.6	103.455699482194	DCA	210	124.817862629645
771.428571428571	266.666666666667	77.5788564027573	24.6	102.178856402757	DCA	140	121.087667326608
785.714285714286	266.666666666667	76.0991566539331	24.6	100.699156653933	DCA	140	119.607967577783
800	266.666666666667	79.2174823967301	24.6	103.81748239673	DCA	0	103.81748239673
814.285714285714	266.666666666667	78.0814544859932	24.6	102.681454485993	DCA	210	124.043617633445
828.571428571429	266.666666666667	76.4158379480119	24.6	101.015837948012	DCA	140	119.924648871862
842.857142857143	266.666666666667	80.3307276399407	24.6	104.930727639941	DCA	140	123.839538563791
857.142857142857	266.666666666667	79.9744303533992	24.6	104.574430353399	DCA	70	116.362520228099
871.428571428571	266.666666666667	81.4807106005637	24.6	106.080710600564	DCA	70	117.868800475263
885.714285714286	266.666666666667	83.8847306832086	24.6	108.484730683209	DCA	210	129.84689383066
900	266.666666666667	82.5049835533861	24.6	107.104983553386	DCA	70	118.893073428086
914.285714285714	266.666666666667	81.4239779114515	24.6	106.023977911451	DCA	210	127.386141058903
928.571428571429	266.666666666667	80.5449229474612	24.6	105.144922947461	DCA	0	105.144922947461
942.857142857143	266.666666666667	82.6733103957773	24.6	107.273310395777	DCA	210	128.635473543229
957.142857142857	266.666666666667	81.0199894524207	24.6	105.619989452421	DCA	140	124.528800376271
971.428571428571	266.666666666667	81.4065538993404	24.6	106.00655389934	DCA	210	127.368717046792
985.714285714286	266.666666666667	79.4093304843303	24.6	104.00933048433	DCA	210	125.371493631782
1000	266.666666666667	77.3155300974064	24.6	101.915530097406	DCA	210	123.277693244858
0	300	84.7866306667269	0	84.7866306667269	DCA	210	88.5843938141785
14.2857142857143	300	84.7304411863911	0	84.7304411863911	DCA	0	84.7304411863911
28.5714285714286	300	81.0079278291902	0	81.0079278291902	DCA	0	81.0079278291902
42.8571428571429	300	80.4056982562893	0	80.4056982562893	DCA	210	84.2034614037409
57.1428571428571	300	81.6777843206942	0	81.6777843206942	DCA	140	88.8769952445444
71.4285714285714	300	81.3638410244161	0	81.3638410244161	DCA	0	81.3638410244161
85.7142857142857	300	79.0469122134343	0	79.0469122134343	DCA	0	79.0469122134343
100	300	80.6064244445298	0	80.6064244445298	DCA	0	80.6064244445298
114.285714285714	300	77.010649008363	0	77.010649008363	DCA	140	84.2098599322132
128.571428571429	300	79.0438369181222	0	79.0438369181222	DCA	210	82.8416000655738
142.857142857143	300	80.7071314224906	0	80.7071314224906	DCA	70	86.6404212971902
157.142857142857	300	78.6934464595477	0	78.6934464595477	DCA	70	84.6267363342473
171.428571428571	300	80.2279608819176	0	80.2279608819176	DCA	280	75.9569074274216
185.714285714286	300	78.4451259305746	0	78.4451259305746	DCA	0	78.4451259305746
200	300	80.5767790927227	0	80.5767790927227	DCA	70	86.5100689674223
214.285714285714	300	76.4518898405487	0	76.4518898405487	DCA	0	76.4518898405487
228.571428571429	300	80.831404453034	0	80.831404453034	DCA	140	88.0306153768842
242.857142857143	300	78.5138215519741	0	78.5138215519741	DCA	210	82.3115846994257
257.142857142857	300	78.4154294374315	0	78.4154294374315	DCA	70	84.3487193121311
271.428571428571	300	78.0419775115377	0	78.0419775115377	DCA	280	73.7709240570417
285.714285714286	300	79.9809326666713	0	79.9809326666713	DCA	140	87.1801435905215
300	300	77.6960117585731	0	77.6960117585731	DCA	280	73.4249583040771
314.285714285714	300	76.6665622207575	0	76.6665622207575	DCA	140	83.8657731446077
328.571428571429	300	74.1792004065336	0	74.1792004065336	DCA	70	80.1124902812332
342.857142857143	300	74.9017835843703	0	74.9017835843703	DCA	70	80.83507345907
357.142857142857	300	80.2806995097407	0	80.2806995097407	DCA	280	76.0096460552446
371.428571428571	300	81.077277119255	0	81.077277119255	DCA	140	88.2764880431051
385.714285714286	300	82.7489513126349	0	82.7489513126349	DCA	0	82.7489513126349
400	300	84.5265721952157	0	84.5265721952157	DCA	210	88.3243353426673
414.285714285714	300	82.0453799042372	0	82.0453799042372	DCA	140	89.2445908280874
428.571428571429	300	79.6854336021946	0	79.6854336021946	DCA	280	75.4143801476985
442.857142857143	300	80.3278921473122	0	80.3278921473122	DCA	0	80.3278921473122
457.142857142857	300	77.7685107652663	0	77.7685107652663	DCA	70	83.7018006399659
471.428571428571	300	79.6120048289411	0	79.6120048289411	DCA	280	75.340951374445
485.714285714286	300	76.8465813281902	0	76.8465813281902	DCA	210	80.6443444756419
500	300	75.8391049784044	0	75.8391049784044	DCA	70	81.772394853104
514.285714285714	300	75.9782354636042	24.6	100.578235463604	DCA	0	100.578235463604
528.571428571429	300	77.0005126092187	24.6	101.600512609219	DCA	210	122.96267575667
542.857142857143	300	75.8375164945481	24.6	100.437516494548	DCA	0	100.437516494548
557.142857142857	300	80.936755165089	24.6	105.536755165089	DCA	280	124.684901710593
571.428571428571	300	78.3016379424702	24.6	102.90163794247	DCA	280	122.049784487974
585.714285714286	300	80.1017141144324	24.6	104.701714114432	DCA	70	116.489803989132
600	300	78.9438540549102	24.6	103.54385405491	DCA	140	122.45266497876
614.285714285714	300	77.6337993492951	24.6	102.233799349295	DCA	210	123.595962496747
628.571428571429	300	82.4481235042768	24.6	107.048123504277	DCA	70	118.836213378976
642.857142857143	300	83.7812696625846	24.6	108.381269662585	DCA	0	108.381269662585
657.142857142857	300	80.8860349297859	24.6	105.486034929786	DCA	0	105.486034929786
671.428571428571	300	80.7288702181083	24.6	105.328870218108	DCA	140	124.237681141958
685.714285714286	300	84.0314642568116	24.6	108.631464256812	DCA	70	120.419554131511
700	300	79.8226966071091	24.6	104.422696607109	DCA	140	123.331507530959
714.285714285714	300	76.446913705853	24.6	101.046913705853	DCA	280	120.195060251357
728.571428571429	300	78.2231977444729	24.6	102.823197744473	DCA	70	114.611287619173
742.857142857143	300	74.2117487068986	24.6	98.8117487068986	DCA	0	98.8117487068986
757.142857142857	300	77.8286368261306	24.6	102.428636826131	DCA	280	121.576783371635
771.428571428571	300	78.5756556569975	24.6	103.175655656998	DCA	210	124.537818804449
785.714285714286	300	78.6289897698045	24.6	103.228989769805	DCA	140	122.137800693655
800	300	79.1054449759989	24.6	103.705444975999	DCA	140	122.614255899849
814.285714285714	300	80.50879029288	24.6	105.10879029288	DCA	0	105.10879029288
828.571428571429	300	77.6164561167525	24.6	102.216456116753	DCA	210	123.578619264204
842.857142857143	300	81.1061577850935	24.6	105.706157785093	DCA	210	127.068320932545
857.142857142857	300	81.14230214632	24.6	105.74230214632	DCA	0	105.74230214632
871.428571428571	300	83.2466033556036	24.6	107.846603355604	DCA	0	107.846603355604
885.714285714286	300	84.0632979806923	24.6	108.663297980692	DCA	0	108.663297980692
900	300	80.4117048499325	24.6	105.011704849933	DCA	210	126.373867997384
914.285714285714	300	79.9951064663712	24.6	104.595106466371	DCA	280	123.743253011875
928.571428571429	300	79.9890252534911	24.6	104.589025253491	DCA	70	116.377115128191
942.857142857143	300	81.6021114110893	24.6	106.202111411089	DCA	70	117.990201285789
957.142857142857	300	77.5947187482879	24.6	102.194718748288	DCA	210	123.556881895739
971.428571428571	300	76.9435774638332	24.6	101.543577463833	DCA	0	101.543577463833
985.714285714286	300	75.3670454255382	24.6	99.9670454255382	DCA	70	111.755135300238
1000	300	76.6079602834229	24.6	101.207960283423	DCA	140	120.116771207273
