x	y	variable1	Zona	ErrorConEfecto	Disenio	AsigTrat	MiRto
0	0	78.1113871758633	0	78.1113871758633	DCA	140	85.7386432315312
14.2857142857143	0	76.0038012820339	0	76.0038012820339	DCA	70	81.824621661725
28.5714285714286	0	81.8438349133366	0	81.8438349133366	DCA	70	87.6646552930277
42.8571428571429	0	84.4337500136432	0	84.4337500136432	DCA	0	84.4337500136432
57.1428571428571	0	78.917003618473	0	78.917003618473	DCA	280	78.1139769149513
71.4285714285714	0	78.6736888904061	0	78.6736888904061	DCA	280	77.8706621868843
85.7142857142857	0	79.5501792154989	0	79.5501792154989	DCA	210	84.9694862434292
100	0	77.8480283435865	0	77.8480283435865	DCA	210	83.2673353715168
114.285714285714	0	81.2767281798838	0	81.2767281798838	DCA	280	80.4737014763621
128.571428571429	0	85.8851102518806	0	85.8851102518806	DCA	210	91.3044172798109
142.857142857143	0	82.8752008354323	0	82.8752008354323	DCA	0	82.8752008354323
157.142857142857	0	75.1482750786326	0	75.1482750786326	DCA	0	75.1482750786326
171.428571428571	0	77.0876283952731	0	77.0876283952731	DCA	140	84.714884450941
185.714285714286	0	76.7025928133876	0	76.7025928133876	DCA	0	76.7025928133876
200	0	78.2025411943285	0	78.2025411943285	DCA	140	85.8297972499964
214.285714285714	0	77.3010715998679	0	77.3010715998679	DCA	210	82.7203786277982
228.571428571429	0	80.2446153842121	0	80.2446153842121	DCA	210	85.6639224121424
242.857142857143	0	79.7749766345728	0	79.7749766345728	DCA	0	79.7749766345728
257.142857142857	0	82.0667557848921	0	82.0667557848921	DCA	280	81.2637290813703
271.428571428571	0	82.5048655379738	0	82.5048655379738	DCA	140	90.1321215936418
285.714285714286	0	79.9875295601425	0	79.9875295601425	DCA	0	79.9875295601425
300	0	76.6908306512349	0	76.6908306512349	DCA	210	82.1101376791652
314.285714285714	0	79.9333634367959	0	79.9333634367959	DCA	210	85.3526704647262
328.571428571429	0	81.482726975971	0	81.482726975971	DCA	70	87.3035473556622
342.857142857143	0	81.0381922444679	0	81.0381922444679	DCA	140	88.6654483001359
357.142857142857	0	79.6127314201505	0	79.6127314201505	DCA	0	79.6127314201505
371.428571428571	0	74.4723820584702	0	74.4723820584702	DCA	210	79.8916890864005
385.714285714286	0	73.739082577369	0	73.739082577369	DCA	140	81.3663386330369
400	0	76.5933041887446	0	76.5933041887446	DCA	70	82.4141245684358
414.285714285714	0	76.8202678480004	0	76.8202678480004	DCA	0	76.8202678480004
428.571428571429	0	79.5964807678094	0	79.5964807678094	DCA	280	78.7934540642877
442.857142857143	0	80.6822353804729	0	80.6822353804729	DCA	70	86.5030557601641
457.142857142857	0	78.3605195271647	0	78.3605195271647	DCA	0	78.3605195271647
471.428571428571	0	75.4239993099254	0	75.4239993099254	DCA	0	75.4239993099254
485.714285714286	0	77.9851884767938	0	77.9851884767938	DCA	0	77.9851884767938
500	0	77.9065536233277	0	77.9065536233277	DCA	210	83.325860651258
514.285714285714	0	78.0399293184354	24.6	102.639929318435	DCA	140	121.976785374103
528.571428571429	0	79.6311568766765	24.6	104.231156876677	DCA	140	123.568012932344
542.857142857143	0	80.9833376811494	24.6	105.583337681149	DCA	0	105.583337681149
557.142857142857	0	80.5105018496749	24.6	105.110501849675	DCA	0	105.110501849675
571.428571428571	0	81.3850123637764	24.6	105.985012363776	DCA	70	117.660632743468
585.714285714286	0	80.3951274213739	24.6	104.995127421374	DCA	210	127.978834449304
600	0	75.4056375946021	24.6	100.005637594602	DCA	210	122.989344622532
614.285714285714	0	75.9418596119095	24.6	100.541859611909	DCA	210	123.52556663984
628.571428571429	0	78.844736283135	24.6	103.444736283135	DCA	280	126.060909579613
642.857142857143	0	79.1044193738907	24.6	103.704419373891	DCA	70	115.380039753582
657.142857142857	0	74.2044886158961	24.6	98.8044886158961	DCA	210	121.788195643826
671.428571428571	0	79.6693672778329	24.6	104.269367277833	DCA	70	115.944987657524
685.714285714286	0	76.1926010739456	24.6	100.792601073946	DCA	0	100.792601073946
700	0	74.2416752112671	24.6	98.8416752112671	DCA	0	98.8416752112671
714.285714285714	0	71.7264712310722	24.6	96.3264712310722	DCA	210	119.310178259003
728.571428571429	0	75.899685562447	24.6	100.499685562447	DCA	0	100.499685562447
742.857142857143	0	77.8419814015466	24.6	102.441981401547	DCA	140	121.778837457215
757.142857142857	0	73.2723968348097	24.6	97.8723968348097	DCA	280	120.488570131288
771.428571428571	0	75.9917920803688	24.6	100.591792080369	DCA	140	119.928648136037
785.714285714286	0	75.8810190290277	24.6	100.481019029028	DCA	140	119.817875084696
800	0	74.606720545691	24.6	99.206720545691	DCA	210	122.190427573621
814.285714285714	0	72.7213588806089	24.6	97.3213588806089	DCA	210	120.305065908539
828.571428571429	0	78.3705420680478	24.6	102.970542068048	DCA	280	125.586715364526
842.857142857143	0	80.166025892215	24.6	104.766025892215	DCA	210	127.749732920145
857.142857142857	0	78.815490265883	24.6	103.415490265883	DCA	70	115.091110645574
871.428571428571	0	77.0256323961327	24.6	101.625632396133	DCA	280	124.241805692611
885.714285714286	0	76.414833494214	24.6	101.014833494214	DCA	0	101.014833494214
900	0	77.2492481226602	24.6	101.84924812266	DCA	280	124.465421419139
914.285714285714	0	74.0746097087564	24.6	98.6746097087563	DCA	70	110.350230088448
928.571428571429	0	73.1595106275337	24.6	97.7595106275337	DCA	70	109.435131007225
942.857142857143	0	74.5320246450958	24.6	99.1320246450958	DCA	210	122.115731673026
957.142857142857	0	73.0805674521316	24.6	97.6805674521316	DCA	280	120.29674074861
971.428571428571	0	75.3518494526319	24.6	99.9518494526319	DCA	70	111.627469832323
985.714285714286	0	78.7335286100433	24.6	103.333528610043	DCA	70	115.009148989734
1000	0	75.8617512392115	24.6	100.461751239211	DCA	210	123.445458267142
0	33.3333333333333	78.7742523015088	0	78.7742523015088	DCA	140	86.4015083571767
14.2857142857143	33.3333333333333	79.0829116701578	0	79.0829116701578	DCA	140	86.7101677258257
28.5714285714286	33.3333333333333	81.3768353378608	0	81.3768353378608	DCA	210	86.7961423657911
42.8571428571429	33.3333333333333	81.2162632694275	0	81.2162632694275	DCA	210	86.6355702973578
57.1428571428571	33.3333333333333	77.8119765911262	0	77.8119765911262	DCA	280	77.0089498876044
71.4285714285714	33.3333333333333	78.1028638981288	0	78.1028638981288	DCA	70	83.9236842778199
85.7142857142857	33.3333333333333	76.904127491518	0	76.904127491518	DCA	0	76.904127491518
100	33.3333333333333	81.2541283661757	0	81.2541283661757	DCA	280	80.4511016626539
114.285714285714	33.3333333333333	81.828948505208	0	81.828948505208	DCA	0	81.828948505208
128.571428571429	33.3333333333333	78.7784063861451	0	78.7784063861451	DCA	70	84.5992267658363
142.857142857143	33.3333333333333	76.5838262756078	0	76.5838262756078	DCA	280	75.7807995720861
157.142857142857	33.3333333333333	82.0019830154259	0	82.0019830154259	DCA	70	87.8228033951171
171.428571428571	33.3333333333333	79.7016095225515	0	79.7016095225515	DCA	210	85.1209165504818
185.714285714286	33.3333333333333	80.8246855671757	0	80.8246855671757	DCA	210	86.243992595106
200	33.3333333333333	78.9373094645971	0	78.9373094645971	DCA	210	84.3566164925274
214.285714285714	33.3333333333333	81.6099074484499	0	81.6099074484499	DCA	140	89.2371635041178
228.571428571429	33.3333333333333	81.9088044013753	0	81.9088044013753	DCA	70	87.7296247810665
242.857142857143	33.3333333333333	83.1588776286246	0	83.1588776286246	DCA	210	88.5781846565549
257.142857142857	33.3333333333333	82.9149524322447	0	82.9149524322447	DCA	210	88.334259460175
271.428571428571	33.3333333333333	78.257870966468	0	78.257870966468	DCA	280	77.4548442629462
285.714285714286	33.3333333333333	78.0410896298246	0	78.0410896298246	DCA	280	77.2380629263028
300	33.3333333333333	77.343444508709	0	77.343444508709	DCA	70	83.1642648884002
314.285714285714	33.3333333333333	77.1810580384056	0	77.1810580384056	DCA	0	77.1810580384056
328.571428571429	33.3333333333333	77.6061919286934	0	77.6061919286934	DCA	140	85.2334479843614
342.857142857143	33.3333333333333	76.970528195709	0	76.970528195709	DCA	140	84.597784251377
357.142857142857	33.3333333333333	75.7845653389435	0	75.7845653389435	DCA	70	81.6053857186346
371.428571428571	33.3333333333333	73.8323986325889	0	73.8323986325889	DCA	70	79.6532190122801
385.714285714286	33.3333333333333	75.8622733972647	0	75.8622733972647	DCA	0	75.8622733972647
400	33.3333333333333	75.3886715502481	0	75.3886715502481	DCA	0	75.3886715502481
414.285714285714	33.3333333333333	77.2429580264167	0	77.2429580264167	DCA	70	83.0637784061079
428.571428571429	33.3333333333333	78.4866478925518	0	78.4866478925518	DCA	280	77.68362118903
442.857142857143	33.3333333333333	75.4529624969996	0	75.4529624969996	DCA	280	74.6499357934779
457.142857142857	33.3333333333333	75.7662021159574	0	75.7662021159574	DCA	280	74.9631754124357
471.428571428571	33.3333333333333	73.4577434269073	0	73.4577434269073	DCA	70	79.2785638065984
485.714285714286	33.3333333333333	74.4901265443947	0	74.4901265443947	DCA	140	82.1173826000627
500	33.3333333333333	76.8795244917246	0	76.8795244917246	DCA	140	84.5067805473925
514.285714285714	33.3333333333333	76.7175368915396	24.6	101.31753689154	DCA	70	112.993157271231
528.571428571429	33.3333333333333	80.0186532464087	24.6	104.618653246409	DCA	280	127.234826542887
542.857142857143	33.3333333333333	80.2768953545442	24.6	104.876895354544	DCA	210	127.860602382474
557.142857142857	33.3333333333333	77.1585190192059	24.6	101.758519019206	DCA	140	121.095375074874
571.428571428571	33.3333333333333	80.0637907388805	24.6	104.663790738881	DCA	0	104.663790738881
585.714285714286	33.3333333333333	83.3625332084775	24.6	107.962533208478	DCA	210	130.946240236408
600	33.3333333333333	80.767587745746	24.6	105.367587745746	DCA	70	117.043208125437
614.285714285714	33.3333333333333	79.0394824258215	24.6	103.639482425822	DCA	70	115.315102805513
628.571428571429	33.3333333333333	80.8326354864671	24.6	105.432635486467	DCA	210	128.416342514397
642.857142857143	33.3333333333333	79.7570670087197	24.6	104.35706700872	DCA	280	126.973240305198
657.142857142857	33.3333333333333	81.0965398022699	24.6	105.69653980227	DCA	280	128.312713098748
671.428571428571	33.3333333333333	78.24214995002	24.6	102.84214995002	DCA	140	122.179006005688
685.714285714286	33.3333333333333	75.0755790929556	24.6	99.6755790929556	DCA	70	111.351199472647
700	33.3333333333333	75.1802668574087	24.6	99.7802668574087	DCA	210	122.763973885339
714.285714285714	33.3333333333333	72.9486885403496	24.6	97.5486885403496	DCA	210	120.53239556828
728.571428571429	33.3333333333333	76.3724114924509	24.6	100.972411492451	DCA	140	120.309267548119
742.857142857143	33.3333333333333	73.5551360525853	24.6	98.1551360525853	DCA	70	109.830756432276
757.142857142857	33.3333333333333	78.13579685462	24.6	102.73579685462	DCA	210	125.71950388255
771.428571428571	33.3333333333333	77.4847583206376	24.6	102.084758320638	DCA	0	102.084758320638
785.714285714286	33.3333333333333	78.7087783580784	24.6	103.308778358078	DCA	70	114.98439873777
800	33.3333333333333	73.9705703126797	24.6	98.5705703126797	DCA	70	110.246190692371
814.285714285714	33.3333333333333	76.9247819080959	24.6	101.524781908096	DCA	70	113.200402287787
828.571428571429	33.3333333333333	76.205075266985	24.6	100.805075266985	DCA	210	123.788782294915
842.857142857143	33.3333333333333	76.4369173695927	24.6	101.036917369593	DCA	70	112.712537749284
857.142857142857	33.3333333333333	80.2245086817711	24.6	104.824508681771	DCA	280	127.440681978249
871.428571428571	33.3333333333333	79.2239749493097	24.6	103.82397494931	DCA	210	126.80768197724
885.714285714286	33.3333333333333	74.8097082051979	24.6	99.4097082051979	DCA	140	118.746564260866
900	33.3333333333333	75.1445436323463	24.6	99.7445436323463	DCA	70	111.420164012037
914.285714285714	33.3333333333333	75.4120286929037	24.6	100.012028692904	DCA	140	119.348884748572
928.571428571429	33.3333333333333	80.9641646753126	24.6	105.564164675313	DCA	210	128.547871703243
942.857142857143	33.3333333333333	77.1252715439775	24.6	101.725271543978	DCA	0	101.725271543978
957.142857142857	33.3333333333333	76.9251335028466	24.6	101.525133502847	DCA	210	124.508840530777
971.428571428571	33.3333333333333	77.7172133982112	24.6	102.317213398211	DCA	280	124.933386694689
985.714285714286	33.3333333333333	78.024187659478	24.6	102.624187659478	DCA	280	125.240360955956
1000	33.3333333333333	76.5271457447713	24.6	101.127145744771	DCA	280	123.74331904125
0	66.6666666666667	80.6879310892277	0	80.6879310892277	DCA	70	86.5087514689188
14.2857142857143	66.6666666666667	77.3347276407086	0	77.3347276407086	DCA	210	82.7540346686389
28.5714285714286	66.6666666666667	78.6208014420293	0	78.6208014420293	DCA	0	78.6208014420293
42.8571428571429	66.6666666666667	77.9133966016401	0	77.9133966016401	DCA	70	83.7342169813312
57.1428571428571	66.6666666666667	77.2038013281966	0	77.2038013281966	DCA	70	83.0246217078877
71.4285714285714	66.6666666666667	79.4003192111575	0	79.4003192111575	DCA	140	87.0275752668254
85.7142857142857	66.6666666666667	80.3460424280008	0	80.3460424280008	DCA	0	80.3460424280008
100	66.6666666666667	78.8705175191757	0	78.8705175191757	DCA	70	84.6913378988669
114.285714285714	66.6666666666667	77.9616110038779	0	77.9616110038779	DCA	280	77.1585843003562
128.571428571429	66.6666666666667	78.8686625254738	0	78.8686625254738	DCA	210	84.2879695534041
142.857142857143	66.6666666666667	78.7745944629976	0	78.7745944629976	DCA	280	77.9715677594758
157.142857142857	66.6666666666667	79.6775609781586	0	79.6775609781586	DCA	70	85.4983813578498
171.428571428571	66.6666666666667	82.3945093102063	0	82.3945093102063	DCA	210	87.8138163381366
185.714285714286	66.6666666666667	79.7116221794961	0	79.7116221794961	DCA	210	85.1309292074264
200	66.6666666666667	79.6230478065236	0	79.6230478065236	DCA	0	79.6230478065236
214.285714285714	66.6666666666667	79.8633866922201	0	79.8633866922201	DCA	70	85.6842070719113
228.571428571429	66.6666666666667	80.0083482228009	0	80.0083482228009	DCA	280	79.2053215192792
242.857142857143	66.6666666666667	80.9599249080209	0	80.9599249080209	DCA	0	80.9599249080209
257.142857142857	66.6666666666667	82.2999116133635	0	82.2999116133635	DCA	140	89.9271676690314
271.428571428571	66.6666666666667	80.1990988651736	0	80.1990988651736	DCA	280	79.3960721616518
285.714285714286	66.6666666666667	78.771100630163	0	78.771100630163	DCA	210	84.1904076580933
300	66.6666666666667	74.3647559851663	0	74.3647559851663	DCA	140	81.9920120408342
314.285714285714	66.6666666666667	75.996739385962	0	75.996739385962	DCA	140	83.62399544163
328.571428571429	66.6666666666667	79.7986743696231	0	79.7986743696231	DCA	210	85.2179813975534
342.857142857143	66.6666666666667	78.4413469930422	0	78.4413469930422	DCA	210	83.8606540209725
357.142857142857	66.6666666666667	76.4328214077923	0	76.4328214077923	DCA	140	84.0600774634602
371.428571428571	66.6666666666667	74.8414486762413	0	74.8414486762413	DCA	70	80.6622690559325
385.714285714286	66.6666666666667	75.9164311782121	0	75.9164311782121	DCA	280	75.1134044746903
400	66.6666666666667	76.7523902170056	0	76.7523902170056	DCA	210	82.1716972449359
414.285714285714	66.6666666666667	77.2770860951202	0	77.2770860951202	DCA	210	82.6963931230505
428.571428571429	66.6666666666667	73.461749719514	0	73.461749719514	DCA	0	73.461749719514
442.857142857143	66.6666666666667	77.9863985295676	0	77.9863985295676	DCA	140	85.6136545852355
457.142857142857	66.6666666666667	75.9139711098618	0	75.9139711098618	DCA	140	83.5412271655297
471.428571428571	66.6666666666667	74.1725479781189	0	74.1725479781189	DCA	0	74.1725479781189
485.714285714286	66.6666666666667	78.3091359631588	0	78.3091359631588	DCA	70	84.1299563428499
500	66.6666666666667	81.5569001175802	0	81.5569001175802	DCA	210	86.9762071455105
514.285714285714	66.6666666666667	80.2039606073998	24.6	104.8039606074	DCA	210	127.78766763533
528.571428571429	66.6666666666667	79.5970893753766	24.6	104.197089375377	DCA	280	126.813262671855
542.857142857143	66.6666666666667	80.1203077626893	24.6	104.720307762689	DCA	140	124.057163818357
557.142857142857	66.6666666666667	78.0193653899461	24.6	102.619365389946	DCA	0	102.619365389946
571.428571428571	66.6666666666667	80.9130776438628	24.6	105.513077643863	DCA	280	128.129250940341
585.714285714286	66.6666666666667	78.1058294745241	24.6	102.705829474524	DCA	70	114.381449854215
600	66.6666666666667	79.4999568601433	24.6	104.099956860143	DCA	210	127.083663888074
614.285714285714	66.6666666666667	81.1340857179025	24.6	105.734085717902	DCA	0	105.734085717902
628.571428571429	66.6666666666667	84.3619144475143	24.6	108.961914447514	DCA	280	131.578087743993
642.857142857143	66.6666666666667	81.3447489823375	24.6	105.944748982337	DCA	0	105.944748982337
657.142857142857	66.6666666666667	80.2561247922582	24.6	104.856124792258	DCA	0	104.856124792258
671.428571428571	66.6666666666667	80.0383138752071	24.6	104.638313875207	DCA	140	123.975169930875
685.714285714286	66.6666666666667	76.5938104815647	24.6	101.193810481565	DCA	280	123.809983778043
700	66.6666666666667	81.0921677892809	24.6	105.692167789281	DCA	0	105.692167789281
714.285714285714	66.6666666666667	79.5652561533902	24.6	104.16525615339	DCA	140	123.502112209058
728.571428571429	66.6666666666667	78.8900204788457	24.6	103.490020478846	DCA	140	122.826876534514
742.857142857143	66.6666666666667	79.4440111140827	24.6	104.044011114083	DCA	70	115.719631493774
757.142857142857	66.6666666666667	77.6597265134137	24.6	102.259726513414	DCA	210	125.243433541344
771.428571428571	66.6666666666667	72.9554080737634	24.6	97.5554080737634	DCA	210	120.539115101694
785.714285714286	66.6666666666667	74.9025528691577	24.6	99.5025528691577	DCA	70	111.178173248849
800	66.6666666666667	75.8255749365458	24.6	100.425574936546	DCA	140	119.762430992214
814.285714285714	66.6666666666667	72.2197959591349	24.6	96.8197959591349	DCA	70	108.495416338826
828.571428571429	66.6666666666667	73.3269959644765	24.6	97.9269959644765	DCA	0	97.9269959644765
842.857142857143	66.6666666666667	73.2177481009671	24.6	97.8177481009671	DCA	210	120.801455128897
857.142857142857	66.6666666666667	75.44945151915	24.6	100.04945151915	DCA	210	123.03315854708
871.428571428571	66.6666666666667	75.8156638862259	24.6	100.415663886226	DCA	280	123.031837182704
885.714285714286	66.6666666666667	71.5143642766217	24.6	96.1143642766217	DCA	0	96.1143642766217
900	66.6666666666667	76.4722718636575	24.6	101.072271863658	DCA	70	112.747892243349
914.285714285714	66.6666666666667	77.1420532548162	24.6	101.742053254816	DCA	210	124.725760282747
928.571428571429	66.6666666666667	80.0009748704775	24.6	104.600974870478	DCA	140	123.937830926145
942.857142857143	66.6666666666667	81.6503102274779	24.6	106.250310227478	DCA	0	106.250310227478
957.142857142857	66.6666666666667	79.4229639315279	24.6	104.022963931528	DCA	0	104.022963931528
971.428571428571	66.6666666666667	81.1188157609386	24.6	105.718815760939	DCA	70	117.39443614063
985.714285714286	66.6666666666667	78.2671141401264	24.6	102.867114140126	DCA	0	102.867114140126
1000	66.6666666666667	77.2147818714851	24.6	101.814781871485	DCA	70	113.490402251176
0	100	81.5709749380011	0	81.5709749380011	DCA	280	80.7679482344794
14.2857142857143	100	83.5964189398182	0	83.5964189398182	DCA	140	91.2236749954861
28.5714285714286	100	82.009417924457	0	82.009417924457	DCA	280	81.2063912209353
42.8571428571429	100	83.0693231400762	0	83.0693231400762	DCA	210	88.4886301680066
57.1428571428571	100	85.2228015579473	0	85.2228015579473	DCA	70	91.0436219376384
71.4285714285714	100	82.6808691873698	0	82.6808691873698	DCA	140	90.3081252430378
85.7142857142857	100	81.6553214054718	0	81.6553214054718	DCA	210	87.0746284334021
100	100	84.8612032622551	0	84.8612032622551	DCA	0	84.8612032622551
114.285714285714	100	76.564916690681	0	76.564916690681	DCA	70	82.3857370703721
128.571428571429	100	75.9468382604276	0	75.9468382604276	DCA	280	75.1438115569058
142.857142857143	100	80.9586080803784	0	80.9586080803784	DCA	280	80.1555813768567
157.142857142857	100	79.2887487172715	0	79.2887487172715	DCA	0	79.2887487172715
171.428571428571	100	79.9440766066089	0	79.9440766066089	DCA	210	85.3633836345392
185.714285714286	100	80.2956783133359	0	80.2956783133359	DCA	280	79.4926516098142
200	100	81.7323302120941	0	81.7323302120941	DCA	70	87.5531505917852
214.285714285714	100	79.9632120522167	0	79.9632120522167	DCA	70	85.7840324319079
228.571428571429	100	78.1433041059184	0	78.1433041059184	DCA	0	78.1433041059184
242.857142857143	100	79.1026652851046	0	79.1026652851046	DCA	280	78.2996385815828
257.142857142857	100	78.9600341586818	0	78.9600341586818	DCA	0	78.9600341586818
271.428571428571	100	79.2661806436962	0	79.2661806436962	DCA	210	84.6854876716265
285.714285714286	100	77.1866183543785	0	77.1866183543785	DCA	70	83.0074387340697
300	100	78.2162466298591	0	78.2162466298591	DCA	280	77.4132199263373
314.285714285714	100	79.9383992425616	0	79.9383992425616	DCA	70	85.7592196222528
328.571428571429	100	76.9214420546201	0	76.9214420546201	DCA	280	76.1184153510983
342.857142857143	100	77.6792771266153	0	77.6792771266153	DCA	0	77.6792771266153
357.142857142857	100	81.1542347407577	0	81.1542347407577	DCA	70	86.9750551204489
371.428571428571	100	76.470120472503	0	76.470120472503	DCA	210	81.8894275004333
385.714285714286	100	77.7649761418434	0	77.7649761418434	DCA	280	76.9619494383217
400	100	73.8682814255836	0	73.8682814255836	DCA	70	79.6891018052748
414.285714285714	100	78.3897254317723	0	78.3897254317723	DCA	70	84.2105458114634
428.571428571429	100	75.4808942270681	0	75.4808942270681	DCA	140	83.1081502827361
442.857142857143	100	74.9778508995405	0	74.9778508995405	DCA	0	74.9778508995405
457.142857142857	100	72.1297993530319	0	72.1297993530319	DCA	280	71.3267726495101
471.428571428571	100	75.9563442943958	0	75.9563442943958	DCA	210	81.3756513223261
485.714285714286	100	77.5974434702093	0	77.5974434702093	DCA	140	85.2246995258772
500	100	78.7874422550823	0	78.7874422550823	DCA	0	78.7874422550823
514.285714285714	100	78.7350757174392	24.6	103.335075717439	DCA	140	122.671931773107
528.571428571429	100	78.2092927963551	24.6	102.809292796355	DCA	210	125.792999824285
542.857142857143	100	76.6581341105197	24.6	101.25813411052	DCA	280	123.874307406998
557.142857142857	100	77.8996888053766	24.6	102.499688805377	DCA	0	102.499688805377
571.428571428571	100	80.5128578590527	24.6	105.112857859053	DCA	0	105.112857859053
585.714285714286	100	77.5132122814238	24.6	102.113212281424	DCA	70	113.788832661115
600	100	78.4899713002599	24.6	103.08997130026	DCA	140	122.426827355928
614.285714285714	100	79.8064563570816	24.6	104.406456357082	DCA	280	127.02262965356
628.571428571429	100	79.118261359056	24.6	103.718261359056	DCA	0	103.718261359056
642.857142857143	100	81.4543107853994	24.6	106.054310785399	DCA	0	106.054310785399
657.142857142857	100	80.3807634879937	24.6	104.980763487994	DCA	210	127.964470515924
671.428571428571	100	84.3161983871713	24.6	108.916198387171	DCA	210	131.899905415102
685.714285714286	100	80.6653636103226	24.6	105.265363610323	DCA	140	124.602219665991
700	100	78.0852174869818	24.6	102.685217486982	DCA	0	102.685217486982
714.285714285714	100	80.8331889650639	24.6	105.433188965064	DCA	140	124.770045020732
728.571428571429	100	80.8266092319691	24.6	105.426609231969	DCA	0	105.426609231969
742.857142857143	100	81.709498398648	24.6	106.309498398648	DCA	0	106.309498398648
757.142857142857	100	79.9292772527567	24.6	104.529277252757	DCA	280	127.145450549235
771.428571428571	100	76.5242155937618	24.6	101.124215593762	DCA	70	112.799835973453
785.714285714286	100	73.8671268531546	24.6	98.4671268531546	DCA	140	117.803982908823
800	100	72.1014970686634	24.6	96.7014970686634	DCA	210	119.685204096594
814.285714285714	100	72.2787706187767	24.6	96.8787706187767	DCA	70	108.554390998468
828.571428571429	100	74.6704557463983	24.6	99.2704557463983	DCA	0	99.2704557463983
842.857142857143	100	75.4095091060234	24.6	100.009509106023	DCA	0	100.009509106023
857.142857142857	100	75.1020358698096	24.6	99.7020358698096	DCA	140	119.038891925478
871.428571428571	100	76.891449457588	24.6	101.491449457588	DCA	210	124.475156485518
885.714285714286	100	75.9361151661519	24.6	100.536115166152	DCA	280	123.15228846263
900	100	78.3623875440867	24.6	102.962387544087	DCA	140	122.299243599755
914.285714285714	100	77.6576985899017	24.6	102.257698589902	DCA	280	124.87387188638
928.571428571429	100	80.0171996124266	24.6	104.617199612427	DCA	140	123.954055668095
942.857142857143	100	81.8823185200965	24.6	106.482318520096	DCA	0	106.482318520096
957.142857142857	100	81.9375209337054	24.6	106.537520933705	DCA	0	106.537520933705
971.428571428571	100	81.2284050675927	24.6	105.828405067593	DCA	210	128.812112095523
985.714285714286	100	80.9031815588274	24.6	105.503181558827	DCA	0	105.503181558827
1000	100	82.4541440847532	24.6	107.054144084753	DCA	280	129.670317381231
0	133.333333333333	79.888325076593	0	79.888325076593	DCA	140	87.5155811322609
14.2857142857143	133.333333333333	80.8842935098817	0	80.8842935098817	DCA	0	80.8842935098817
28.5714285714286	133.333333333333	80.1201626968746	0	80.1201626968746	DCA	210	85.5394697248049
42.8571428571429	133.333333333333	78.3961474780081	0	78.3961474780081	DCA	0	78.3961474780081
57.1428571428571	133.333333333333	82.0101742977959	0	82.0101742977959	DCA	140	89.6374303534638
71.4285714285714	133.333333333333	83.3772960525405	0	83.3772960525405	DCA	0	83.3772960525405
85.7142857142857	133.333333333333	83.2802566196276	0	83.2802566196276	DCA	280	82.4772299161059
100	133.333333333333	81.9895403470405	0	81.9895403470405	DCA	280	81.1865136435188
114.285714285714	133.333333333333	78.1274017992605	0	78.1274017992605	DCA	140	85.7546578549284
128.571428571429	133.333333333333	81.8854718171817	0	81.8854718171817	DCA	210	87.304778845112
142.857142857143	133.333333333333	78.2172470869484	0	78.2172470869484	DCA	70	84.0380674666395
157.142857142857	133.333333333333	79.2847836777682	0	79.2847836777682	DCA	280	78.4817569742465
171.428571428571	133.333333333333	77.4428156901311	0	77.4428156901311	DCA	210	82.8621227180614
185.714285714286	133.333333333333	83.0652746082236	0	83.0652746082236	DCA	280	82.2622479047019
200	133.333333333333	79.7161139091651	0	79.7161139091651	DCA	280	78.9130872056434
214.285714285714	133.333333333333	77.235300386945	0	77.235300386945	DCA	140	84.8625564426129
228.571428571429	133.333333333333	78.3874715539623	0	78.3874715539623	DCA	70	84.2082919336535
242.857142857143	133.333333333333	78.7608984082234	0	78.7608984082234	DCA	0	78.7608984082234
257.142857142857	133.333333333333	82.3968726386044	0	82.3968726386044	DCA	70	88.2176930182956
271.428571428571	133.333333333333	77.522911787734	0	77.522911787734	DCA	210	82.9422188156643
285.714285714286	133.333333333333	76.3530174225386	0	76.3530174225386	DCA	0	76.3530174225386
300	133.333333333333	76.6584355075825	0	76.6584355075825	DCA	210	82.0777425355128
314.285714285714	133.333333333333	78.1922929884076	0	78.1922929884076	DCA	0	78.1922929884076
328.571428571429	133.333333333333	77.3085244604497	0	77.3085244604497	DCA	140	84.9357805161176
342.857142857143	133.333333333333	79.5161927305559	0	79.5161927305559	DCA	0	79.5161927305559
357.142857142857	133.333333333333	76.7723423584484	0	76.7723423584484	DCA	280	75.9693156549267
371.428571428571	133.333333333333	79.7193935761143	0	79.7193935761143	DCA	140	87.3466496317822
385.714285714286	133.333333333333	76.9964594809203	0	76.9964594809203	DCA	210	82.4157665088506
400	133.333333333333	76.2980811921386	0	76.2980811921386	DCA	210	81.7173882200689
414.285714285714	133.333333333333	74.8353237585843	0	74.8353237585843	DCA	280	74.0322970550626
428.571428571429	133.333333333333	74.1561070051617	0	74.1561070051617	DCA	0	74.1561070051617
442.857142857143	133.333333333333	72.9879336054026	0	72.9879336054026	DCA	0	72.9879336054026
457.142857142857	133.333333333333	72.5637710301614	0	72.5637710301614	DCA	210	77.9830780580917
471.428571428571	133.333333333333	74.1207427189026	0	74.1207427189026	DCA	140	81.7479987745705
485.714285714286	133.333333333333	76.0942320006789	0	76.0942320006789	DCA	210	81.5135390286092
500	133.333333333333	77.5199113489165	0	77.5199113489165	DCA	0	77.5199113489165
514.285714285714	133.333333333333	78.4628769706807	24.6	103.062876970681	DCA	210	126.046583998611
528.571428571429	133.333333333333	80.1014099670589	24.6	104.701409967059	DCA	210	127.685116994989
542.857142857143	133.333333333333	80.4137328232685	24.6	105.013732823268	DCA	70	116.68935320296
557.142857142857	133.333333333333	78.8987759169136	24.6	103.498775916914	DCA	70	115.174396296605
571.428571428571	133.333333333333	74.6397157180714	24.6	99.2397157180714	DCA	280	121.85588901455
585.714285714286	133.333333333333	75.8256277616451	24.6	100.425627761645	DCA	280	123.041801058123
600	133.333333333333	78.2682183096224	24.6	102.868218309622	DCA	280	125.484391606101
614.285714285714	133.333333333333	78.5918125225239	24.6	103.191812522524	DCA	70	114.867432902215
628.571428571429	133.333333333333	78.8331220720996	24.6	103.4331220721	DCA	70	115.108742451791
642.857142857143	133.333333333333	77.9534476794617	24.6	102.553447679462	DCA	210	125.537154707392
657.142857142857	133.333333333333	81.5764782557081	24.6	106.176478255708	DCA	140	125.513334311376
671.428571428571	133.333333333333	81.4896921180796	24.6	106.08969211808	DCA	280	128.705865414558
685.714285714286	133.333333333333	77.7387081627742	24.6	102.338708162774	DCA	70	114.014328542465
700	133.333333333333	80.1252625475738	24.6	104.725262547574	DCA	70	116.400882927265
714.285714285714	133.333333333333	84.0746403696701	24.6	108.67464036967	DCA	140	128.011496425338
728.571428571429	133.333333333333	80.6483785852755	24.6	105.248378585275	DCA	140	124.585234640943
742.857142857143	133.333333333333	77.4040274835082	24.6	102.004027483508	DCA	140	121.340883539176
757.142857142857	133.333333333333	77.7421336985688	24.6	102.342133698569	DCA	280	124.958306995047
771.428571428571	133.333333333333	79.6126211565689	24.6	104.212621156569	DCA	70	115.88824153626
785.714285714286	133.333333333333	80.9229323445456	24.6	105.522932344546	DCA	70	117.198552724237
800	133.333333333333	78.0690877962231	24.6	102.669087796223	DCA	0	102.669087796223
814.285714285714	133.333333333333	77.8760772317537	24.6	102.476077231754	DCA	140	121.812933287422
828.571428571429	133.333333333333	76.445073920427	24.6	101.045073920427	DCA	210	124.028780948357
842.857142857143	133.333333333333	77.6303083619156	24.6	102.230308361916	DCA	0	102.230308361916
857.142857142857	133.333333333333	79.4729061671111	24.6	104.072906167111	DCA	210	127.056613195041
871.428571428571	133.333333333333	77.5027035154729	24.6	102.102703515473	DCA	280	124.718876811951
885.714285714286	133.333333333333	75.8586444400134	24.6	100.458644440013	DCA	0	100.458644440013
900	133.333333333333	74.5637880155113	24.6	99.1637880155113	DCA	70	110.839408395202
914.285714285714	133.333333333333	76.0579441955621	24.6	100.657944195562	DCA	280	123.27411749204
928.571428571429	133.333333333333	76.5975716416953	24.6	101.197571641695	DCA	0	101.197571641695
942.857142857143	133.333333333333	81.8415127427235	24.6	106.441512742723	DCA	70	118.117133122415
957.142857142857	133.333333333333	79.616834652495	24.6	104.216834652495	DCA	210	127.200541680425
971.428571428571	133.333333333333	81.0047876686533	24.6	105.604787668653	DCA	140	124.941643724321
985.714285714286	133.333333333333	81.8690909882401	24.6	106.46909098824	DCA	280	129.085264284718
1000	133.333333333333	81.3693233505138	24.6	105.969323350514	DCA	0	105.969323350514
0	166.666666666667	80.7097980029445	0	80.7097980029445	DCA	210	86.1291050308748
14.2857142857143	166.666666666667	82.4384029441585	0	82.4384029441585	DCA	0	82.4384029441585
28.5714285714286	166.666666666667	81.7678893342428	0	81.7678893342428	DCA	70	87.5887097139339
42.8571428571429	166.666666666667	80.5209876793904	0	80.5209876793904	DCA	0	80.5209876793904
57.1428571428571	166.666666666667	79.4785062601747	0	79.4785062601747	DCA	210	84.897813288105
71.4285714285714	166.666666666667	75.7879700861564	0	75.7879700861564	DCA	0	75.7879700861564
85.7142857142857	166.666666666667	76.5383255178881	0	76.5383255178881	DCA	70	82.3591458975793
100	166.666666666667	78.0279598422536	0	78.0279598422536	DCA	210	83.4472668701839
114.285714285714	166.666666666667	76.8387288848655	0	76.8387288848655	DCA	70	82.6595492645567
128.571428571429	166.666666666667	77.0786940725507	0	77.0786940725507	DCA	70	82.8995144522418
142.857142857143	166.666666666667	81.6612275819244	0	81.6612275819244	DCA	210	87.0805346098547
157.142857142857	166.666666666667	79.8643413346473	0	79.8643413346473	DCA	140	87.4915973903152
171.428571428571	166.666666666667	78.2277735896327	0	78.2277735896327	DCA	140	85.8550296453006
185.714285714286	166.666666666667	78.4653676722657	0	78.4653676722657	DCA	70	84.2861880519568
200	166.666666666667	79.6488635175937	0	79.6488635175937	DCA	70	85.4696838972849
214.285714285714	166.666666666667	81.8065726890164	0	81.8065726890164	DCA	0	81.8065726890164
228.571428571429	166.666666666667	79.0956637449901	0	79.0956637449901	DCA	140	86.722919800658
242.857142857143	166.666666666667	80.910027751	0	80.910027751	DCA	0	80.910027751
257.142857142857	166.666666666667	82.4257945603201	0	82.4257945603201	DCA	140	90.0530506159881
271.428571428571	166.666666666667	78.4780430151842	0	78.4780430151842	DCA	70	84.2988633948753
285.714285714286	166.666666666667	80.2479564516499	0	80.2479564516499	DCA	140	87.8752125073178
300	166.666666666667	81.0316039810081	0	81.0316039810081	DCA	280	80.2285772774864
314.285714285714	166.666666666667	76.9968054671445	0	76.9968054671445	DCA	280	76.1937787636227
328.571428571429	166.666666666667	78.8080497892286	0	78.8080497892286	DCA	280	78.0050230857068
342.857142857143	166.666666666667	79.1149213081596	0	79.1149213081596	DCA	70	84.9357416878508
357.142857142857	166.666666666667	75.0950272920731	0	75.0950272920731	DCA	280	74.2920005885513
371.428571428571	166.666666666667	74.0924041718426	0	74.0924041718426	DCA	70	79.9132245515338
385.714285714286	166.666666666667	74.498779464067	0	74.498779464067	DCA	210	79.9180864919973
400	166.666666666667	72.5322337516171	0	72.5322337516171	DCA	210	77.9515407795474
414.285714285714	166.666666666667	75.8191147912612	0	75.8191147912612	DCA	280	75.0160880877395
428.571428571429	166.666666666667	74.7773611779564	0	74.7773611779564	DCA	0	74.7773611779564
442.857142857143	166.666666666667	71.4447808483977	0	71.4447808483977	DCA	140	79.0720369040657
457.142857142857	166.666666666667	71.6041381653441	0	71.6041381653441	DCA	0	71.6041381653441
471.428571428571	166.666666666667	71.6794002276934	0	71.6794002276934	DCA	280	70.8763735241717
485.714285714286	166.666666666667	77.942505947796	0	77.942505947796	DCA	280	77.1394792442742
500	166.666666666667	78.236270534596	0	78.236270534596	DCA	280	77.4332438310743
514.285714285714	166.666666666667	78.268864176429	24.6	102.868864176429	DCA	210	125.852571204359
528.571428571429	166.666666666667	79.2890442864822	24.6	103.889044286482	DCA	70	115.564664666173
542.857142857143	166.666666666667	76.3066318898912	24.6	100.906631889891	DCA	210	123.890338917821
557.142857142857	166.666666666667	76.7795681564706	24.6	101.379568156471	DCA	140	120.716424212139
571.428571428571	166.666666666667	78.1511161305851	24.6	102.751116130585	DCA	70	114.426736510276
585.714285714286	166.666666666667	77.9205992651372	24.6	102.520599265137	DCA	280	125.136772561616
600	166.666666666667	79.8589935266255	24.6	104.458993526625	DCA	210	127.442700554556
614.285714285714	166.666666666667	82.8323045276908	24.6	107.432304527691	DCA	70	119.107924907382
628.571428571429	166.666666666667	81.6994786271826	24.6	106.299478627183	DCA	210	129.283185655113
642.857142857143	166.666666666667	77.9089849464856	24.6	102.508984946486	DCA	210	125.492691974416
657.142857142857	166.666666666667	79.9043534710708	24.6	104.504353471071	DCA	140	123.841209526739
671.428571428571	166.666666666667	78.3618315188107	24.6	102.961831518811	DCA	280	125.578004815289
685.714285714286	166.666666666667	81.6400722430459	24.6	106.240072243046	DCA	140	125.576928298714
700	166.666666666667	80.1531132628325	24.6	104.753113262832	DCA	210	127.736820290763
714.285714285714	166.666666666667	80.1585265887497	24.6	104.75852658875	DCA	0	104.75852658875
728.571428571429	166.666666666667	80.6931280319671	24.6	105.293128031967	DCA	70	116.968748411658
742.857142857143	166.666666666667	80.3780143558463	24.6	104.978014355846	DCA	0	104.978014355846
757.142857142857	166.666666666667	75.2914398693911	24.6	99.8914398693911	DCA	0	99.8914398693911
771.428571428571	166.666666666667	76.9142140423638	24.6	101.514214042364	DCA	210	124.497921070294
785.714285714286	166.666666666667	81.1072050896208	24.6	105.707205089621	DCA	140	125.044061145289
800	166.666666666667	79.8115160443037	24.6	104.411516044304	DCA	280	127.027689340782
814.285714285714	166.666666666667	78.9233781026374	24.6	103.523378102637	DCA	140	122.860234158305
828.571428571429	166.666666666667	78.7905186718351	24.6	103.390518671835	DCA	140	122.727374727503
842.857142857143	166.666666666667	74.5615836748376	24.6	99.1615836748376	DCA	140	118.498439730506
857.142857142857	166.666666666667	75.9941926295193	24.6	100.594192629519	DCA	0	100.594192629519
871.428571428571	166.666666666667	79.3655082701305	24.6	103.965508270131	DCA	210	126.949215298061
885.714285714286	166.666666666667	78.1314424546507	24.6	102.731442454651	DCA	70	114.407062834342
900	166.666666666667	77.6584203704827	24.6	102.258420370483	DCA	0	102.258420370483
914.285714285714	166.666666666667	76.5177642122492	24.6	101.117764212249	DCA	140	120.454620267917
928.571428571429	166.666666666667	78.9202468574032	24.6	103.520246857403	DCA	280	126.136420153881
942.857142857143	166.666666666667	80.2570932325491	24.6	104.857093232549	DCA	280	127.473266529027
957.142857142857	166.666666666667	79.1313122765422	24.6	103.731312276542	DCA	280	126.34748557302
971.428571428571	166.666666666667	79.8570962057428	24.6	104.457096205743	DCA	0	104.457096205743
985.714285714286	166.666666666667	82.812149908903	24.6	107.412149908903	DCA	0	107.412149908903
1000	166.666666666667	77.8193398097613	24.6	102.419339809761	DCA	280	125.03551310624
0	200	79.264949515646	0	79.264949515646	DCA	140	86.892205571314
14.2857142857143	200	81.7645468285159	0	81.7645468285159	DCA	210	87.1838538564462
28.5714285714286	200	79.4204956173959	0	79.4204956173959	DCA	280	78.6174689138742
42.8571428571429	200	77.1923663243065	0	77.1923663243065	DCA	210	82.6116733522368
57.1428571428571	200	78.3395689906537	0	78.3395689906537	DCA	70	84.1603893703449
71.4285714285714	200	83.5773814646774	0	83.5773814646774	DCA	0	83.5773814646774
85.7142857142857	200	78.8870400196476	0	78.8870400196476	DCA	140	86.5142960753155
100	200	80.1890977449013	0	80.1890977449013	DCA	280	79.3860710413796
114.285714285714	200	83.4895752693441	0	83.4895752693441	DCA	140	91.1168313250121
128.571428571429	200	81.11817617076	0	81.11817617076	DCA	280	80.3151494672383
142.857142857143	200	82.9416285280435	0	82.9416285280435	DCA	0	82.9416285280435
157.142857142857	200	84.9774576830338	0	84.9774576830338	DCA	210	90.3967647109641
171.428571428571	200	83.1334117608727	0	83.1334117608727	DCA	210	88.552718788803
185.714285714286	200	82.2837979690425	0	82.2837979690425	DCA	140	89.9110540247104
200	200	82.5361397021722	0	82.5361397021722	DCA	140	90.1633957578401
214.285714285714	200	83.6883164672854	0	83.6883164672854	DCA	70	89.5091368469766
228.571428571429	200	83.6530849202481	0	83.6530849202481	DCA	280	82.8500582167264
242.857142857143	200	84.6202720611694	0	84.6202720611694	DCA	140	92.2475281168373
257.142857142857	200	81.1580699163463	0	81.1580699163463	DCA	280	80.3550432128246
271.428571428571	200	84.8436458556739	0	84.8436458556739	DCA	280	84.0406191521522
285.714285714286	200	82.9579165365836	0	82.9579165365836	DCA	280	82.1548898330618
300	200	77.1057101705371	0	77.1057101705371	DCA	210	82.5250171984674
314.285714285714	200	79.7844237665299	0	79.7844237665299	DCA	280	78.9813970630081
328.571428571429	200	78.9211573179034	0	78.9211573179034	DCA	280	78.1181306143816
342.857142857143	200	77.4327678103906	0	77.4327678103906	DCA	280	76.6297411068689
357.142857142857	200	77.4552081779721	0	77.4552081779721	DCA	140	85.08246423364
371.428571428571	200	77.6757991861267	0	77.6757991861267	DCA	210	83.095106214057
385.714285714286	200	77.5956579253444	0	77.5956579253444	DCA	70	83.4164783050356
400	200	75.8523428884528	0	75.8523428884528	DCA	280	75.0493161849311
414.285714285714	200	76.4233529269537	0	76.4233529269537	DCA	280	75.6203262234319
428.571428571429	200	76.9675279712705	0	76.9675279712705	DCA	280	76.1645012677488
442.857142857143	200	79.6463026912445	0	79.6463026912445	DCA	280	78.8432759877227
457.142857142857	200	79.6168935776646	0	79.6168935776646	DCA	140	87.2441496333325
471.428571428571	200	78.3772894920003	0	78.3772894920003	DCA	70	84.1981098716914
485.714285714286	200	76.6120468531715	0	76.6120468531715	DCA	210	82.0313538811018
500	200	78.4793500314162	0	78.4793500314162	DCA	140	86.1066060870841
514.285714285714	200	78.110060258623	24.6	102.710060258623	DCA	70	114.385680638314
528.571428571429	200	78.2242239763243	24.6	102.824223976324	DCA	70	114.499844356015
542.857142857143	200	82.3874219417114	24.6	106.987421941711	DCA	140	126.324277997379
557.142857142857	200	83.3093912530887	24.6	107.909391253089	DCA	280	130.525564549567
571.428571428571	200	82.935784954667	24.6	107.535784954667	DCA	210	130.519491982597
585.714285714286	200	80.847594177628	24.6	105.447594177628	DCA	210	128.431301205558
600	200	83.1985582183147	24.6	107.798558218315	DCA	70	119.474178598006
614.285714285714	200	81.9080692676602	24.6	106.50806926766	DCA	70	118.183689647351
628.571428571429	200	80.4921715224881	24.6	105.092171522488	DCA	0	105.092171522488
642.857142857143	200	76.1813623403437	24.6	100.781362340344	DCA	70	112.456982720035
657.142857142857	200	76.7304508008918	24.6	101.330450800892	DCA	0	101.330450800892
671.428571428571	200	81.435024010287	24.6	106.035024010287	DCA	70	117.710644389978
685.714285714286	200	81.6571880180559	24.6	106.257188018056	DCA	140	125.594044073724
700	200	78.2608549711735	24.6	102.860854971173	DCA	280	125.477028267652
714.285714285714	200	81.8518612888611	24.6	106.451861288861	DCA	280	129.068034585339
728.571428571429	200	80.3322273220394	24.6	104.932227322039	DCA	280	127.548400618518
742.857142857143	200	78.3513979332608	24.6	102.951397933261	DCA	70	114.627018312952
757.142857142857	200	78.7311913047591	24.6	103.331191304759	DCA	0	103.331191304759
771.428571428571	200	78.0525600429565	24.6	102.652560042957	DCA	70	114.328180422648
785.714285714286	200	76.0748149112575	24.6	100.674814911258	DCA	140	120.011670966925
800	200	78.4104763856392	24.6	103.010476385639	DCA	70	114.68609676533
814.285714285714	200	76.2464378079982	24.6	100.846437807998	DCA	280	123.462611104476
828.571428571429	200	75.2222904042558	24.6	99.8222904042558	DCA	210	122.805997432186
842.857142857143	200	75.65391409943	24.6	100.25391409943	DCA	280	122.870087395908
857.142857142857	200	74.7475766157333	24.6	99.3475766157332	DCA	140	118.684432671401
871.428571428571	200	75.512250835964	24.6	100.112250835964	DCA	280	122.728424132442
885.714285714286	200	76.0278076330121	24.6	100.627807633012	DCA	280	123.24398092949
900	200	72.3815227257557	24.6	96.9815227257557	DCA	0	96.9815227257557
914.285714285714	200	76.8781113837609	24.6	101.478111383761	DCA	210	124.461818411691
928.571428571429	200	77.213122167382	24.6	101.813122167382	DCA	210	124.796829195312
942.857142857143	200	77.0087982643849	24.6	101.608798264385	DCA	280	124.224971560863
957.142857142857	200	77.1221705142381	24.6	101.722170514238	DCA	210	124.705877542168
971.428571428571	200	75.1285740642373	24.6	99.7285740642373	DCA	140	119.065430119905
985.714285714286	200	78.8297486838863	24.6	103.429748683886	DCA	70	115.105369063577
1000	200	80.2222539618591	24.6	104.822253961859	DCA	140	124.159110017527
0	233.333333333333	77.7495277724001	0	77.7495277724001	DCA	140	85.376783828068
14.2857142857143	233.333333333333	81.417505143644	0	81.417505143644	DCA	140	89.0447611993119
28.5714285714286	233.333333333333	83.7295946157042	0	83.7295946157042	DCA	140	91.3568506713721
42.8571428571429	233.333333333333	78.5714487493367	0	78.5714487493367	DCA	0	78.5714487493367
57.1428571428571	233.333333333333	82.4302703847998	0	82.4302703847998	DCA	140	90.0575264404677
71.4285714285714	233.333333333333	83.8049125599738	0	83.8049125599738	DCA	280	83.001885856452
85.7142857142857	233.333333333333	84.5539625449847	0	84.5539625449847	DCA	140	92.1812186006526
100	233.333333333333	83.5886591315632	0	83.5886591315632	DCA	0	83.5886591315632
114.285714285714	233.333333333333	81.2045416879847	0	81.2045416879847	DCA	70	87.0253620676758
128.571428571429	233.333333333333	79.8691224959548	0	79.8691224959548	DCA	210	85.2884295238851
142.857142857143	233.333333333333	79.4906346210992	0	79.4906346210992	DCA	140	87.1178906767671
157.142857142857	233.333333333333	77.5523882334215	0	77.5523882334215	DCA	70	83.3732086131126
171.428571428571	233.333333333333	78.1582399843444	0	78.1582399843444	DCA	210	83.5775470122747
185.714285714286	233.333333333333	78.6954297961553	0	78.6954297961553	DCA	140	86.3226858518232
200	233.333333333333	83.9740790206101	0	83.9740790206101	DCA	70	89.7948994003013
214.285714285714	233.333333333333	80.709625413112	0	80.709625413112	DCA	0	80.709625413112
228.571428571429	233.333333333333	80.2484328601058	0	80.2484328601058	DCA	280	79.445406156584
242.857142857143	233.333333333333	85.5998539785123	0	85.5998539785123	DCA	140	93.2271100341802
257.142857142857	233.333333333333	87.8135032274435	0	87.8135032274435	DCA	140	95.4407592831114
271.428571428571	233.333333333333	84.3255271488658	0	84.3255271488658	DCA	0	84.3255271488658
285.714285714286	233.333333333333	78.7564035132213	0	78.7564035132213	DCA	210	84.1757105411516
300	233.333333333333	82.094218974731	0	82.094218974731	DCA	280	81.2911922712092
314.285714285714	233.333333333333	82.8174259918301	0	82.8174259918301	DCA	0	82.8174259918301
328.571428571429	233.333333333333	78.6614556822364	0	78.6614556822364	DCA	280	77.8584289787146
342.857142857143	233.333333333333	78.1777312017186	0	78.1777312017186	DCA	140	85.8049872573865
357.142857142857	233.333333333333	80.2195093759196	0	80.2195093759196	DCA	210	85.6388164038499
371.428571428571	233.333333333333	83.2979628981788	0	83.2979628981788	DCA	140	90.9252189538467
385.714285714286	233.333333333333	80.7823985637144	0	80.7823985637144	DCA	140	88.4096546193823
400	233.333333333333	76.9427402629058	0	76.9427402629058	DCA	70	82.763560642597
414.285714285714	233.333333333333	76.3643057829242	0	76.3643057829242	DCA	210	81.7836128108545
428.571428571429	233.333333333333	80.0236455243434	0	80.0236455243434	DCA	0	80.0236455243434
442.857142857143	233.333333333333	79.4203616299985	0	79.4203616299985	DCA	70	85.2411820096897
457.142857142857	233.333333333333	77.9506362911632	0	77.9506362911632	DCA	0	77.9506362911632
471.428571428571	233.333333333333	80.2682992372451	0	80.2682992372451	DCA	0	80.2682992372451
485.714285714286	233.333333333333	78.0492618831466	0	78.0492618831466	DCA	70	83.8700822628378
500	233.333333333333	76.5719485142507	0	76.5719485142507	DCA	70	82.3927688939419
514.285714285714	233.333333333333	83.9702300539776	24.6	108.570230053978	DCA	210	131.553937081908
528.571428571429	233.333333333333	82.7504712954216	24.6	107.350471295422	DCA	0	107.350471295422
542.857142857143	233.333333333333	85.6237211656627	24.6	110.223721165663	DCA	210	133.207428193593
557.142857142857	233.333333333333	84.5488661377438	24.6	109.148866137744	DCA	0	109.148866137744
571.428571428571	233.333333333333	84.5921613059704	24.6	109.19216130597	DCA	280	131.808334602449
585.714285714286	233.333333333333	83.4730488090635	24.6	108.073048809063	DCA	280	130.689222105542
600	233.333333333333	83.6214866045811	24.6	108.221486604581	DCA	280	130.837659901059
614.285714285714	233.333333333333	80.2271331864006	24.6	104.827133186401	DCA	140	124.163989242069
628.571428571429	233.333333333333	81.3436693528845	24.6	105.943669352885	DCA	140	125.280525408552
642.857142857143	233.333333333333	77.3025698787731	24.6	101.902569878773	DCA	0	101.902569878773
657.142857142857	233.333333333333	81.6676971789096	24.6	106.26769717891	DCA	70	117.943317558601
671.428571428571	233.333333333333	78.3656393333932	24.6	102.965639333393	DCA	210	125.949346361324
685.714285714286	233.333333333333	77.3576522987606	24.6	101.957652298761	DCA	210	124.941359326691
700	233.333333333333	80.7555766605896	24.6	105.35557666059	DCA	0	105.35557666059
714.285714285714	233.333333333333	81.9720704530861	24.6	106.572070453086	DCA	70	118.247690832777
728.571428571429	233.333333333333	79.9823201380112	24.6	104.582320138011	DCA	0	104.582320138011
742.857142857143	233.333333333333	78.5102604784078	24.6	103.110260478408	DCA	210	126.093967506338
757.142857142857	233.333333333333	80.1987650396042	24.6	104.798765039604	DCA	210	127.782472067535
771.428571428571	233.333333333333	79.2090026611692	24.6	103.809002661169	DCA	140	123.145858716837
785.714285714286	233.333333333333	81.3068602923609	24.6	105.906860292361	DCA	70	117.582480672052
800	233.333333333333	80.595433520737	24.6	105.195433520737	DCA	70	116.871053900428
814.285714285714	233.333333333333	80.4559326398413	24.6	105.055932639841	DCA	0	105.055932639841
828.571428571429	233.333333333333	82.7322432950313	24.6	107.332243295031	DCA	140	126.669099350699
842.857142857143	233.333333333333	79.2730388936595	24.6	103.873038893659	DCA	280	126.489212190138
857.142857142857	233.333333333333	81.8608661104881	24.6	106.460866110488	DCA	70	118.136486490179
871.428571428571	233.333333333333	81.7931379879886	24.6	106.393137987989	DCA	70	118.06875836768
885.714285714286	233.333333333333	78.2681977759418	24.6	102.868197775942	DCA	0	102.868197775942
900	233.333333333333	78.2011989490673	24.6	102.801198949067	DCA	0	102.801198949067
914.285714285714	233.333333333333	78.9831371147146	24.6	103.583137114715	DCA	70	115.258757494406
928.571428571429	233.333333333333	77.9385965941676	24.6	102.538596594168	DCA	140	121.875452649836
942.857142857143	233.333333333333	77.4573960748106	24.6	102.057396074811	DCA	0	102.057396074811
957.142857142857	233.333333333333	78.1170360196369	24.6	102.717036019637	DCA	210	125.700743047567
971.428571428571	233.333333333333	77.2171562389049	24.6	101.817156238905	DCA	0	101.817156238905
985.714285714286	233.333333333333	82.1920421475536	24.6	106.792042147554	DCA	280	129.408215444032
1000	233.333333333333	80.6985943682272	24.6	105.298594368227	DCA	140	124.635450423895
0	266.666666666667	83.7863584511145	0	83.7863584511145	DCA	0	83.7863584511145
14.2857142857143	266.666666666667	80.5849621665094	0	80.5849621665094	DCA	70	86.4057825462005
28.5714285714286	266.666666666667	82.8057514503925	0	82.8057514503925	DCA	140	90.4330075060604
42.8571428571429	266.666666666667	83.0533947513824	0	83.0533947513824	DCA	280	82.2503680478607
57.1428571428571	266.666666666667	82.6301069864674	0	82.6301069864674	DCA	280	81.8270802829456
71.4285714285714	266.666666666667	84.0651703056537	0	84.0651703056537	DCA	70	89.8859906853448
85.7142857142857	266.666666666667	84.4350922054935	0	84.4350922054935	DCA	70	90.2559125851847
100	266.666666666667	78.9400874852546	0	78.9400874852546	DCA	210	84.3593945131849
114.285714285714	266.666666666667	81.3954226846576	0	81.3954226846576	DCA	210	86.8147297125879
128.571428571429	266.666666666667	80.6651909025616	0	80.6651909025616	DCA	0	80.6651909025616
142.857142857143	266.666666666667	83.9923172310372	0	83.9923172310372	DCA	210	89.4116242589675
157.142857142857	266.666666666667	79.5611646255416	0	79.5611646255416	DCA	210	84.9804716534719
171.428571428571	266.666666666667	81.7327802236273	0	81.7327802236273	DCA	70	87.5536006033184
185.714285714286	266.666666666667	79.6657387272416	0	79.6657387272416	DCA	140	87.2929947829095
200	266.666666666667	79.8082807733726	0	79.8082807733726	DCA	0	79.8082807733726
214.285714285714	266.666666666667	79.885786092315	0	79.885786092315	DCA	210	85.3050931202453
228.571428571429	266.666666666667	81.7973571394329	0	81.7973571394329	DCA	280	80.9943304359112
242.857142857143	266.666666666667	82.3474691556954	0	82.3474691556954	DCA	210	87.7667761836257
257.142857142857	266.666666666667	82.9235331753849	0	82.9235331753849	DCA	280	82.1205064718632
271.428571428571	266.666666666667	83.8047024784036	0	83.8047024784036	DCA	70	89.6255228580947
285.714285714286	266.666666666667	79.3081504945284	0	79.3081504945284	DCA	70	85.1289708742196
300	266.666666666667	79.4706568906972	0	79.4706568906972	DCA	140	87.0979129463651
314.285714285714	266.666666666667	81.7050071011093	0	81.7050071011093	DCA	280	80.9019803975875
328.571428571429	266.666666666667	81.3876129402787	0	81.3876129402787	DCA	0	81.3876129402787
342.857142857143	266.666666666667	81.8212762179539	0	81.8212762179539	DCA	210	87.2405832458842
357.142857142857	266.666666666667	83.5428694361847	0	83.5428694361847	DCA	140	91.1701254918527
371.428571428571	266.666666666667	83.6743247421305	0	83.6743247421305	DCA	140	91.3015807977984
385.714285714286	266.666666666667	80.2429671927913	0	80.2429671927913	DCA	140	87.8702232484592
400	266.666666666667	82.4455650691082	0	82.4455650691082	DCA	70	88.2663854487993
414.285714285714	266.666666666667	78.3289883429859	0	78.3289883429859	DCA	70	84.1498087226771
428.571428571429	266.666666666667	79.516998688595	0	79.516998688595	DCA	70	85.3378190682862
442.857142857143	266.666666666667	75.8970991624588	0	75.8970991624588	DCA	280	75.094072458937
457.142857142857	266.666666666667	76.0045470650432	0	76.0045470650432	DCA	280	75.2015203615215
471.428571428571	266.666666666667	78.042039220714	0	78.042039220714	DCA	70	83.8628596004052
485.714285714286	266.666666666667	75.683497241931	0	75.683497241931	DCA	0	75.683497241931
500	266.666666666667	82.4338000937388	0	82.4338000937388	DCA	70	88.25462047343
514.285714285714	266.666666666667	82.4301171438883	24.6	107.030117143888	DCA	280	129.646290440367
528.571428571429	266.666666666667	83.2347427642921	24.6	107.834742764292	DCA	140	127.17159881996
542.857142857143	266.666666666667	83.8722587960291	24.6	108.472258796029	DCA	210	131.455965823959
557.142857142857	266.666666666667	83.791532167347	24.6	108.391532167347	DCA	140	127.728388223015
571.428571428571	266.666666666667	84.3774045972847	24.6	108.977404597285	DCA	210	131.961111625215
585.714285714286	266.666666666667	82.4835969053895	24.6	107.083596905389	DCA	140	126.420452961057
600	266.666666666667	80.321576777154	24.6	104.921576777154	DCA	140	124.258432832822
614.285714285714	266.666666666667	81.1358429886668	24.6	105.735842988667	DCA	140	125.072699044335
628.571428571429	266.666666666667	79.8198614013703	24.6	104.41986140137	DCA	280	127.036034697849
642.857142857143	266.666666666667	84.9665047620166	24.6	109.566504762017	DCA	0	109.566504762017
657.142857142857	266.666666666667	82.5959199449334	24.6	107.195919944933	DCA	140	126.532776000601
671.428571428571	266.666666666667	80.8076749292655	24.6	105.407674929266	DCA	210	128.391381957196
685.714285714286	266.666666666667	82.600733035356	24.6	107.200733035356	DCA	140	126.537589091024
700	266.666666666667	80.0193241687483	24.6	104.619324168748	DCA	210	127.603031196679
714.285714285714	266.666666666667	81.6641735048012	24.6	106.264173504801	DCA	140	125.601029560469
728.571428571429	266.666666666667	81.0998141420888	24.6	105.699814142089	DCA	0	105.699814142089
742.857142857143	266.666666666667	84.4693220503959	24.6	109.069322050396	DCA	70	120.744942430087
757.142857142857	266.666666666667	79.7419028651126	24.6	104.341902865113	DCA	0	104.341902865113
771.428571428571	266.666666666667	81.0332577571526	24.6	105.633257757153	DCA	0	105.633257757153
785.714285714286	266.666666666667	80.533660121726	24.6	105.133660121726	DCA	210	128.117367149656
800	266.666666666667	81.379000480549	24.6	105.979000480549	DCA	70	117.65462086024
814.285714285714	266.666666666667	83.039813928079	24.6	107.639813928079	DCA	140	126.976669983747
828.571428571429	266.666666666667	85.4871122853487	24.6	110.087112285349	DCA	210	133.070819313279
842.857142857143	266.666666666667	82.6641545880215	24.6	107.264154588022	DCA	140	126.601010643689
857.142857142857	266.666666666667	78.5024853312308	24.6	103.102485331231	DCA	0	103.102485331231
871.428571428571	266.666666666667	80.9848327186317	24.6	105.584832718632	DCA	280	128.20100601511
885.714285714286	266.666666666667	81.4959713050967	24.6	106.095971305097	DCA	210	129.079678333027
900	266.666666666667	79.7410657740783	24.6	104.341065774078	DCA	0	104.341065774078
914.285714285714	266.666666666667	79.3746103911492	24.6	103.974610391149	DCA	140	123.311466446817
928.571428571429	266.666666666667	77.3419948799932	24.6	101.941994879993	DCA	140	121.278850935661
942.857142857143	266.666666666667	77.7622790038905	24.6	102.36227900389	DCA	280	124.978452300369
957.142857142857	266.666666666667	79.4794905709072	24.6	104.079490570907	DCA	0	104.079490570907
971.428571428571	266.666666666667	80.6816332809827	24.6	105.281633280983	DCA	210	128.265340308913
985.714285714286	266.666666666667	78.4161356317167	24.6	103.016135631717	DCA	280	125.632308928195
1000	266.666666666667	77.4284924854796	24.6	102.02849248548	DCA	140	121.365348541148
0	300	77.4581543795269	0	77.4581543795269	DCA	70	83.2789747592181
14.2857142857143	300	79.345673016763	0	79.345673016763	DCA	280	78.5426463132413
28.5714285714286	300	81.6598578811858	0	81.6598578811858	DCA	70	87.480678260877
42.8571428571429	300	79.6368918897951	0	79.6368918897951	DCA	0	79.6368918897951
57.1428571428571	300	76.5909143362682	0	76.5909143362682	DCA	210	82.0102213641985
71.4285714285714	300	78.3543574239353	0	78.3543574239353	DCA	70	84.1751778036265
85.7142857142857	300	81.311236507984	0	81.311236507984	DCA	280	80.5082098044623
100	300	82.1517777958833	0	82.1517777958833	DCA	70	87.9725981755744
114.285714285714	300	82.1178298739051	0	82.1178298739051	DCA	280	81.3148031703833
128.571428571429	300	79.7788891892551	0	79.7788891892551	DCA	70	85.5997095689462
142.857142857143	300	79.8523128498073	0	79.8523128498073	DCA	280	79.0492861462856
157.142857142857	300	80.7328996094528	0	80.7328996094528	DCA	210	86.1522066373831
171.428571428571	300	79.8010088967255	0	79.8010088967255	DCA	140	87.4282649523935
185.714285714286	300	83.9448464877736	0	83.9448464877736	DCA	280	83.1418197842519
200	300	84.3279920241239	0	84.3279920241239	DCA	140	91.9552480797919
214.285714285714	300	81.6247877314132	0	81.6247877314132	DCA	280	80.8217610278915
228.571428571429	300	84.3735423064382	0	84.3735423064382	DCA	280	83.5705156029164
242.857142857143	300	81.9272274952564	0	81.9272274952564	DCA	140	89.5544835509243
257.142857142857	300	82.6979309078083	0	82.6979309078083	DCA	0	82.6979309078083
271.428571428571	300	79.2484734955571	0	79.2484734955571	DCA	140	86.875729551225
285.714285714286	300	80.0151283324818	0	80.0151283324818	DCA	0	80.0151283324818
300	300	78.6327336123915	0	78.6327336123915	DCA	280	77.8297069088698
314.285714285714	300	77.3954148616143	0	77.3954148616143	DCA	140	85.0226709172823
328.571428571429	300	79.0616077181385	0	79.0616077181385	DCA	0	79.0616077181385
342.857142857143	300	80.5039326751075	0	80.5039326751075	DCA	140	88.1311887307754
357.142857142857	300	80.3283845274307	0	80.3283845274307	DCA	280	79.5253578239089
371.428571428571	300	81.3351402009484	0	81.3351402009484	DCA	70	87.1559605806396
385.714285714286	300	79.9292273306153	0	79.9292273306153	DCA	280	79.1262006270935
400	300	82.9140882385393	0	82.9140882385393	DCA	0	82.9140882385393
414.285714285714	300	80.7860342644369	0	80.7860342644369	DCA	140	88.4132903201048
428.571428571429	300	81.4290763948953	0	81.4290763948953	DCA	140	89.0563324505632
442.857142857143	300	78.1217253801625	0	78.1217253801625	DCA	280	77.3186986766408
457.142857142857	300	74.6389526244536	0	74.6389526244536	DCA	0	74.6389526244536
471.428571428571	300	76.5617609908568	0	76.5617609908568	DCA	280	75.7587342873351
485.714285714286	300	73.9561126171575	0	73.9561126171575	DCA	140	81.5833686728254
500	300	78.6080426528844	0	78.6080426528844	DCA	210	84.0273496808147
514.285714285714	300	80.124856923755	24.6	104.724856923755	DCA	0	104.724856923755
528.571428571429	300	80.6999327483146	24.6	105.299932748315	DCA	210	128.283639776245
542.857142857143	300	80.8888774471852	24.6	105.488877447185	DCA	280	128.105050743663
557.142857142857	300	80.917018914804	24.6	105.517018914804	DCA	210	128.500725942734
571.428571428571	300	78.8849925610113	24.6	103.484992561011	DCA	70	115.160612940702
585.714285714286	300	76.6993343630523	24.6	101.299334363052	DCA	210	124.283041390983
600	300	78.3789053084551	24.6	102.978905308455	DCA	70	114.654525688146
614.285714285714	300	76.1559171911429	24.6	100.755917191143	DCA	210	123.739624219073
628.571428571429	300	78.0649071696066	24.6	102.664907169607	DCA	140	122.001763225275
642.857142857143	300	76.0982343834807	24.6	100.698234383481	DCA	70	112.373854763172
657.142857142857	300	79.6206094667969	24.6	104.220609466797	DCA	210	127.204316494727
671.428571428571	300	78.7356418849516	24.6	103.335641884952	DCA	0	103.335641884952
685.714285714286	300	79.0405295013711	24.6	103.640529501371	DCA	0	103.640529501371
700	300	79.4228108791069	24.6	104.022810879107	DCA	0	104.022810879107
714.285714285714	300	80.1468193189532	24.6	104.746819318953	DCA	280	127.362992615431
728.571428571429	300	81.1582627411075	24.6	105.758262741108	DCA	0	105.758262741108
742.857142857143	300	79.8272687106433	24.6	104.427268710643	DCA	0	104.427268710643
757.142857142857	300	80.4380047308261	24.6	105.038004730826	DCA	70	116.713625110517
771.428571428571	300	81.0563797823832	24.6	105.656379782383	DCA	140	124.993235838051
785.714285714286	300	78.9922066049353	24.6	103.592206604935	DCA	70	115.267826984626
800	300	81.1439156874497	24.6	105.74391568745	DCA	70	117.419536067141
814.285714285714	300	82.6127616763378	24.6	107.212761676338	DCA	0	107.212761676338
828.571428571429	300	78.4777685133662	24.6	103.077768513366	DCA	140	122.414624569034
842.857142857143	300	81.7359224166368	24.6	106.335922416637	DCA	140	125.672778472305
857.142857142857	300	81.9834995199578	24.6	106.583499519958	DCA	140	125.920355575626
871.428571428571	300	78.7626490249358	24.6	103.362649024936	DCA	0	103.362649024936
885.714285714286	300	79.8006799256332	24.6	104.400679925633	DCA	0	104.400679925633
900	300	77.1507613856923	24.6	101.750761385692	DCA	140	121.08761744136
914.285714285714	300	79.91291983118	24.6	104.51291983118	DCA	70	116.188540210871
928.571428571429	300	80.577349591337	24.6	105.177349591337	DCA	0	105.177349591337
942.857142857143	300	82.3723580854243	24.6	106.972358085424	DCA	70	118.647978465115
957.142857142857	300	80.7865972722408	24.6	105.386597272241	DCA	280	128.002770568719
971.428571428571	300	79.0077380869236	24.6	103.607738086924	DCA	280	126.223911383402
985.714285714286	300	75.7434468819242	24.6	100.343446881924	DCA	70	112.019067261615
1000	300	76.6104547331539	24.6	101.210454733154	DCA	0	101.210454733154
