x	y	variable1	Zona	ErrorConEfecto	Disenio	AsigTrat	MiRto
0	0	81.3539683466747	0	81.3539683466747	DCA	210	99.4071533983667
14.2857142857143	0	80.8780992731226	0	80.8780992731226	DCA	140	94.3397374435204
28.5714285714286	0	82.8154455116815	0	82.8154455116815	DCA	140	96.2770836820793
42.8571428571429	0	80.1122221457505	0	80.1122221457505	DCA	140	93.5738603161482
57.1428571428571	0	78.2750150449187	0	78.2750150449187	DCA	210	96.3282000966107
71.4285714285714	0	80.2006258508882	0	80.2006258508882	DCA	140	93.6622640212859
85.7142857142857	0	81.5359155700073	0	81.5359155700073	DCA	210	99.5891006216992
100	0	78.6179654712593	0	78.6179654712593	DCA	70	86.0618752910931
114.285714285714	0	81.2512259414516	0	81.2512259414516	DCA	70	88.6951357612853
128.571428571429	0	78.652038780453	0	78.652038780453	DCA	210	96.705223832145
142.857142857143	0	74.2769570613452	0	74.2769570613452	DCA	280	95.4955075250615
157.142857142857	0	75.0225408506927	0	75.0225408506927	DCA	0	75.0225408506927
171.428571428571	0	76.5289973745323	0	76.5289973745323	DCA	0	76.5289973745323
185.714285714286	0	75.597360834709	0	75.597360834709	DCA	210	93.6505458864009
200	0	79.2431418741831	0	79.2431418741831	DCA	70	86.6870516940169
214.285714285714	0	77.6335899606269	0	77.6335899606269	DCA	140	91.0952281310247
228.571428571429	0	79.7291576326214	0	79.7291576326214	DCA	140	93.1907958030192
242.857142857143	0	76.552010933512	0	76.552010933512	DCA	210	94.605195985204
257.142857142857	0	78.0603806363323	0	78.0603806363323	DCA	0	78.0603806363323
271.428571428571	0	81.6972964334012	0	81.6972964334012	DCA	140	95.158934603799
285.714285714286	0	78.2662952813601	0	78.2662952813601	DCA	70	85.7102051011939
300	0	76.5381807987376	0	76.5381807987376	DCA	140	89.9998189691354
314.285714285714	0	76.212068296128	0	76.212068296128	DCA	210	94.2652533478199
328.571428571429	0	76.0287064883662	0	76.0287064883662	DCA	140	89.490344658764
342.857142857143	0	78.796012695595	0	78.796012695595	DCA	70	86.2399225154288
357.142857142857	0	80.4881981000961	0	80.4881981000961	DCA	140	93.9498362704939
371.428571428571	0	78.8457893825663	0	78.8457893825663	DCA	210	96.8989744342582
385.714285714286	0	83.5875632767713	0	83.5875632767713	DCA	210	101.640748328463
400	0	83.1931569893781	0	83.1931569893781	DCA	140	96.6547951597759
414.285714285714	0	83.5912864460308	0	83.5912864460308	DCA	210	101.644471497723
428.571428571429	0	80.3567911808652	0	80.3567911808652	DCA	140	93.8184293512629
442.857142857143	0	78.7920032661018	0	78.7920032661018	DCA	70	86.2359130859356
457.142857142857	0	82.6840760323174	0	82.6840760323174	DCA	70	90.1279858521512
471.428571428571	0	81.6647424208161	0	81.6647424208161	DCA	280	102.883292884532
485.714285714286	0	78.9166928420801	0	78.9166928420801	DCA	0	78.9166928420801
500	0	81.8072425098768	0	81.8072425098768	DCA	0	81.8072425098768
514.285714285714	0	82.1043917838022	24.6	106.704391783802	DCA	210	142.321976835494
528.571428571429	0	79.9675999112397	24.6	104.56759991124	DCA	280	149.205350374956
542.857142857143	0	78.2679971510376	24.6	102.867997151038	DCA	280	147.505747614754
557.142857142857	0	76.9867088781861	24.6	101.586708878186	DCA	140	126.757947048584
571.428571428571	0	78.8243001971629	24.6	103.424300197163	DCA	210	139.041885248855
585.714285714286	0	78.1776906250451	24.6	102.777690625045	DCA	0	102.777690625045
600	0	78.0127608279096	24.6	102.61276082791	DCA	210	138.230345879602
614.285714285714	0	78.7628352918494	24.6	103.362835291849	DCA	140	128.534073462247
628.571428571429	0	78.7977232165736	24.6	103.397723216574	DCA	280	148.03547368029
642.857142857143	0	81.0355152213137	24.6	105.635515221314	DCA	140	130.806753391711
657.142857142857	0	81.5489356917635	24.6	106.148935691763	DCA	0	106.148935691763
671.428571428571	0	81.5912048845865	24.6	106.191204884587	DCA	0	106.191204884587
685.714285714286	0	80.0539688788579	24.6	104.653968878858	DCA	280	149.291719342574
700	0	80.4873543813924	24.6	105.087354381392	DCA	70	118.386064201226
714.285714285714	0	81.6761326506136	24.6	106.276132650614	DCA	210	141.893717702306
728.571428571429	0	82.854227244876	24.6	107.454227244876	DCA	70	120.75293706471
742.857142857143	0	79.9464907965677	24.6	104.546490796568	DCA	210	140.16407584826
757.142857142857	0	79.9619860023375	24.6	104.561986002338	DCA	280	149.199736466054
771.428571428571	0	76.4585784215908	24.6	101.058578421591	DCA	280	145.696328885307
785.714285714286	0	80.0976980609703	24.6	104.69769806097	DCA	280	149.335448524687
800	0	80.802134068444	24.6	105.402134068444	DCA	280	150.03988453216
814.285714285714	0	81.7344252370518	24.6	106.334425237052	DCA	280	150.972175700768
828.571428571429	0	85.9222399601766	24.6	110.522239960177	DCA	280	155.159990423893
842.857142857143	0	86.6141491450815	24.6	111.214149145082	DCA	0	111.214149145082
857.142857142857	0	90.5394543259006	24.6	115.139454325901	DCA	280	159.777204789617
871.428571428571	0	85.676924508328	24.6	110.276924508328	DCA	280	154.914674972044
885.714285714286	0	88.8895857020635	24.6	113.489585702063	DCA	70	126.788295521897
900	0	84.0945586152177	24.6	108.694558615218	DCA	0	108.694558615218
914.285714285714	0	81.6054674045815	24.6	106.205467404581	DCA	0	106.205467404581
928.571428571429	0	81.2388611508922	24.6	105.838861150892	DCA	70	119.137570970726
942.857142857143	0	81.9575080980884	24.6	106.557508098088	DCA	140	131.728746268486
957.142857142857	0	83.1510080707185	24.6	107.751008070718	DCA	0	107.751008070718
971.428571428571	0	77.5759337787606	24.6	102.175933778761	DCA	210	137.793518830453
985.714285714286	0	78.5926403026302	24.6	103.19264030263	DCA	210	138.810225354322
1000	0	78.7151846674639	24.6	103.315184667464	DCA	280	147.95293513118
0	33.3333333333333	80.8038206754624	0	80.8038206754624	DCA	140	94.2654588458601
14.2857142857143	33.3333333333333	81.4749804295093	0	81.4749804295093	DCA	210	99.5281654812013
28.5714285714286	33.3333333333333	81.3101452719324	0	81.3101452719324	DCA	70	88.7540550917662
42.8571428571429	33.3333333333333	76.7108647324805	0	76.7108647324805	DCA	70	84.1547745523143
57.1428571428571	33.3333333333333	75.960483568522	0	75.960483568522	DCA	210	94.0136686202139
71.4285714285714	33.3333333333333	74.6247827420766	0	74.6247827420766	DCA	280	95.8433332057929
85.7142857142857	33.3333333333333	72.7917856705063	0	72.7917856705063	DCA	70	80.2356954903401
100	33.3333333333333	77.4533765684968	0	77.4533765684968	DCA	280	98.6719270322132
114.285714285714	33.3333333333333	77.251307312512	0	77.251307312512	DCA	210	95.304492364204
128.571428571429	33.3333333333333	76.8255241714753	0	76.8255241714753	DCA	70	84.2694339913091
142.857142857143	33.3333333333333	76.37217510896	0	76.37217510896	DCA	140	89.8338132793578
157.142857142857	33.3333333333333	75.1744914311993	0	75.1744914311993	DCA	210	93.2276764828912
171.428571428571	33.3333333333333	74.9674534788435	0	74.9674534788435	DCA	280	96.1860039425598
185.714285714286	33.3333333333333	72.373943151419	0	72.373943151419	DCA	70	79.8178529712528
200	33.3333333333333	73.1029725395911	0	73.1029725395911	DCA	210	91.1561575912831
214.285714285714	33.3333333333333	76.3555011402614	0	76.3555011402614	DCA	140	89.8171393106592
228.571428571429	33.3333333333333	77.7568279588578	0	77.7568279588578	DCA	280	98.9753784225741
242.857142857143	33.3333333333333	76.3861438532118	0	76.3861438532118	DCA	70	83.8300536730456
257.142857142857	33.3333333333333	76.1695203995877	0	76.1695203995877	DCA	280	97.388070863304
271.428571428571	33.3333333333333	77.1940853576367	0	77.1940853576367	DCA	280	98.4126358213531
285.714285714286	33.3333333333333	75.6931303624407	0	75.6931303624407	DCA	70	83.1370401822745
300	33.3333333333333	77.4171762468183	0	77.4171762468183	DCA	210	95.4703612985102
314.285714285714	33.3333333333333	77.9604478206307	0	77.9604478206307	DCA	280	99.178998284347
328.571428571429	33.3333333333333	77.7829954218967	0	77.7829954218967	DCA	280	99.001545885613
342.857142857143	33.3333333333333	80.8741828545819	0	80.8741828545819	DCA	70	88.3180926744157
357.142857142857	33.3333333333333	81.1277542951516	0	81.1277542951516	DCA	280	102.346304758868
371.428571428571	33.3333333333333	80.3113575136906	0	80.3113575136906	DCA	0	80.3113575136906
385.714285714286	33.3333333333333	80.411143584252	0	80.411143584252	DCA	70	87.8550534040858
400	33.3333333333333	81.8171381319749	0	81.8171381319749	DCA	280	103.035688595691
414.285714285714	33.3333333333333	82.5843813034569	0	82.5843813034569	DCA	0	82.5843813034569
428.571428571429	33.3333333333333	81.5540885610055	0	81.5540885610055	DCA	280	102.772639024722
442.857142857143	33.3333333333333	79.0742905598899	0	79.0742905598899	DCA	0	79.0742905598899
457.142857142857	33.3333333333333	83.3846350424128	0	83.3846350424128	DCA	70	90.8285448622466
471.428571428571	33.3333333333333	80.9374236866239	0	80.9374236866239	DCA	210	98.9906087383159
485.714285714286	33.3333333333333	81.3337927022043	0	81.3337927022043	DCA	210	99.3869777538963
500	33.3333333333333	80.3720430348576	0	80.3720430348576	DCA	210	98.4252280865496
514.285714285714	33.3333333333333	81.2340266863376	24.6	105.834026686338	DCA	280	150.471777150054
528.571428571429	33.3333333333333	80.5173574711418	24.6	105.117357471142	DCA	140	130.28859564154
542.857142857143	33.3333333333333	78.8356369326692	24.6	103.435636932669	DCA	140	128.606875103067
557.142857142857	33.3333333333333	79.4955987085747	24.6	104.095598708575	DCA	280	148.733349172291
571.428571428571	33.3333333333333	80.1196358779855	24.6	104.719635877985	DCA	210	140.337220929677
585.714285714286	33.3333333333333	78.3688188572079	24.6	102.968818857208	DCA	0	102.968818857208
600	33.3333333333333	81.399737743974	24.6	105.999737743974	DCA	0	105.999737743974
614.285714285714	33.3333333333333	85.2177364372512	24.6	109.817736437251	DCA	0	109.817736437251
628.571428571429	33.3333333333333	87.107116995819	24.6	111.707116995819	DCA	210	147.324702047511
642.857142857143	33.3333333333333	85.478996246206	24.6	110.078996246206	DCA	140	135.250234416604
657.142857142857	33.3333333333333	82.6391103965668	24.6	107.239110396567	DCA	70	120.537820216401
671.428571428571	33.3333333333333	80.4879105372727	24.6	105.087910537273	DCA	70	118.386620357107
685.714285714286	33.3333333333333	79.0228063200095	24.6	103.622806320009	DCA	70	116.921516139843
700	33.3333333333333	80.0579667075017	24.6	104.657966707502	DCA	210	140.275551759194
714.285714285714	33.3333333333333	80.3214346440548	24.6	104.921434644055	DCA	0	104.921434644055
728.571428571429	33.3333333333333	78.3737714747645	24.6	102.973771474764	DCA	280	147.611521938481
742.857142857143	33.3333333333333	81.2547755997154	24.6	105.854775599715	DCA	210	141.472360651407
757.142857142857	33.3333333333333	82.1664361879648	24.6	106.766436187965	DCA	70	120.065146007799
771.428571428571	33.3333333333333	79.7882216594363	24.6	104.388221659436	DCA	280	149.025972123153
785.714285714286	33.3333333333333	75.9748989360079	24.6	100.574898936008	DCA	70	113.873608755842
800	33.3333333333333	79.6769683782929	24.6	104.276968378293	DCA	0	104.276968378293
814.285714285714	33.3333333333333	78.4189715056994	24.6	103.018971505699	DCA	0	103.018971505699
828.571428571429	33.3333333333333	87.4380194815773	24.6	112.038019481577	DCA	70	125.336729301411
842.857142857143	33.3333333333333	85.8718636147186	24.6	110.471863614719	DCA	140	135.643101785116
857.142857142857	33.3333333333333	82.9745641536722	24.6	107.574564153672	DCA	0	107.574564153672
871.428571428571	33.3333333333333	81.1449756193409	24.6	105.744975619341	DCA	140	130.916213789739
885.714285714286	33.3333333333333	80.022082574398	24.6	104.622082574398	DCA	70	117.920792394232
900	33.3333333333333	79.4709289018631	24.6	104.070928901863	DCA	280	148.708679365579
914.285714285714	33.3333333333333	78.3445450525746	24.6	102.944545052575	DCA	0	102.944545052575
928.571428571429	33.3333333333333	80.4378140740739	24.6	105.037814074074	DCA	280	149.67556453779
942.857142857143	33.3333333333333	78.8326316106263	24.6	103.432631610626	DCA	140	128.603869781024
957.142857142857	33.3333333333333	83.3525962371414	24.6	107.952596237141	DCA	210	143.570181288833
971.428571428571	33.3333333333333	83.0613578098728	24.6	107.661357809873	DCA	280	152.299108273589
985.714285714286	33.3333333333333	84.0870142505613	24.6	108.687014250561	DCA	280	153.324764714278
1000	33.3333333333333	85.7409780997685	24.6	110.340978099768	DCA	0	110.340978099768
0	66.6666666666667	85.0484886121281	0	85.0484886121281	DCA	140	98.5101267825258
14.2857142857143	66.6666666666667	81.734716018725	0	81.734716018725	DCA	0	81.734716018725
28.5714285714286	66.6666666666667	84.3239321142026	0	84.3239321142026	DCA	70	91.7678419340364
42.8571428571429	66.6666666666667	81.4843675995371	0	81.4843675995371	DCA	140	94.9460057699348
57.1428571428571	66.6666666666667	76.2296883178474	0	76.2296883178474	DCA	0	76.2296883178474
71.4285714285714	66.6666666666667	79.8382291990219	0	79.8382291990219	DCA	280	101.056779662738
85.7142857142857	66.6666666666667	78.1121230986423	0	78.1121230986423	DCA	140	91.57376126904
100	66.6666666666667	76.4585387024981	0	76.4585387024981	DCA	140	89.9201768728959
114.285714285714	66.6666666666667	75.8304668166811	0	75.8304668166811	DCA	140	89.2921049870789
128.571428571429	66.6666666666667	74.9890521451736	0	74.9890521451736	DCA	280	96.20760260889
142.857142857143	66.6666666666667	76.0785817220122	0	76.0785817220122	DCA	70	83.522491541846
157.142857142857	66.6666666666667	74.8899105003613	0	74.8899105003613	DCA	140	88.3515486707591
171.428571428571	66.6666666666667	74.698374231899	0	74.698374231899	DCA	70	82.1422840517328
185.714285714286	66.6666666666667	75.3979726758795	0	75.3979726758795	DCA	70	82.8418824957133
200	66.6666666666667	75.0363712468042	0	75.0363712468042	DCA	280	96.2549217105206
214.285714285714	66.6666666666667	73.2358621925972	0	73.2358621925972	DCA	70	80.6797720124309
228.571428571429	66.6666666666667	75.9783859834449	0	75.9783859834449	DCA	140	89.4400241538427
242.857142857143	66.6666666666667	76.6286255189355	0	76.6286255189355	DCA	280	97.8471759826518
257.142857142857	66.6666666666667	77.2009993665048	0	77.2009993665048	DCA	0	77.2009993665048
271.428571428571	66.6666666666667	79.3870697973698	0	79.3870697973698	DCA	210	97.4402548490617
285.714285714286	66.6666666666667	77.6954635829376	0	77.6954635829376	DCA	140	91.1571017533354
300	66.6666666666667	80.1479661296606	0	80.1479661296606	DCA	0	80.1479661296606
314.285714285714	66.6666666666667	74.7746701923718	0	74.7746701923718	DCA	210	92.8278552440638
328.571428571429	66.6666666666667	78.5107088156201	0	78.5107088156201	DCA	140	91.9723469860178
342.857142857143	66.6666666666667	81.2392619704559	0	81.2392619704559	DCA	0	81.2392619704559
357.142857142857	66.6666666666667	78.1319610700562	0	78.1319610700562	DCA	210	96.1851461217482
371.428571428571	66.6666666666667	80.7125454160419	0	80.7125454160419	DCA	280	101.931095879758
385.714285714286	66.6666666666667	81.1169986163034	0	81.1169986163034	DCA	0	81.1169986163034
400	66.6666666666667	83.9638224349711	0	83.9638224349711	DCA	140	97.4254606053689
414.285714285714	66.6666666666667	85.8868847969892	0	85.8868847969892	DCA	70	93.330794616823
428.571428571429	66.6666666666667	84.7531733319008	0	84.7531733319008	DCA	280	105.971723795617
442.857142857143	66.6666666666667	86.0789285960644	0	86.0789285960644	DCA	0	86.0789285960644
457.142857142857	66.6666666666667	87.7338640191415	0	87.7338640191415	DCA	140	101.195502189539
471.428571428571	66.6666666666667	86.7480877880846	0	86.7480877880846	DCA	210	104.801272839777
485.714285714286	66.6666666666667	82.8273587024378	0	82.8273587024378	DCA	210	100.88054375413
500	66.6666666666667	80.1377491189948	0	80.1377491189948	DCA	140	93.5993872893926
514.285714285714	66.6666666666667	81.2506475309158	24.6	105.850647530916	DCA	140	131.021885701314
528.571428571429	66.6666666666667	81.1865529433975	24.6	105.786552943397	DCA	0	105.786552943397
542.857142857143	66.6666666666667	80.1483256688247	24.6	104.748325668825	DCA	70	118.047035488659
557.142857142857	66.6666666666667	81.4223377353954	24.6	106.022337735395	DCA	70	119.321047555229
571.428571428571	66.6666666666667	82.4124030559376	24.6	107.012403055938	DCA	210	142.62998810763
585.714285714286	66.6666666666667	84.0696157737637	24.6	108.669615773764	DCA	140	133.840853944161
600	66.6666666666667	86.0159400722211	24.6	110.615940072221	DCA	280	155.253690535937
614.285714285714	66.6666666666667	87.5502112367997	24.6	112.1502112368	DCA	210	147.767796288492
628.571428571429	66.6666666666667	82.9274457794968	24.6	107.527445779497	DCA	280	152.165196243213
642.857142857143	66.6666666666667	82.7571202132511	24.6	107.357120213251	DCA	0	107.357120213251
657.142857142857	66.6666666666667	81.003617662489	24.6	105.603617662489	DCA	140	130.774855832887
671.428571428571	66.6666666666667	81.7691136629836	24.6	106.369113662984	DCA	280	151.0068641267
685.714285714286	66.6666666666667	81.1969618597022	24.6	105.796961859702	DCA	70	119.095671679536
700	66.6666666666667	80.2826337964464	24.6	104.882633796446	DCA	70	118.18134361628
714.285714285714	66.6666666666667	79.5273340010879	24.6	104.127334001088	DCA	0	104.127334001088
728.571428571429	66.6666666666667	81.9712548884526	24.6	106.571254888453	DCA	0	106.571254888453
742.857142857143	66.6666666666667	82.8601836306655	24.6	107.460183630666	DCA	140	132.631421801063
757.142857142857	66.6666666666667	82.4470257454593	24.6	107.047025745459	DCA	280	151.684776209176
771.428571428571	66.6666666666667	80.6992743311885	24.6	105.299274331189	DCA	70	118.597984151022
785.714285714286	66.6666666666667	78.6252830497522	24.6	103.225283049752	DCA	0	103.225283049752
800	66.6666666666667	78.5577124810397	24.6	103.15771248104	DCA	70	116.456422300873
814.285714285714	66.6666666666667	78.651846957249	24.6	103.251846957249	DCA	140	128.423085127647
828.571428571429	66.6666666666667	78.7029835960737	24.6	103.302983596074	DCA	0	103.302983596074
842.857142857143	66.6666666666667	80.242948125637	24.6	104.842948125637	DCA	210	140.460533177329
857.142857142857	66.6666666666667	79.5719192099202	24.6	104.17191920992	DCA	0	104.17191920992
871.428571428571	66.6666666666667	81.1811931759459	24.6	105.781193175946	DCA	140	130.952431346344
885.714285714286	66.6666666666667	79.8720776842761	24.6	104.472077684276	DCA	210	140.089662735968
900	66.6666666666667	82.6888708898636	24.6	107.288870889864	DCA	70	120.587580709697
914.285714285714	66.6666666666667	79.9261862024979	24.6	104.526186202498	DCA	280	149.163936666214
928.571428571429	66.6666666666667	80.6396478087146	24.6	105.239647808715	DCA	140	130.410885979112
942.857142857143	66.6666666666667	81.4787468545428	24.6	106.078746854543	DCA	0	106.078746854543
957.142857142857	66.6666666666667	79.1195555701061	24.6	103.719555570106	DCA	140	128.890793740504
971.428571428571	66.6666666666667	80.2517216732228	24.6	104.851721673223	DCA	70	118.150431493057
985.714285714286	66.6666666666667	84.9596411713181	24.6	109.559641171318	DCA	210	145.17722622301
1000	66.6666666666667	84.5676529446884	24.6	109.167652944688	DCA	140	134.338891115086
0	100	79.4847477033456	0	79.4847477033456	DCA	210	97.5379327550376
14.2857142857143	100	80.376655496674	0	80.376655496674	DCA	140	93.8382936670717
28.5714285714286	100	79.2678355669414	0	79.2678355669414	DCA	210	97.3210206186334
42.8571428571429	100	80.0393787805959	0	80.0393787805959	DCA	70	87.4832886004297
57.1428571428571	100	75.7151043967806	0	75.7151043967806	DCA	280	96.933654860497
71.4285714285714	100	79.4262303240094	0	79.4262303240094	DCA	70	86.8701401438431
85.7142857142857	100	77.617181325116	0	77.617181325116	DCA	0	77.617181325116
100	100	76.2992796348023	0	76.2992796348023	DCA	70	83.7431894546361
114.285714285714	100	80.4455575831712	0	80.4455575831712	DCA	210	98.4987426348632
128.571428571429	100	78.7084199576344	0	78.7084199576344	DCA	0	78.7084199576344
142.857142857143	100	75.1605824621733	0	75.1605824621733	DCA	210	93.2137675138653
157.142857142857	100	73.9169679890044	0	73.9169679890044	DCA	0	73.9169679890044
171.428571428571	100	73.2463709982618	0	73.2463709982618	DCA	70	80.6902808180956
185.714285714286	100	76.1037242399739	0	76.1037242399739	DCA	0	76.1037242399739
200	100	75.9802595758075	0	75.9802595758075	DCA	280	97.1988100395239
214.285714285714	100	74.0340970162265	0	74.0340970162265	DCA	70	81.4780068360602
228.571428571429	100	76.1214177631097	0	76.1214177631097	DCA	140	89.5830559335075
242.857142857143	100	77.1508211624351	0	77.1508211624351	DCA	280	98.3693716261515
257.142857142857	100	80.8716876307944	0	80.8716876307944	DCA	70	88.3155974506282
271.428571428571	100	80.8934734178843	0	80.8934734178843	DCA	210	98.9466584695762
285.714285714286	100	80.8628512785694	0	80.8628512785694	DCA	280	102.081401742286
300	100	82.3216103837109	0	82.3216103837109	DCA	0	82.3216103837109
314.285714285714	100	80.1447817721963	0	80.1447817721963	DCA	280	101.363332235913
328.571428571429	100	80.2240595226285	0	80.2240595226285	DCA	140	93.6856976930263
342.857142857143	100	81.6316120088845	0	81.6316120088845	DCA	0	81.6316120088845
357.142857142857	100	80.7140937727333	0	80.7140937727333	DCA	280	101.93264423645
371.428571428571	100	86.7537465334838	0	86.7537465334838	DCA	70	94.1976563533176
385.714285714286	100	88.9043728361288	0	88.9043728361288	DCA	280	110.122923299845
400	100	86.2729523959589	0	86.2729523959589	DCA	0	86.2729523959589
414.285714285714	100	83.1760121563677	0	83.1760121563677	DCA	0	83.1760121563677
428.571428571429	100	82.4855428400816	0	82.4855428400816	DCA	140	95.9471810104793
442.857142857143	100	84.9408755436674	0	84.9408755436674	DCA	210	102.994060595359
457.142857142857	100	85.3071914749556	0	85.3071914749556	DCA	210	103.360376526648
471.428571428571	100	85.4220256631176	0	85.4220256631176	DCA	280	106.640576126834
485.714285714286	100	83.7858839990431	0	83.7858839990431	DCA	140	97.2475221694408
500	100	83.0503087943352	0	83.0503087943352	DCA	280	104.268859258052
514.285714285714	100	83.5729369126413	24.6	108.172936912641	DCA	280	152.810687376358
528.571428571429	100	82.2418327956827	24.6	106.841832795683	DCA	210	142.459417847375
542.857142857143	100	82.8225102027133	24.6	107.422510202713	DCA	280	152.06026066643
557.142857142857	100	83.0188465046813	24.6	107.618846504681	DCA	140	132.790084675079
571.428571428571	100	82.8925419303386	24.6	107.492541930339	DCA	70	120.791251750172
585.714285714286	100	81.5083780594139	24.6	106.108378059414	DCA	0	106.108378059414
600	100	86.9577343839104	24.6	111.55773438391	DCA	0	111.55773438391
614.285714285714	100	85.5923459359039	24.6	110.192345935904	DCA	210	145.809930987596
628.571428571429	100	81.5756069752682	24.6	106.175606975268	DCA	70	119.474316795102
642.857142857143	100	81.1522310649469	24.6	105.752231064947	DCA	70	119.050940884781
657.142857142857	100	83.2821253395413	24.6	107.882125339541	DCA	0	107.882125339541
671.428571428571	100	87.016284633474	24.6	111.616284633474	DCA	70	124.914994453308
685.714285714286	100	86.7799057367531	24.6	111.379905736753	DCA	280	156.017656200469
700	100	83.9660664855019	24.6	108.566066485502	DCA	0	108.566066485502
714.285714285714	100	82.4095002698634	24.6	107.009500269863	DCA	140	132.180738440261
728.571428571429	100	84.8226824789546	24.6	109.422682478955	DCA	280	154.060432942671
742.857142857143	100	81.5439132193951	24.6	106.143913219395	DCA	210	141.761498271087
757.142857142857	100	83.0493770298594	24.6	107.649377029859	DCA	140	132.820615200257
771.428571428571	100	77.600485282093	24.6	102.200485282093	DCA	0	102.200485282093
785.714285714286	100	77.2108691617595	24.6	101.81086916176	DCA	70	115.109578981593
800	100	80.4220698962066	24.6	105.022069896207	DCA	140	130.193308066604
814.285714285714	100	75.8980514416412	24.6	100.498051441641	DCA	0	100.498051441641
828.571428571429	100	79.5031544013403	24.6	104.10315440134	DCA	210	139.720739453032
842.857142857143	100	75.2915842484256	24.6	99.8915842484256	DCA	280	144.529334712142
857.142857142857	100	79.5420790130927	24.6	104.142079013093	DCA	70	117.440788832926
871.428571428571	100	82.29366623209	24.6	106.89366623209	DCA	280	151.531416695806
885.714285714286	100	83.0602116632684	24.6	107.660211663268	DCA	210	143.27779671496
900	100	82.1148460234916	24.6	106.714846023492	DCA	280	151.352596487208
914.285714285714	100	81.1643260567039	24.6	105.764326056704	DCA	0	105.764326056704
928.571428571429	100	80.7092283741348	24.6	105.309228374135	DCA	210	140.926813425827
942.857142857143	100	80.8963112709807	24.6	105.496311270981	DCA	0	105.496311270981
957.142857142857	100	79.4929688946854	24.6	104.092968894685	DCA	0	104.092968894685
971.428571428571	100	81.6921523966814	24.6	106.292152396681	DCA	280	150.929902860398
985.714285714286	100	79.6960608868012	24.6	104.296060886801	DCA	210	139.913645938493
1000	100	80.6103246697392	24.6	105.210324669739	DCA	210	140.827909721431
0	133.333333333333	80.1305734535619	0	80.1305734535619	DCA	140	93.5922116239597
14.2857142857143	133.333333333333	78.4031998946182	0	78.4031998946182	DCA	280	99.6217503583346
28.5714285714286	133.333333333333	80.8911062812079	0	80.8911062812079	DCA	0	80.8911062812079
42.8571428571429	133.333333333333	78.1582221771506	0	78.1582221771506	DCA	70	85.6021319969844
57.1428571428571	133.333333333333	77.2994346957068	0	77.2994346957068	DCA	140	90.7610728661045
71.4285714285714	133.333333333333	79.3550395623768	0	79.3550395623768	DCA	210	97.4082246140688
85.7142857142857	133.333333333333	79.2414481137094	0	79.2414481137094	DCA	210	97.2946331654013
100	133.333333333333	82.9244327228802	0	82.9244327228802	DCA	210	100.977617774572
114.285714285714	133.333333333333	85.3155255061341	0	85.3155255061341	DCA	70	92.7594353259678
128.571428571429	133.333333333333	82.7486496129065	0	82.7486496129065	DCA	0	82.7486496129065
142.857142857143	133.333333333333	80.8690701759895	0	80.8690701759895	DCA	0	80.8690701759895
157.142857142857	133.333333333333	78.1895498617347	0	78.1895498617347	DCA	70	85.6334596815684
171.428571428571	133.333333333333	77.9742268897265	0	77.9742268897265	DCA	0	77.9742268897265
185.714285714286	133.333333333333	75.5900611950431	0	75.5900611950431	DCA	210	93.6432462467351
200	133.333333333333	75.7591954982284	0	75.7591954982284	DCA	210	93.8123805499203
214.285714285714	133.333333333333	78.0726082524839	0	78.0726082524839	DCA	70	85.5165180723177
228.571428571429	133.333333333333	81.2691237133943	0	81.2691237133943	DCA	70	88.7130335332281
242.857142857143	133.333333333333	80.8119761607911	0	80.8119761607911	DCA	140	94.2736143311888
257.142857142857	133.333333333333	80.5910304413449	0	80.5910304413449	DCA	70	88.0349402611786
271.428571428571	133.333333333333	79.4417295724945	0	79.4417295724945	DCA	0	79.4417295724945
285.714285714286	133.333333333333	81.7183718165197	0	81.7183718165197	DCA	280	102.936922280236
300	133.333333333333	81.5514757346887	0	81.5514757346887	DCA	210	99.6046607863807
314.285714285714	133.333333333333	82.6614439023383	0	82.6614439023383	DCA	70	90.1053537221721
328.571428571429	133.333333333333	80.5751333436917	0	80.5751333436917	DCA	210	98.6283183953837
342.857142857143	133.333333333333	81.221501659068	0	81.221501659068	DCA	0	81.221501659068
357.142857142857	133.333333333333	81.5143621830211	0	81.5143621830211	DCA	280	102.732912646737
371.428571428571	133.333333333333	84.8741405749342	0	84.8741405749342	DCA	140	98.3357787453319
385.714285714286	133.333333333333	85.0319943744476	0	85.0319943744476	DCA	0	85.0319943744476
400	133.333333333333	84.5714697457875	0	84.5714697457875	DCA	210	102.624654797479
414.285714285714	133.333333333333	84.256592281853	0	84.256592281853	DCA	0	84.256592281853
428.571428571429	133.333333333333	82.7135834593745	0	82.7135834593745	DCA	0	82.7135834593745
442.857142857143	133.333333333333	85.1247028433077	0	85.1247028433077	DCA	140	98.5863410137055
457.142857142857	133.333333333333	86.4500992024311	0	86.4500992024311	DCA	70	93.8940090222649
471.428571428571	133.333333333333	82.0062610462182	0	82.0062610462182	DCA	210	100.05944609791
485.714285714286	133.333333333333	80.2305062749114	0	80.2305062749114	DCA	0	80.2305062749114
500	133.333333333333	82.5896546803517	0	82.5896546803517	DCA	140	96.0512928507494
514.285714285714	133.333333333333	79.7818671737032	24.6	104.381867173703	DCA	0	104.381867173703
528.571428571429	133.333333333333	79.9219952678198	24.6	104.52199526782	DCA	0	104.52199526782
542.857142857143	133.333333333333	82.9186901230111	24.6	107.518690123011	DCA	0	107.518690123011
557.142857142857	133.333333333333	77.9396131550156	24.6	102.539613155016	DCA	140	127.710851325413
571.428571428571	133.333333333333	81.1207904949276	24.6	105.720790494928	DCA	210	141.33837554662
585.714285714286	133.333333333333	83.2199939862063	24.6	107.819993986206	DCA	210	143.437579037898
600	133.333333333333	83.5881892799163	24.6	108.188189279916	DCA	140	133.359427450314
614.285714285714	133.333333333333	82.1212947314311	24.6	106.721294731431	DCA	210	142.338879783123
628.571428571429	133.333333333333	80.8334493267542	24.6	105.433449326754	DCA	140	130.604687497152
642.857142857143	133.333333333333	85.1701721457507	24.6	109.770172145751	DCA	70	123.068881965585
657.142857142857	133.333333333333	84.3624393126974	24.6	108.962439312697	DCA	70	122.261149132531
671.428571428571	133.333333333333	83.6044481630671	24.6	108.204448163067	DCA	210	143.822033214759
685.714285714286	133.333333333333	83.9243139710942	24.6	108.524313971094	DCA	210	144.141899022786
700	133.333333333333	82.97197285987	24.6	107.57197285987	DCA	70	120.870682679704
714.285714285714	133.333333333333	82.2464918572204	24.6	106.84649185722	DCA	70	120.145201677054
728.571428571429	133.333333333333	83.2620630462272	24.6	107.862063046227	DCA	140	133.033301216625
742.857142857143	133.333333333333	83.6347534363322	24.6	108.234753436332	DCA	280	152.872503900049
757.142857142857	133.333333333333	81.631597312702	24.6	106.231597312702	DCA	70	119.530307132536
771.428571428571	133.333333333333	77.5203965835874	24.6	102.120396583587	DCA	140	127.291634753985
785.714285714286	133.333333333333	76.0078086628304	24.6	100.60780866283	DCA	280	145.245559126547
800	133.333333333333	79.7071774955547	24.6	104.307177495555	DCA	280	148.944927959271
814.285714285714	133.333333333333	80.3257670903816	24.6	104.925767090382	DCA	210	140.543352142074
828.571428571429	133.333333333333	79.8232887700727	24.6	104.423288770073	DCA	70	117.721998589906
842.857142857143	133.333333333333	80.4018524341965	24.6	105.001852434197	DCA	70	118.30056225403
857.142857142857	133.333333333333	80.1073274225758	24.6	104.707327422576	DCA	70	118.00603724241
871.428571428571	133.333333333333	80.7360861703961	24.6	105.336086170396	DCA	210	140.953671222088
885.714285714286	133.333333333333	81.3224536421752	24.6	105.922453642175	DCA	0	105.922453642175
900	133.333333333333	81.5163061460036	24.6	106.116306146004	DCA	0	106.116306146004
914.285714285714	133.333333333333	82.3736407642562	24.6	106.973640764256	DCA	280	151.611391227973
928.571428571429	133.333333333333	79.8274798629709	24.6	104.427479862971	DCA	210	140.045064914663
942.857142857143	133.333333333333	83.4545395632391	24.6	108.054539563239	DCA	70	121.353249383073
957.142857142857	133.333333333333	84.3289238171972	24.6	108.928923817197	DCA	280	153.566674280914
971.428571428571	133.333333333333	82.3561227071813	24.6	106.956122707181	DCA	210	142.573707758873
985.714285714286	133.333333333333	77.0991494602581	24.6	101.699149460258	DCA	140	126.870387630656
1000	133.333333333333	77.9631895869226	24.6	102.563189586923	DCA	280	147.200940050639
0	166.666666666667	81.3458797828598	0	81.3458797828598	DCA	210	99.3990648345518
14.2857142857143	166.666666666667	78.8891688424562	0	78.8891688424562	DCA	0	78.8891688424562
28.5714285714286	166.666666666667	76.8526058362169	0	76.8526058362169	DCA	70	84.2965156560506
42.8571428571429	166.666666666667	77.6951911965498	0	77.6951911965498	DCA	210	95.7483762482418
57.1428571428571	166.666666666667	79.3543351968425	0	79.3543351968425	DCA	140	92.8159733672403
71.4285714285714	166.666666666667	81.2000970444451	0	81.2000970444451	DCA	70	88.6440068642789
85.7142857142857	166.666666666667	81.7292486129154	0	81.7292486129154	DCA	70	89.1731584327492
100	166.666666666667	83.4255135061211	0	83.4255135061211	DCA	70	90.8694233259549
114.285714285714	166.666666666667	81.9055602882385	0	81.9055602882385	DCA	280	103.124110751955
128.571428571429	166.666666666667	77.1456682223658	0	77.1456682223658	DCA	140	90.6073063927635
142.857142857143	166.666666666667	78.9342261202032	0	78.9342261202032	DCA	70	86.378135940037
157.142857142857	166.666666666667	77.5813733524835	0	77.5813733524835	DCA	210	95.6345584041755
171.428571428571	166.666666666667	81.3667804130037	0	81.3667804130037	DCA	70	88.8106902328375
185.714285714286	166.666666666667	75.7429392758891	0	75.7429392758891	DCA	210	93.7961243275811
200	166.666666666667	82.6749554523282	0	82.6749554523282	DCA	210	100.72814050402
214.285714285714	166.666666666667	80.5929226183848	0	80.5929226183848	DCA	140	94.0545607887826
228.571428571429	166.666666666667	82.7193310958156	0	82.7193310958156	DCA	210	100.772516147508
242.857142857143	166.666666666667	80.1229739798371	0	80.1229739798371	DCA	210	98.1761590315291
257.142857142857	166.666666666667	82.0125266827956	0	82.0125266827956	DCA	0	82.0125266827956
271.428571428571	166.666666666667	79.8932449890586	0	79.8932449890586	DCA	210	97.9464300407505
285.714285714286	166.666666666667	81.915061034962	0	81.915061034962	DCA	0	81.915061034962
300	166.666666666667	84.2027901087216	0	84.2027901087216	DCA	70	91.6466999285553
314.285714285714	166.666666666667	82.615956432382	0	82.615956432382	DCA	70	90.0598662522158
328.571428571429	166.666666666667	83.627414894617	0	83.627414894617	DCA	140	97.0890530650148
342.857142857143	166.666666666667	85.8675693612631	0	85.8675693612631	DCA	0	85.8675693612631
357.142857142857	166.666666666667	86.9299460980761	0	86.9299460980761	DCA	0	86.9299460980761
371.428571428571	166.666666666667	85.0089993924718	0	85.0089993924718	DCA	280	106.227549856188
385.714285714286	166.666666666667	85.3927793427756	0	85.3927793427756	DCA	280	106.611329806492
400	166.666666666667	86.8430755750318	0	86.8430755750318	DCA	140	100.30471374543
414.285714285714	166.666666666667	80.1805205824204	0	80.1805205824204	DCA	140	93.6421587528182
428.571428571429	166.666666666667	82.1250863808848	0	82.1250863808848	DCA	70	89.5689962007186
442.857142857143	166.666666666667	78.987211473166	0	78.987211473166	DCA	280	100.205761936882
457.142857142857	166.666666666667	79.4128630778462	0	79.4128630778462	DCA	210	97.4660481295381
471.428571428571	166.666666666667	81.325807060194	0	81.325807060194	DCA	70	88.7697168800278
485.714285714286	166.666666666667	78.9678115332627	0	78.9678115332627	DCA	140	92.4294497036605
500	166.666666666667	78.3973210821926	0	78.3973210821926	DCA	210	96.4505061338846
514.285714285714	166.666666666667	76.9440059385972	24.6	101.544005938597	DCA	0	101.544005938597
528.571428571429	166.666666666667	79.2938171965719	24.6	103.893817196572	DCA	0	103.893817196572
542.857142857143	166.666666666667	83.1037958741597	24.6	107.70379587416	DCA	140	132.875034044557
557.142857142857	166.666666666667	80.6077871101408	24.6	105.207787110141	DCA	70	118.506496929975
571.428571428571	166.666666666667	79.5741432197735	24.6	104.174143219774	DCA	210	139.791728271466
585.714285714286	166.666666666667	80.6173423087018	24.6	105.217342308702	DCA	210	140.834927360394
600	166.666666666667	81.5246358924438	24.6	106.124635892444	DCA	140	131.295874062842
614.285714285714	166.666666666667	80.3242605703822	24.6	104.924260570382	DCA	280	149.562011034099
628.571428571429	166.666666666667	81.3690645983522	24.6	105.969064598352	DCA	280	150.606815062069
642.857142857143	166.666666666667	78.4630995420004	24.6	103.063099542	DCA	70	116.361809361834
657.142857142857	166.666666666667	78.5949678110414	24.6	103.194967811041	DCA	210	138.812552862733
671.428571428571	166.666666666667	81.1914348300319	24.6	105.791434830032	DCA	0	105.791434830032
685.714285714286	166.666666666667	82.7204916955883	24.6	107.320491695588	DCA	0	107.320491695588
700	166.666666666667	80.5775564197117	24.6	105.177556419712	DCA	280	149.815306883428
714.285714285714	166.666666666667	84.6138161566749	24.6	109.213816156675	DCA	140	134.385054327073
728.571428571429	166.666666666667	82.5415059765972	24.6	107.141505976597	DCA	140	132.312744146995
742.857142857143	166.666666666667	78.2352341576593	24.6	102.835234157659	DCA	140	128.006472328057
757.142857142857	166.666666666667	77.9947716008225	24.6	102.594771600822	DCA	140	127.76600977122
771.428571428571	166.666666666667	75.1393627205066	24.6	99.7393627205066	DCA	280	144.377113184223
785.714285714286	166.666666666667	78.5885195113341	24.6	103.188519511334	DCA	140	128.359757681732
800	166.666666666667	77.0753479697997	24.6	101.6753479698	DCA	280	146.313098433516
814.285714285714	166.666666666667	75.1058255189028	24.6	99.7058255189028	DCA	210	135.323410570595
828.571428571429	166.666666666667	78.5635145681917	24.6	103.163514568192	DCA	280	147.801265031908
842.857142857143	166.666666666667	78.0859766948454	24.6	102.685976694845	DCA	0	102.685976694845
857.142857142857	166.666666666667	77.3713822720975	24.6	101.971382272097	DCA	280	146.609132735814
871.428571428571	166.666666666667	79.9858813462767	24.6	104.585881346277	DCA	0	104.585881346277
885.714285714286	166.666666666667	81.9428468120096	24.6	106.54284681201	DCA	70	119.841556631843
900	166.666666666667	86.0452495927915	24.6	110.645249592792	DCA	210	146.262834644483
914.285714285714	166.666666666667	82.2222524104951	24.6	106.822252410495	DCA	280	151.460002874211
928.571428571429	166.666666666667	83.6646300508647	24.6	108.264630050865	DCA	210	143.882215102557
942.857142857143	166.666666666667	84.7042272500965	24.6	109.304227250096	DCA	0	109.304227250096
957.142857142857	166.666666666667	82.6578671759376	24.6	107.257867175938	DCA	280	151.895617639654
971.428571428571	166.666666666667	79.2081943978171	24.6	103.808194397817	DCA	210	139.425779449509
985.714285714286	166.666666666667	75.7989814464202	24.6	100.39898144642	DCA	140	125.570219616818
1000	166.666666666667	73.9115632376922	24.6	98.5115632376922	DCA	0	98.5115632376922
0	200	77.5462990041332	0	77.5462990041332	DCA	70	84.990208823967
14.2857142857143	200	77.6218733947826	0	77.6218733947826	DCA	210	95.6750584464746
28.5714285714286	200	78.2611982044323	0	78.2611982044323	DCA	0	78.2611982044323
42.8571428571429	200	77.8102818996474	0	77.8102818996474	DCA	70	85.2541917194812
57.1428571428571	200	81.1170878886044	0	81.1170878886044	DCA	70	88.5609977084382
71.4285714285714	200	78.5412363150268	0	78.5412363150268	DCA	0	78.5412363150268
85.7142857142857	200	78.5032469874175	0	78.5032469874175	DCA	210	96.5564320391095
100	200	82.2278232528067	0	82.2278232528067	DCA	70	89.6717330726404
114.285714285714	200	82.3135536221911	0	82.3135536221911	DCA	0	82.3135536221911
128.571428571429	200	81.5141794759283	0	81.5141794759283	DCA	280	102.732729939645
142.857142857143	200	81.1690952952227	0	81.1690952952227	DCA	280	102.387645758939
157.142857142857	200	84.0173651240775	0	84.0173651240775	DCA	140	97.4790032944753
171.428571428571	200	80.3831400157186	0	80.3831400157186	DCA	210	98.4363250674105
185.714285714286	200	79.1099456955363	0	79.1099456955363	DCA	0	79.1099456955363
200	200	79.1362063085716	0	79.1362063085716	DCA	210	97.1893913602635
214.285714285714	200	78.6474653630863	0	78.6474653630863	DCA	280	99.8660158268026
228.571428571429	200	78.5127881682732	0	78.5127881682732	DCA	0	78.5127881682732
242.857142857143	200	75.0169096897302	0	75.0169096897302	DCA	0	75.0169096897302
257.142857142857	200	76.9467141641369	0	76.9467141641369	DCA	70	84.3906239839707
271.428571428571	200	79.6117197987126	0	79.6117197987126	DCA	140	93.0733579691104
285.714285714286	200	79.7580267500293	0	79.7580267500293	DCA	280	100.976577213746
300	200	79.8179103024816	0	79.8179103024816	DCA	70	87.2618201223154
314.285714285714	200	82.9041859932633	0	82.9041859932633	DCA	140	96.3658241636611
328.571428571429	200	83.8596430341927	0	83.8596430341927	DCA	70	91.3035528540265
342.857142857143	200	82.78835920112	0	82.78835920112	DCA	140	96.2499973715178
357.142857142857	200	84.3195399211779	0	84.3195399211779	DCA	0	84.3195399211779
371.428571428571	200	86.5408436224105	0	86.5408436224105	DCA	0	86.5408436224105
385.714285714286	200	85.0676356049122	0	85.0676356049122	DCA	140	98.52927377531
400	200	81.259127908342	0	81.259127908342	DCA	0	81.259127908342
414.285714285714	200	79.945147345726	0	79.945147345726	DCA	280	101.163697809442
428.571428571429	200	79.6426076006514	0	79.6426076006514	DCA	210	97.6957926523434
442.857142857143	200	79.294671186607	0	79.294671186607	DCA	0	79.294671186607
457.142857142857	200	77.9016729771247	0	77.9016729771247	DCA	210	95.9548580288167
471.428571428571	200	80.3267516420038	0	80.3267516420038	DCA	140	93.7883898124016
485.714285714286	200	78.0440159986017	0	78.0440159986017	DCA	70	85.4879258184355
500	200	76.5009557020756	0	76.5009557020756	DCA	210	94.5541407537676
514.285714285714	200	79.7040041678098	24.6	104.30400416781	DCA	0	104.30400416781
528.571428571429	200	78.2148815744085	24.6	102.814881574409	DCA	210	138.4324666261
542.857142857143	200	80.9248068399266	24.6	105.524806839927	DCA	280	150.162557303643
557.142857142857	200	82.1123439895554	24.6	106.712343989555	DCA	210	142.329929041247
571.428571428571	200	86.1551346265111	24.6	110.755134626511	DCA	70	124.053844446345
585.714285714286	200	83.8352408267984	24.6	108.435240826798	DCA	280	153.072991290515
600	200	79.9661042914295	24.6	104.566104291429	DCA	280	149.203854755146
614.285714285714	200	79.8661033392951	24.6	104.466103339295	DCA	140	129.637341509693
628.571428571429	200	79.7596618899437	24.6	104.359661889944	DCA	210	139.977246941636
642.857142857143	200	80.7239197837234	24.6	105.323919783723	DCA	280	149.96167024744
657.142857142857	200	79.1463450586491	24.6	103.746345058649	DCA	0	103.746345058649
671.428571428571	200	81.2962285324585	24.6	105.896228532459	DCA	0	105.896228532459
685.714285714286	200	82.5237469512356	24.6	107.123746951236	DCA	280	151.761497414952
700	200	83.1352940654829	24.6	107.735294065483	DCA	140	132.906532235881
714.285714285714	200	84.3680185829203	24.6	108.96801858292	DCA	0	108.96801858292
728.571428571429	200	83.1534122480957	24.6	107.753412248096	DCA	0	107.753412248096
742.857142857143	200	78.2699591206432	24.6	102.869959120643	DCA	0	102.869959120643
757.142857142857	200	79.2170206121665	24.6	103.817020612166	DCA	140	128.988258782564
771.428571428571	200	75.8938280476288	24.6	100.493828047629	DCA	280	145.131578511345
785.714285714286	200	75.8782307098894	24.6	100.478230709889	DCA	0	100.478230709889
800	200	74.8066133709291	24.6	99.4066133709291	DCA	0	99.4066133709291
814.285714285714	200	74.3825481903344	24.6	98.9825481903344	DCA	140	124.153786360732
828.571428571429	200	75.8614418617645	24.6	100.461441861765	DCA	0	100.461441861765
842.857142857143	200	80.2009940243264	24.6	104.800994024326	DCA	0	104.800994024326
857.142857142857	200	76.6554858963852	24.6	101.255485896385	DCA	210	136.873070948077
871.428571428571	200	78.0321981404186	24.6	102.632198140419	DCA	0	102.632198140419
885.714285714286	200	78.1689150397487	24.6	102.768915039749	DCA	210	138.386500091441
900	200	80.8238357431901	24.6	105.42383574319	DCA	140	130.595073913588
914.285714285714	200	83.4859949534578	24.6	108.085994953458	DCA	210	143.70358000515
928.571428571429	200	82.9121200953718	24.6	107.512120095372	DCA	140	132.68335826577
942.857142857143	200	84.2207496484188	24.6	108.820749648419	DCA	0	108.820749648419
957.142857142857	200	79.3304195005082	24.6	103.930419500508	DCA	280	148.568169964224
971.428571428571	200	76.0101521306724	24.6	100.610152130672	DCA	280	145.247902594389
985.714285714286	200	75.0246309614225	24.6	99.6246309614225	DCA	280	144.262381425139
1000	200	78.3133121641937	24.6	102.913312164194	DCA	140	128.084550334591
0	233.333333333333	82.2157271560735	0	82.2157271560735	DCA	70	89.6596369759073
14.2857142857143	233.333333333333	79.5479147371487	0	79.5479147371487	DCA	210	97.6010997888407
28.5714285714286	233.333333333333	79.4438240889601	0	79.4438240889601	DCA	0	79.4438240889601
42.8571428571429	233.333333333333	80.0771607166229	0	80.0771607166229	DCA	0	80.0771607166229
57.1428571428571	233.333333333333	82.7198742152709	0	82.7198742152709	DCA	280	103.938424678987
71.4285714285714	233.333333333333	83.4337360614922	0	83.4337360614922	DCA	210	101.486921113184
85.7142857142857	233.333333333333	79.7093993106685	0	79.7093993106685	DCA	70	87.1533091305023
100	233.333333333333	81.031556735857	0	81.031556735857	DCA	70	88.4754665556908
114.285714285714	233.333333333333	83.4256429937453	0	83.4256429937453	DCA	210	101.478828045437
128.571428571429	233.333333333333	81.7094847261121	0	81.7094847261121	DCA	70	89.1533945459459
142.857142857143	233.333333333333	82.5821475279396	0	82.5821475279396	DCA	210	100.635332579632
157.142857142857	233.333333333333	79.4762643106925	0	79.4762643106925	DCA	140	92.9379024810902
171.428571428571	233.333333333333	79.2403916003921	0	79.2403916003921	DCA	210	97.293576652084
185.714285714286	233.333333333333	77.3612060618836	0	77.3612060618836	DCA	0	77.3612060618836
200	233.333333333333	82.8476043121029	0	82.8476043121029	DCA	140	96.3092424825007
214.285714285714	233.333333333333	79.7721031575816	0	79.7721031575816	DCA	0	79.7721031575816
228.571428571429	233.333333333333	82.2976963017117	0	82.2976963017117	DCA	70	89.7416061215455
242.857142857143	233.333333333333	79.0276764283742	0	79.0276764283742	DCA	70	86.471586248208
257.142857142857	233.333333333333	76.6127407271006	0	76.6127407271006	DCA	0	76.6127407271006
271.428571428571	233.333333333333	80.9060522627538	0	80.9060522627538	DCA	210	98.9592373144458
285.714285714286	233.333333333333	79.4062955770728	0	79.4062955770728	DCA	210	97.4594806287648
300	233.333333333333	82.8779253708253	0	82.8779253708253	DCA	0	82.8779253708253
314.285714285714	233.333333333333	80.1279279119492	0	80.1279279119492	DCA	70	87.5718377317829
328.571428571429	233.333333333333	78.1333829153736	0	78.1333829153736	DCA	0	78.1333829153736
342.857142857143	233.333333333333	79.4615500412767	0	79.4615500412767	DCA	280	100.680100504993
357.142857142857	233.333333333333	76.1023139704033	0	76.1023139704033	DCA	0	76.1023139704033
371.428571428571	233.333333333333	78.324241211636	0	78.324241211636	DCA	0	78.324241211636
385.714285714286	233.333333333333	81.2487477361791	0	81.2487477361791	DCA	280	102.467298199895
400	233.333333333333	79.3913522723065	0	79.3913522723065	DCA	140	92.8529904427043
414.285714285714	233.333333333333	81.4079606219086	0	81.4079606219086	DCA	70	88.8518704417424
428.571428571429	233.333333333333	82.4247228865437	0	82.4247228865437	DCA	70	89.8686327063775
442.857142857143	233.333333333333	78.9576768445824	0	78.9576768445824	DCA	140	92.4193150149802
457.142857142857	233.333333333333	79.1779251532519	0	79.1779251532519	DCA	70	86.6218349730856
471.428571428571	233.333333333333	81.4228870751562	0	81.4228870751562	DCA	0	81.4228870751562
485.714285714286	233.333333333333	77.5005830384219	0	77.5005830384219	DCA	140	90.9622212088197
500	233.333333333333	79.4666730970503	0	79.4666730970503	DCA	70	86.910582916884
514.285714285714	233.333333333333	77.6716637786077	24.6	102.271663778608	DCA	280	146.909414242324
528.571428571429	233.333333333333	80.1782343387214	24.6	104.778234338721	DCA	0	104.778234338721
542.857142857143	233.333333333333	81.3263861785863	24.6	105.926386178586	DCA	70	119.22509599842
557.142857142857	233.333333333333	79.044802878115	24.6	103.644802878115	DCA	70	116.943512697949
571.428571428571	233.333333333333	79.8597378735323	24.6	104.459737873532	DCA	280	149.097488337249
585.714285714286	233.333333333333	80.4580106252791	24.6	105.058010625279	DCA	280	149.695761088995
600	233.333333333333	83.116000394241	24.6	107.716000394241	DCA	210	143.333585445933
614.285714285714	233.333333333333	81.9307746200096	24.6	106.53077462001	DCA	70	119.829484439843
628.571428571429	233.333333333333	79.1100482192162	24.6	103.710048219216	DCA	280	148.347798682933
642.857142857143	233.333333333333	78.5679536292428	24.6	103.167953629243	DCA	210	138.785538680935
657.142857142857	233.333333333333	81.9963774647255	24.6	106.596377464725	DCA	70	119.895087284559
671.428571428571	233.333333333333	82.9538634059699	24.6	107.55386340597	DCA	140	132.725101576368
685.714285714286	233.333333333333	84.3360932828288	24.6	108.936093282829	DCA	140	134.107331453227
700	233.333333333333	84.2133224975684	24.6	108.813322497568	DCA	0	108.813322497568
714.285714285714	233.333333333333	82.544754861852	24.6	107.144754861852	DCA	280	151.782505325568
728.571428571429	233.333333333333	84.1908757944839	24.6	108.790875794484	DCA	70	122.089585614318
742.857142857143	233.333333333333	78.714290600243	24.6	103.314290600243	DCA	210	138.931875651935
757.142857142857	233.333333333333	76.0301165954675	24.6	100.630116595468	DCA	70	113.928826415301
771.428571428571	233.333333333333	77.8833772323228	24.6	102.483377232323	DCA	210	138.100962284015
785.714285714286	233.333333333333	78.5248260297799	24.6	103.12482602978	DCA	140	128.296064200178
800	233.333333333333	75.4780970637562	24.6	100.078097063756	DCA	280	144.715847527473
814.285714285714	233.333333333333	72.4261061973066	24.6	97.0261061973066	DCA	70	110.32481601714
828.571428571429	233.333333333333	74.6928658489646	24.6	99.2928658489646	DCA	210	134.910450900657
842.857142857143	233.333333333333	76.5173050688871	24.6	101.117305068887	DCA	0	101.117305068887
857.142857142857	233.333333333333	82.5288832221403	24.6	107.12888322214	DCA	140	132.300121392538
871.428571428571	233.333333333333	80.6487697714292	24.6	105.248769771429	DCA	280	149.886520235146
885.714285714286	233.333333333333	79.1110109991136	24.6	103.711010999114	DCA	280	148.34876146283
900	233.333333333333	83.3804918920624	24.6	107.980491892062	DCA	140	133.15173006246
914.285714285714	233.333333333333	84.983131954642	24.6	109.583131954642	DCA	210	145.200717006334
928.571428571429	233.333333333333	81.6157314008188	24.6	106.215731400819	DCA	210	141.833316452511
942.857142857143	233.333333333333	79.9504501218707	24.6	104.550450121871	DCA	70	117.849159941704
957.142857142857	233.333333333333	80.1832781573497	24.6	104.78327815735	DCA	280	149.421028621066
971.428571428571	233.333333333333	79.177032070795	24.6	103.777032070795	DCA	70	117.075741890629
985.714285714286	233.333333333333	80.1433518634329	24.6	104.743351863433	DCA	70	118.042061683267
1000	233.333333333333	79.5264417302139	24.6	104.126441730214	DCA	280	148.76419219393
0	266.666666666667	79.8492085512621	0	79.8492085512621	DCA	0	79.8492085512621
14.2857142857143	266.666666666667	78.8676715518544	0	78.8676715518544	DCA	70	86.3115813716882
28.5714285714286	266.666666666667	78.2561683145073	0	78.2561683145073	DCA	280	99.4747187782236
42.8571428571429	266.666666666667	77.7382327166718	0	77.7382327166718	DCA	140	91.1998708870696
57.1428571428571	266.666666666667	77.3553276277808	0	77.3553276277808	DCA	0	77.3553276277808
71.4285714285714	266.666666666667	79.7879561253423	0	79.7879561253423	DCA	280	101.006506589059
85.7142857142857	266.666666666667	81.3871981921524	0	81.3871981921524	DCA	280	102.605748655869
100	266.666666666667	82.3464303496165	0	82.3464303496165	DCA	280	103.564980813333
114.285714285714	266.666666666667	77.9378254519012	0	77.9378254519012	DCA	140	91.3994636222989
128.571428571429	266.666666666667	74.6593700308105	0	74.6593700308105	DCA	280	95.8779204945269
142.857142857143	266.666666666667	75.6591518191176	0	75.6591518191176	DCA	70	83.1030616389514
157.142857142857	266.666666666667	77.6090248608846	0	77.6090248608846	DCA	210	95.6622099125766
171.428571428571	266.666666666667	77.4127961422284	0	77.4127961422284	DCA	0	77.4127961422284
185.714285714286	266.666666666667	76.8078642548151	0	76.8078642548151	DCA	140	90.2695024252128
200	266.666666666667	84.0856386003556	0	84.0856386003556	DCA	280	105.304189064072
214.285714285714	266.666666666667	82.483883679439	0	82.483883679439	DCA	280	103.702434143155
228.571428571429	266.666666666667	81.5167966676725	0	81.5167966676725	DCA	210	99.5699817193645
242.857142857143	266.666666666667	79.4271769593892	0	79.4271769593892	DCA	210	97.4803620110812
257.142857142857	266.666666666667	79.4009120220604	0	79.4009120220604	DCA	280	100.619462485777
271.428571428571	266.666666666667	79.7997940892803	0	79.7997940892803	DCA	140	93.261432259678
285.714285714286	266.666666666667	78.7978143250007	0	78.7978143250007	DCA	280	100.016364788717
300	266.666666666667	78.0473864538134	0	78.0473864538134	DCA	70	85.4912962736472
314.285714285714	266.666666666667	79.4129238118953	0	79.4129238118953	DCA	280	100.631474275612
328.571428571429	266.666666666667	78.104458981117	0	78.104458981117	DCA	280	99.3230094448334
342.857142857143	266.666666666667	76.5855790259527	0	76.5855790259527	DCA	210	94.6387640776446
357.142857142857	266.666666666667	78.3160355650578	0	78.3160355650578	DCA	140	91.7776737354556
371.428571428571	266.666666666667	77.0511714785012	0	77.0511714785012	DCA	0	77.0511714785012
385.714285714286	266.666666666667	79.467242455196	0	79.467242455196	DCA	0	79.467242455196
400	266.666666666667	85.1757834951573	0	85.1757834951573	DCA	140	98.6374216655551
414.285714285714	266.666666666667	82.8744435619413	0	82.8744435619413	DCA	70	90.3183533817751
428.571428571429	266.666666666667	77.143865922998	0	77.143865922998	DCA	70	84.5877757428318
442.857142857143	266.666666666667	78.9108355805514	0	78.9108355805514	DCA	70	86.3547454003852
457.142857142857	266.666666666667	81.7680896679727	0	81.7680896679727	DCA	140	95.2297278383705
471.428571428571	266.666666666667	78.6870431720161	0	78.6870431720161	DCA	140	92.1486813424139
485.714285714286	266.666666666667	81.7591057167955	0	81.7591057167955	DCA	0	81.7591057167955
500	266.666666666667	77.0614462753717	0	77.0614462753717	DCA	0	77.0614462753717
514.285714285714	266.666666666667	78.2118402912401	24.6	102.81184029124	DCA	280	147.449590754956
528.571428571429	266.666666666667	75.6405386130665	24.6	100.240538613066	DCA	70	113.5392484329
542.857142857143	266.666666666667	77.3283314129355	24.6	101.928331412935	DCA	210	137.545916464627
557.142857142857	266.666666666667	80.9940465336658	24.6	105.594046533666	DCA	280	150.231796997382
571.428571428571	266.666666666667	81.3315509767111	24.6	105.931550976711	DCA	140	131.102789147109
585.714285714286	266.666666666667	80.0912942871581	24.6	104.691294287158	DCA	70	117.990004106992
600	266.666666666667	80.7251380962358	24.6	105.325138096236	DCA	70	118.62384791607
614.285714285714	266.666666666667	79.6977701324559	24.6	104.297770132456	DCA	140	129.469008302854
628.571428571429	266.666666666667	85.4200004674135	24.6	110.020000467414	DCA	210	145.637585519105
642.857142857143	266.666666666667	87.9083360940096	24.6	112.50833609401	DCA	140	137.679574264407
657.142857142857	266.666666666667	90.7747519684545	24.6	115.374751968454	DCA	210	150.992337020146
671.428571428571	266.666666666667	86.996281283972	24.6	111.596281283972	DCA	140	136.76751945437
685.714285714286	266.666666666667	85.4773284806516	24.6	110.077328480652	DCA	70	123.376038300485
700	266.666666666667	83.1083042131135	24.6	107.708304213113	DCA	0	107.708304213113
714.285714285714	266.666666666667	83.3081815447107	24.6	107.908181544711	DCA	140	133.079419715108
728.571428571429	266.666666666667	81.6821345619136	24.6	106.282134561914	DCA	70	119.580844381747
742.857142857143	266.666666666667	79.2809895689273	24.6	103.880989568927	DCA	280	148.518740032644
757.142857142857	266.666666666667	73.8944478955933	24.6	98.4944478955933	DCA	140	123.665686065991
771.428571428571	266.666666666667	71.5978099800811	24.6	96.1978099800811	DCA	70	109.496519799915
785.714285714286	266.666666666667	72.4604944575963	24.6	97.0604944575963	DCA	70	110.35920427743
800	266.666666666667	74.3766385722662	24.6	98.9766385722662	DCA	140	124.147876742664
814.285714285714	266.666666666667	73.9780878942615	24.6	98.5780878942615	DCA	280	143.215838357978
828.571428571429	266.666666666667	76.7652866212366	24.6	101.365286621237	DCA	70	114.66399644107
842.857142857143	266.666666666667	79.3839331054714	24.6	103.983933105471	DCA	70	117.282642925305
857.142857142857	266.666666666667	77.9293616457654	24.6	102.529361645765	DCA	210	138.146946697457
871.428571428571	266.666666666667	81.8134451305793	24.6	106.413445130579	DCA	70	119.712154950413
885.714285714286	266.666666666667	80.1737846288634	24.6	104.773784628863	DCA	140	129.945022799261
900	266.666666666667	82.0921067187696	24.6	106.69210671877	DCA	70	119.990816538603
914.285714285714	266.666666666667	84.2554066899537	24.6	108.855406689954	DCA	0	108.855406689954
928.571428571429	266.666666666667	82.8367934511345	24.6	107.436793451134	DCA	210	143.054378502826
942.857142857143	266.666666666667	86.6834336065742	24.6	111.283433606574	DCA	140	136.454671776972
957.142857142857	266.666666666667	80.7553406133628	24.6	105.355340613363	DCA	210	140.972925665055
971.428571428571	266.666666666667	81.8826783340002	24.6	106.482678334	DCA	70	119.781388153834
985.714285714286	266.666666666667	81.34965180429	24.6	105.94965180429	DCA	0	105.94965180429
1000	266.666666666667	81.2741611817694	24.6	105.874161181769	DCA	70	119.172871001603
0	300	82.2952546360318	0	82.2952546360318	DCA	210	100.348439687724
14.2857142857143	300	82.0941320860735	0	82.0941320860735	DCA	0	82.0941320860735
28.5714285714286	300	78.3912357563536	0	78.3912357563536	DCA	140	91.8528739267514
42.8571428571429	300	79.3485003134538	0	79.3485003134538	DCA	280	100.56705077717
57.1428571428571	300	81.0168208238406	0	81.0168208238406	DCA	140	94.4784589942383
71.4285714285714	300	83.5736336414392	0	83.5736336414392	DCA	280	104.792184105156
85.7142857142857	300	82.1442862991867	0	82.1442862991867	DCA	280	103.362836762903
100	300	78.5421295238164	0	78.5421295238164	DCA	140	92.0037676942141
114.285714285714	300	79.9686518219464	0	79.9686518219464	DCA	140	93.4302899923442
128.571428571429	300	78.3817450254905	0	78.3817450254905	DCA	0	78.3817450254905
142.857142857143	300	78.2404962074057	0	78.2404962074057	DCA	280	99.4590466711221
157.142857142857	300	76.0834527583548	0	76.0834527583548	DCA	280	97.3020032220711
171.428571428571	300	78.3957313198943	0	78.3957313198943	DCA	210	96.4489163715863
185.714285714286	300	76.0701219428626	0	76.0701219428626	DCA	140	89.5317601132604
200	300	78.3901787840341	0	78.3901787840341	DCA	140	91.8518169544318
214.285714285714	300	81.2040846941577	0	81.2040846941577	DCA	70	88.6479945139915
228.571428571429	300	75.3722012640212	0	75.3722012640212	DCA	140	88.833839434419
242.857142857143	300	77.7120609161241	0	77.7120609161241	DCA	140	91.1736990865219
257.142857142857	300	76.4553623309234	0	76.4553623309234	DCA	140	89.9170005013212
271.428571428571	300	78.7736305534415	0	78.7736305534415	DCA	210	96.8268156051335
285.714285714286	300	77.8261945678512	0	77.8261945678512	DCA	0	77.8261945678512
300	300	73.7603590463411	0	73.7603590463411	DCA	210	91.813544098033
314.285714285714	300	75.0535484884117	0	75.0535484884117	DCA	140	88.5151866588094
328.571428571429	300	77.3815525534027	0	77.3815525534027	DCA	70	84.8254623732364
342.857142857143	300	78.9766831493217	0	78.9766831493217	DCA	280	100.195233613038
357.142857142857	300	76.6983080681086	0	76.6983080681086	DCA	0	76.6983080681086
371.428571428571	300	77.8192110837551	0	77.8192110837551	DCA	210	95.872396135447
385.714285714286	300	80.485489450198	0	80.485489450198	DCA	280	101.704039913914
400	300	80.8704680789853	0	80.8704680789853	DCA	280	102.089018542702
414.285714285714	300	80.0864392032794	0	80.0864392032794	DCA	70	87.5303490231132
428.571428571429	300	84.7534601378057	0	84.7534601378057	DCA	0	84.7534601378057
442.857142857143	300	81.7478841405521	0	81.7478841405521	DCA	210	99.8010691922441
457.142857142857	300	83.6633550269671	0	83.6633550269671	DCA	140	97.1249931973649
471.428571428571	300	82.8730869205897	0	82.8730869205897	DCA	210	100.926271972282
485.714285714286	300	81.3849140673662	0	81.3849140673662	DCA	140	94.846552237764
500	300	80.9987733564186	0	80.9987733564186	DCA	0	80.9987733564186
514.285714285714	300	80.9265007976519	24.6	105.526500797652	DCA	140	130.69773896805
528.571428571429	300	82.3219737137361	24.6	106.921973713736	DCA	140	132.093211884134
542.857142857143	300	80.8874135140924	24.6	105.487413514092	DCA	0	105.487413514092
557.142857142857	300	79.4512194118224	24.6	104.051219411822	DCA	140	129.22245758222
571.428571428571	300	80.0143121031148	24.6	104.614312103115	DCA	280	149.252062566831
585.714285714286	300	80.6662469644539	24.6	105.266246964454	DCA	0	105.266246964454
600	300	79.3866485596737	24.6	103.986648559674	DCA	280	148.62439902339
614.285714285714	300	78.9608133298018	24.6	103.560813329802	DCA	70	116.859523149636
628.571428571429	300	82.7247588311512	24.6	107.324758831151	DCA	70	120.623468650985
642.857142857143	300	82.0494398237357	24.6	106.649439823736	DCA	280	151.287190287452
657.142857142857	300	86.6160260538784	24.6	111.216026053878	DCA	210	146.83361110557
671.428571428571	300	85.8419256054003	24.6	110.4419256054	DCA	210	146.059510657092
685.714285714286	300	85.0040137333375	24.6	109.604013733337	DCA	0	109.604013733337
700	300	85.0230316269659	24.6	109.623031626966	DCA	210	145.240616678658
714.285714285714	300	80.6001408413978	24.6	105.200140841398	DCA	210	140.81772589309
728.571428571429	300	79.4494470253037	24.6	104.049447025304	DCA	70	117.348156845137
742.857142857143	300	77.3430179474046	24.6	101.943017947405	DCA	0	101.943017947405
757.142857142857	300	77.591725805748	24.6	102.191725805748	DCA	70	115.490435625582
771.428571428571	300	79.198771626993	24.6	103.798771626993	DCA	210	139.416356678685
785.714285714286	300	75.8556024804626	24.6	100.455602480463	DCA	140	125.62684065086
800	300	73.2963947010468	24.6	97.8963947010468	DCA	280	142.534145164763
814.285714285714	300	72.467786802678	24.6	97.067786802678	DCA	0	97.067786802678
828.571428571429	300	73.7221507757261	24.6	98.3221507757261	DCA	140	123.493388946124
842.857142857143	300	76.4038829468661	24.6	101.003882946866	DCA	280	145.641633410582
857.142857142857	300	77.8837735947799	24.6	102.48377359478	DCA	210	138.101358646472
871.428571428571	300	81.4834961161633	24.6	106.083496116163	DCA	140	131.254734286561
885.714285714286	300	81.935059958511	24.6	106.535059958511	DCA	70	119.833769778345
900	300	85.7072453886301	24.6	110.30724538863	DCA	140	135.478483559028
914.285714285714	300	83.3848165961426	24.6	107.984816596143	DCA	280	152.622567059859
928.571428571429	300	85.1600948669493	24.6	109.760094866949	DCA	280	154.397845330666
942.857142857143	300	87.0346542064459	24.6	111.634654206446	DCA	280	156.272404670162
957.142857142857	300	80.6621594065504	24.6	105.26215940655	DCA	0	105.26215940655
971.428571428571	300	77.0510929176184	24.6	101.651092917618	DCA	0	101.651092917618
985.714285714286	300	79.1211263241715	24.6	103.721126324172	DCA	140	128.892364494569
1000	300	77.8884464748986	24.6	102.488446474899	DCA	210	138.106031526591
