x	y	variable1	Zona	ErrorConEfecto	Disenio	AsigTrat	MiRto
0	0	75.9046104135691	0	75.9046104135691	DCA	280	73.5181940842869
14.2857142857143	0	81.964071080538	0	81.964071080538	DCA	0	81.964071080538
28.5714285714286	0	78.7409976087318	0	78.7409976087318	DCA	210	82.9582438702933
42.8571428571429	0	77.0824928085497	0	77.0824928085497	DCA	280	74.6960764792675
57.1428571428571	0	75.2174679569569	0	75.2174679569569	DCA	140	82.0336711370133
71.4285714285714	0	77.6846505713037	0	77.6846505713037	DCA	140	84.5008537513601
85.7142857142857	0	79.6490201365064	0	79.6490201365064	DCA	210	83.8662663980678
100	0	79.7927829972899	0	79.7927829972899	DCA	280	77.4063666680077
114.285714285714	0	76.1406284971308	0	76.1406284971308	DCA	210	80.3578747586923
128.571428571429	0	76.272467200263	0	76.272467200263	DCA	0	76.272467200263
142.857142857143	0	79.5645569808107	0	79.5645569808107	DCA	140	86.3807601608671
157.142857142857	0	80.4483892920954	0	80.4483892920954	DCA	140	87.2645924721518
171.428571428571	0	77.9026308226077	0	77.9026308226077	DCA	0	77.9026308226077
185.714285714286	0	82.897894364445	0	82.897894364445	DCA	70	88.3083487906476
200	0	82.4489914207395	0	82.4489914207395	DCA	140	89.265194600796
214.285714285714	0	83.9283511031857	0	83.9283511031857	DCA	280	81.5419347739035
228.571428571429	0	81.0671540750533	0	81.0671540750533	DCA	0	81.0671540750533
242.857142857143	0	80.8634586825442	0	80.8634586825442	DCA	210	85.0807049441057
257.142857142857	0	78.6703329904724	0	78.6703329904724	DCA	0	78.6703329904724
271.428571428571	0	82.1554791735712	0	82.1554791735712	DCA	70	87.5659335997738
285.714285714286	0	84.1778485425482	0	84.1778485425482	DCA	140	90.9940517226046
300	0	75.8183163813857	0	75.8183163813857	DCA	140	82.6345195614421
314.285714285714	0	76.3335862210004	0	76.3335862210004	DCA	70	81.744040647203
328.571428571429	0	79.9314861414523	0	79.9314861414523	DCA	280	77.5450698121701
342.857142857143	0	82.3139503109129	0	82.3139503109129	DCA	280	79.9275339816307
357.142857142857	0	80.744454518469	0	80.744454518469	DCA	210	84.9617007800304
371.428571428571	0	80.5122708054275	0	80.5122708054275	DCA	0	80.5122708054275
385.714285714286	0	76.9568647363956	0	76.9568647363956	DCA	0	76.9568647363956
400	0	83.2362196005339	0	83.2362196005339	DCA	280	80.8498032712517
414.285714285714	0	82.9792437322477	0	82.9792437322477	DCA	280	80.5928274029655
428.571428571429	0	82.0034327440078	0	82.0034327440078	DCA	70	87.4138871702104
442.857142857143	0	82.6863832592463	0	82.6863832592463	DCA	280	80.2999669299641
457.142857142857	0	81.7155626390442	0	81.7155626390442	DCA	210	85.9328089006057
471.428571428571	0	79.6913403323046	0	79.6913403323046	DCA	70	85.1017947585072
485.714285714286	0	80.6155742034038	0	80.6155742034038	DCA	280	78.2291578741216
500	0	77.8536226137289	0	77.8536226137289	DCA	210	82.0708688752904
514.285714285714	0	75.905754200571	24.6	100.505754200571	DCA	0	100.505754200571
528.571428571429	0	80.4485293184311	24.6	105.048529318431	DCA	70	116.313783744634
542.857142857143	0	79.1001298659836	24.6	103.700129865984	DCA	0	103.700129865984
557.142857142857	0	80.4593008622715	24.6	105.059300862272	DCA	0	105.059300862272
571.428571428571	0	80.4813315057288	24.6	105.081331505729	DCA	280	126.114115176447
585.714285714286	0	83.3533795771632	24.6	107.953379577163	DCA	70	119.218634003366
600	0	82.7167181135625	24.6	107.316718113562	DCA	0	107.316718113562
614.285714285714	0	78.7657765873836	24.6	103.365776587384	DCA	0	103.365776587384
628.571428571429	0	79.8681536712122	24.6	104.468153671212	DCA	140	122.993956851269
642.857142857143	0	82.3350692239689	24.6	106.935069223969	DCA	140	125.460872404025
657.142857142857	0	81.6549075727697	24.6	106.25490757277	DCA	140	124.780710752826
671.428571428571	0	79.6102743641922	24.6	104.210274364192	DCA	70	115.475528790395
685.714285714286	0	77.4137912652043	24.6	102.013791265204	DCA	70	113.279045691407
700	0	79.8268531667309	24.6	104.426853166731	DCA	210	126.208499428292
714.285714285714	0	80.9255344721839	24.6	105.525534472184	DCA	70	116.790788898386
728.571428571429	0	80.5389593873459	24.6	105.138959387346	DCA	280	126.171743058064
742.857142857143	0	83.0837040743565	24.6	107.683704074356	DCA	70	118.948958500559
757.142857142857	0	84.0895204093172	24.6	108.689520409317	DCA	210	130.471166670879
771.428571428571	0	82.1083148403639	24.6	106.708314840364	DCA	70	117.973569266566
785.714285714286	0	81.8526113401682	24.6	106.452611340168	DCA	140	124.978414520225
800	0	77.1883190123292	24.6	101.788319012329	DCA	0	101.788319012329
814.285714285714	0	76.8297421068556	24.6	101.429742106856	DCA	280	122.462525777573
828.571428571429	0	76.9834362946025	24.6	101.583436294603	DCA	0	101.583436294603
842.857142857143	0	80.3494659480226	24.6	104.949465948023	DCA	70	116.214720374225
857.142857142857	0	76.1230556406586	24.6	100.723055640659	DCA	0	100.723055640659
871.428571428571	0	77.3446954780658	24.6	101.944695478066	DCA	280	122.977479148784
885.714285714286	0	77.1003065146834	24.6	101.700306514683	DCA	280	122.733090185401
900	0	78.6803434658139	24.6	103.280343465814	DCA	0	103.280343465814
914.285714285714	0	80.243659528577	24.6	104.843659528577	DCA	0	104.843659528577
928.571428571429	0	80.1078105401014	24.6	104.707810540101	DCA	0	104.707810540101
942.857142857143	0	79.749238140632	24.6	104.349238140632	DCA	140	122.875041320688
957.142857142857	0	80.9544138141041	24.6	105.554413814104	DCA	0	105.554413814104
971.428571428571	0	81.6684769825205	24.6	106.268476982521	DCA	0	106.268476982521
985.714285714286	0	79.1380792958703	24.6	103.73807929587	DCA	0	103.73807929587
1000	0	81.804205806978	24.6	106.404205806978	DCA	0	106.404205806978
0	33.3333333333333	80.0489632759063	0	80.0489632759063	DCA	0	80.0489632759063
14.2857142857143	33.3333333333333	79.0763713863229	0	79.0763713863229	DCA	70	84.4868258125255
28.5714285714286	33.3333333333333	81.5059402397335	0	81.5059402397335	DCA	0	81.5059402397335
42.8571428571429	33.3333333333333	79.2518309410441	0	79.2518309410441	DCA	0	79.2518309410441
57.1428571428571	33.3333333333333	77.974474594416	0	77.974474594416	DCA	70	83.3849290206186
71.4285714285714	33.3333333333333	78.6738955182797	0	78.6738955182797	DCA	0	78.6738955182797
85.7142857142857	33.3333333333333	80.2999081356368	0	80.2999081356368	DCA	140	87.1161113156932
100	33.3333333333333	80.2089186971121	0	80.2089186971121	DCA	210	84.4261649586736
114.285714285714	33.3333333333333	75.8643934972293	0	75.8643934972293	DCA	280	73.4779771679471
128.571428571429	33.3333333333333	80.5757973405043	0	80.5757973405043	DCA	280	78.1893810112221
142.857142857143	33.3333333333333	78.3127769454538	0	78.3127769454538	DCA	70	83.7232313716564
157.142857142857	33.3333333333333	80.6249233049598	0	80.6249233049598	DCA	210	84.8421695665213
171.428571428571	33.3333333333333	78.2870304328687	0	78.2870304328687	DCA	0	78.2870304328687
185.714285714286	33.3333333333333	77.9108836027703	0	77.9108836027703	DCA	70	83.3213380289728
200	33.3333333333333	78.4509867720258	0	78.4509867720258	DCA	0	78.4509867720258
214.285714285714	33.3333333333333	82.0512911542707	0	82.0512911542707	DCA	140	88.8674943343271
228.571428571429	33.3333333333333	80.9285370881749	0	80.9285370881749	DCA	280	78.5421207588927
242.857142857143	33.3333333333333	84.0713995681914	0	84.0713995681914	DCA	140	90.8876027482478
257.142857142857	33.3333333333333	77.5411330912656	0	77.5411330912656	DCA	210	81.758379352827
271.428571428571	33.3333333333333	79.3987276317254	0	79.3987276317254	DCA	140	86.2149308117818
285.714285714286	33.3333333333333	77.6835879839733	0	77.6835879839733	DCA	140	84.4997911640297
300	33.3333333333333	77.8899955640235	0	77.8899955640235	DCA	0	77.8899955640235
314.285714285714	33.3333333333333	81.8128881679143	0	81.8128881679143	DCA	210	86.0301344294758
328.571428571429	33.3333333333333	82.896457481673	0	82.896457481673	DCA	140	89.7126606617294
342.857142857143	33.3333333333333	80.8682137201898	0	80.8682137201898	DCA	70	86.2786681463924
357.142857142857	33.3333333333333	79.8296095171196	0	79.8296095171196	DCA	70	85.2400639433222
371.428571428571	33.3333333333333	78.6611682400599	0	78.6611682400599	DCA	280	76.2747519107777
385.714285714286	33.3333333333333	79.2097823615336	0	79.2097823615336	DCA	70	84.6202367877361
400	33.3333333333333	78.1394899573436	0	78.1394899573436	DCA	140	84.9556931374
414.285714285714	33.3333333333333	80.147097175513	0	80.147097175513	DCA	70	85.5575516017156
428.571428571429	33.3333333333333	82.6004674961433	0	82.6004674961433	DCA	280	80.2140511668611
442.857142857143	33.3333333333333	86.5099664684807	0	86.5099664684807	DCA	210	90.7272127300422
457.142857142857	33.3333333333333	85.9757540981078	0	85.9757540981078	DCA	210	90.1930003596693
471.428571428571	33.3333333333333	82.002391436431	0	82.002391436431	DCA	280	79.6159751071488
485.714285714286	33.3333333333333	80.4114450990695	0	80.4114450990695	DCA	210	84.628691360631
500	33.3333333333333	83.0226353669235	0	83.0226353669235	DCA	280	80.6362190376413
514.285714285714	33.3333333333333	79.2689472462574	24.6	103.868947246257	DCA	210	125.650593507819
528.571428571429	33.3333333333333	79.3452377784007	24.6	103.945237778401	DCA	70	115.210492204603
542.857142857143	33.3333333333333	78.7984987939046	24.6	103.398498793905	DCA	0	103.398498793905
557.142857142857	33.3333333333333	81.0595572232941	24.6	105.659557223294	DCA	0	105.659557223294
571.428571428571	33.3333333333333	82.2214383428723	24.6	106.821438342872	DCA	280	127.85422201359
585.714285714286	33.3333333333333	83.3671342829776	24.6	107.967134282978	DCA	280	128.999917953695
600	33.3333333333333	78.021936340805	24.6	102.621936340805	DCA	210	124.403582602366
614.285714285714	33.3333333333333	81.6365363639049	24.6	106.236536363905	DCA	0	106.236536363905
628.571428571429	33.3333333333333	81.6975046309899	24.6	106.29750463099	DCA	280	127.330288301708
642.857142857143	33.3333333333333	83.6726372185674	24.6	108.272637218567	DCA	140	126.798440398624
657.142857142857	33.3333333333333	81.3402851430304	24.6	105.94028514303	DCA	280	126.973068813748
671.428571428571	33.3333333333333	80.6676276917699	24.6	105.26762769177	DCA	280	126.300411362488
685.714285714286	33.3333333333333	76.4393479218248	24.6	101.039347921825	DCA	70	112.304602348027
700	33.3333333333333	78.3397401814434	24.6	102.939740181443	DCA	210	124.721386443005
714.285714285714	33.3333333333333	79.8276878855014	24.6	104.427687885501	DCA	210	126.209334147063
728.571428571429	33.3333333333333	77.616506982368	24.6	102.216506982368	DCA	70	113.481761408571
742.857142857143	33.3333333333333	84.2327569038353	24.6	108.832756903835	DCA	0	108.832756903835
757.142857142857	33.3333333333333	81.9851470197114	24.6	106.585147019711	DCA	70	117.850401445914
771.428571428571	33.3333333333333	80.2205866112521	24.6	104.820586611252	DCA	280	125.85337028197
785.714285714286	33.3333333333333	85.0183417138451	24.6	109.618341713845	DCA	280	130.651125384563
800	33.3333333333333	79.1018858189026	24.6	103.701885818903	DCA	70	114.967140245105
814.285714285714	33.3333333333333	77.8626305106936	24.6	102.462630510694	DCA	140	120.98843369075
828.571428571429	33.3333333333333	77.8480912841511	24.6	102.448091284151	DCA	280	123.480874954869
842.857142857143	33.3333333333333	79.3363688297858	24.6	103.936368829786	DCA	140	122.462172009842
857.142857142857	33.3333333333333	80.2088619274472	24.6	104.808861927447	DCA	210	126.590508189009
871.428571428571	33.3333333333333	80.626006053871	24.6	105.226006053871	DCA	280	126.258789724589
885.714285714286	33.3333333333333	79.814754653721	24.6	104.414754653721	DCA	0	104.414754653721
900	33.3333333333333	78.3018883341865	24.6	102.901888334186	DCA	210	124.683534595748
914.285714285714	33.3333333333333	80.2423232080191	24.6	104.842323208019	DCA	210	126.623969469581
928.571428571429	33.3333333333333	82.2054853358065	24.6	106.805485335806	DCA	70	118.070739762009
942.857142857143	33.3333333333333	78.20347587716	24.6	102.80347587716	DCA	0	102.80347587716
957.142857142857	33.3333333333333	77.2013636285382	24.6	101.801363628538	DCA	210	123.5830098901
971.428571428571	33.3333333333333	79.1768612915858	24.6	103.776861291586	DCA	210	125.558507553147
985.714285714286	33.3333333333333	81.986771264748	24.6	106.586771264748	DCA	210	128.368417526309
1000	33.3333333333333	79.6234099766506	24.6	104.223409976651	DCA	140	122.749213156707
0	66.6666666666667	80.9608420712964	0	80.9608420712964	DCA	0	80.9608420712964
14.2857142857143	66.6666666666667	77.431292050975	0	77.431292050975	DCA	140	84.2474952310315
28.5714285714286	66.6666666666667	77.0765028618019	0	77.0765028618019	DCA	0	77.0765028618019
42.8571428571429	66.6666666666667	78.9043617518254	0	78.9043617518254	DCA	70	84.314816178028
57.1428571428571	66.6666666666667	81.1169673556086	0	81.1169673556086	DCA	280	78.7305510263264
71.4285714285714	66.6666666666667	80.9001776297073	0	80.9001776297073	DCA	140	87.7163808097637
85.7142857142857	66.6666666666667	79.8210646263978	0	79.8210646263978	DCA	70	85.2315190526004
100	66.6666666666667	79.5851248943973	0	79.5851248943973	DCA	70	84.9955793205999
114.285714285714	66.6666666666667	79.8406652173552	0	79.8406652173552	DCA	140	86.6568683974116
128.571428571429	66.6666666666667	82.3202903279043	0	82.3202903279043	DCA	140	89.1364935079607
142.857142857143	66.6666666666667	80.1026944078717	0	80.1026944078717	DCA	210	84.3199406694332
157.142857142857	66.6666666666667	76.8660099481862	0	76.8660099481862	DCA	210	81.0832562097477
171.428571428571	66.6666666666667	77.2288083859421	0	77.2288083859421	DCA	280	74.8423920566599
185.714285714286	66.6666666666667	81.3472362643803	0	81.3472362643803	DCA	140	88.1634394444367
200	66.6666666666667	82.4728909449005	0	82.4728909449005	DCA	140	89.2890941249569
214.285714285714	66.6666666666667	82.99935086729	0	82.99935086729	DCA	280	80.6129345380078
228.571428571429	66.6666666666667	81.5588738258909	0	81.5588738258909	DCA	280	79.1724574966087
242.857142857143	66.6666666666667	81.1225247894382	0	81.1225247894382	DCA	0	81.1225247894382
257.142857142857	66.6666666666667	78.1168197239378	0	78.1168197239378	DCA	70	83.5272741501404
271.428571428571	66.6666666666667	77.8224420078592	0	77.8224420078592	DCA	70	83.2328964340618
285.714285714286	66.6666666666667	80.1265421591565	0	80.1265421591565	DCA	140	86.9427453392129
300	66.6666666666667	81.6935374934392	0	81.6935374934392	DCA	0	81.6935374934392
314.285714285714	66.6666666666667	82.6855270323584	0	82.6855270323584	DCA	210	86.9027732939199
328.571428571429	66.6666666666667	82.9294408313296	0	82.9294408313296	DCA	70	88.3398952575322
342.857142857143	66.6666666666667	81.7062182854924	0	81.7062182854924	DCA	140	88.5224214655488
357.142857142857	66.6666666666667	86.7780400464462	0	86.7780400464462	DCA	280	84.391623717164
371.428571428571	66.6666666666667	83.0585470656424	0	83.0585470656424	DCA	0	83.0585470656424
385.714285714286	66.6666666666667	85.3077978700041	0	85.3077978700041	DCA	140	92.1240010500605
400	66.6666666666667	87.326429948505	0	87.326429948505	DCA	280	84.9400136192228
414.285714285714	66.6666666666667	86.553376688395	0	86.553376688395	DCA	0	86.553376688395
428.571428571429	66.6666666666667	82.067866880642	0	82.067866880642	DCA	140	88.8840700606984
442.857142857143	66.6666666666667	84.3000967315096	0	84.3000967315096	DCA	280	81.9136804022274
457.142857142857	66.6666666666667	85.3251527159808	0	85.3251527159808	DCA	70	90.7356071421833
471.428571428571	66.6666666666667	82.3791080617596	0	82.3791080617596	DCA	0	82.3791080617596
485.714285714286	66.6666666666667	82.7790818942395	0	82.7790818942395	DCA	280	80.3926655649573
500	66.6666666666667	82.2333254279892	0	82.2333254279892	DCA	280	79.846909098707
514.285714285714	66.6666666666667	82.7863395797569	24.6	107.386339579757	DCA	70	118.651594005959
528.571428571429	66.6666666666667	82.5689585707839	24.6	107.168958570784	DCA	210	128.950604832345
542.857142857143	66.6666666666667	83.0223683478138	24.6	107.622368347814	DCA	140	126.14817152787
557.142857142857	66.6666666666667	83.722857148296	24.6	108.322857148296	DCA	210	130.104503409858
571.428571428571	66.6666666666667	81.7797592412952	24.6	106.379759241295	DCA	210	128.161405502857
585.714285714286	66.6666666666667	83.3838246258484	24.6	107.983824625848	DCA	280	129.016608296566
600	66.6666666666667	80.2007451187431	24.6	104.800745118743	DCA	210	126.582391380305
614.285714285714	66.6666666666667	82.4270134756138	24.6	107.027013475614	DCA	140	125.55281665567
628.571428571429	66.6666666666667	79.2112057897979	24.6	103.811205789798	DCA	140	122.337008969854
642.857142857143	66.6666666666667	81.0851601629408	24.6	105.685160162941	DCA	140	124.210963342997
657.142857142857	66.6666666666667	79.4520183789847	24.6	104.052018378985	DCA	0	104.052018378985
671.428571428571	66.6666666666667	84.4640092942734	24.6	109.064009294273	DCA	70	120.329263720476
685.714285714286	66.6666666666667	82.3864094220964	24.6	106.986409422096	DCA	210	128.768055683658
700	66.6666666666667	79.7155475583419	24.6	104.315547558342	DCA	280	125.34833122906
714.285714285714	66.6666666666667	78.4221114123956	24.6	103.022111412396	DCA	210	124.803757673957
728.571428571429	66.6666666666667	83.256946262359	24.6	107.856946262359	DCA	70	119.122200688562
742.857142857143	66.6666666666667	81.4269371461447	24.6	106.026937146145	DCA	0	106.026937146145
757.142857142857	66.6666666666667	80.599968175016	24.6	105.199968175016	DCA	0	105.199968175016
771.428571428571	66.6666666666667	81.4948391030044	24.6	106.094839103004	DCA	210	127.876485364566
785.714285714286	66.6666666666667	76.0285819694895	24.6	100.628581969489	DCA	210	122.410228231051
800	66.6666666666667	76.6805432469291	24.6	101.280543246929	DCA	140	119.806346426985
814.285714285714	66.6666666666667	74.6322182924631	24.6	99.2322182924631	DCA	0	99.2322182924631
828.571428571429	66.6666666666667	74.2286825206686	24.6	98.8286825206686	DCA	280	119.861466191386
842.857142857143	66.6666666666667	74.8357688037744	24.6	99.4357688037744	DCA	0	99.4357688037744
857.142857142857	66.6666666666667	76.4102751686735	24.6	101.010275168673	DCA	70	112.275529594876
871.428571428571	66.6666666666667	76.9128093815136	24.6	101.512809381514	DCA	140	120.03861256157
885.714285714286	66.6666666666667	78.4819513246141	24.6	103.081951324614	DCA	0	103.081951324614
900	66.6666666666667	84.3108275546802	24.6	108.91082755468	DCA	280	129.943611225398
914.285714285714	66.6666666666667	79.6182982454086	24.6	104.218298245409	DCA	70	115.483552671611
928.571428571429	66.6666666666667	83.5958365356733	24.6	108.195836535673	DCA	140	126.72163971573
942.857142857143	66.6666666666667	80.2149821711823	24.6	104.814982171182	DCA	280	125.8477658419
957.142857142857	66.6666666666667	77.4258486597054	24.6	102.025848659705	DCA	210	123.807494921267
971.428571428571	66.6666666666667	76.740314217669	24.6	101.340314217669	DCA	280	122.373097888387
985.714285714286	66.6666666666667	76.4326378235047	24.6	101.032637823505	DCA	0	101.032637823505
1000	66.6666666666667	76.3258052176424	24.6	100.925805217642	DCA	210	122.707451479204
0	100	76.8187119412053	0	76.8187119412053	DCA	70	82.2291663674079
14.2857142857143	100	78.2414268135427	0	78.2414268135427	DCA	70	83.6518812397453
28.5714285714286	100	77.7107974813692	0	77.7107974813692	DCA	0	77.7107974813692
42.8571428571429	100	78.947482825545	0	78.947482825545	DCA	140	85.7636860056014
57.1428571428571	100	78.8580790182696	0	78.8580790182696	DCA	0	78.8580790182696
71.4285714285714	100	82.8327650455556	0	82.8327650455556	DCA	210	87.050011307117
85.7142857142857	100	77.644694342055	0	77.644694342055	DCA	0	77.644694342055
100	100	76.6334180115463	0	76.6334180115463	DCA	140	83.4496211916027
114.285714285714	100	78.8166127328904	0	78.8166127328904	DCA	70	84.227067159093
128.571428571429	100	75.1651388422766	0	75.1651388422766	DCA	140	81.981342022333
142.857142857143	100	78.8163045678374	0	78.8163045678374	DCA	140	85.6325077478938
157.142857142857	100	78.3372957216665	0	78.3372957216665	DCA	280	75.9508793923843
171.428571428571	100	79.4813539428203	0	79.4813539428203	DCA	0	79.4813539428203
185.714285714286	100	80.6068996630342	0	80.6068996630342	DCA	210	84.8241459245957
200	100	82.4687605849163	0	82.4687605849163	DCA	140	89.2849637649727
214.285714285714	100	81.2711865591057	0	81.2711865591057	DCA	0	81.2711865591057
228.571428571429	100	79.9850714135877	0	79.9850714135877	DCA	140	86.8012745936441
242.857142857143	100	79.9020017878442	0	79.9020017878442	DCA	210	84.1192480494056
257.142857142857	100	81.1618175870926	0	81.1618175870926	DCA	70	86.5722720132951
271.428571428571	100	76.9210193076745	0	76.9210193076745	DCA	280	74.5346029783923
285.714285714286	100	79.502275955403	0	79.502275955403	DCA	280	77.1158596261208
300	100	83.3222606785084	0	83.3222606785084	DCA	0	83.3222606785084
314.285714285714	100	82.417465930552	0	82.417465930552	DCA	280	80.0310496012698
328.571428571429	100	80.8167473604915	0	80.8167473604915	DCA	280	78.4303310312093
342.857142857143	100	80.5492491161924	0	80.5492491161924	DCA	210	84.7664953777539
357.142857142857	100	79.9157131667592	0	79.9157131667592	DCA	140	86.7319163468156
371.428571428571	100	79.8088569083613	0	79.8088569083613	DCA	210	84.0261031699228
385.714285714286	100	77.7983111249231	0	77.7983111249231	DCA	210	82.0155573864846
400	100	82.2944572085833	0	82.2944572085833	DCA	0	82.2944572085833
414.285714285714	100	83.6573501063051	0	83.6573501063051	DCA	140	90.4735532863615
428.571428571429	100	79.8934615729974	0	79.8934615729974	DCA	210	84.1107078345588
442.857142857143	100	84.2566206799459	0	84.2566206799459	DCA	0	84.2566206799459
457.142857142857	100	82.0275489554567	0	82.0275489554567	DCA	210	86.2447952170182
471.428571428571	100	82.766259059852	0	82.766259059852	DCA	210	86.9835053214135
485.714285714286	100	82.8028072596922	0	82.8028072596922	DCA	280	80.41639093041
500	100	84.4779939456361	0	84.4779939456361	DCA	70	89.8884483718386
514.285714285714	100	87.5181011019548	24.6	112.118101101955	DCA	0	112.118101101955
528.571428571429	100	87.274355451657	24.6	111.874355451657	DCA	280	132.907139122375
542.857142857143	100	88.9493069008024	24.6	113.549306900802	DCA	280	134.58209057152
557.142857142857	100	87.0065491441173	24.6	111.606549144117	DCA	210	133.388195405679
571.428571428571	100	83.2448321098798	24.6	107.84483210988	DCA	140	126.370635289936
585.714285714286	100	81.2877803474347	24.6	105.887780347435	DCA	0	105.887780347435
600	100	78.8038895117112	24.6	103.403889511711	DCA	210	125.185535773273
614.285714285714	100	78.9272270489454	24.6	103.527227048945	DCA	280	124.560010719663
628.571428571429	100	78.9035675288011	24.6	103.503567528801	DCA	140	122.029370708858
642.857142857143	100	75.5425601720878	24.6	100.142560172088	DCA	210	121.924206433649
657.142857142857	100	79.0073377885978	24.6	103.607337788598	DCA	70	114.8725922148
671.428571428571	100	84.2544634523923	24.6	108.854463452392	DCA	140	127.380266632449
685.714285714286	100	85.3728298666395	24.6	109.972829866639	DCA	0	109.972829866639
700	100	83.4951965938763	24.6	108.095196593876	DCA	210	129.876842855438
714.285714285714	100	82.004701270741	24.6	106.604701270741	DCA	0	106.604701270741
728.571428571429	100	81.415289931309	24.6	106.015289931309	DCA	140	124.541093111365
742.857142857143	100	81.7560285907372	24.6	106.356028590737	DCA	70	117.62128301694
757.142857142857	100	78.0903114267767	24.6	102.690311426777	DCA	140	121.216114606833
771.428571428571	100	76.2120751932137	24.6	100.812075193214	DCA	280	121.844858863932
785.714285714286	100	78.4431316689009	24.6	103.043131668901	DCA	140	121.568934848957
800	100	73.6957366166555	24.6	98.2957366166555	DCA	0	98.2957366166555
814.285714285714	100	76.7851661218615	24.6	101.385166121862	DCA	0	101.385166121862
828.571428571429	100	80.7319722213013	24.6	105.331972221301	DCA	0	105.331972221301
842.857142857143	100	80.5682133960794	24.6	105.168213396079	DCA	0	105.168213396079
857.142857142857	100	78.9256185929856	24.6	103.525618592986	DCA	140	122.051421773042
871.428571428571	100	77.5885078031812	24.6	102.188507803181	DCA	70	113.453762229384
885.714285714286	100	76.3242704769719	24.6	100.924270476972	DCA	210	122.705916738533
900	100	80.6183962688874	24.6	105.218396268887	DCA	0	105.218396268887
914.285714285714	100	82.1887636767806	24.6	106.788763676781	DCA	70	118.054018102983
928.571428571429	100	82.545089309727	24.6	107.145089309727	DCA	280	128.177872980445
942.857142857143	100	83.489983958873	24.6	108.089983958873	DCA	0	108.089983958873
957.142857142857	100	82.5670190934969	24.6	107.167019093497	DCA	280	128.199802764215
971.428571428571	100	80.473776505933	24.6	105.073776505933	DCA	210	126.855422767494
985.714285714286	100	80.9433749154095	24.6	105.543374915409	DCA	0	105.543374915409
1000	100	78.7409215451789	24.6	103.340921545179	DCA	0	103.340921545179
0	133.333333333333	81.8473913623446	0	81.8473913623446	DCA	70	87.2578457885472
14.2857142857143	133.333333333333	81.0962754497496	0	81.0962754497496	DCA	210	85.313521711311
28.5714285714286	133.333333333333	83.3656842869692	0	83.3656842869692	DCA	280	80.979267957687
42.8571428571429	133.333333333333	81.7569735487063	0	81.7569735487063	DCA	140	88.5731767287627
57.1428571428571	133.333333333333	82.2365540656505	0	82.2365540656505	DCA	140	89.0527572457069
71.4285714285714	133.333333333333	79.3912232567025	0	79.3912232567025	DCA	210	83.6084695182639
85.7142857142857	133.333333333333	77.1785145864577	0	77.1785145864577	DCA	280	74.7920982571755
100	133.333333333333	81.1384163044595	0	81.1384163044595	DCA	280	78.7519999751773
114.285714285714	133.333333333333	78.7458294589344	0	78.7458294589344	DCA	0	78.7458294589344
128.571428571429	133.333333333333	76.6014844803799	0	76.6014844803799	DCA	70	82.0119389065824
142.857142857143	133.333333333333	80.9620789265858	0	80.9620789265858	DCA	70	86.3725333527883
157.142857142857	133.333333333333	80.5922499365831	0	80.5922499365831	DCA	70	86.0027043627857
171.428571428571	133.333333333333	83.1302826929511	0	83.1302826929511	DCA	210	87.3475289545126
185.714285714286	133.333333333333	84.6698636457402	0	84.6698636457402	DCA	0	84.6698636457402
200	133.333333333333	81.9153902138445	0	81.9153902138445	DCA	0	81.9153902138445
214.285714285714	133.333333333333	83.1945904777761	0	83.1945904777761	DCA	210	87.4118367393376
228.571428571429	133.333333333333	83.101940917991	0	83.101940917991	DCA	280	80.7155245887088
242.857142857143	133.333333333333	85.6063294303779	0	85.6063294303779	DCA	210	89.8235756919394
257.142857142857	133.333333333333	80.044838997824	0	80.044838997824	DCA	0	80.044838997824
271.428571428571	133.333333333333	78.6136335894878	0	78.6136335894878	DCA	70	84.0240880156903
285.714285714286	133.333333333333	78.3822864296127	0	78.3822864296127	DCA	280	75.9958701003305
300	133.333333333333	82.1431766311853	0	82.1431766311853	DCA	140	88.9593798112417
314.285714285714	133.333333333333	81.9292973328099	0	81.9292973328099	DCA	70	87.3397517590125
328.571428571429	133.333333333333	82.1480046819073	0	82.1480046819073	DCA	140	88.9642078619636
342.857142857143	133.333333333333	81.7563657551497	0	81.7563657551497	DCA	140	88.5725689352061
357.142857142857	133.333333333333	80.3709201413622	0	80.3709201413622	DCA	0	80.3709201413622
371.428571428571	133.333333333333	77.8485387019244	0	77.8485387019244	DCA	140	84.6647418819808
385.714285714286	133.333333333333	81.7433416157682	0	81.7433416157682	DCA	140	88.5595447958246
400	133.333333333333	82.6112594258007	0	82.6112594258007	DCA	140	89.427462605857
414.285714285714	133.333333333333	84.1715449777594	0	84.1715449777594	DCA	210	88.3887912393209
428.571428571429	133.333333333333	81.9391695059207	0	81.9391695059207	DCA	70	87.3496239321233
442.857142857143	133.333333333333	79.9136738053095	0	79.9136738053095	DCA	70	85.3241282315121
457.142857142857	133.333333333333	77.8121691557325	0	77.8121691557325	DCA	70	83.2226235819351
471.428571428571	133.333333333333	77.01551576266	0	77.01551576266	DCA	140	83.8317189427164
485.714285714286	133.333333333333	81.525269464346	0	81.525269464346	DCA	280	79.1388531350638
500	133.333333333333	83.7967309962419	0	83.7967309962419	DCA	70	89.2071854224445
514.285714285714	133.333333333333	84.605497109378	24.6	109.205497109378	DCA	140	127.731300289434
528.571428571429	133.333333333333	84.2452762997779	24.6	108.845276299778	DCA	70	120.11053072598
542.857142857143	133.333333333333	84.3900249450446	24.6	108.990024945045	DCA	210	130.771671206606
557.142857142857	133.333333333333	82.2857698270195	24.6	106.885769827019	DCA	210	128.667416088581
571.428571428571	133.333333333333	82.3515137735169	24.6	106.951513773517	DCA	140	125.477316953573
585.714285714286	133.333333333333	78.7175455755029	24.6	103.317545575503	DCA	210	125.099191837064
600	133.333333333333	79.5040795379467	24.6	104.104079537947	DCA	70	115.369333964149
614.285714285714	133.333333333333	77.5650466399803	24.6	102.16504663998	DCA	0	102.16504663998
628.571428571429	133.333333333333	75.7805490185571	24.6	100.380549018557	DCA	280	121.413332689275
642.857142857143	133.333333333333	75.4478172349716	24.6	100.047817234972	DCA	210	121.829463496533
657.142857142857	133.333333333333	79.0545625027141	24.6	103.654562502714	DCA	70	114.919816928917
671.428571428571	133.333333333333	79.4301369422246	24.6	104.030136942225	DCA	0	104.030136942225
685.714285714286	133.333333333333	83.2588193151147	24.6	107.858819315115	DCA	0	107.858819315115
700	133.333333333333	82.6842574192499	24.6	107.28425741925	DCA	280	128.317041089968
714.285714285714	133.333333333333	84.1118429601591	24.6	108.711842960159	DCA	70	119.977097386362
728.571428571429	133.333333333333	83.3997851268205	24.6	107.99978512682	DCA	280	129.032568797538
742.857142857143	133.333333333333	81.4724701898063	24.6	106.072470189806	DCA	210	127.854116451368
757.142857142857	133.333333333333	81.7061858674367	24.6	106.306185867437	DCA	140	124.831989047493
771.428571428571	133.333333333333	81.5749610606565	24.6	106.174961060657	DCA	280	127.207744731374
785.714285714286	133.333333333333	83.0827619496676	24.6	107.682761949668	DCA	70	118.94801637587
800	133.333333333333	82.061158419517	24.6	106.661158419517	DCA	210	128.442804681078
814.285714285714	133.333333333333	79.4000896988604	24.6	104.00008969886	DCA	210	125.781735960422
828.571428571429	133.333333333333	81.3268329017817	24.6	105.926832901782	DCA	70	117.192087327984
842.857142857143	133.333333333333	80.4100850481104	24.6	105.01008504811	DCA	280	126.042868718828
857.142857142857	133.333333333333	81.9708052936635	24.6	106.570805293663	DCA	140	125.09660847372
871.428571428571	133.333333333333	79.5268183874962	24.6	104.126818387496	DCA	70	115.392072813699
885.714285714286	133.333333333333	80.6363025702286	24.6	105.236302570229	DCA	70	116.501556996431
900	133.333333333333	82.6048387172979	24.6	107.204838717298	DCA	70	118.4700931435
914.285714285714	133.333333333333	82.2357703988449	24.6	106.835770398845	DCA	210	128.617416660406
928.571428571429	133.333333333333	78.5013326575638	24.6	103.101332657564	DCA	0	103.101332657564
942.857142857143	133.333333333333	84.8313323346992	24.6	109.431332334699	DCA	140	127.957135514756
957.142857142857	133.333333333333	83.7554471746079	24.6	108.355447174608	DCA	70	119.62070160081
971.428571428571	133.333333333333	80.261315650653	24.6	104.861315650653	DCA	0	104.861315650653
985.714285714286	133.333333333333	76.5197515101553	24.6	101.119751510155	DCA	280	122.152535180873
1000	133.333333333333	74.545030501473	24.6	99.145030501473	DCA	280	120.177814172191
0	166.666666666667	79.1771627337213	0	79.1771627337213	DCA	210	83.3944089952827
14.2857142857143	166.666666666667	83.0184526544281	0	83.0184526544281	DCA	280	80.6320363251459
28.5714285714286	166.666666666667	79.1481552046095	0	79.1481552046095	DCA	280	76.7617388753273
42.8571428571429	166.666666666667	81.059918898837	0	81.059918898837	DCA	280	78.6735025695548
57.1428571428571	166.666666666667	78.9447007577039	0	78.9447007577039	DCA	0	78.9447007577039
71.4285714285714	166.666666666667	80.1223143415456	0	80.1223143415456	DCA	210	84.3395606031071
85.7142857142857	166.666666666667	80.5500092123822	0	80.5500092123822	DCA	210	84.7672554739436
100	166.666666666667	78.5185030664198	0	78.5185030664198	DCA	210	82.7357493279813
114.285714285714	166.666666666667	76.6479368622669	0	76.6479368622669	DCA	0	76.6479368622669
128.571428571429	166.666666666667	76.6649918581211	0	76.6649918581211	DCA	70	82.0754462843237
142.857142857143	166.666666666667	78.7539551165444	0	78.7539551165444	DCA	210	82.9712013781058
157.142857142857	166.666666666667	82.9942030444432	0	82.9942030444432	DCA	70	88.4046574706458
171.428571428571	166.666666666667	82.8477752214474	0	82.8477752214474	DCA	280	80.4613588921652
185.714285714286	166.666666666667	81.8042043075157	0	81.8042043075157	DCA	140	88.6204074875721
200	166.666666666667	83.5184921712467	0	83.5184921712467	DCA	0	83.5184921712467
214.285714285714	166.666666666667	85.3049227275361	0	85.3049227275361	DCA	280	82.9185063982539
228.571428571429	166.666666666667	82.3363345825513	0	82.3363345825513	DCA	0	82.3363345825513
242.857142857143	166.666666666667	79.4612693798553	0	79.4612693798553	DCA	140	86.2774725599116
257.142857142857	166.666666666667	79.0236775181676	0	79.0236775181676	DCA	70	84.4341319443702
271.428571428571	166.666666666667	82.307440081378	0	82.307440081378	DCA	0	82.307440081378
285.714285714286	166.666666666667	83.5851880384428	0	83.5851880384428	DCA	0	83.5851880384428
300	166.666666666667	79.1571698539731	0	79.1571698539731	DCA	0	79.1571698539731
314.285714285714	166.666666666667	84.1393234422339	0	84.1393234422339	DCA	0	84.1393234422339
328.571428571429	166.666666666667	82.1432466102262	0	82.1432466102262	DCA	140	88.9594497902826
342.857142857143	166.666666666667	80.0792415824594	0	80.0792415824594	DCA	210	84.2964878440209
357.142857142857	166.666666666667	79.8595820594167	0	79.8595820594167	DCA	70	85.2700364856193
371.428571428571	166.666666666667	78.9439016513095	0	78.9439016513095	DCA	140	85.7601048313659
385.714285714286	166.666666666667	79.0382313255001	0	79.0382313255001	DCA	0	79.0382313255001
400	166.666666666667	78.7529797440503	0	78.7529797440503	DCA	70	84.1634341702529
414.285714285714	166.666666666667	80.5918856227614	0	80.5918856227614	DCA	210	84.8091318843229
428.571428571429	166.666666666667	81.730405526288	0	81.730405526288	DCA	210	85.9476517878494
442.857142857143	166.666666666667	81.2906159734482	0	81.2906159734482	DCA	210	85.5078622350096
457.142857142857	166.666666666667	78.7832980698008	0	78.7832980698008	DCA	140	85.5995012498572
471.428571428571	166.666666666667	80.9046425708259	0	80.9046425708259	DCA	140	87.7208457508823
485.714285714286	166.666666666667	82.5641329018906	0	82.5641329018906	DCA	210	86.7813791634521
500	166.666666666667	83.0331126099953	0	83.0331126099953	DCA	210	87.2503588715568
514.285714285714	166.666666666667	78.6245548464736	24.6	103.224554846474	DCA	70	114.489809272676
528.571428571429	166.666666666667	81.32490152734	24.6	105.92490152734	DCA	210	127.706547788901
542.857142857143	166.666666666667	84.8032813129581	24.6	109.403281312958	DCA	210	131.18492757452
557.142857142857	166.666666666667	84.2533391396174	24.6	108.853339139617	DCA	140	127.379142319674
571.428571428571	166.666666666667	81.5876658669526	24.6	106.187665866953	DCA	280	127.22044953767
585.714285714286	166.666666666667	76.6321356838452	24.6	101.232135683845	DCA	280	122.264919354563
600	166.666666666667	77.7442375667915	24.6	102.344237566792	DCA	280	123.377021237509
614.285714285714	166.666666666667	76.2989202669344	24.6	100.898920266934	DCA	140	119.424723446991
628.571428571429	166.666666666667	72.889696886364	24.6	97.489696886364	DCA	280	118.522480557082
642.857142857143	166.666666666667	72.6785070790771	24.6	97.2785070790771	DCA	280	118.311290749795
657.142857142857	166.666666666667	76.8302840070133	24.6	101.430284007013	DCA	280	122.463067677731
671.428571428571	166.666666666667	77.1730079904022	24.6	101.773007990402	DCA	140	120.298811170459
685.714285714286	166.666666666667	78.4146912455999	24.6	103.0146912456	DCA	140	121.540494425656
700	166.666666666667	81.1028145450776	24.6	105.702814545078	DCA	0	105.702814545078
714.285714285714	166.666666666667	78.1667311941303	24.6	102.76673119413	DCA	140	121.292534374187
728.571428571429	166.666666666667	79.6303523253873	24.6	104.230352325387	DCA	0	104.230352325387
742.857142857143	166.666666666667	81.723798023798	24.6	106.323798023798	DCA	280	127.356581694516
757.142857142857	166.666666666667	79.4996286072116	24.6	104.099628607212	DCA	70	115.364883033414
771.428571428571	166.666666666667	83.9389361039882	24.6	108.538936103988	DCA	210	130.32058236555
785.714285714286	166.666666666667	82.9011479582175	24.6	107.501147958217	DCA	0	107.501147958217
800	166.666666666667	81.0027759386978	24.6	105.602775938698	DCA	280	126.635559609416
814.285714285714	166.666666666667	77.9779294998428	24.6	102.577929499843	DCA	0	102.577929499843
828.571428571429	166.666666666667	76.5808186357136	24.6	101.180818635714	DCA	210	122.962464897275
842.857142857143	166.666666666667	81.5492141338856	24.6	106.149214133886	DCA	210	127.930860395447
857.142857142857	166.666666666667	81.6974996663054	24.6	106.297499666305	DCA	140	124.823302846362
871.428571428571	166.666666666667	84.5904762281079	24.6	109.190476228108	DCA	70	120.45573065431
885.714285714286	166.666666666667	83.7687292934278	24.6	108.368729293428	DCA	280	129.401512964146
900	166.666666666667	82.0841003426803	24.6	106.68410034268	DCA	0	106.68410034268
914.285714285714	166.666666666667	83.4545626809612	24.6	108.054562680961	DCA	140	126.580365861018
928.571428571429	166.666666666667	78.4988010964923	24.6	103.098801096492	DCA	70	114.364055522695
942.857142857143	166.666666666667	81.8068931023142	24.6	106.406893102314	DCA	210	128.188539363876
957.142857142857	166.666666666667	79.8636633079204	24.6	104.46366330792	DCA	280	125.496446978638
971.428571428571	166.666666666667	79.9722473111737	24.6	104.572247311174	DCA	70	115.837501737376
985.714285714286	166.666666666667	80.5571569431319	24.6	105.157156943132	DCA	210	126.938803204693
1000	166.666666666667	82.5319387964774	24.6	107.131938796477	DCA	0	107.131938796477
0	200	81.7242349533488	0	81.7242349533488	DCA	280	79.3378186240666
14.2857142857143	200	82.3426841184408	0	82.3426841184408	DCA	280	79.9562677891586
28.5714285714286	200	80.8661445723285	0	80.8661445723285	DCA	210	85.08339083389
42.8571428571429	200	79.492252302166	0	79.492252302166	DCA	140	86.3084554822224
57.1428571428571	200	77.6943384270087	0	77.6943384270087	DCA	210	81.9115846885702
71.4285714285714	200	78.9220758804633	0	78.9220758804633	DCA	70	84.3325303066658
85.7142857142857	200	80.149478895938	0	80.149478895938	DCA	70	85.5599333221406
100	200	81.1979499757798	0	81.1979499757798	DCA	280	78.8115336464977
114.285714285714	200	76.0389999904449	0	76.0389999904449	DCA	140	82.8552031705013
128.571428571429	200	78.1257037096061	0	78.1257037096061	DCA	0	78.1257037096061
142.857142857143	200	79.3991123499805	0	79.3991123499805	DCA	70	84.8095667761831
157.142857142857	200	76.7482857330761	0	76.7482857330761	DCA	0	76.7482857330761
171.428571428571	200	77.9533108730518	0	77.9533108730518	DCA	140	84.7695140531082
185.714285714286	200	77.8080033319356	0	77.8080033319356	DCA	280	75.4215870026534
200	200	80.596714283637	0	80.596714283637	DCA	140	87.4129174636934
214.285714285714	200	78.3091673541104	0	78.3091673541104	DCA	210	82.5264136156719
228.571428571429	200	76.5250604897423	0	76.5250604897423	DCA	0	76.5250604897423
242.857142857143	200	81.4289959299892	0	81.4289959299892	DCA	140	88.2451991100456
257.142857142857	200	80.9759149922158	0	80.9759149922158	DCA	210	85.1931612537773
271.428571428571	200	81.8720672627343	0	81.8720672627343	DCA	0	81.8720672627343
285.714285714286	200	83.4098217160191	0	83.4098217160191	DCA	70	88.8202761422217
300	200	81.366507122388	0	81.366507122388	DCA	70	86.7769615485906
314.285714285714	200	78.5323249861007	0	78.5323249861007	DCA	70	83.9427794123033
328.571428571429	200	79.5538243453412	0	79.5538243453412	DCA	280	77.167408016059
342.857142857143	200	79.0897216517935	0	79.0897216517935	DCA	0	79.0897216517935
357.142857142857	200	80.9444598553515	0	80.9444598553515	DCA	280	78.5580435260693
371.428571428571	200	78.9008666065267	0	78.9008666065267	DCA	0	78.9008666065267
385.714285714286	200	81.1268690547634	0	81.1268690547634	DCA	140	87.9430722348198
400	200	81.3230702572309	0	81.3230702572309	DCA	280	78.9366539279487
414.285714285714	200	78.7138313871713	0	78.7138313871713	DCA	210	82.9310776487327
428.571428571429	200	78.5174890758271	0	78.5174890758271	DCA	70	83.9279435020296
442.857142857143	200	83.6711924023234	0	83.6711924023234	DCA	280	81.2847760730412
457.142857142857	200	80.081860783236	0	80.081860783236	DCA	280	77.6954444539538
471.428571428571	200	79.1812081249609	0	79.1812081249609	DCA	0	79.1812081249609
485.714285714286	200	79.6342526153335	0	79.6342526153335	DCA	70	85.0447070415361
500	200	82.5158928709924	0	82.5158928709924	DCA	0	82.5158928709924
514.285714285714	200	83.0051899264849	24.6	107.605189926485	DCA	210	129.386836188046
528.571428571429	200	80.1530704824038	24.6	104.753070482404	DCA	210	126.534716743965
542.857142857143	200	80.5553473503411	24.6	105.155347350341	DCA	140	123.681150530397
557.142857142857	200	79.4162018225862	24.6	104.016201822586	DCA	70	115.281456248789
571.428571428571	200	75.3601006971235	24.6	99.9601006971235	DCA	140	118.48590387718
585.714285714286	200	77.7561735957687	24.6	102.356173595769	DCA	140	120.881976775825
600	200	74.9350045324613	24.6	99.5350045324613	DCA	210	121.316650794023
614.285714285714	200	76.188381097893	24.6	100.788381097893	DCA	140	119.314184277949
628.571428571429	200	70.146061569395	24.6	94.746061569395	DCA	280	115.778845240113
642.857142857143	200	73.9432278231167	24.6	98.5432278231167	DCA	0	98.5432278231167
657.142857142857	200	75.3311957822489	24.6	99.9311957822489	DCA	280	120.963979452967
671.428571428571	200	80.2599055945474	24.6	104.859905594547	DCA	70	116.12516002075
685.714285714286	200	81.3124659633273	24.6	105.912465963327	DCA	210	127.694112224889
700	200	79.6617262082904	24.6	104.26172620829	DCA	140	122.787529388347
714.285714285714	200	81.2340629493639	24.6	105.834062949364	DCA	210	127.615709210925
728.571428571429	200	84.1947339147315	24.6	108.794733914732	DCA	0	108.794733914732
742.857142857143	200	80.5992135521227	24.6	105.199213552123	DCA	280	126.23199722284
757.142857142857	200	80.5410279733725	24.6	105.141027973373	DCA	0	105.141027973373
771.428571428571	200	79.553532184678	24.6	104.153532184678	DCA	0	104.153532184678
785.714285714286	200	81.9449317778679	24.6	106.544931777868	DCA	70	117.81018620407
800	200	82.3069593638333	24.6	106.906959363833	DCA	140	125.43276254389
814.285714285714	200	81.0433817954363	24.6	105.643381795436	DCA	70	116.908636221639
828.571428571429	200	80.3169172492363	24.6	104.916917249236	DCA	210	126.698563510798
842.857142857143	200	81.5162201437124	24.6	106.116220143712	DCA	210	127.897866405274
857.142857142857	200	83.7813094093987	24.6	108.381309409399	DCA	280	129.414093080116
871.428571428571	200	84.485350877043	24.6	109.085350877043	DCA	140	127.611154057099
885.714285714286	200	83.0867493516125	24.6	107.686749351612	DCA	70	118.952003777815
900	200	82.7619170580812	24.6	107.361917058081	DCA	0	107.361917058081
914.285714285714	200	83.3534726823037	24.6	107.953472682304	DCA	140	126.47927586236
928.571428571429	200	84.7668334680643	24.6	109.366833468064	DCA	140	127.892636648121
942.857142857143	200	82.7893462270141	24.6	107.389346227014	DCA	210	129.170992488576
957.142857142857	200	80.5105522018019	24.6	105.110552201802	DCA	280	126.14333587252
971.428571428571	200	82.0963605223409	24.6	106.696360522341	DCA	140	125.222163702397
985.714285714286	200	83.7055059006791	24.6	108.305505900679	DCA	70	119.570760326882
1000	200	84.5204991217224	24.6	109.120499121722	DCA	280	130.15328279244
0	233.333333333333	79.5056423723958	0	79.5056423723958	DCA	140	86.3218455524522
14.2857142857143	233.333333333333	79.9355286429718	0	79.9355286429718	DCA	70	85.3459830691744
28.5714285714286	233.333333333333	82.8424733715435	0	82.8424733715435	DCA	0	82.8424733715435
42.8571428571429	233.333333333333	83.1264352251843	0	83.1264352251843	DCA	140	89.9426384052407
57.1428571428571	233.333333333333	82.5401423677216	0	82.5401423677216	DCA	210	86.7573886292831
71.4285714285714	233.333333333333	76.4795696193004	0	76.4795696193004	DCA	70	81.890024045503
85.7142857142857	233.333333333333	80.5187400419833	0	80.5187400419833	DCA	210	84.7359863035448
100	233.333333333333	79.908005778277	0	79.908005778277	DCA	140	86.7242089583334
114.285714285714	233.333333333333	81.0660110555197	0	81.0660110555197	DCA	70	86.4764654817222
128.571428571429	233.333333333333	80.8221325756094	0	80.8221325756094	DCA	140	87.6383357556658
142.857142857143	233.333333333333	76.6034889270035	0	76.6034889270035	DCA	210	80.820735188565
157.142857142857	233.333333333333	76.8551956588612	0	76.8551956588612	DCA	140	83.6713988389176
171.428571428571	233.333333333333	77.8285246640865	0	77.8285246640865	DCA	0	77.8285246640865
185.714285714286	233.333333333333	76.1970073758089	0	76.1970073758089	DCA	70	81.6074618020115
200	233.333333333333	76.0925251259626	0	76.0925251259626	DCA	210	80.3097713875241
214.285714285714	233.333333333333	76.5836673482626	0	76.5836673482626	DCA	140	83.399870528319
228.571428571429	233.333333333333	76.2544871683757	0	76.2544871683757	DCA	140	83.0706903484321
242.857142857143	233.333333333333	78.9063073578376	0	78.9063073578376	DCA	210	83.1235536193991
257.142857142857	233.333333333333	79.5998712970246	0	79.5998712970246	DCA	0	79.5998712970246
271.428571428571	233.333333333333	80.8487903107037	0	80.8487903107037	DCA	0	80.8487903107037
285.714285714286	233.333333333333	83.0341883398962	0	83.0341883398962	DCA	70	88.4446427660988
300	233.333333333333	81.699029282053	0	81.699029282053	DCA	70	87.1094837082556
314.285714285714	233.333333333333	80.1354444486285	0	80.1354444486285	DCA	70	85.5458988748311
328.571428571429	233.333333333333	80.2341889173251	0	80.2341889173251	DCA	210	84.4514351788866
342.857142857143	233.333333333333	78.5830910824713	0	78.5830910824713	DCA	70	83.9935455086739
357.142857142857	233.333333333333	79.5633626858618	0	79.5633626858618	DCA	140	86.3795658659182
371.428571428571	233.333333333333	80.5954479242797	0	80.5954479242797	DCA	0	80.5954479242797
385.714285714286	233.333333333333	82.5452698098244	0	82.5452698098244	DCA	70	87.955724236027
400	233.333333333333	83.6664573971948	0	83.6664573971948	DCA	280	81.2800410679126
414.285714285714	233.333333333333	82.7403626128315	0	82.7403626128315	DCA	0	82.7403626128315
428.571428571429	233.333333333333	80.1981528767209	0	80.1981528767209	DCA	280	77.8117365474387
442.857142857143	233.333333333333	81.2861434527625	0	81.2861434527625	DCA	70	86.6965978789651
457.142857142857	233.333333333333	82.2532529554367	0	82.2532529554367	DCA	210	86.4704992169982
471.428571428571	233.333333333333	83.1651110334861	0	83.1651110334861	DCA	140	89.9813142135424
485.714285714286	233.333333333333	81.2773696562317	0	81.2773696562317	DCA	140	88.0935728362881
500	233.333333333333	81.1543596607087	0	81.1543596607087	DCA	280	78.7679433314265
514.285714285714	233.333333333333	78.7768796675016	24.6	103.376879667502	DCA	210	125.158525929063
528.571428571429	233.333333333333	78.7464280479836	24.6	103.346428047984	DCA	0	103.346428047984
542.857142857143	233.333333333333	77.258268496137	24.6	101.858268496137	DCA	0	101.858268496137
557.142857142857	233.333333333333	76.6920463066028	24.6	101.292046306603	DCA	210	123.073692568164
571.428571428571	233.333333333333	78.7227071562236	24.6	103.322707156224	DCA	70	114.587961582426
585.714285714286	233.333333333333	81.1873653738956	24.6	105.787365373896	DCA	0	105.787365373896
600	233.333333333333	77.5700906145059	24.6	102.170090614506	DCA	0	102.170090614506
614.285714285714	233.333333333333	75.5797882729918	24.6	100.179788272992	DCA	210	121.961434534553
628.571428571429	233.333333333333	74.5801091143832	24.6	99.1801091143832	DCA	280	120.212892785101
642.857142857143	233.333333333333	75.5539136220397	24.6	100.15391362204	DCA	280	121.186697292758
657.142857142857	233.333333333333	80.7405350517929	24.6	105.340535051793	DCA	280	126.373318722511
671.428571428571	233.333333333333	75.6384987585214	24.6	100.238498758521	DCA	140	118.764301938578
685.714285714286	233.333333333333	77.1091553403335	24.6	101.709155340333	DCA	0	101.709155340333
700	233.333333333333	76.0386741529125	24.6	100.638674152912	DCA	140	119.164477332969
714.285714285714	233.333333333333	80.6607415033988	24.6	105.260741503399	DCA	0	105.260741503399
728.571428571429	233.333333333333	82.7687902548806	24.6	107.368790254881	DCA	70	118.634044681083
742.857142857143	233.333333333333	84.5354630655212	24.6	109.135463065521	DCA	70	120.400717491724
757.142857142857	233.333333333333	86.1829286613149	24.6	110.782928661315	DCA	140	129.308731841371
771.428571428571	233.333333333333	84.6852599574021	24.6	109.285259957402	DCA	210	131.066906218964
785.714285714286	233.333333333333	82.0263582937112	24.6	106.626358293711	DCA	280	127.659141964429
800	233.333333333333	84.470090174498	24.6	109.070090174498	DCA	70	120.335344600701
814.285714285714	233.333333333333	83.7728943204673	24.6	108.372894320467	DCA	140	126.898697500524
828.571428571429	233.333333333333	83.4046125393489	24.6	108.004612539349	DCA	140	126.530415719405
842.857142857143	233.333333333333	84.0311689173104	24.6	108.63116891731	DCA	140	127.156972097367
857.142857142857	233.333333333333	82.9726637584703	24.6	107.57266375847	DCA	140	126.098466938527
871.428571428571	233.333333333333	84.063541764063	24.6	108.663541764063	DCA	280	129.696325434781
885.714285714286	233.333333333333	84.0314453480353	24.6	108.631445348035	DCA	70	119.896699774238
900	233.333333333333	81.3994665788167	24.6	105.999466578817	DCA	0	105.999466578817
914.285714285714	233.333333333333	84.4089374958089	24.6	109.008937495809	DCA	70	120.274191922011
928.571428571429	233.333333333333	84.5312037771606	24.6	109.131203777161	DCA	0	109.131203777161
942.857142857143	233.333333333333	80.5925504447823	24.6	105.192550444782	DCA	0	105.192550444782
957.142857142857	233.333333333333	79.1732306912072	24.6	103.773230691207	DCA	0	103.773230691207
971.428571428571	233.333333333333	81.8520103411015	24.6	106.452010341101	DCA	70	117.717264767304
985.714285714286	233.333333333333	79.7340152736213	24.6	104.334015273621	DCA	70	115.599269699824
1000	233.333333333333	78.3010789016085	24.6	102.901078901608	DCA	0	102.901078901608
0	266.666666666667	78.0489969677628	0	78.0489969677628	DCA	280	75.6625806384806
14.2857142857143	266.666666666667	82.4060996641094	0	82.4060996641094	DCA	280	80.0196833348272
28.5714285714286	266.666666666667	77.8709653760376	0	77.8709653760376	DCA	210	82.0882116375991
42.8571428571429	266.666666666667	81.161782909608	0	81.161782909608	DCA	140	87.9779860896644
57.1428571428571	266.666666666667	81.0176782740739	0	81.0176782740739	DCA	210	85.2349245356354
71.4285714285714	266.666666666667	81.0265782115358	0	81.0265782115358	DCA	210	85.2438244730973
85.7142857142857	266.666666666667	81.2671575989544	0	81.2671575989544	DCA	70	86.677612025157
100	266.666666666667	81.975897536592	0	81.975897536592	DCA	140	88.7921007166484
114.285714285714	266.666666666667	80.7379653616909	0	80.7379653616909	DCA	210	84.9552116232524
128.571428571429	266.666666666667	79.354486663723	0	79.354486663723	DCA	0	79.354486663723
142.857142857143	266.666666666667	81.2039910300588	0	81.2039910300588	DCA	140	88.0201942101152
157.142857142857	266.666666666667	81.3897045741153	0	81.3897045741153	DCA	210	85.6069508356768
171.428571428571	266.666666666667	77.9667520003665	0	77.9667520003665	DCA	280	75.5803356710843
185.714285714286	266.666666666667	78.8779341137273	0	78.8779341137273	DCA	280	76.4915177844452
200	266.666666666667	79.2943881774316	0	79.2943881774316	DCA	0	79.2943881774316
214.285714285714	266.666666666667	81.4410228012867	0	81.4410228012867	DCA	70	86.8514772274893
228.571428571429	266.666666666667	77.0567057534521	0	77.0567057534521	DCA	70	82.4671601796546
242.857142857143	266.666666666667	77.6004930370225	0	77.6004930370225	DCA	280	75.2140767077403
257.142857142857	266.666666666667	78.9606014070581	0	78.9606014070581	DCA	280	76.574185077776
271.428571428571	266.666666666667	81.3161317279396	0	81.3161317279396	DCA	70	86.7265861541422
285.714285714286	266.666666666667	81.0482859267522	0	81.0482859267522	DCA	280	78.66186959747
300	266.666666666667	77.1463198022525	0	77.1463198022525	DCA	280	74.7599034729703
314.285714285714	266.666666666667	78.3539850787282	0	78.3539850787282	DCA	210	82.5712313402897
328.571428571429	266.666666666667	79.4803677565098	0	79.4803677565098	DCA	210	83.6976140180712
342.857142857143	266.666666666667	75.8259824983688	0	75.8259824983688	DCA	70	81.2364369245714
357.142857142857	266.666666666667	79.1308929873657	0	79.1308929873657	DCA	280	76.7444766580835
371.428571428571	266.666666666667	77.3516937859854	0	77.3516937859854	DCA	0	77.3516937859854
385.714285714286	266.666666666667	81.8450150868358	0	81.8450150868358	DCA	280	79.4585987575536
400	266.666666666667	81.5161939128252	0	81.5161939128252	DCA	140	88.3323970928816
414.285714285714	266.666666666667	80.3977759668132	0	80.3977759668132	DCA	280	78.011359637531
428.571428571429	266.666666666667	82.5394144478172	0	82.5394144478172	DCA	280	80.152998118535
442.857142857143	266.666666666667	81.480579948328	0	81.480579948328	DCA	280	79.0941636190458
457.142857142857	266.666666666667	85.3323708246745	0	85.3323708246745	DCA	70	90.7428252508771
471.428571428571	266.666666666667	81.76889406505	0	81.76889406505	DCA	70	87.1793484912526
485.714285714286	266.666666666667	78.7425590990708	0	78.7425590990708	DCA	280	76.3561427697886
500	266.666666666667	77.6276922551189	0	77.6276922551189	DCA	140	84.4438954351753
514.285714285714	266.666666666667	77.4126572699151	24.6	102.012657269915	DCA	70	113.277911696118
528.571428571429	266.666666666667	78.6772909394231	24.6	103.277290939423	DCA	210	125.058937200985
542.857142857143	266.666666666667	78.815607349212	24.6	103.415607349212	DCA	140	121.941410529268
557.142857142857	266.666666666667	79.6624506982478	24.6	104.262450698248	DCA	0	104.262450698248
571.428571428571	266.666666666667	76.7276466506693	24.6	101.327646650669	DCA	0	101.327646650669
585.714285714286	266.666666666667	74.76176637479	24.6	99.36176637479	DCA	210	121.143412636351
600	266.666666666667	74.1966241389903	24.6	98.7966241389903	DCA	70	110.061878565193
614.285714285714	266.666666666667	74.3926707405396	24.6	98.9926707405396	DCA	70	110.257925166742
628.571428571429	266.666666666667	75.1008942451006	24.6	99.7008942451006	DCA	210	121.482540506662
642.857142857143	266.666666666667	76.8412174795903	24.6	101.44121747959	DCA	70	112.706471905793
657.142857142857	266.666666666667	76.7298394584071	24.6	101.329839458407	DCA	70	112.59509388461
671.428571428571	266.666666666667	75.2918087501325	24.6	99.8918087501325	DCA	210	121.673455011694
685.714285714286	266.666666666667	80.4645213248223	24.6	105.064521324822	DCA	210	126.846167586384
700	266.666666666667	79.1011383160588	24.6	103.701138316059	DCA	70	114.966392742261
714.285714285714	266.666666666667	85.6061222318948	24.6	110.206122231895	DCA	280	131.238905902613
728.571428571429	266.666666666667	88.1230065030317	24.6	112.723006503032	DCA	140	131.248809683088
742.857142857143	266.666666666667	85.3860982732612	24.6	109.986098273261	DCA	210	131.767744534823
757.142857142857	266.666666666667	84.9788481893351	24.6	109.578848189335	DCA	70	120.844102615538
771.428571428571	266.666666666667	82.6431412579892	24.6	107.243141257989	DCA	70	118.508395684192
785.714285714286	266.666666666667	84.0889053201419	24.6	108.688905320142	DCA	280	129.72168899086
800	266.666666666667	86.3696622963073	24.6	110.969662296307	DCA	210	132.751308557869
814.285714285714	266.666666666667	83.5628281171014	24.6	108.162828117101	DCA	0	108.162828117101
828.571428571429	266.666666666667	86.2568197375401	24.6	110.85681973754	DCA	280	131.889603408258
842.857142857143	266.666666666667	82.8251035177292	24.6	107.425103517729	DCA	0	107.425103517729
857.142857142857	266.666666666667	86.0895166462603	24.6	110.68951664626	DCA	280	131.722300316978
871.428571428571	266.666666666667	85.6586807217934	24.6	110.258680721793	DCA	140	128.78448390185
885.714285714286	266.666666666667	87.9803987966974	24.6	112.580398796697	DCA	0	112.580398796697
900	266.666666666667	81.1990991497291	24.6	105.799099149729	DCA	280	126.831882820447
914.285714285714	266.666666666667	83.2517769496761	24.6	107.851776949676	DCA	280	128.884560620394
928.571428571429	266.666666666667	80.6231076047291	24.6	105.223107604729	DCA	210	127.004753866291
942.857142857143	266.666666666667	80.948010773118	24.6	105.548010773118	DCA	140	124.073813953174
957.142857142857	266.666666666667	84.3999131066495	24.6	108.99991310665	DCA	70	120.265167532852
971.428571428571	266.666666666667	79.1761247908519	24.6	103.776124790852	DCA	70	115.041379217054
985.714285714286	266.666666666667	82.194425127265	24.6	106.794425127265	DCA	140	125.320228307321
1000	266.666666666667	84.3321496524408	24.6	108.932149652441	DCA	70	120.197404078643
0	300	80.781861750752	0	80.781861750752	DCA	140	87.5980649308084
14.2857142857143	300	81.3232982506841	0	81.3232982506841	DCA	210	85.5405445122456
28.5714285714286	300	85.1551059862799	0	85.1551059862799	DCA	140	91.9713091663363
42.8571428571429	300	82.575038172656	0	82.575038172656	DCA	280	80.1886218433738
57.1428571428571	300	81.1284227862931	0	81.1284227862931	DCA	70	86.5388772124957
71.4285714285714	300	81.9644409256215	0	81.9644409256215	DCA	70	87.374895351824
85.7142857142857	300	82.0025345351039	0	82.0025345351039	DCA	0	82.0025345351039
100	300	82.4377959372871	0	82.4377959372871	DCA	210	86.6550421988485
114.285714285714	300	77.8785907071723	0	77.8785907071723	DCA	280	75.4921743778901
128.571428571429	300	83.9195052187582	0	83.9195052187582	DCA	70	89.3299596449608
142.857142857143	300	80.3691595427536	0	80.3691595427536	DCA	210	84.5864058043151
157.142857142857	300	78.8821865518057	0	78.8821865518057	DCA	70	84.2926409780083
171.428571428571	300	79.7668974571164	0	79.7668974571164	DCA	210	83.9841437186779
185.714285714286	300	80.488958089948	0	80.488958089948	DCA	140	87.3051612700044
200	300	77.9259023954771	0	77.9259023954771	DCA	280	75.5394860661949
214.285714285714	300	77.6513985817056	0	77.6513985817056	DCA	70	83.0618530079082
228.571428571429	300	74.600667835761	0	74.600667835761	DCA	140	81.4168710158173
242.857142857143	300	76.6513520508187	0	76.6513520508187	DCA	70	82.0618064770213
257.142857142857	300	79.0032481125546	0	79.0032481125546	DCA	210	83.2204943741161
271.428571428571	300	82.0806722591816	0	82.0806722591816	DCA	210	86.2979185207431
285.714285714286	300	82.8233849529136	0	82.8233849529136	DCA	70	88.2338393791162
300	300	80.7568588987499	0	80.7568588987499	DCA	210	84.9741051603113
314.285714285714	300	88.4917001166605	0	88.4917001166605	DCA	280	86.1052837873783
328.571428571429	300	82.7865506696957	0	82.7865506696957	DCA	70	88.1970050958983
342.857142857143	300	84.3452587698728	0	84.3452587698728	DCA	0	84.3452587698728
357.142857142857	300	82.4471362918705	0	82.4471362918705	DCA	210	86.6643825534319
371.428571428571	300	82.4496761828328	0	82.4496761828328	DCA	140	89.2658793628892
385.714285714286	300	80.4245738206518	0	80.4245738206518	DCA	0	80.4245738206518
400	300	80.3254996757106	0	80.3254996757106	DCA	280	77.9390833464284
414.285714285714	300	81.6529880627211	0	81.6529880627211	DCA	70	87.0634424889236
428.571428571429	300	81.1323787154105	0	81.1323787154105	DCA	210	85.349624976972
442.857142857143	300	82.8571661987268	0	82.8571661987268	DCA	280	80.4707498694446
457.142857142857	300	85.6310521950464	0	85.6310521950464	DCA	0	85.6310521950464
471.428571428571	300	82.6268832366913	0	82.6268832366913	DCA	140	89.4430864167477
485.714285714286	300	81.6162831154722	0	81.6162831154722	DCA	210	85.8335293770336
500	300	83.8820374704236	0	83.8820374704236	DCA	210	88.0992837319851
514.285714285714	300	82.6897364567272	24.6	107.289736456727	DCA	140	125.815539636784
528.571428571429	300	81.9874415223551	24.6	106.587441522355	DCA	280	127.620225193073
542.857142857143	300	80.3796190067852	24.6	104.979619006785	DCA	0	104.979619006785
557.142857142857	300	82.8133498069303	24.6	107.41334980693	DCA	0	107.41334980693
571.428571428571	300	81.4727487410729	24.6	106.072748741073	DCA	210	127.854395002634
585.714285714286	300	81.4768104332094	24.6	106.076810433209	DCA	140	124.602613613266
600	300	78.6542106152528	24.6	103.254210615253	DCA	0	103.254210615253
614.285714285714	300	77.2586494191841	24.6	101.858649419184	DCA	280	122.891433089902
628.571428571429	300	72.1105123413753	24.6	96.7105123413753	DCA	140	115.236315521432
642.857142857143	300	77.4766903565292	24.6	102.076690356529	DCA	70	113.341944782732
657.142857142857	300	81.093133640984	24.6	105.693133640984	DCA	70	116.958388067187
671.428571428571	300	76.4379470223602	24.6	101.03794702236	DCA	0	101.03794702236
685.714285714286	300	80.7897746478183	24.6	105.389774647818	DCA	210	127.17142090938
700	300	81.4365777943901	24.6	106.03657779439	DCA	140	124.562380974446
714.285714285714	300	82.3161021910294	24.6	106.916102191029	DCA	210	128.697748452591
728.571428571429	300	86.5994464306651	24.6	111.199446430665	DCA	0	111.199446430665
742.857142857143	300	81.6181558845679	24.6	106.218155884568	DCA	140	124.743959064624
757.142857142857	300	82.4852674435257	24.6	107.085267443526	DCA	210	128.866913705087
771.428571428571	300	80.8075812074907	24.6	105.407581207491	DCA	70	116.672835633693
785.714285714286	300	82.2827746016109	24.6	106.882774601611	DCA	140	125.408577781667
800	300	82.4999584797385	24.6	107.099958479739	DCA	140	125.625761659795
814.285714285714	300	82.155591828575	24.6	106.755591828575	DCA	140	125.281395008631
828.571428571429	300	77.585934727092	24.6	102.185934727092	DCA	0	102.185934727092
842.857142857143	300	81.5310487561396	24.6	106.13104875614	DCA	210	127.912695017701
857.142857142857	300	85.9306099992733	24.6	110.530609999273	DCA	280	131.563393669991
871.428571428571	300	85.638008836015	24.6	110.238008836015	DCA	140	128.763812016071
885.714285714286	300	83.4965416572192	24.6	108.096541657219	DCA	280	129.129325327937
900	300	84.2838759440319	24.6	108.883875944032	DCA	280	129.91665961475
914.285714285714	300	82.4588124019469	24.6	107.058812401947	DCA	280	128.091596072665
928.571428571429	300	81.0923770288708	24.6	105.692377028871	DCA	140	124.218180208927
942.857142857143	300	80.4998408683786	24.6	105.099840868379	DCA	70	116.365095294581
957.142857142857	300	82.4215438103055	24.6	107.021543810306	DCA	140	125.547346990362
971.428571428571	300	85.3343954881644	24.6	109.934395488164	DCA	210	131.716041749726
985.714285714286	300	80.6461515531685	24.6	105.246151553169	DCA	70	116.511405979371
1000	300	83.0205466799933	24.6	107.620546679993	DCA	280	128.653330350711
