x	y	variable1	Zona	ErrorConEfecto	Disenio	AsigTrat	MiRto
0	0	77.6734030426609	0	77.6734030426609	DCA	280	81.2515539330042
14.2857142857143	0	79.100579927073	0	79.100579927073	DCA	70	86.0911131231017
28.5714285714286	0	79.970712114512	0	79.970712114512	DCA	140	89.8877815242743
42.8571428571429	0	76.0714175680845	0	76.0714175680845	DCA	210	84.8510262092849
57.1428571428571	0	77.3244082563254	0	77.3244082563254	DCA	280	80.9025591466687
71.4285714285714	0	76.7236579662184	0	76.7236579662184	DCA	70	83.7141911622472
85.7142857142857	0	76.2029573827292	0	76.2029573827292	DCA	280	79.7811082730725
100	0	78.9031049645406	0	78.9031049645406	DCA	280	82.4812558548839
114.285714285714	0	74.0634222545418	0	74.0634222545418	DCA	140	83.9804916643041
128.571428571429	0	75.4687094784978	0	75.4687094784978	DCA	140	85.3857788882601
142.857142857143	0	76.7168966830387	0	76.7168966830387	DCA	70	83.7074298790675
157.142857142857	0	76.1320739476467	0	76.1320739476467	DCA	210	84.9116825888471
171.428571428571	0	78.4659834175025	0	78.4659834175025	DCA	140	88.3830528272648
185.714285714286	0	77.5628756711478	0	77.5628756711478	DCA	280	81.141026561491
200	0	77.8811183235624	0	77.8811183235624	DCA	70	84.8716515195912
214.285714285714	0	82.6856155130511	0	82.6856155130511	DCA	70	89.6761487090799
228.571428571429	0	77.6857080019525	0	77.6857080019525	DCA	70	84.6762411979813
242.857142857143	0	77.7923437001013	0	77.7923437001013	DCA	140	87.7094131098636
257.142857142857	0	83.1833792193454	0	83.1833792193454	DCA	140	93.1004486291077
271.428571428571	0	84.1064126265907	0	84.1064126265907	DCA	140	94.023482036353
285.714285714286	0	83.7894544157161	0	83.7894544157161	DCA	280	87.3676053060593
300	0	84.268113403913	0	84.268113403913	DCA	0	84.268113403913
314.285714285714	0	85.1527219784766	0	85.1527219784766	DCA	140	95.0697913882388
328.571428571429	0	83.8793661168819	0	83.8793661168819	DCA	210	92.6589747580824
342.857142857143	0	82.5649300262542	0	82.5649300262542	DCA	140	92.4819994360165
357.142857142857	0	82.0549396269997	0	82.0549396269997	DCA	70	89.0454728230285
371.428571428571	0	82.3067622593446	0	82.3067622593446	DCA	140	92.2238316691069
385.714285714286	0	84.5054385107144	0	84.5054385107144	DCA	140	94.4225079204767
400	0	83.621538669146	0	83.621538669146	DCA	70	90.6120718651748
414.285714285714	0	81.9991934265373	0	81.9991934265373	DCA	0	81.9991934265373
428.571428571429	0	81.113683947143	0	81.113683947143	DCA	70	88.1042171431718
442.857142857143	0	78.3318442872684	0	78.3318442872684	DCA	0	78.3318442872684
457.142857142857	0	75.8883743878101	0	75.8883743878101	DCA	140	85.8054437975723
471.428571428571	0	75.8576129253322	0	75.8576129253322	DCA	210	84.6372215665327
485.714285714286	0	74.5372062036817	0	74.5372062036817	DCA	0	74.5372062036817
500	0	76.8747086428331	0	76.8747086428331	DCA	70	83.8652418388618
514.285714285714	0	75.531695669061	24.6	100.131695669061	DCA	70	112.97702886509
528.571428571429	0	76.2354503357612	24.6	100.835450335761	DCA	0	100.835450335761
542.857142857143	0	76.925905588988	24.6	101.525905588988	DCA	0	101.525905588988
557.142857142857	0	78.747823552945	24.6	103.347823552945	DCA	70	116.193156748974
571.428571428571	0	74.0771529855684	24.6	98.6771529855684	DCA	0	98.6771529855684
585.714285714286	0	75.2531154569318	24.6	99.8531154569318	DCA	280	126.850466347275
600	0	73.0498153457313	24.6	97.6498153457313	DCA	70	110.49514854176
614.285714285714	0	76.1283454048202	24.6	100.72834540482	DCA	140	122.355014814582
628.571428571429	0	78.910321055582	24.6	103.510321055582	DCA	0	103.510321055582
642.857142857143	0	75.7699269168945	24.6	100.369926916894	DCA	140	121.996596326657
657.142857142857	0	81.7402825191295	24.6	106.34028251913	DCA	210	132.68429116033
671.428571428571	0	81.904240658836	24.6	106.504240658836	DCA	210	132.848249300036
685.714285714286	0	78.5278705644397	24.6	103.12787056444	DCA	0	103.12787056444
700	0	78.5071068155995	24.6	103.1071068156	DCA	0	103.1071068156
714.285714285714	0	83.2338582353753	24.6	107.833858235375	DCA	280	134.831209125719
728.571428571429	0	81.2942858990173	24.6	105.894285899017	DCA	0	105.894285899017
742.857142857143	0	79.5081895150546	24.6	104.108189515055	DCA	70	116.953522711083
757.142857142857	0	82.5441467193088	24.6	107.144146719309	DCA	140	128.770816129071
771.428571428571	0	82.0579472458308	24.6	106.657947245831	DCA	70	119.50328044186
785.714285714286	0	83.412786360869	24.6	108.012786360869	DCA	140	129.639455770631
800	0	80.9808196621327	24.6	105.580819662133	DCA	0	105.580819662133
814.285714285714	0	82.1351247143966	24.6	106.735124714397	DCA	70	119.580457910425
828.571428571429	0	80.0848091247353	24.6	104.684809124735	DCA	210	131.028817765936
842.857142857143	0	80.1740580948388	24.6	104.774058094839	DCA	70	117.619391290868
857.142857142857	0	82.8961217750461	24.6	107.496121775046	DCA	70	120.341454971075
871.428571428571	0	84.9222261868057	24.6	109.522226186806	DCA	70	122.367559382835
885.714285714286	0	80.792359876773	24.6	105.392359876773	DCA	280	132.389710767116
900	0	78.2311144748857	24.6	102.831114474886	DCA	0	102.831114474886
914.285714285714	0	76.232828482579	24.6	100.832828482579	DCA	70	113.678161678608
928.571428571429	0	77.5702754588888	24.6	102.170275458889	DCA	0	102.170275458889
942.857142857143	0	76.8170421983856	24.6	101.417042198386	DCA	70	114.262375394414
957.142857142857	0	78.2087380588094	24.6	102.808738058809	DCA	140	124.435407468572
971.428571428571	0	78.879119917787	24.6	103.479119917787	DCA	0	103.479119917787
985.714285714286	0	80.1229586661779	24.6	104.722958666178	DCA	210	131.066967307378
1000	0	78.3407146402401	24.6	102.94071464024	DCA	280	129.938065530583
0	33.3333333333333	80.8214931462393	0	80.8214931462393	DCA	0	80.8214931462393
14.2857142857143	33.3333333333333	78.0649878288204	0	78.0649878288204	DCA	280	81.6431387191637
28.5714285714286	33.3333333333333	78.2944718239943	0	78.2944718239943	DCA	70	85.2850050200231
42.8571428571429	33.3333333333333	75.7879944278451	0	75.7879944278451	DCA	70	82.7785276238739
57.1428571428571	33.3333333333333	74.8028394960862	0	74.8028394960862	DCA	0	74.8028394960862
71.4285714285714	33.3333333333333	74.3259228647533	0	74.3259228647533	DCA	70	81.3164560607821
85.7142857142857	33.3333333333333	75.8262447781614	0	75.8262447781614	DCA	210	84.6058534193619
100	33.3333333333333	75.0285312631384	0	75.0285312631384	DCA	70	82.0190644591672
114.285714285714	33.3333333333333	74.2433143637764	0	74.2433143637764	DCA	140	84.1603837735387
128.571428571429	33.3333333333333	76.4609419292699	0	76.4609419292699	DCA	0	76.4609419292699
142.857142857143	33.3333333333333	75.8830773865962	0	75.8830773865962	DCA	280	79.4612282769395
157.142857142857	33.3333333333333	77.9374985385461	0	77.9374985385461	DCA	280	81.5156494288894
171.428571428571	33.3333333333333	79.9746171280747	0	79.9746171280747	DCA	140	89.891686537837
185.714285714286	33.3333333333333	79.8378185864852	0	79.8378185864852	DCA	280	83.4159694768285
200	33.3333333333333	81.7664898228457	0	81.7664898228457	DCA	0	81.7664898228457
214.285714285714	33.3333333333333	80.6927713010564	0	80.6927713010564	DCA	140	90.6098407108186
228.571428571429	33.3333333333333	78.0172366016151	0	78.0172366016151	DCA	140	87.9343060113773
242.857142857143	33.3333333333333	80.2049358528446	0	80.2049358528446	DCA	210	88.9845444940451
257.142857142857	33.3333333333333	84.622174814818	0	84.622174814818	DCA	280	88.2003257051612
271.428571428571	33.3333333333333	82.1650258970146	0	82.1650258970146	DCA	280	85.7431767873579
285.714285714286	33.3333333333333	82.9744981153461	0	82.9744981153461	DCA	0	82.9744981153461
300	33.3333333333333	82.5109657053765	0	82.5109657053765	DCA	210	91.2905743465769
314.285714285714	33.3333333333333	81.116382951783	0	81.116382951783	DCA	0	81.116382951783
328.571428571429	33.3333333333333	82.3568086149359	0	82.3568086149359	DCA	210	91.1364172561364
342.857142857143	33.3333333333333	83.2546427992895	0	83.2546427992895	DCA	0	83.2546427992895
357.142857142857	33.3333333333333	84.4978893546831	0	84.4978893546831	DCA	0	84.4978893546831
371.428571428571	33.3333333333333	85.4553821646321	0	85.4553821646321	DCA	210	94.2349908058326
385.714285714286	33.3333333333333	84.4155069975125	0	84.4155069975125	DCA	140	94.3325764072748
400	33.3333333333333	84.6718653355035	0	84.6718653355035	DCA	210	93.4514739767039
414.285714285714	33.3333333333333	84.4031007169137	0	84.4031007169137	DCA	0	84.4031007169137
428.571428571429	33.3333333333333	81.9759495321542	0	81.9759495321542	DCA	0	81.9759495321542
442.857142857143	33.3333333333333	77.753582854277	0	77.753582854277	DCA	280	81.3317337446203
457.142857142857	33.3333333333333	77.0048944400128	0	77.0048944400128	DCA	140	86.9219638497751
471.428571428571	33.3333333333333	77.1006015087685	0	77.1006015087685	DCA	210	85.880210149969
485.714285714286	33.3333333333333	74.5591780084863	0	74.5591780084863	DCA	210	83.3387866496867
500	33.3333333333333	71.642418565638	0	71.642418565638	DCA	210	80.4220272068384
514.285714285714	33.3333333333333	74.2712234580717	24.6	98.8712234580717	DCA	0	98.8712234580717
528.571428571429	33.3333333333333	76.9695458159339	24.6	101.569545815934	DCA	280	128.566896706277
542.857142857143	33.3333333333333	76.6880949812225	24.6	101.288094981222	DCA	0	101.288094981222
557.142857142857	33.3333333333333	76.4924568941761	24.6	101.092456894176	DCA	140	122.719126303938
571.428571428571	33.3333333333333	78.4095648181232	24.6	103.009564818123	DCA	210	129.353573459324
585.714285714286	33.3333333333333	76.3052619774106	24.6	100.905261977411	DCA	0	100.905261977411
600	33.3333333333333	81.7836867569462	24.6	106.383686756946	DCA	280	133.38103764729
614.285714285714	33.3333333333333	80.5361209509096	24.6	105.13612095091	DCA	70	117.981454146938
628.571428571429	33.3333333333333	79.5340601273145	24.6	104.134060127314	DCA	70	116.979393323343
642.857142857143	33.3333333333333	81.7337591646174	24.6	106.333759164617	DCA	280	133.331110054961
657.142857142857	33.3333333333333	81.4681803280996	24.6	106.0681803281	DCA	140	127.694849737862
671.428571428571	33.3333333333333	81.3045661863226	24.6	105.904566186323	DCA	210	132.248574827523
685.714285714286	33.3333333333333	81.4341810650859	24.6	106.034181065086	DCA	210	132.378189706286
700	33.3333333333333	79.1508364714801	24.6	103.75083647148	DCA	280	130.748187361823
714.285714285714	33.3333333333333	80.2130315132019	24.6	104.813031513202	DCA	210	131.157040154402
728.571428571429	33.3333333333333	75.2831579508618	24.6	99.8831579508618	DCA	0	99.8831579508618
742.857142857143	33.3333333333333	75.5317566830097	24.6	100.13175668301	DCA	0	100.13175668301
757.142857142857	33.3333333333333	79.4631149744267	24.6	104.063114974427	DCA	70	116.908448170455
771.428571428571	33.3333333333333	79.3636021729661	24.6	103.963602172966	DCA	280	130.960953063309
785.714285714286	33.3333333333333	77.4189289625114	24.6	102.018928962511	DCA	210	128.362937603712
800	33.3333333333333	78.0188919792571	24.6	102.618891979257	DCA	280	129.6162428696
814.285714285714	33.3333333333333	77.4100709988673	24.6	102.010070998867	DCA	140	123.63674040863
828.571428571429	33.3333333333333	81.7619993434589	24.6	106.361999343459	DCA	70	119.207332539488
842.857142857143	33.3333333333333	86.0945358868016	24.6	110.694535886802	DCA	280	137.691886777145
857.142857142857	33.3333333333333	84.4609988621553	24.6	109.060998862155	DCA	0	109.060998862155
871.428571428571	33.3333333333333	82.9083885390279	24.6	107.508388539028	DCA	0	107.508388539028
885.714285714286	33.3333333333333	80.0601514082319	24.6	104.660151408232	DCA	0	104.660151408232
900	33.3333333333333	75.8655719363074	24.6	100.465571936307	DCA	280	127.462922826651
914.285714285714	33.3333333333333	77.172526279931	24.6	101.772526279931	DCA	70	114.61785947596
928.571428571429	33.3333333333333	79.534555847656	24.6	104.134555847656	DCA	140	125.761225257418
942.857142857143	33.3333333333333	78.8006096562293	24.6	103.400609656229	DCA	210	129.74461829743
957.142857142857	33.3333333333333	79.2936418177863	24.6	103.893641817786	DCA	210	130.237650458987
971.428571428571	33.3333333333333	79.4726259559564	24.6	104.072625955956	DCA	280	131.0699768463
985.714285714286	33.3333333333333	79.1166029973282	24.6	103.716602997328	DCA	70	116.561936193357
1000	33.3333333333333	80.5451519113263	24.6	105.145151911326	DCA	210	131.489160552527
0	66.6666666666667	77.7748998858815	0	77.7748998858815	DCA	140	87.6919692956437
14.2857142857143	66.6666666666667	74.3808331213296	0	74.3808331213296	DCA	280	77.9589840116729
28.5714285714286	66.6666666666667	79.8427299507063	0	79.8427299507063	DCA	210	88.6223385919068
42.8571428571429	66.6666666666667	79.3621441896686	0	79.3621441896686	DCA	70	86.3526773856974
57.1428571428571	66.6666666666667	79.8438669527918	0	79.8438669527918	DCA	280	83.4220178431351
71.4285714285714	66.6666666666667	82.5077897959505	0	82.5077897959505	DCA	140	92.4248592057128
85.7142857142857	66.6666666666667	81.2081245398378	0	81.2081245398378	DCA	70	88.1986577358666
100	66.6666666666667	77.4210556955649	0	77.4210556955649	DCA	280	80.9992065859082
114.285714285714	66.6666666666667	79.1281909209145	0	79.1281909209145	DCA	280	82.7063418112578
128.571428571429	66.6666666666667	76.2724652207115	0	76.2724652207115	DCA	280	79.8506161110548
142.857142857143	66.6666666666667	77.3323809262755	0	77.3323809262755	DCA	70	84.3229141223043
157.142857142857	66.6666666666667	81.0524729145286	0	81.0524729145286	DCA	0	81.0524729145286
171.428571428571	66.6666666666667	79.2490001402008	0	79.2490001402008	DCA	280	82.8271510305441
185.714285714286	66.6666666666667	82.427278292236	0	82.427278292236	DCA	210	91.2068869334364
200	66.6666666666667	79.6655593053245	0	79.6655593053245	DCA	140	89.5826287150868
214.285714285714	66.6666666666667	77.5016367592855	0	77.5016367592855	DCA	140	87.4187061690478
228.571428571429	66.6666666666667	76.5549054038127	0	76.5549054038127	DCA	140	86.471974813575
242.857142857143	66.6666666666667	81.1020023648232	0	81.1020023648232	DCA	140	91.0190717745855
257.142857142857	66.6666666666667	81.6072795582362	0	81.6072795582362	DCA	210	90.3868881994366
271.428571428571	66.6666666666667	80.1267786987098	0	80.1267786987098	DCA	210	88.9063873399103
285.714285714286	66.6666666666667	78.9630649691442	0	78.9630649691442	DCA	70	85.953598165173
300	66.6666666666667	80.0021579449749	0	80.0021579449749	DCA	0	80.0021579449749
314.285714285714	66.6666666666667	79.906484348979	0	79.906484348979	DCA	70	86.8970175450078
328.571428571429	66.6666666666667	82.4721814293649	0	82.4721814293649	DCA	140	92.3892508391272
342.857142857143	66.6666666666667	82.1873949669805	0	82.1873949669805	DCA	70	89.1779281630093
357.142857142857	66.6666666666667	83.4970736369764	0	83.4970736369764	DCA	280	87.0752245273197
371.428571428571	66.6666666666667	83.560090378134	0	83.560090378134	DCA	280	87.1382412684773
385.714285714286	66.6666666666667	79.2385299352544	0	79.2385299352544	DCA	140	89.1555993450167
400	66.6666666666667	76.3353847221203	0	76.3353847221203	DCA	280	79.9135356124636
414.285714285714	66.6666666666667	77.3100624111894	0	77.3100624111894	DCA	70	84.3005956072182
428.571428571429	66.6666666666667	77.6935651096929	0	77.6935651096929	DCA	210	86.4731737508933
442.857142857143	66.6666666666667	79.724083371743	0	79.724083371743	DCA	0	79.724083371743
457.142857142857	66.6666666666667	75.5647665954348	0	75.5647665954348	DCA	140	85.4818360051971
471.428571428571	66.6666666666667	78.1252840345417	0	78.1252840345417	DCA	0	78.1252840345417
485.714285714286	66.6666666666667	79.4695910838315	0	79.4695910838315	DCA	70	86.4601242798603
500	66.6666666666667	75.3328432227187	0	75.3328432227187	DCA	210	84.1124518639191
514.285714285714	66.6666666666667	80.8643487839972	24.6	105.464348783997	DCA	0	105.464348783997
528.571428571429	66.6666666666667	77.3241553418951	24.6	101.924155341895	DCA	0	101.924155341895
542.857142857143	66.6666666666667	77.4159061713201	24.6	102.01590617132	DCA	210	128.35991481252
557.142857142857	66.6666666666667	80.7881702983456	24.6	105.388170298346	DCA	280	132.385521188689
571.428571428571	66.6666666666667	79.864081930677	24.6	104.464081930677	DCA	70	117.309415126706
585.714285714286	66.6666666666667	76.2403662596606	24.6	100.840366259661	DCA	70	113.685699455689
600	66.6666666666667	78.9747452405368	24.6	103.574745240537	DCA	280	130.57209613088
614.285714285714	66.6666666666667	81.2392460131838	24.6	105.839246013184	DCA	140	127.465915422946
628.571428571429	66.6666666666667	79.9519022614325	24.6	104.551902261432	DCA	210	130.895910902633
642.857142857143	66.6666666666667	79.6899219399059	24.6	104.289921939906	DCA	210	130.633930581106
657.142857142857	66.6666666666667	83.4588656040343	24.6	108.058865604034	DCA	280	135.056216494378
671.428571428571	66.6666666666667	81.7861417672878	24.6	106.386141767288	DCA	210	132.730150408488
685.714285714286	66.6666666666667	84.0078279205114	24.6	108.607827920511	DCA	210	134.951836561712
700	66.6666666666667	81.1106089430584	24.6	105.710608943058	DCA	280	132.707959833402
714.285714285714	66.6666666666667	79.7794280149872	24.6	104.379428014987	DCA	0	104.379428014987
728.571428571429	66.6666666666667	81.9112456249511	24.6	106.511245624951	DCA	280	133.508596515294
742.857142857143	66.6666666666667	81.9966365052376	24.6	106.596636505238	DCA	210	132.940645146438
757.142857142857	66.6666666666667	81.1551085091625	24.6	105.755108509163	DCA	70	118.600441705191
771.428571428571	66.6666666666667	80.0691585162716	24.6	104.669158516272	DCA	0	104.669158516272
785.714285714286	66.6666666666667	82.5188399695305	24.6	107.11883996953	DCA	0	107.11883996953
800	66.6666666666667	80.3712150558611	24.6	104.971215055861	DCA	0	104.971215055861
814.285714285714	66.6666666666667	79.7959804545869	24.6	104.395980454587	DCA	280	131.39333134493
828.571428571429	66.6666666666667	78.4005202271747	24.6	103.000520227175	DCA	0	103.000520227175
842.857142857143	66.6666666666667	85.2214311698154	24.6	109.821431169815	DCA	0	109.821431169815
857.142857142857	66.6666666666667	78.9394899920943	24.6	103.539489992094	DCA	70	116.384823188123
871.428571428571	66.6666666666667	74.36251558144	24.6	98.96251558144	DCA	210	125.30652422264
885.714285714286	66.6666666666667	76.9324057871685	24.6	101.532405787169	DCA	280	128.529756677512
900	66.6666666666667	76.7452309673809	24.6	101.345230967381	DCA	140	122.971900377143
914.285714285714	66.6666666666667	73.6275349349204	24.6	98.2275349349204	DCA	0	98.2275349349204
928.571428571429	66.6666666666667	71.3356316607845	24.6	95.9356316607845	DCA	70	108.780964856813
942.857142857143	66.6666666666667	74.3036507491913	24.6	98.9036507491913	DCA	140	120.530320158954
957.142857142857	66.6666666666667	76.1233143211605	24.6	100.72331432116	DCA	280	127.720665211504
971.428571428571	66.6666666666667	74.7595291811747	24.6	99.3595291811747	DCA	210	125.703537822375
985.714285714286	66.6666666666667	77.2286713350055	24.6	101.828671335005	DCA	280	128.826022225349
1000	66.6666666666667	75.7266942791951	24.6	100.326694279195	DCA	0	100.326694279195
0	100	73.2874221334738	0	73.2874221334738	DCA	70	80.2779553295026
14.2857142857143	100	73.9931669071641	0	73.9931669071641	DCA	70	80.9837001031929
28.5714285714286	100	78.6522648725624	0	78.6522648725624	DCA	70	85.6427980685912
42.8571428571429	100	77.1908157982018	0	77.1908157982018	DCA	140	87.107885207964
57.1428571428571	100	80.5543853992811	0	80.5543853992811	DCA	70	87.5449185953099
71.4285714285714	100	77.1737168851347	0	77.1737168851347	DCA	0	77.1737168851347
85.7142857142857	100	79.5671200668366	0	79.5671200668366	DCA	70	86.5576532628654
100	100	80.4883217989962	0	80.4883217989962	DCA	140	90.4053912087585
114.285714285714	100	80.2167236805875	0	80.2167236805875	DCA	0	80.2167236805875
128.571428571429	100	82.2320143801269	0	82.2320143801269	DCA	0	82.2320143801269
142.857142857143	100	79.5000784903738	0	79.5000784903738	DCA	0	79.5000784903738
157.142857142857	100	80.4394398149504	0	80.4394398149504	DCA	210	89.2190484561509
171.428571428571	100	80.211243025997	0	80.211243025997	DCA	70	87.2017762220258
185.714285714286	100	77.6276591266851	0	77.6276591266851	DCA	140	87.5447285364474
200	100	73.9039435220831	0	73.9039435220831	DCA	140	83.8210129318454
214.285714285714	100	76.3261927613478	0	76.3261927613478	DCA	210	85.1058014025482
228.571428571429	100	75.6628310738904	0	75.6628310738904	DCA	70	82.6533642699192
242.857142857143	100	76.6747497685683	0	76.6747497685683	DCA	280	80.2529006589116
257.142857142857	100	80.0885484141205	0	80.0885484141205	DCA	280	83.6666993044637
271.428571428571	100	76.9117249136478	0	76.9117249136478	DCA	70	83.9022581096766
285.714285714286	100	80.9939004912692	0	80.9939004912692	DCA	70	87.984433687298
300	100	78.8024360266899	0	78.8024360266899	DCA	70	85.7929692227187
314.285714285714	100	78.0046528362051	0	78.0046528362051	DCA	70	84.9951860322339
328.571428571429	100	79.0071798139994	0	79.0071798139994	DCA	140	88.9242492237617
342.857142857143	100	78.1050005261082	0	78.1050005261082	DCA	0	78.1050005261082
357.142857142857	100	79.9055274569552	0	79.9055274569552	DCA	210	88.6851360981557
371.428571428571	100	78.8674719651212	0	78.8674719651212	DCA	280	82.4456228554644
385.714285714286	100	79.5308314460913	0	79.5308314460913	DCA	140	89.4479008558536
400	100	81.4491433598203	0	81.4491433598203	DCA	280	85.0272942501636
414.285714285714	100	79.4482052149859	0	79.4482052149859	DCA	210	88.2278138561864
428.571428571429	100	79.1111987961955	0	79.1111987961955	DCA	210	87.8908074373959
442.857142857143	100	75.8724972417318	0	75.8724972417318	DCA	280	79.4506481320751
457.142857142857	100	78.3611246104932	0	78.3611246104932	DCA	140	88.2781940202555
471.428571428571	100	76.9605943079249	0	76.9605943079249	DCA	0	76.9605943079249
485.714285714286	100	79.0465016954237	0	79.0465016954237	DCA	210	87.8261103366242
500	100	78.322160714885	0	78.322160714885	DCA	0	78.322160714885
514.285714285714	100	78.3932518142685	24.6	102.993251814269	DCA	140	124.619921224031
528.571428571429	100	80.0459874568024	24.6	104.645987456802	DCA	70	117.491320652831
542.857142857143	100	83.3342577566573	24.6	107.934257756657	DCA	210	134.278266397858
557.142857142857	100	81.5159250715339	24.6	106.115925071534	DCA	140	127.742594481296
571.428571428571	100	84.7174224602113	24.6	109.317422460211	DCA	70	122.16275565624
585.714285714286	100	82.3171340231184	24.6	106.917134023118	DCA	70	119.762467219147
600	100	78.4749494553223	24.6	103.074949455322	DCA	280	130.072300345666
614.285714285714	100	81.1798943266156	24.6	105.779894326616	DCA	280	132.777245216959
628.571428571429	100	83.3105285676797	24.6	107.91052856768	DCA	70	120.755861763708
642.857142857143	100	82.7300412120987	24.6	107.330041212099	DCA	210	133.674049853299
657.142857142857	100	82.0572592320532	24.6	106.657259232053	DCA	280	133.654610122397
671.428571428571	100	81.3582829706064	24.6	105.958282970606	DCA	210	132.302291611807
685.714285714286	100	80.0702001588291	24.6	104.670200158829	DCA	140	126.296869568591
700	100	75.5743305341867	24.6	100.174330534187	DCA	0	100.174330534187
714.285714285714	100	81.6152523124469	24.6	106.215252312447	DCA	140	127.841921722209
728.571428571429	100	78.9214456587193	24.6	103.521445658719	DCA	210	129.86545429992
742.857142857143	100	79.3588103671826	24.6	103.958810367183	DCA	140	125.585479776945
757.142857142857	100	76.37309688976	24.6	100.97309688976	DCA	70	113.818430085789
771.428571428571	100	79.3444609713457	24.6	103.944460971346	DCA	0	103.944460971346
785.714285714286	100	79.4663698279989	24.6	104.066369827999	DCA	0	104.066369827999
800	100	80.6208029049686	24.6	105.220802904969	DCA	0	105.220802904969
814.285714285714	100	84.8827266833375	24.6	109.482726683338	DCA	0	109.482726683338
828.571428571429	100	83.6701991850769	24.6	108.270199185077	DCA	210	134.614207826277
842.857142857143	100	78.8488637482094	24.6	103.448863748209	DCA	70	116.294196944238
857.142857142857	100	81.5386216460828	24.6	106.138621646083	DCA	210	132.482630287283
871.428571428571	100	75.4624449791953	24.6	100.062444979195	DCA	280	127.059795869539
885.714285714286	100	76.8299277567291	24.6	101.429927756729	DCA	0	101.429927756729
900	100	73.9344746966952	24.6	98.5344746966952	DCA	70	111.379807892724
914.285714285714	100	77.1749098352704	24.6	101.77490983527	DCA	280	128.772260725614
928.571428571429	100	80.9598864369851	24.6	105.559886436985	DCA	70	118.405219633014
942.857142857143	100	79.9260397478918	24.6	104.526039747892	DCA	210	130.870048389092
957.142857142857	100	77.5159429920807	24.6	102.115942992081	DCA	0	102.115942992081
971.428571428571	100	78.7861488341261	24.6	103.386148834126	DCA	280	130.383499724469
985.714285714286	100	79.0230386913169	24.6	103.623038691317	DCA	140	125.249708101079
1000	100	80.3302342524888	24.6	104.930234252489	DCA	210	131.274242893689
0	133.333333333333	82.7940240511313	0	82.7940240511313	DCA	0	82.7940240511313
14.2857142857143	133.333333333333	84.9614936555647	0	84.9614936555647	DCA	70	91.9520268515935
28.5714285714286	133.333333333333	80.2379201018359	0	80.2379201018359	DCA	140	90.1549895115981
42.8571428571429	133.333333333333	82.6808549531033	0	82.6808549531033	DCA	70	89.6713881491321
57.1428571428571	133.333333333333	81.8623408223984	0	81.8623408223984	DCA	280	85.4404917127417
71.4285714285714	133.333333333333	83.3041465965747	0	83.3041465965747	DCA	0	83.3041465965747
85.7142857142857	133.333333333333	79.1964574859343	0	79.1964574859343	DCA	280	82.7746083762776
100	133.333333333333	82.2975618296906	0	82.2975618296906	DCA	70	89.2880950257194
114.285714285714	133.333333333333	81.1058232482483	0	81.1058232482483	DCA	280	84.6839741385916
128.571428571429	133.333333333333	76.4290412491298	0	76.4290412491298	DCA	0	76.4290412491298
142.857142857143	133.333333333333	77.2112101882797	0	77.2112101882797	DCA	0	77.2112101882797
157.142857142857	133.333333333333	80.4419964490883	0	80.4419964490883	DCA	140	90.3590658588506
171.428571428571	133.333333333333	78.6373837963312	0	78.6373837963312	DCA	140	88.5544532060935
185.714285714286	133.333333333333	81.1749875202889	0	81.1749875202889	DCA	0	81.1749875202889
200	133.333333333333	77.0326822994879	0	77.0326822994879	DCA	70	84.0232154955167
214.285714285714	133.333333333333	80.1691144538576	0	80.1691144538576	DCA	0	80.1691144538576
228.571428571429	133.333333333333	78.3383945670239	0	78.3383945670239	DCA	0	78.3383945670239
242.857142857143	133.333333333333	78.3087687898064	0	78.3087687898064	DCA	210	87.0883774310068
257.142857142857	133.333333333333	75.7294138360784	0	75.7294138360784	DCA	0	75.7294138360784
271.428571428571	133.333333333333	75.9362841221536	0	75.9362841221536	DCA	140	85.8533535319159
285.714285714286	133.333333333333	77.3488668913779	0	77.3488668913779	DCA	280	80.9270177817212
300	133.333333333333	80.7214853570856	0	80.7214853570856	DCA	70	87.7120185531144
314.285714285714	133.333333333333	78.3589268927011	0	78.3589268927011	DCA	70	85.3494600887299
328.571428571429	133.333333333333	79.7220097918082	0	79.7220097918082	DCA	210	88.5016184330087
342.857142857143	133.333333333333	79.6588283760494	0	79.6588283760494	DCA	0	79.6588283760494
357.142857142857	133.333333333333	77.1246874627297	0	77.1246874627297	DCA	70	84.1152206587584
371.428571428571	133.333333333333	75.8669653833314	0	75.8669653833314	DCA	70	82.8574985793602
385.714285714286	133.333333333333	76.588287091479	0	76.588287091479	DCA	210	85.3678957326794
400	133.333333333333	78.8175030002193	0	78.8175030002193	DCA	210	87.5971116414198
414.285714285714	133.333333333333	77.713733579241	0	77.713733579241	DCA	210	86.4933422204414
428.571428571429	133.333333333333	75.7470332629553	0	75.7470332629553	DCA	280	79.3251841532986
442.857142857143	133.333333333333	76.6726045116722	0	76.6726045116722	DCA	210	85.4522131528726
457.142857142857	133.333333333333	75.3016702407315	0	75.3016702407315	DCA	70	82.2922034367603
471.428571428571	133.333333333333	76.0738234219018	0	76.0738234219018	DCA	140	85.9908928316641
485.714285714286	133.333333333333	74.7993180186388	0	74.7993180186388	DCA	70	81.7898512146676
500	133.333333333333	73.6174697655756	0	73.6174697655756	DCA	140	83.5345391753379
514.285714285714	133.333333333333	78.5259710211561	24.6	103.125971021156	DCA	280	130.123321911499
528.571428571429	133.333333333333	75.6239289266133	24.6	100.223928926613	DCA	70	113.069262122642
542.857142857143	133.333333333333	77.1062571874805	24.6	101.70625718748	DCA	0	101.70625718748
557.142857142857	133.333333333333	79.1581039127822	24.6	103.758103912782	DCA	280	130.755454803125
571.428571428571	133.333333333333	77.5347573544785	24.6	102.134757354478	DCA	140	123.761426764241
585.714285714286	133.333333333333	77.2473942242134	24.6	101.847394224213	DCA	70	114.692727420242
600	133.333333333333	81.8645491746341	24.6	106.464549174634	DCA	280	133.461900064977
614.285714285714	133.333333333333	79.8117367520569	24.6	104.411736752057	DCA	70	117.257069948086
628.571428571429	133.333333333333	81.9479698005922	24.6	106.547969800592	DCA	0	106.547969800592
642.857142857143	133.333333333333	83.5184735365638	24.6	108.118473536564	DCA	210	134.462482177764
657.142857142857	133.333333333333	82.6223567539829	24.6	107.222356753983	DCA	0	107.222356753983
671.428571428571	133.333333333333	82.3420905745459	24.6	106.942090574546	DCA	140	128.568759984308
685.714285714286	133.333333333333	81.9576095956387	24.6	106.557609595639	DCA	140	128.184279005401
700	133.333333333333	79.6188508518562	24.6	104.218850851856	DCA	0	104.218850851856
714.285714285714	133.333333333333	78.6091980688288	24.6	103.209198068829	DCA	70	116.054531264858
728.571428571429	133.333333333333	81.0424646938651	24.6	105.642464693865	DCA	280	132.639815584208
742.857142857143	133.333333333333	79.2148804695957	24.6	103.814880469596	DCA	210	130.158889110796
757.142857142857	133.333333333333	79.027960761576	24.6	103.627960761576	DCA	0	103.627960761576
771.428571428571	133.333333333333	78.4321866298788	24.6	103.032186629879	DCA	280	130.029537520222
785.714285714286	133.333333333333	77.0539215308693	24.6	101.653921530869	DCA	0	101.653921530869
800	133.333333333333	83.6099520769425	24.6	108.209952076942	DCA	70	121.055285272971
814.285714285714	133.333333333333	83.9317140643593	24.6	108.531714064359	DCA	210	134.87572270556
828.571428571429	133.333333333333	85.8225139576224	24.6	110.422513957622	DCA	0	110.422513957622
842.857142857143	133.333333333333	84.6027583517175	24.6	109.202758351718	DCA	140	130.82942776148
857.142857142857	133.333333333333	82.8925748839642	24.6	107.492574883964	DCA	140	129.119244293726
871.428571428571	133.333333333333	79.281965468123	24.6	103.881965468123	DCA	70	116.727298664152
885.714285714286	133.333333333333	80.838826627595	24.6	105.438826627595	DCA	140	127.065496037357
900	133.333333333333	78.7303837681981	24.6	103.330383768198	DCA	140	124.95705317796
914.285714285714	133.333333333333	81.8236621603916	24.6	106.423662160392	DCA	140	128.050331570154
928.571428571429	133.333333333333	76.0437169636982	24.6	100.643716963698	DCA	0	100.643716963698
942.857142857143	133.333333333333	77.2680430378074	24.6	101.868043037807	DCA	210	128.212051679008
957.142857142857	133.333333333333	77.2379063250745	24.6	101.837906325074	DCA	210	128.181914966275
971.428571428571	133.333333333333	73.8476911056066	24.6	98.4476911056066	DCA	140	120.074360515369
985.714285714286	133.333333333333	77.6247209434075	24.6	102.224720943408	DCA	0	102.224720943408
1000	133.333333333333	77.0713116782388	24.6	101.671311678239	DCA	280	128.668662568582
0	166.666666666667	89.250116184563	0	89.250116184563	DCA	0	89.250116184563
14.2857142857143	166.666666666667	84.330558326995	0	84.330558326995	DCA	140	94.2476277367573
28.5714285714286	166.666666666667	82.5163470601497	0	82.5163470601497	DCA	210	91.2959557013502
42.8571428571429	166.666666666667	83.8873073530588	0	83.8873073530588	DCA	210	92.6669159942593
57.1428571428571	166.666666666667	82.579466900369	0	82.579466900369	DCA	280	86.1576177907123
71.4285714285714	166.666666666667	84.3555905797702	0	84.3555905797702	DCA	0	84.3555905797702
85.7142857142857	166.666666666667	83.6274737442259	0	83.6274737442259	DCA	280	87.2056246345691
100	166.666666666667	82.1935629401581	0	82.1935629401581	DCA	140	92.1106323499204
114.285714285714	166.666666666667	79.5130662355355	0	79.5130662355355	DCA	210	88.292674876736
128.571428571429	166.666666666667	80.2710244276968	0	80.2710244276968	DCA	210	89.0506330688973
142.857142857143	166.666666666667	80.8574629956318	0	80.8574629956318	DCA	280	84.4356138859751
157.142857142857	166.666666666667	75.5383855960528	0	75.5383855960528	DCA	70	82.5289187920816
171.428571428571	166.666666666667	80.2773701286168	0	80.2773701286168	DCA	210	89.0569787698172
185.714285714286	166.666666666667	80.5437769503454	0	80.5437769503454	DCA	280	84.1219278406887
200	166.666666666667	81.5056858627411	0	81.5056858627411	DCA	70	88.4962190587699
214.285714285714	166.666666666667	81.7360042825189	0	81.7360042825189	DCA	280	85.3141551728622
228.571428571429	166.666666666667	80.9965025437522	0	80.9965025437522	DCA	140	90.9135719535145
242.857142857143	166.666666666667	79.7964989080633	0	79.7964989080633	DCA	140	89.7135683178255
257.142857142857	166.666666666667	77.8148725454763	0	77.8148725454763	DCA	0	77.8148725454763
271.428571428571	166.666666666667	76.4507709291294	0	76.4507709291294	DCA	70	83.4413041251582
285.714285714286	166.666666666667	81.9302709679385	0	81.9302709679385	DCA	0	81.9302709679385
300	166.666666666667	75.2826705407168	0	75.2826705407168	DCA	0	75.2826705407168
314.285714285714	166.666666666667	78.9503185409413	0	78.9503185409413	DCA	70	85.9408517369701
328.571428571429	166.666666666667	78.5112153731983	0	78.5112153731983	DCA	140	88.4282847829606
342.857142857143	166.666666666667	82.344137634455	0	82.344137634455	DCA	280	85.9222885247983
357.142857142857	166.666666666667	79.6113470116487	0	79.6113470116487	DCA	280	83.189497901992
371.428571428571	166.666666666667	76.3774994210667	0	76.3774994210667	DCA	140	86.294568830829
385.714285714286	166.666666666667	78.3640929573986	0	78.3640929573986	DCA	70	85.3546261534274
400	166.666666666667	80.0586152827774	0	80.0586152827774	DCA	0	80.0586152827774
414.285714285714	166.666666666667	78.5344058896746	0	78.5344058896746	DCA	70	85.5249390857034
428.571428571429	166.666666666667	79.004521542108	0	79.004521542108	DCA	280	82.5826724324513
442.857142857143	166.666666666667	79.4585073208855	0	79.4585073208855	DCA	210	88.2381159620859
457.142857142857	166.666666666667	78.8954676166441	0	78.8954676166441	DCA	210	87.6750762578445
471.428571428571	166.666666666667	79.3455655555839	0	79.3455655555839	DCA	0	79.3455655555839
485.714285714286	166.666666666667	75.660341593076	0	75.660341593076	DCA	0	75.660341593076
500	166.666666666667	74.61598508926	0	74.61598508926	DCA	280	78.1941359796033
514.285714285714	166.666666666667	78.0477663074002	24.6	102.6477663074	DCA	210	128.991774948601
528.571428571429	166.666666666667	75.6445676155637	24.6	100.244567615564	DCA	210	126.588576256764
542.857142857143	166.666666666667	82.1924648053504	24.6	106.79246480535	DCA	280	133.789815695694
557.142857142857	166.666666666667	82.024138882667	24.6	106.624138882667	DCA	140	128.250808292429
571.428571428571	166.666666666667	81.0182422295853	24.6	105.618242229585	DCA	210	131.962250870786
585.714285714286	166.666666666667	78.7632163903613	24.6	103.363216390361	DCA	140	124.989885800124
600	166.666666666667	78.2679082505001	24.6	102.8679082505	DCA	0	102.8679082505
614.285714285714	166.666666666667	83.1037170564612	24.6	107.703717056461	DCA	210	134.047725697662
628.571428571429	166.666666666667	79.072630257644	24.6	103.672630257644	DCA	210	130.016638898844
642.857142857143	166.666666666667	85.6715577838878	24.6	110.271557783888	DCA	70	123.116890979917
657.142857142857	166.666666666667	81.3433453814199	24.6	105.94334538142	DCA	280	132.940696271763
671.428571428571	166.666666666667	81.9385915162898	24.6	106.53859151629	DCA	140	128.165260926052
685.714285714286	166.666666666667	80.5458571121993	24.6	105.145857112199	DCA	210	131.4898657534
700	166.666666666667	82.3056096845146	24.6	106.905609684515	DCA	0	106.905609684515
714.285714285714	166.666666666667	79.120401934468	24.6	103.720401934468	DCA	140	125.34707134423
728.571428571429	166.666666666667	78.7356768081265	24.6	103.335676808126	DCA	210	129.679685449327
742.857142857143	166.666666666667	74.2550854239828	24.6	98.8550854239828	DCA	280	125.852436314326
757.142857142857	166.666666666667	77.9230871649858	24.6	102.523087164986	DCA	0	102.523087164986
771.428571428571	166.666666666667	78.0848653983867	24.6	102.684865398387	DCA	210	129.028874039587
785.714285714286	166.666666666667	80.2267355182653	24.6	104.826735518265	DCA	280	131.824086408609
800	166.666666666667	79.8252165732408	24.6	104.425216573241	DCA	70	117.27054976927
814.285714285714	166.666666666667	82.6441510121567	24.6	107.244151012157	DCA	280	134.2415019025
828.571428571429	166.666666666667	82.8258393238945	24.6	107.425839323894	DCA	140	129.052508733657
842.857142857143	166.666666666667	85.4732871997612	24.6	110.073287199761	DCA	210	136.417295840962
857.142857142857	166.666666666667	85.0685165040151	24.6	109.668516504015	DCA	0	109.668516504015
871.428571428571	166.666666666667	83.6576756349696	24.6	108.25767563497	DCA	280	135.255026525313
885.714285714286	166.666666666667	80.2705706479639	24.6	104.870570647964	DCA	0	104.870570647964
900	166.666666666667	80.1767318284975	24.6	104.776731828498	DCA	210	131.120740469698
914.285714285714	166.666666666667	79.1026252664354	24.6	103.702625266435	DCA	0	103.702625266435
928.571428571429	166.666666666667	79.0034400734397	24.6	103.60344007344	DCA	140	125.230109483202
942.857142857143	166.666666666667	78.521928536343	24.6	103.121928536343	DCA	280	130.119279426686
957.142857142857	166.666666666667	80.4739201647668	24.6	105.073920164767	DCA	210	131.417928805967
971.428571428571	166.666666666667	76.439022255183	24.6	101.039022255183	DCA	140	122.665691664945
985.714285714286	166.666666666667	77.2834614844	24.6	101.8834614844	DCA	140	123.510130894162
1000	166.666666666667	77.3128713364895	24.6	101.912871336489	DCA	280	128.910222226833
0	200	86.1345821743166	0	86.1345821743166	DCA	0	86.1345821743166
14.2857142857143	200	83.8313806754667	0	83.8313806754667	DCA	70	90.8219138714955
28.5714285714286	200	84.1500990017759	0	84.1500990017759	DCA	70	91.1406321978047
42.8571428571429	200	83.6869151908358	0	83.6869151908358	DCA	140	93.603984600598
57.1428571428571	200	79.8352049564796	0	79.8352049564796	DCA	140	89.7522743662418
71.4285714285714	200	78.0897862083731	0	78.0897862083731	DCA	210	86.8693948495735
85.7142857142857	200	82.0520882386557	0	82.0520882386557	DCA	0	82.0520882386557
100	200	83.856446504937	0	83.856446504937	DCA	210	92.6360551461375
114.285714285714	200	82.5370370913502	0	82.5370370913502	DCA	70	89.5275702873789
128.571428571429	200	79.2827719554985	0	79.2827719554985	DCA	140	89.1998413652608
142.857142857143	200	78.7491137257543	0	78.7491137257543	DCA	70	85.7396469217831
157.142857142857	200	76.8110225341281	0	76.8110225341281	DCA	280	80.3891734244714
171.428571428571	200	78.1966253737737	0	78.1966253737737	DCA	210	86.9762340149741
185.714285714286	200	78.4320059455238	0	78.4320059455238	DCA	140	88.349075355286
200	200	79.1363269200386	0	79.1363269200386	DCA	70	86.1268601160674
214.285714285714	200	78.1305496410414	0	78.1305496410414	DCA	280	81.7087005313846
228.571428571429	200	81.5419547478009	0	81.5419547478009	DCA	280	85.1201056381442
242.857142857143	200	77.2327839430958	0	77.2327839430958	DCA	280	80.810934833439
257.142857142857	200	77.096249104303	0	77.096249104303	DCA	210	85.8758577455034
271.428571428571	200	79.2183738253016	0	79.2183738253016	DCA	0	79.2183738253016
285.714285714286	200	80.8885757044498	0	80.8885757044498	DCA	140	90.8056451142121
300	200	78.8740976012873	0	78.8740976012873	DCA	70	85.8646307973161
314.285714285714	200	79.3033583349704	0	79.3033583349704	DCA	210	88.0829669761709
328.571428571429	200	78.1514596142857	0	78.1514596142857	DCA	280	81.729610504629
342.857142857143	200	78.7181636622434	0	78.7181636622434	DCA	210	87.4977723034438
357.142857142857	200	80.4410425509591	0	80.4410425509591	DCA	70	87.4315757469879
371.428571428571	200	79.6570861293794	0	79.6570861293794	DCA	210	88.4366947705798
385.714285714286	200	78.6636714357578	0	78.6636714357578	DCA	70	85.6542046317866
400	200	78.4513133069407	0	78.4513133069407	DCA	140	88.368382716703
414.285714285714	200	78.0328748937593	0	78.0328748937593	DCA	140	87.9499443035216
428.571428571429	200	74.7238139780812	0	74.7238139780812	DCA	280	78.3019648684244
442.857142857143	200	74.8521066821372	0	74.8521066821372	DCA	140	84.7691760918995
457.142857142857	200	76.2939182209246	0	76.2939182209246	DCA	280	79.8720691112679
471.428571428571	200	74.4966237175566	0	74.4966237175566	DCA	280	78.0747746078999
485.714285714286	200	73.5922644153656	0	73.5922644153656	DCA	140	83.5093338251279
500	200	75.4962351017989	0	75.4962351017989	DCA	70	82.4867682978277
514.285714285714	200	75.2263737397027	24.6	99.8263737397027	DCA	70	112.671706935731
528.571428571429	200	79.7147678943086	24.6	104.314767894309	DCA	210	130.658776535509
542.857142857143	200	76.1641417978147	24.6	100.764141797815	DCA	280	127.761492688158
557.142857142857	200	77.2024070626905	24.6	101.80240706269	DCA	0	101.80240706269
571.428571428571	200	78.6265521270657	24.6	103.226552127066	DCA	0	103.226552127066
585.714285714286	200	76.5332134896288	24.6	101.133213489629	DCA	210	127.477222130829
600	200	75.6928696406984	24.6	100.292869640698	DCA	140	121.919539050461
614.285714285714	200	80.5919276533308	24.6	105.191927653331	DCA	210	131.535936294531
628.571428571429	200	79.0597466143096	24.6	103.65974661431	DCA	140	125.286416024072
642.857142857143	200	79.7331674214968	24.6	104.333167421497	DCA	70	117.178500617526
657.142857142857	200	80.9451376770665	24.6	105.545137677066	DCA	210	131.889146318267
671.428571428571	200	80.2810834226708	24.6	104.881083422671	DCA	210	131.225092063871
685.714285714286	200	79.6608372349188	24.6	104.260837234919	DCA	70	117.106170430948
700	200	77.4586459924661	24.6	102.058645992466	DCA	0	102.058645992466
714.285714285714	200	75.7639078160734	24.6	100.363907816073	DCA	0	100.363907816073
728.571428571429	200	76.953948420102	24.6	101.553948420102	DCA	280	128.551299310445
742.857142857143	200	74.0877212808545	24.6	98.6877212808545	DCA	140	120.314390690617
757.142857142857	200	73.8018549118691	24.6	98.4018549118691	DCA	70	111.247188107898
771.428571428571	200	79.1465394603728	24.6	103.746539460373	DCA	140	125.373208870135
785.714285714286	200	78.1446272748383	24.6	102.744627274838	DCA	70	115.589960470867
800	200	81.9332255808649	24.6	106.533225580865	DCA	0	106.533225580865
814.285714285714	200	83.0442030419673	24.6	107.644203041967	DCA	0	107.644203041967
828.571428571429	200	83.7283983440372	24.6	108.328398344037	DCA	0	108.328398344037
842.857142857143	200	85.357164302016	24.6	109.957164302016	DCA	70	122.802497498045
857.142857142857	200	82.1697802247406	24.6	106.769780224741	DCA	210	133.113788865941
871.428571428571	200	82.3870667297922	24.6	106.987066729792	DCA	280	133.984417620136
885.714285714286	200	78.8031452960483	24.6	103.403145296048	DCA	70	116.248478492077
900	200	76.8722646599941	24.6	101.472264659994	DCA	140	123.098934069756
914.285714285714	200	77.9192139663351	24.6	102.519213966335	DCA	140	124.145883376097
928.571428571429	200	75.8115495815949	24.6	100.411549581595	DCA	210	126.755558222795
942.857142857143	200	76.1652401189647	24.6	100.765240118965	DCA	210	127.109248760165
957.142857142857	200	78.1226628755538	24.6	102.722662875554	DCA	0	102.722662875554
971.428571428571	200	79.7129107240493	24.6	104.312910724049	DCA	280	131.310261614393
985.714285714286	200	78.8202271487829	24.6	103.420227148783	DCA	140	125.046896558545
1000	200	77.2239794482254	24.6	101.823979448225	DCA	280	128.821330338569
0	233.333333333333	86.8498260981214	0	86.8498260981214	DCA	280	90.4279769884647
14.2857142857143	233.333333333333	82.8210480260713	0	82.8210480260713	DCA	70	89.8115812221001
28.5714285714286	233.333333333333	81.5672089624157	0	81.5672089624157	DCA	0	81.5672089624157
42.8571428571429	233.333333333333	82.0180052814646	0	82.0180052814646	DCA	280	85.5961561718079
57.1428571428571	233.333333333333	81.680043368998	0	81.680043368998	DCA	70	88.6705765650268
71.4285714285714	233.333333333333	80.8306564683891	0	80.8306564683891	DCA	210	89.6102651095895
85.7142857142857	233.333333333333	81.4179804481391	0	81.4179804481391	DCA	140	91.3350498579014
100	233.333333333333	79.9964542777359	0	79.9964542777359	DCA	0	79.9964542777359
114.285714285714	233.333333333333	76.8816074725201	0	76.8816074725201	DCA	140	86.7986768822824
128.571428571429	233.333333333333	73.8236907384494	0	73.8236907384494	DCA	70	80.8142239344782
142.857142857143	233.333333333333	74.1569452205699	0	74.1569452205699	DCA	140	84.0740146303322
157.142857142857	233.333333333333	73.6139207468168	0	73.6139207468168	DCA	0	73.6139207468168
171.428571428571	233.333333333333	80.8947907787997	0	80.8947907787997	DCA	210	89.6743994200002
185.714285714286	233.333333333333	80.5742213456256	0	80.5742213456256	DCA	70	87.5647545416544
200	233.333333333333	77.9436613560971	0	77.9436613560971	DCA	210	86.7232699972975
214.285714285714	233.333333333333	75.8729292254441	0	75.8729292254441	DCA	0	75.8729292254441
228.571428571429	233.333333333333	76.1904089204393	0	76.1904089204393	DCA	210	84.9700175616397
242.857142857143	233.333333333333	76.6070916104298	0	76.6070916104298	DCA	280	80.1852425007731
257.142857142857	233.333333333333	73.7554579672627	0	73.7554579672627	DCA	210	82.5350666084631
271.428571428571	233.333333333333	75.9166643607036	0	75.9166643607036	DCA	0	75.9166643607036
285.714285714286	233.333333333333	76.1729940564778	0	76.1729940564778	DCA	210	84.9526026976783
300	233.333333333333	77.4760076108523	0	77.4760076108523	DCA	140	87.3930770206146
314.285714285714	233.333333333333	78.22881361893	0	78.22881361893	DCA	210	87.0084222601305
328.571428571429	233.333333333333	77.4881424675276	0	77.4881424675276	DCA	280	81.0662933578709
342.857142857143	233.333333333333	77.5783694451362	0	77.5783694451362	DCA	140	87.4954388548985
357.142857142857	233.333333333333	75.7202980099835	0	75.7202980099835	DCA	0	75.7202980099835
371.428571428571	233.333333333333	75.1221446126489	0	75.1221446126489	DCA	0	75.1221446126489
385.714285714286	233.333333333333	75.0518028191122	0	75.0518028191122	DCA	140	84.9688722288744
400	233.333333333333	75.9393614685965	0	75.9393614685965	DCA	210	84.718970109797
414.285714285714	233.333333333333	76.740991962186	0	76.740991962186	DCA	0	76.740991962186
428.571428571429	233.333333333333	72.5917720206536	0	72.5917720206536	DCA	140	82.5088414304159
442.857142857143	233.333333333333	71.9786033072173	0	71.9786033072173	DCA	140	81.8956727169796
457.142857142857	233.333333333333	72.3029495282048	0	72.3029495282048	DCA	70	79.2934827242336
471.428571428571	233.333333333333	77.0289653585425	0	77.0289653585425	DCA	0	77.0289653585425
485.714285714286	233.333333333333	76.2865370008715	0	76.2865370008715	DCA	0	76.2865370008715
500	233.333333333333	73.1046224720226	0	73.1046224720226	DCA	140	83.0216918817849
514.285714285714	233.333333333333	75.3929941392986	24.6	99.9929941392986	DCA	280	126.990345029642
528.571428571429	233.333333333333	73.9029155786049	24.6	98.5029155786049	DCA	280	125.500266468948
542.857142857143	233.333333333333	71.7555815193511	24.6	96.355581519351	DCA	210	122.699590160551
557.142857142857	233.333333333333	75.3887608365196	24.6	99.9887608365196	DCA	210	126.33276947772
571.428571428571	233.333333333333	74.3628234645088	24.6	98.9628234645088	DCA	0	98.9628234645088
585.714285714286	233.333333333333	72.0937652517861	24.6	96.6937652517861	DCA	140	118.320434661548
600	233.333333333333	73.0739129769904	24.6	97.6739129769904	DCA	280	124.671263867334
614.285714285714	233.333333333333	75.5372055410576	24.6	100.137205541058	DCA	210	126.481214182258
628.571428571429	233.333333333333	78.4521311093445	24.6	103.052131109344	DCA	210	129.396139750545
642.857142857143	233.333333333333	77.2786306724669	24.6	101.878630672467	DCA	210	128.222639313667
657.142857142857	233.333333333333	79.7107589558232	24.6	104.310758955823	DCA	0	104.310758955823
671.428571428571	233.333333333333	76.8319307252304	24.6	101.43193072523	DCA	280	128.429281615574
685.714285714286	233.333333333333	77.5974511198586	24.6	102.197451119859	DCA	140	123.824120529621
700	233.333333333333	79.0816870743875	24.6	103.681687074387	DCA	70	116.527020270416
714.285714285714	233.333333333333	78.5715886511394	24.6	103.171588651139	DCA	70	116.016921847168
728.571428571429	233.333333333333	77.0230405478342	24.6	101.623040547834	DCA	140	123.249709957596
742.857142857143	233.333333333333	78.3591470810577	24.6	102.959147081058	DCA	280	129.956497971401
757.142857142857	233.333333333333	76.1245603488384	24.6	100.724560348838	DCA	0	100.724560348838
771.428571428571	233.333333333333	78.5595413170605	24.6	103.159541317061	DCA	0	103.159541317061
785.714285714286	233.333333333333	79.90177329699	24.6	104.50177329699	DCA	0	104.50177329699
800	233.333333333333	77.1234095425807	24.6	101.723409542581	DCA	140	123.350078952343
814.285714285714	233.333333333333	80.9835761970042	24.6	105.583576197004	DCA	210	131.927584838205
828.571428571429	233.333333333333	80.5699546588722	24.6	105.169954658872	DCA	280	132.167305549215
842.857142857143	233.333333333333	82.6266422938447	24.6	107.226642293845	DCA	210	133.570650935045
857.142857142857	233.333333333333	81.1933915090681	24.6	105.793391509068	DCA	280	132.790742399411
871.428571428571	233.333333333333	82.2415364592999	24.6	106.8415364593	DCA	280	133.838887349643
885.714285714286	233.333333333333	81.2149978363164	24.6	105.814997836316	DCA	70	118.660331032345
900	233.333333333333	78.3388865831017	24.6	102.938886583102	DCA	70	115.78421977913
914.285714285714	233.333333333333	79.5301516349074	24.6	104.130151634907	DCA	210	130.474160276108
928.571428571429	233.333333333333	74.62567871433	24.6	99.22567871433	DCA	210	125.56968735553
942.857142857143	233.333333333333	73.8721895165887	24.6	98.4721895165887	DCA	140	120.098858926351
957.142857142857	233.333333333333	74.8796060886177	24.6	99.4796060886177	DCA	280	126.476956978961
971.428571428571	233.333333333333	74.3908634911024	24.6	98.9908634911024	DCA	210	125.334872132303
985.714285714286	233.333333333333	76.2605916639592	24.6	100.860591663959	DCA	140	122.487261073721
1000	233.333333333333	79.1544118718119	24.6	103.754411871812	DCA	0	103.754411871812
0	266.666666666667	84.7010785421492	0	84.7010785421492	DCA	70	91.691611738178
14.2857142857143	266.666666666667	84.233278049819	0	84.233278049819	DCA	70	91.2238112458478
28.5714285714286	266.666666666667	83.7189843257324	0	83.7189843257324	DCA	140	93.6360537354946
42.8571428571429	266.666666666667	81.5648521063429	0	81.5648521063429	DCA	140	91.4819215161051
57.1428571428571	266.666666666667	79.0303890348104	0	79.0303890348104	DCA	140	88.9474584445727
71.4285714285714	266.666666666667	78.1938975063378	0	78.1938975063378	DCA	210	86.9735061475382
85.7142857142857	266.666666666667	79.3199267153544	0	79.3199267153544	DCA	280	82.8980776056977
100	266.666666666667	79.7279974662485	0	79.7279974662485	DCA	0	79.7279974662485
114.285714285714	266.666666666667	81.2764357113116	0	81.2764357113116	DCA	280	84.8545866016549
128.571428571429	266.666666666667	82.794187525666	0	82.794187525666	DCA	140	92.7112569354283
142.857142857143	266.666666666667	82.4874890149467	0	82.4874890149467	DCA	210	91.2670976561472
157.142857142857	266.666666666667	82.7047990037273	0	82.7047990037273	DCA	140	92.6218684134896
171.428571428571	266.666666666667	78.0154245210877	0	78.0154245210877	DCA	210	86.7950331622882
185.714285714286	266.666666666667	78.0774069774125	0	78.0774069774125	DCA	280	81.6555578677558
200	266.666666666667	77.5056972521572	0	77.5056972521572	DCA	210	86.2853058933577
214.285714285714	266.666666666667	78.5328354573451	0	78.5328354573451	DCA	70	85.5233686533739
228.571428571429	266.666666666667	75.5020980788543	0	75.5020980788543	DCA	70	82.4926312748831
242.857142857143	266.666666666667	76.8655501882555	0	76.8655501882555	DCA	70	83.8560833842843
257.142857142857	266.666666666667	76.7038130438853	0	76.7038130438853	DCA	280	80.2819639342286
271.428571428571	266.666666666667	79.6105957209876	0	79.6105957209876	DCA	280	83.1887466113309
285.714285714286	266.666666666667	77.8604147262786	0	77.8604147262786	DCA	140	87.7774841360409
300	266.666666666667	75.5330239933729	0	75.5330239933729	DCA	280	79.1111748837162
314.285714285714	266.666666666667	79.3050918713177	0	79.3050918713177	DCA	280	82.883242761661
328.571428571429	266.666666666667	76.7549381674648	0	76.7549381674648	DCA	140	86.6720075772271
342.857142857143	266.666666666667	75.4602782246106	0	75.4602782246106	DCA	280	79.0384291149539
357.142857142857	266.666666666667	81.5018817020296	0	81.5018817020296	DCA	140	91.4189511117919
371.428571428571	266.666666666667	77.5433932309325	0	77.5433932309325	DCA	140	87.4604626406948
385.714285714286	266.666666666667	79.0086834840895	0	79.0086834840895	DCA	280	82.5868343744328
400	266.666666666667	78.2217695215963	0	78.2217695215963	DCA	280	81.7999204119396
414.285714285714	266.666666666667	78.9467217119568	0	78.9467217119568	DCA	210	87.7263303531572
428.571428571429	266.666666666667	77.9529511994816	0	77.9529511994816	DCA	0	77.9529511994816
442.857142857143	266.666666666667	80.8879035495057	0	80.8879035495057	DCA	70	87.8784367455345
457.142857142857	266.666666666667	77.8995213964025	0	77.8995213964025	DCA	140	87.8165908061648
471.428571428571	266.666666666667	78.5039302940548	0	78.5039302940548	DCA	70	85.4944634900836
485.714285714286	266.666666666667	76.076442498266	0	76.076442498266	DCA	0	76.076442498266
500	266.666666666667	78.006445320009	0	78.006445320009	DCA	280	81.5845962103523
514.285714285714	266.666666666667	80.4860782048754	24.6	105.086078204875	DCA	280	132.083429095219
528.571428571429	266.666666666667	75.5948217573488	24.6	100.194821757349	DCA	210	126.538830398549
542.857142857143	266.666666666667	77.8287043676065	24.6	102.428704367606	DCA	280	129.42605525795
557.142857142857	266.666666666667	78.0224154541692	24.6	102.622415454169	DCA	70	115.467748650198
571.428571428571	266.666666666667	73.1041101513692	24.6	97.7041101513692	DCA	280	124.701461041713
585.714285714286	266.666666666667	72.2719002390737	24.6	96.8719002390737	DCA	280	123.869251129417
600	266.666666666667	71.2697131071231	24.6	95.8697131071231	DCA	70	108.715046303152
614.285714285714	266.666666666667	76.1865905816711	24.6	100.786590581671	DCA	140	122.413259991433
628.571428571429	266.666666666667	77.8226187429084	24.6	102.422618742908	DCA	70	115.267951938937
642.857142857143	266.666666666667	76.1741967150977	24.6	100.774196715098	DCA	280	127.771547605441
657.142857142857	266.666666666667	77.3262192869047	24.6	101.926219286905	DCA	0	101.926219286905
671.428571428571	266.666666666667	79.3025815926674	24.6	103.902581592667	DCA	280	130.899932483011
685.714285714286	266.666666666667	79.3136133264054	24.6	103.913613326405	DCA	140	125.540282736168
700	266.666666666667	79.6134049801968	24.6	104.213404980197	DCA	70	117.058738176226
714.285714285714	266.666666666667	80.4388896707299	24.6	105.03888967073	DCA	0	105.03888967073
728.571428571429	266.666666666667	77.7488999424421	24.6	102.348899942442	DCA	140	123.975569352204
742.857142857143	266.666666666667	79.5131089061813	24.6	104.113108906181	DCA	140	125.739778315944
757.142857142857	266.666666666667	80.9377093009378	24.6	105.537709300938	DCA	70	118.383042496967
771.428571428571	266.666666666667	79.1934327278015	24.6	103.793432727802	DCA	70	116.63876592383
785.714285714286	266.666666666667	79.2848716745852	24.6	103.884871674585	DCA	140	125.511541084347
800	266.666666666667	79.3848678682346	24.6	103.984867868235	DCA	210	130.328876509435
814.285714285714	266.666666666667	78.1984923632615	24.6	102.798492363261	DCA	0	102.798492363261
828.571428571429	266.666666666667	74.8872074905288	24.6	99.4872074905288	DCA	280	126.484558380872
842.857142857143	266.666666666667	77.8247157139161	24.6	102.424715713916	DCA	0	102.424715713916
857.142857142857	266.666666666667	78.0613552896856	24.6	102.661355289686	DCA	280	129.658706180029
871.428571428571	266.666666666667	78.7445585007816	24.6	103.344558500782	DCA	280	130.341909391125
885.714285714286	266.666666666667	80.4491152192781	24.6	105.049115219278	DCA	210	131.393123860478
900	266.666666666667	77.9636284273114	24.6	102.563628427311	DCA	140	124.190297837074
914.285714285714	266.666666666667	76.2757863640417	24.6	100.875786364042	DCA	70	113.721119560071
928.571428571429	266.666666666667	73.5439530297922	24.6	98.1439530297922	DCA	210	124.487961670993
942.857142857143	266.666666666667	71.8989837566497	24.6	96.4989837566497	DCA	140	118.125653166412
957.142857142857	266.666666666667	73.1623810498691	24.6	97.7623810498691	DCA	140	119.389050459631
971.428571428571	266.666666666667	77.7412591770585	24.6	102.341259177059	DCA	280	129.338610067402
985.714285714286	266.666666666667	75.2112136650765	24.6	99.8112136650765	DCA	210	126.155222306277
1000	266.666666666667	80.7177788228141	24.6	105.317778822814	DCA	70	118.163112018843
0	300	79.5125576669741	0	79.5125576669741	DCA	70	86.5030908630029
14.2857142857143	300	81.8224850034962	0	81.8224850034962	DCA	210	90.6020936446966
28.5714285714286	300	79.7172640215692	0	79.7172640215692	DCA	210	88.4968726627697
42.8571428571429	300	80.2969768345592	0	80.2969768345592	DCA	280	83.8751277249025
57.1428571428571	300	79.1451453836347	0	79.1451453836347	DCA	0	79.1451453836347
71.4285714285714	300	79.7972185881731	0	79.7972185881731	DCA	140	89.7142879979354
85.7142857142857	300	83.4413281155402	0	83.4413281155402	DCA	210	92.2209367567406
100	300	78.3341886664603	0	78.3341886664603	DCA	280	81.9123395568036
114.285714285714	300	77.4032975911164	0	77.4032975911164	DCA	280	80.9814484814597
128.571428571429	300	79.8408315510317	0	79.8408315510317	DCA	140	89.757900960794
142.857142857143	300	82.5122579684343	0	82.5122579684343	DCA	0	82.5122579684343
157.142857142857	300	81.5638520025791	0	81.5638520025791	DCA	280	85.1420028929224
171.428571428571	300	79.2735841279155	0	79.2735841279155	DCA	0	79.2735841279155
185.714285714286	300	81.9139605587347	0	81.9139605587347	DCA	280	85.492111449078
200	300	83.4626324687161	0	83.4626324687161	DCA	70	90.4531656647449
214.285714285714	300	80.7123234263684	0	80.7123234263684	DCA	140	90.6293928361306
228.571428571429	300	77.7482542838758	0	77.7482542838758	DCA	70	84.7387874799046
242.857142857143	300	75.4666806007921	0	75.4666806007921	DCA	210	84.2462892419926
257.142857142857	300	74.405960963146	0	74.405960963146	DCA	70	81.3964941591748
271.428571428571	300	76.313338458817	0	76.313338458817	DCA	140	86.2304078685792
285.714285714286	300	77.9677138054786	0	77.9677138054786	DCA	210	86.747322446679
300	300	76.6993317999939	0	76.6993317999939	DCA	140	86.6164012097561
314.285714285714	300	75.2529656554123	0	75.2529656554123	DCA	140	85.1700350651745
328.571428571429	300	76.6068809723174	0	76.6068809723174	DCA	70	83.5974141683462
342.857142857143	300	77.6746546299426	0	77.6746546299426	DCA	210	86.454263271143
357.142857142857	300	76.1170244631343	0	76.1170244631343	DCA	0	76.1170244631343
371.428571428571	300	78.1418646638339	0	78.1418646638339	DCA	210	86.9214733050343
385.714285714286	300	81.065003187392	0	81.065003187392	DCA	210	89.8446118285924
400	300	79.0308846091261	0	79.0308846091261	DCA	280	82.6090354994694
414.285714285714	300	79.0544787544541	0	79.0544787544541	DCA	0	79.0544787544541
428.571428571429	300	81.4778269484593	0	81.4778269484593	DCA	140	91.3948963582215
442.857142857143	300	81.7724612836701	0	81.7724612836701	DCA	0	81.7724612836701
457.142857142857	300	82.4272812099814	0	82.4272812099814	DCA	0	82.4272812099814
471.428571428571	300	79.2835497553858	0	79.2835497553858	DCA	210	88.0631583965862
485.714285714286	300	78.5480058950873	0	78.5480058950873	DCA	0	78.5480058950873
500	300	78.4216656515854	0	78.4216656515854	DCA	140	88.3387350613477
514.285714285714	300	77.1436694514816	24.6	101.743669451482	DCA	210	128.087678092682
528.571428571429	300	73.6955949127026	24.6	98.2955949127026	DCA	0	98.2955949127026
542.857142857143	300	75.3517754569039	24.6	99.9517754569039	DCA	70	112.797108652933
557.142857142857	300	76.380343136986	24.6	100.980343136986	DCA	70	113.825676333015
571.428571428571	300	75.7416161221634	24.6	100.341616122163	DCA	280	127.338967012507
585.714285714286	300	75.3076701318605	24.6	99.9076701318605	DCA	70	112.753003327889
600	300	77.5660511230908	24.6	102.166051123091	DCA	70	115.01138431912
614.285714285714	300	75.0309841239789	24.6	99.6309841239789	DCA	70	112.476317320008
628.571428571429	300	77.138089352089	24.6	101.738089352089	DCA	140	123.364758761851
642.857142857143	300	77.1972114734342	24.6	101.797211473434	DCA	210	128.141220114635
657.142857142857	300	78.0670336080707	24.6	102.667033608071	DCA	140	124.293703017833
671.428571428571	300	81.0055479071036	24.6	105.605547907104	DCA	70	118.450881103132
685.714285714286	300	80.823834279456	24.6	105.423834279456	DCA	210	131.767842920656
700	300	80.0972162594152	24.6	104.697216259415	DCA	280	131.694567149758
714.285714285714	300	81.2556485479511	24.6	105.855648547951	DCA	280	132.852999438294
728.571428571429	300	76.1198249029652	24.6	100.719824902965	DCA	70	113.565158098994
742.857142857143	300	83.1346768842061	24.6	107.734676884206	DCA	210	134.078685525407
757.142857142857	300	83.9301140417036	24.6	108.530114041704	DCA	0	108.530114041704
771.428571428571	300	81.00520856768	24.6	105.60520856768	DCA	0	105.60520856768
785.714285714286	300	82.2889527380618	24.6	106.888952738062	DCA	70	119.734285934091
800	300	77.9421477887126	24.6	102.542147788713	DCA	70	115.387480984741
814.285714285714	300	78.9351217390149	24.6	103.535121739015	DCA	280	130.532472629358
828.571428571429	300	81.1405250219683	24.6	105.740525021968	DCA	210	132.084533663169
842.857142857143	300	77.4121206981285	24.6	102.012120698128	DCA	210	128.356129339329
857.142857142857	300	78.398255969346	24.6	102.998255969346	DCA	280	129.995606859689
871.428571428571	300	80.9436547296029	24.6	105.543654729603	DCA	210	131.887663370803
885.714285714286	300	77.2790962749123	24.6	101.879096274912	DCA	140	123.505765684675
900	300	78.158064748165	24.6	102.758064748165	DCA	0	102.758064748165
914.285714285714	300	77.2024789135846	24.6	101.802478913585	DCA	0	101.802478913585
928.571428571429	300	74.4168612270514	24.6	99.0168612270514	DCA	140	120.643530636814
942.857142857143	300	75.744089958613	24.6	100.344089958613	DCA	280	127.341440848956
957.142857142857	300	75.8495777526329	24.6	100.449577752633	DCA	0	100.449577752633
971.428571428571	300	80.3259038281448	24.6	104.925903828145	DCA	210	131.269912469345
985.714285714286	300	81.9704559587283	24.6	106.570455958728	DCA	70	119.415789154757
1000	300	82.3453009482417	24.6	106.945300948242	DCA	0	106.945300948242
