x	y	variable1	Zona	ErrorConEfecto	Disenio	AsigTrat	MiRto
0	0	77.0351772658155	0	77.0351772658155	DCA	0	77.0351772658155
14.2857142857143	0	75.3412165585596	0	75.3412165585596	DCA	280	79.2728747086751
28.5714285714286	0	74.9284126684635	0	74.9284126684635	DCA	0	74.9284126684635
42.8571428571429	0	74.7224120758783	0	74.7224120758783	DCA	0	74.7224120758783
57.1428571428571	0	75.611810658152	0	75.611810658152	DCA	140	86.1178049291072
71.4285714285714	0	77.2149136735236	0	77.2149136735236	DCA	280	81.1465718236391
85.7142857142857	0	74.801200865227	0	74.801200865227	DCA	280	78.7328590153425
100	0	76.9117757945381	0	76.9117757945381	DCA	280	80.8434339446536
114.285714285714	0	78.9927922095796	0	78.9927922095796	DCA	210	88.3466597190894
128.571428571429	0	82.1894861251486	0	82.1894861251486	DCA	210	91.5433536346584
142.857142857143	0	83.9117063267594	0	83.9117063267594	DCA	210	93.2655738362692
157.142857142857	0	83.8936554549795	0	83.8936554549795	DCA	0	83.8936554549795
171.428571428571	0	85.0224517099192	0	85.0224517099192	DCA	210	94.3763192194289
185.714285714286	0	81.7481477796046	0	81.7481477796046	DCA	0	81.7481477796046
200	0	80.9997493065591	0	80.9997493065591	DCA	70	88.3877877410111
214.285714285714	0	82.7167117462661	0	82.7167117462661	DCA	280	86.6483698963816
228.571428571429	0	75.5135011966519	0	75.5135011966519	DCA	210	84.8673687061616
242.857142857143	0	79.7499344911441	0	79.7499344911441	DCA	140	90.2559287620993
257.142857142857	0	81.5228271775305	0	81.5228271775305	DCA	70	88.9108656119824
271.428571428571	0	79.5034871644992	0	79.5034871644992	DCA	70	86.8915255989512
285.714285714286	0	78.6679852687453	0	78.6679852687453	DCA	280	82.5996434188608
300	0	79.9046409147551	0	79.9046409147551	DCA	0	79.9046409147551
314.285714285714	0	79.0446975977184	0	79.0446975977184	DCA	70	86.4327360321704
328.571428571429	0	82.0606992043449	0	82.0606992043449	DCA	140	92.5666934753001
342.857142857143	0	80.5358389446396	0	80.5358389446396	DCA	280	84.4674970947551
357.142857142857	0	84.591140399426	0	84.591140399426	DCA	0	84.591140399426
371.428571428571	0	83.4429015366818	0	83.4429015366818	DCA	210	92.7967690461915
385.714285714286	0	86.3400140022773	0	86.3400140022773	DCA	280	90.2716721523929
400	0	82.927424955308	0	82.927424955308	DCA	70	90.31546338976
414.285714285714	0	83.2167288561576	0	83.2167288561576	DCA	210	92.5705963656673
428.571428571429	0	78.8036855969231	0	78.8036855969231	DCA	140	89.3096798678783
442.857142857143	0	77.7801210678551	0	77.7801210678551	DCA	210	87.1339885773649
457.142857142857	0	78.7423279982909	0	78.7423279982909	DCA	0	78.7423279982909
471.428571428571	0	78.0942098214536	0	78.0942098214536	DCA	210	87.4480773309634
485.714285714286	0	76.769717340998	0	76.769717340998	DCA	210	86.1235848505077
500	0	76.4206075647687	0	76.4206075647687	DCA	0	76.4206075647687
514.285714285714	0	76.33946205741	24.6	100.93946205741	DCA	140	123.155056328365
528.571428571429	0	77.9532677289233	24.6	102.553267728923	DCA	0	102.553267728923
542.857142857143	0	76.5224873699494	24.6	101.122487369949	DCA	280	128.473345520065
557.142857142857	0	77.8823502888945	24.6	102.482350288895	DCA	280	129.83320843901
571.428571428571	0	76.0029968924585	24.6	100.602996892459	DCA	280	127.953855042574
585.714285714286	0	75.2734450491971	24.6	99.8734450491971	DCA	70	113.116283483649
600	0	80.7985712043152	24.6	105.398571204315	DCA	210	132.316838713825
614.285714285714	0	77.4685593600677	24.6	102.068559360068	DCA	140	124.284153631023
628.571428571429	0	76.19333299043	24.6	100.79333299043	DCA	140	123.008927261385
642.857142857143	0	75.2159681393516	24.6	99.8159681393516	DCA	0	99.8159681393516
657.142857142857	0	79.0183119853202	24.6	103.61831198532	DCA	140	125.833906256275
671.428571428571	0	77.2778400076845	24.6	101.877840007685	DCA	280	129.2286981578
685.714285714286	0	75.9833072385793	24.6	100.583307238579	DCA	210	127.501574748089
700	0	72.6381042107543	24.6	97.2381042107543	DCA	0	97.2381042107543
714.285714285714	0	71.9297907281769	24.6	96.5297907281769	DCA	210	123.448058237687
728.571428571429	0	79.8318650505096	24.6	104.43186505051	DCA	140	126.647459321465
742.857142857143	0	78.4590208250956	24.6	103.059020825096	DCA	210	129.977288334605
757.142857142857	0	79.4866644346122	24.6	104.086664434612	DCA	140	126.302258705567
771.428571428571	0	81.5087598171604	24.6	106.10875981716	DCA	280	133.459617967276
785.714285714286	0	81.4226990701003	24.6	106.0226990701	DCA	0	106.0226990701
800	0	85.6311602769287	24.6	110.231160276929	DCA	70	123.473998711381
814.285714285714	0	83.3381599706943	24.6	107.938159970694	DCA	70	121.180998405146
828.571428571429	0	83.587871183862	24.6	108.187871183862	DCA	0	108.187871183862
842.857142857143	0	81.7948851164731	24.6	106.394885116473	DCA	210	133.313152625983
857.142857142857	0	82.7568907007071	24.6	107.356890700707	DCA	140	129.572484971662
871.428571428571	0	85.2536622997184	24.6	109.853662299718	DCA	210	136.771929809228
885.714285714286	0	85.6102885725097	24.6	110.21028857251	DCA	280	137.561146722625
900	0	83.9636997820607	24.6	108.563699782061	DCA	210	135.48196729157
914.285714285714	0	80.5774568889856	24.6	105.177456888986	DCA	0	105.177456888986
928.571428571429	0	78.2864540496937	24.6	102.886454049694	DCA	210	129.804721559203
942.857142857143	0	79.5303826098122	24.6	104.130382609812	DCA	280	131.481240759928
957.142857142857	0	81.1437337946376	24.6	105.743733794638	DCA	140	127.959328065593
971.428571428571	0	80.8991728257089	24.6	105.499172825709	DCA	210	132.417440335219
985.714285714286	0	81.5572417490114	24.6	106.157241749011	DCA	0	106.157241749011
1000	0	81.5465266552718	24.6	106.146526655272	DCA	0	106.146526655272
0	33.3333333333333	78.4891463640309	0	78.4891463640309	DCA	140	88.9951406349862
14.2857142857143	33.3333333333333	79.775937605734	0	79.775937605734	DCA	70	87.163976040186
28.5714285714286	33.3333333333333	78.2908750743708	0	78.2908750743708	DCA	280	82.2225332244863
42.8571428571429	33.3333333333333	79.6855490216305	0	79.6855490216305	DCA	280	83.617207171746
57.1428571428571	33.3333333333333	78.1602195360484	0	78.1602195360484	DCA	140	88.6662138070036
71.4285714285714	33.3333333333333	79.8089139276792	0	79.8089139276792	DCA	70	87.1969523621312
85.7142857142857	33.3333333333333	82.4216441538976	0	82.4216441538976	DCA	210	91.7755116634074
100	33.3333333333333	79.8907437380922	0	79.8907437380922	DCA	210	89.244611247602
114.285714285714	33.3333333333333	80.0030484786692	0	80.0030484786692	DCA	70	87.3910869131211
128.571428571429	33.3333333333333	82.5457874493586	0	82.5457874493586	DCA	280	86.4774455994742
142.857142857143	33.3333333333333	80.7794642498067	0	80.7794642498067	DCA	70	88.1675026842587
157.142857142857	33.3333333333333	81.9161121351069	0	81.9161121351069	DCA	70	89.3041505695588
171.428571428571	33.3333333333333	78.5930325418653	0	78.5930325418653	DCA	280	82.5246906919808
185.714285714286	33.3333333333333	78.1959752126839	0	78.1959752126839	DCA	70	85.5840136471359
200	33.3333333333333	82.7578201817854	0	82.7578201817854	DCA	280	86.689478331901
214.285714285714	33.3333333333333	79.4318644628161	0	79.4318644628161	DCA	140	89.9378587337713
228.571428571429	33.3333333333333	77.6595586034759	0	77.6595586034759	DCA	210	87.0134261129856
242.857142857143	33.3333333333333	83.083833288111	0	83.083833288111	DCA	0	83.083833288111
257.142857142857	33.3333333333333	78.9545689719869	0	78.9545689719869	DCA	0	78.9545689719869
271.428571428571	33.3333333333333	80.3458045387685	0	80.3458045387685	DCA	70	87.7338429732205
285.714285714286	33.3333333333333	80.6935718739224	0	80.6935718739224	DCA	140	91.1995661448776
300	33.3333333333333	77.6671499404337	0	77.6671499404337	DCA	70	85.0551883748856
314.285714285714	33.3333333333333	80.4741055654497	0	80.4741055654497	DCA	140	90.9800998364049
328.571428571429	33.3333333333333	82.3934025933299	0	82.3934025933299	DCA	140	92.8993968642851
342.857142857143	33.3333333333333	79.6146345321604	0	79.6146345321604	DCA	70	87.0026729666124
357.142857142857	33.3333333333333	79.8761000172619	0	79.8761000172619	DCA	70	87.2641384517139
371.428571428571	33.3333333333333	79.1409819536779	0	79.1409819536779	DCA	140	89.6469762246331
385.714285714286	33.3333333333333	81.7462246621256	0	81.7462246621256	DCA	0	81.7462246621256
400	33.3333333333333	81.6376076059664	0	81.6376076059664	DCA	140	92.1436018769216
414.285714285714	33.3333333333333	82.1685985306834	0	82.1685985306834	DCA	70	89.5566369651354
428.571428571429	33.3333333333333	80.0645333309939	0	80.0645333309939	DCA	280	83.9961914811094
442.857142857143	33.3333333333333	78.6143449853235	0	78.6143449853235	DCA	70	86.0023834197755
457.142857142857	33.3333333333333	77.7204437012785	0	77.7204437012785	DCA	70	85.1084821357304
471.428571428571	33.3333333333333	74.0198414945297	0	74.0198414945297	DCA	0	74.0198414945297
485.714285714286	33.3333333333333	77.4404509200628	0	77.4404509200628	DCA	210	86.7943184295725
500	33.3333333333333	77.4301313704331	0	77.4301313704331	DCA	70	84.8181698048851
514.285714285714	33.3333333333333	79.605495441049	24.6	104.205495441049	DCA	210	131.123762950559
528.571428571429	33.3333333333333	76.3643051010247	24.6	100.964305101025	DCA	140	123.17989937198
542.857142857143	33.3333333333333	79.9160998272349	24.6	104.516099827235	DCA	140	126.73169409819
557.142857142857	33.3333333333333	79.4669297942094	24.6	104.066929794209	DCA	140	126.282524065165
571.428571428571	33.3333333333333	74.3023425220459	24.6	98.9023425220459	DCA	210	125.820610031556
585.714285714286	33.3333333333333	79.2951249424333	24.6	103.895124942433	DCA	70	117.137963376885
600	33.3333333333333	78.8972614335072	24.6	103.497261433507	DCA	140	125.712855704462
614.285714285714	33.3333333333333	79.7860699540599	24.6	104.38606995406	DCA	140	126.601664225015
628.571428571429	33.3333333333333	78.0734131624513	24.6	102.673413162451	DCA	140	124.889007433406
642.857142857143	33.3333333333333	78.1043487752715	24.6	102.704348775272	DCA	140	124.919943046227
657.142857142857	33.3333333333333	75.3177502572939	24.6	99.9177502572939	DCA	140	122.133344528249
671.428571428571	33.3333333333333	78.512000396375	24.6	103.112000396375	DCA	210	130.030267905885
685.714285714286	33.3333333333333	72.4072155805501	24.6	97.0072155805501	DCA	140	119.222809851505
700	33.3333333333333	73.9881969018202	24.6	98.5881969018202	DCA	280	125.939055051936
714.285714285714	33.3333333333333	72.8568569782143	24.6	97.4568569782143	DCA	280	124.80771512833
728.571428571429	33.3333333333333	75.934469470952	24.6	100.534469470952	DCA	140	122.750063741907
742.857142857143	33.3333333333333	78.0146538751759	24.6	102.614653875176	DCA	280	129.965512025291
757.142857142857	33.3333333333333	78.8149831316451	24.6	103.414983131645	DCA	70	116.657821566097
771.428571428571	33.3333333333333	78.8918295542633	24.6	103.491829554263	DCA	0	103.491829554263
785.714285714286	33.3333333333333	81.1595518690509	24.6	105.759551869051	DCA	0	105.759551869051
800	33.3333333333333	82.1106944283978	24.6	106.710694428398	DCA	280	134.061552578513
814.285714285714	33.3333333333333	83.5153993874671	24.6	108.115399387467	DCA	140	130.330993658422
828.571428571429	33.3333333333333	85.7589566268014	24.6	110.358956626801	DCA	0	110.358956626801
842.857142857143	33.3333333333333	83.6267512157199	24.6	108.22675121572	DCA	0	108.22675121572
857.142857142857	33.3333333333333	83.8934774957031	24.6	108.493477495703	DCA	0	108.493477495703
871.428571428571	33.3333333333333	83.5771384945683	24.6	108.177138494568	DCA	0	108.177138494568
885.714285714286	33.3333333333333	85.4395725519958	24.6	110.039572551996	DCA	280	137.390430702111
900	33.3333333333333	80.6188262719745	24.6	105.218826271974	DCA	280	132.56968442209
914.285714285714	33.3333333333333	79.7627070016318	24.6	104.362707001632	DCA	280	131.713565151747
928.571428571429	33.3333333333333	77.1850332854706	24.6	101.785033285471	DCA	210	128.70330079498
942.857142857143	33.3333333333333	78.7995222576174	24.6	103.399522257617	DCA	70	116.642360692069
957.142857142857	33.3333333333333	80.0927493630524	24.6	104.692749363052	DCA	70	117.935587797504
971.428571428571	33.3333333333333	83.028711307509	24.6	107.628711307509	DCA	0	107.628711307509
985.714285714286	33.3333333333333	80.798939901393	24.6	105.398939901393	DCA	280	132.749798051509
1000	33.3333333333333	81.4480289313408	24.6	106.048028931341	DCA	70	119.290867365793
0	66.6666666666667	73.7549649153982	0	73.7549649153982	DCA	0	73.7549649153982
14.2857142857143	66.6666666666667	75.0996698230709	0	75.0996698230709	DCA	70	82.4877082575228
28.5714285714286	66.6666666666667	79.3969481805252	0	79.3969481805252	DCA	70	86.7849866149771
42.8571428571429	66.6666666666667	78.7193404788598	0	78.7193404788598	DCA	140	89.225334749815
57.1428571428571	66.6666666666667	77.8729792682509	0	77.8729792682509	DCA	70	85.2610177027029
71.4285714285714	66.6666666666667	82.0641907362774	0	82.0641907362774	DCA	0	82.0641907362774
85.7142857142857	66.6666666666667	84.214061178232	0	84.214061178232	DCA	0	84.214061178232
100	66.6666666666667	83.0464743324882	0	83.0464743324882	DCA	280	86.9781324826037
114.285714285714	66.6666666666667	84.159559727372	0	84.159559727372	DCA	0	84.159559727372
128.571428571429	66.6666666666667	80.8220225381613	0	80.8220225381613	DCA	280	84.7536806882768
142.857142857143	66.6666666666667	81.8369694678561	0	81.8369694678561	DCA	280	85.7686276179716
157.142857142857	66.6666666666667	81.3338056393676	0	81.3338056393676	DCA	210	90.6876731488773
171.428571428571	66.6666666666667	80.3163978528971	0	80.3163978528971	DCA	210	89.6702653624069
185.714285714286	66.6666666666667	80.1131413539556	0	80.1131413539556	DCA	210	89.4670088634653
200	66.6666666666667	78.3751276171637	0	78.3751276171637	DCA	140	88.8811218881189
214.285714285714	66.6666666666667	79.3581834895418	0	79.3581834895418	DCA	70	86.7462219239938
228.571428571429	66.6666666666667	82.4340808539433	0	82.4340808539433	DCA	280	86.3657390040589
242.857142857143	66.6666666666667	81.3960597014483	0	81.3960597014483	DCA	0	81.3960597014483
257.142857142857	66.6666666666667	77.6917260424613	0	77.6917260424613	DCA	210	87.045593551971
271.428571428571	66.6666666666667	76.6791755783695	0	76.6791755783695	DCA	70	84.0672140128215
285.714285714286	66.6666666666667	74.8407001403437	0	74.8407001403437	DCA	140	85.346694411299
300	66.6666666666667	73.5686857692914	0	73.5686857692914	DCA	140	84.0746800402466
314.285714285714	66.6666666666667	75.6680046479536	0	75.6680046479536	DCA	0	75.6680046479536
328.571428571429	66.6666666666667	76.1439349816564	0	76.1439349816564	DCA	280	80.0755931317719
342.857142857143	66.6666666666667	74.7772227143723	0	74.7772227143723	DCA	210	84.1310902238821
357.142857142857	66.6666666666667	76.1008122965025	0	76.1008122965025	DCA	0	76.1008122965025
371.428571428571	66.6666666666667	78.2590847977942	0	78.2590847977942	DCA	280	82.1907429479097
385.714285714286	66.6666666666667	80.2486134850736	0	80.2486134850736	DCA	0	80.2486134850736
400	66.6666666666667	79.5648424495955	0	79.5648424495955	DCA	0	79.5648424495955
414.285714285714	66.6666666666667	79.9095010421544	0	79.9095010421544	DCA	70	87.2975394766064
428.571428571429	66.6666666666667	79.8664238150911	0	79.8664238150911	DCA	280	83.7980819652066
442.857142857143	66.6666666666667	80.9486608942435	0	80.9486608942435	DCA	140	91.4546551651987
457.142857142857	66.6666666666667	77.0530164325455	0	77.0530164325455	DCA	0	77.0530164325455
471.428571428571	66.6666666666667	78.3983337804798	0	78.3983337804798	DCA	0	78.3983337804798
485.714285714286	66.6666666666667	78.9409408600293	0	78.9409408600293	DCA	0	78.9409408600293
500	66.6666666666667	79.4793493913526	0	79.4793493913526	DCA	70	86.8673878258045
514.285714285714	66.6666666666667	81.8838388810247	24.6	106.483838881025	DCA	280	133.83469703114
528.571428571429	66.6666666666667	79.6499965899205	24.6	104.24999658992	DCA	0	104.24999658992
542.857142857143	66.6666666666667	81.4041945619111	24.6	106.004194561911	DCA	70	119.247032996363
557.142857142857	66.6666666666667	79.4841684268396	24.6	104.08416842684	DCA	140	126.299762697795
571.428571428571	66.6666666666667	77.7102346444554	24.6	102.310234644455	DCA	140	124.525828915411
585.714285714286	66.6666666666667	76.6199647262155	24.6	101.219964726215	DCA	280	128.570822876331
600	66.6666666666667	74.8872450951994	24.6	99.4872450951994	DCA	140	121.702839366155
614.285714285714	66.6666666666667	80.5108025062338	24.6	105.110802506234	DCA	140	127.326396777189
628.571428571429	66.6666666666667	75.332108892012	24.6	99.932108892012	DCA	140	122.147703162967
642.857142857143	66.6666666666667	74.7428284213997	24.6	99.3428284213997	DCA	140	121.558422692355
657.142857142857	66.6666666666667	77.9598863216764	24.6	102.559886321676	DCA	140	124.775480592632
671.428571428571	66.6666666666667	76.0850356420635	24.6	100.685035642064	DCA	140	122.900629913019
685.714285714286	66.6666666666667	75.8741420407195	24.6	100.474142040719	DCA	210	127.392409550229
700	66.6666666666667	75.9597485322997	24.6	100.5597485323	DCA	0	100.5597485323
714.285714285714	66.6666666666667	76.4122170356712	24.6	101.012217035671	DCA	140	123.227811306626
728.571428571429	66.6666666666667	77.276740757146	24.6	101.876740757146	DCA	0	101.876740757146
742.857142857143	66.6666666666667	76.1074972741764	24.6	100.707497274176	DCA	140	122.923091545132
757.142857142857	66.6666666666667	79.0731951858683	24.6	103.673195185868	DCA	70	116.91603362032
771.428571428571	66.6666666666667	80.0690495443613	24.6	104.669049544361	DCA	280	132.019907694477
785.714285714286	66.6666666666667	82.9746817602417	24.6	107.574681760242	DCA	0	107.574681760242
800	66.6666666666667	80.4015363227024	24.6	105.001536322702	DCA	70	118.244374757154
814.285714285714	66.6666666666667	82.3025666746788	24.6	106.902566674679	DCA	140	129.118160945634
828.571428571429	66.6666666666667	81.8981634438543	24.6	106.498163443854	DCA	0	106.498163443854
842.857142857143	66.6666666666667	82.8106258985767	24.6	107.410625898577	DCA	210	134.328893408086
857.142857142857	66.6666666666667	83.2756100113895	24.6	107.875610011389	DCA	280	135.226468161505
871.428571428571	66.6666666666667	81.0490306127915	24.6	105.649030612791	DCA	70	118.891869047243
885.714285714286	66.6666666666667	85.0189087313538	24.6	109.618908731354	DCA	70	122.861747165806
900	66.6666666666667	80.9764324132119	24.6	105.576432413212	DCA	140	127.792026684167
914.285714285714	66.6666666666667	79.9701037559123	24.6	104.570103755912	DCA	140	126.785698026867
928.571428571429	66.6666666666667	79.8055803759278	24.6	104.405580375928	DCA	140	126.621174646883
942.857142857143	66.6666666666667	81.2463041540677	24.6	105.846304154068	DCA	280	133.197162304183
957.142857142857	66.6666666666667	82.6185576456978	24.6	107.218557645698	DCA	70	120.46139608015
971.428571428571	66.6666666666667	79.3628264725269	24.6	103.962826472527	DCA	70	117.205664906979
985.714285714286	66.6666666666667	81.1524666212528	24.6	105.752466621253	DCA	140	127.968060892208
1000	66.6666666666667	82.2825654056402	24.6	106.88256540564	DCA	210	133.80083291515
0	100	80.7649330956233	0	80.7649330956233	DCA	140	91.2709273665785
14.2857142857143	100	75.3506747592091	0	75.3506747592091	DCA	70	82.7387131936611
28.5714285714286	100	75.5721462519076	0	75.5721462519076	DCA	70	82.9601846863596
42.8571428571429	100	80.7602751612069	0	80.7602751612069	DCA	140	91.2662694321622
57.1428571428571	100	80.5312067988201	0	80.5312067988201	DCA	70	87.919245233272
71.4285714285714	100	81.7438753481294	0	81.7438753481294	DCA	280	85.675533498245
85.7142857142857	100	80.6514520999034	0	80.6514520999034	DCA	70	88.0394905343554
100	100	80.3932708949044	0	80.3932708949044	DCA	210	89.7471384044142
114.285714285714	100	81.258339996991	0	81.258339996991	DCA	140	91.7643342679462
128.571428571429	100	81.1122592456819	0	81.1122592456819	DCA	210	90.4661267551916
142.857142857143	100	79.476130215413	0	79.476130215413	DCA	0	79.476130215413
157.142857142857	100	79.4154155969291	0	79.4154155969291	DCA	280	83.3470737470446
171.428571428571	100	82.92768574643	0	82.92768574643	DCA	280	86.8593438965455
185.714285714286	100	79.4589684036576	0	79.4589684036576	DCA	140	89.9649626746128
200	100	76.1298484912171	0	76.1298484912171	DCA	280	80.0615066413327
214.285714285714	100	78.6611949629753	0	78.6611949629753	DCA	70	86.0492333974272
228.571428571429	100	74.2467530457937	0	74.2467530457937	DCA	70	81.6347914802457
242.857142857143	100	76.0222819946706	0	76.0222819946706	DCA	210	85.3761495041804
257.142857142857	100	77.1155657004699	0	77.1155657004699	DCA	280	81.0472238505855
271.428571428571	100	78.9998293010818	0	78.9998293010818	DCA	280	82.9314874511973
285.714285714286	100	79.577553872427	0	79.577553872427	DCA	140	90.0835481433822
300	100	73.602295621657	0	73.602295621657	DCA	70	80.990334056109
314.285714285714	100	76.310971934974	0	76.310971934974	DCA	210	85.6648394444838
328.571428571429	100	73.7426308200337	0	73.7426308200337	DCA	280	77.6742889701492
342.857142857143	100	74.272907801419	0	74.272907801419	DCA	0	74.272907801419
357.142857142857	100	74.413111018654	0	74.413111018654	DCA	280	78.3447691687696
371.428571428571	100	75.6541758860052	0	75.6541758860052	DCA	0	75.6541758860052
385.714285714286	100	79.2114129786084	0	79.2114129786084	DCA	280	83.1430711287239
400	100	78.3414449740518	0	78.3414449740518	DCA	280	82.2731031241673
414.285714285714	100	78.9966693972294	0	78.9966693972294	DCA	140	89.5026636681846
428.571428571429	100	77.9731420834134	0	77.9731420834134	DCA	70	85.3611805178653
442.857142857143	100	80.5640926468518	0	80.5640926468518	DCA	0	80.5640926468518
457.142857142857	100	79.2418407295526	0	79.2418407295526	DCA	210	88.5957082390623
471.428571428571	100	80.2884630593499	0	80.2884630593499	DCA	70	87.6765014938019
485.714285714286	100	80.9505768825551	0	80.9505768825551	DCA	210	90.3044443920648
500	100	81.3974836050652	0	81.3974836050652	DCA	140	91.9034778760204
514.285714285714	100	79.8746912097456	24.6	104.474691209746	DCA	70	117.717529644198
528.571428571429	100	81.9238359078569	24.6	106.523835907857	DCA	280	133.874694057972
542.857142857143	100	81.6599044321792	24.6	106.259904432179	DCA	210	133.178171941689
557.142857142857	100	80.1563903239385	24.6	104.756390323938	DCA	280	132.107248474054
571.428571428571	100	74.4328336221365	24.6	99.0328336221365	DCA	140	121.248427893092
585.714285714286	100	74.6074193540865	24.6	99.2074193540865	DCA	0	99.2074193540865
600	100	78.5775627031904	24.6	103.17756270319	DCA	140	125.393156974146
614.285714285714	100	80.9597111116424	24.6	105.559711111642	DCA	140	127.775305382598
628.571428571429	100	79.164469573775	24.6	103.764469573775	DCA	140	125.98006384473
642.857142857143	100	79.7567633001149	24.6	104.356763300115	DCA	0	104.356763300115
657.142857142857	100	80.3438251873164	24.6	104.943825187316	DCA	280	132.294683337432
671.428571428571	100	81.583755656288	24.6	106.183755656288	DCA	0	106.183755656288
685.714285714286	100	80.9724474349684	24.6	105.572447434968	DCA	0	105.572447434968
700	100	76.8720271021205	24.6	101.472027102121	DCA	0	101.472027102121
714.285714285714	100	80.655351008937	24.6	105.255351008937	DCA	70	118.498189443389
728.571428571429	100	79.8890754200429	24.6	104.489075420043	DCA	140	126.704669690998
742.857142857143	100	80.4079180697886	24.6	105.007918069789	DCA	70	118.250756504241
757.142857142857	100	80.2196356729573	24.6	104.819635672957	DCA	70	118.062474107409
771.428571428571	100	81.1100759425746	24.6	105.710075942575	DCA	210	132.628343452084
785.714285714286	100	85.125577791301	24.6	109.725577791301	DCA	280	137.076435941416
800	100	87.4727635203924	24.6	112.072763520392	DCA	210	138.991031029902
814.285714285714	100	86.6298289002286	24.6	111.229828900229	DCA	0	111.229828900229
828.571428571429	100	82.0347183689033	24.6	106.634718368903	DCA	0	106.634718368903
842.857142857143	100	82.0331931680954	24.6	106.633193168095	DCA	0	106.633193168095
857.142857142857	100	82.7434210792401	24.6	107.34342107924	DCA	70	120.586259513692
871.428571428571	100	82.8821450322878	24.6	107.482145032288	DCA	280	134.833003182403
885.714285714286	100	84.8926878340841	24.6	109.492687834084	DCA	210	136.410955343594
900	100	86.8958321247566	24.6	111.495832124757	DCA	0	111.495832124757
914.285714285714	100	84.7561430594447	24.6	109.356143059445	DCA	70	122.598981493897
928.571428571429	100	78.6659256496328	24.6	103.265925649633	DCA	70	116.508764084085
942.857142857143	100	77.8680311430105	24.6	102.468031143011	DCA	210	129.38629865252
957.142857142857	100	81.4034581251501	24.6	106.00345812515	DCA	0	106.00345812515
971.428571428571	100	79.031590497753	24.6	103.631590497753	DCA	210	130.549858007263
985.714285714286	100	78.3781437330586	24.6	102.978143733059	DCA	280	130.329001883174
1000	100	80.7111651869983	24.6	105.311165186998	DCA	210	132.229432696508
0	133.333333333333	76.5382223265933	0	76.5382223265933	DCA	140	87.0442165975485
14.2857142857143	133.333333333333	73.6572418271597	0	73.6572418271597	DCA	70	81.0452802616116
28.5714285714286	133.333333333333	77.2258811026373	0	77.2258811026373	DCA	280	81.1575392527528
42.8571428571429	133.333333333333	77.0886008316512	0	77.0886008316512	DCA	70	84.4766392661032
57.1428571428571	133.333333333333	80.174542777639	0	80.174542777639	DCA	70	87.562581212091
71.4285714285714	133.333333333333	80.4553607545112	0	80.4553607545112	DCA	280	84.3870189046267
85.7142857142857	133.333333333333	80.8813352514397	0	80.8813352514397	DCA	210	90.2352027609495
100	133.333333333333	82.1501499825687	0	82.1501499825687	DCA	70	89.5381884170206
114.285714285714	133.333333333333	79.1959701120729	0	79.1959701120729	DCA	280	83.1276282621884
128.571428571429	133.333333333333	78.8517941609016	0	78.8517941609016	DCA	70	86.2398325953535
142.857142857143	133.333333333333	77.6211267281543	0	77.6211267281543	DCA	280	81.5527848782698
157.142857142857	133.333333333333	83.2412935042667	0	83.2412935042667	DCA	210	92.5951610137765
171.428571428571	133.333333333333	82.7215855133449	0	82.7215855133449	DCA	280	86.6532436634604
185.714285714286	133.333333333333	80.2788744940745	0	80.2788744940745	DCA	210	89.6327420035843
200	133.333333333333	76.6349770747875	0	76.6349770747875	DCA	280	80.566635224903
214.285714285714	133.333333333333	74.7062432717886	0	74.7062432717886	DCA	0	74.7062432717886
228.571428571429	133.333333333333	74.5578846657731	0	74.5578846657731	DCA	70	81.945923100225
242.857142857143	133.333333333333	75.1021700266404	0	75.1021700266404	DCA	70	82.4902084610924
257.142857142857	133.333333333333	73.4442946211764	0	73.4442946211764	DCA	140	83.9502888921316
271.428571428571	133.333333333333	76.7189732451758	0	76.7189732451758	DCA	280	80.6506313952914
285.714285714286	133.333333333333	77.8914562795494	0	77.8914562795494	DCA	0	77.8914562795494
300	133.333333333333	77.6919623679081	0	77.6919623679081	DCA	0	77.6919623679081
314.285714285714	133.333333333333	75.681637038524	0	75.681637038524	DCA	140	86.1876313094792
328.571428571429	133.333333333333	76.8450383317385	0	76.8450383317385	DCA	210	86.1989058412482
342.857142857143	133.333333333333	77.5487977382844	0	77.5487977382844	DCA	140	88.0547920092396
357.142857142857	133.333333333333	77.5892963353255	0	77.5892963353255	DCA	70	84.9773347697775
371.428571428571	133.333333333333	83.1258536307026	0	83.1258536307026	DCA	70	90.5138920651546
385.714285714286	133.333333333333	77.3009480607356	0	77.3009480607356	DCA	210	86.6548155702454
400	133.333333333333	76.5732262608208	0	76.5732262608208	DCA	70	83.9612646952728
414.285714285714	133.333333333333	72.9710923368952	0	72.9710923368952	DCA	70	80.3591307713471
428.571428571429	133.333333333333	76.3357127486441	0	76.3357127486441	DCA	280	80.2673708987596
442.857142857143	133.333333333333	76.7740518505337	0	76.7740518505337	DCA	0	76.7740518505337
457.142857142857	133.333333333333	76.3061536769774	0	76.3061536769774	DCA	140	86.8121479479326
471.428571428571	133.333333333333	77.240978989822	0	77.240978989822	DCA	70	84.6290174242739
485.714285714286	133.333333333333	76.6451821700003	0	76.6451821700003	DCA	140	87.1511764409555
500	133.333333333333	78.5766729563757	0	78.5766729563757	DCA	140	89.082667227331
514.285714285714	133.333333333333	80.6729145274692	24.6	105.272914527469	DCA	210	132.191182036979
528.571428571429	133.333333333333	81.5815219079469	24.6	106.181521907947	DCA	0	106.181521907947
542.857142857143	133.333333333333	80.7829575251249	24.6	105.382957525125	DCA	0	105.382957525125
557.142857142857	133.333333333333	82.1067335151429	24.6	106.706733515143	DCA	140	128.922327786098
571.428571428571	133.333333333333	78.4511318945528	24.6	103.051131894553	DCA	210	129.969399404063
585.714285714286	133.333333333333	78.2163290484315	24.6	102.816329048432	DCA	0	102.816329048432
600	133.333333333333	76.7025900814103	24.6	101.30259008141	DCA	280	128.653448231526
614.285714285714	133.333333333333	76.2236104724319	24.6	100.823610472432	DCA	280	128.174468622547
628.571428571429	133.333333333333	75.4701061933316	24.6	100.070106193332	DCA	70	113.312944627784
642.857142857143	133.333333333333	79.8503391170247	24.6	104.450339117025	DCA	70	117.693177551477
657.142857142857	133.333333333333	81.9890268342793	24.6	106.589026834279	DCA	0	106.589026834279
671.428571428571	133.333333333333	79.7457690878	24.6	104.3457690878	DCA	280	131.696627237915
685.714285714286	133.333333333333	80.8590955035953	24.6	105.459095503595	DCA	280	132.809953653711
700	133.333333333333	80.3774326613112	24.6	104.977432661311	DCA	70	118.220271095763
714.285714285714	133.333333333333	81.73405252593	24.6	106.33405252593	DCA	280	133.684910676046
728.571428571429	133.333333333333	80.9604311354084	24.6	105.560431135408	DCA	0	105.560431135408
742.857142857143	133.333333333333	82.7714031186945	24.6	107.371403118695	DCA	210	134.289670628204
757.142857142857	133.333333333333	82.4051711329502	24.6	107.00517113295	DCA	140	129.220765403905
771.428571428571	133.333333333333	81.2477941678729	24.6	105.847794167873	DCA	280	133.198652317988
785.714285714286	133.333333333333	80.010943681003	24.6	104.610943681003	DCA	0	104.610943681003
800	133.333333333333	80.842072017652	24.6	105.442072017652	DCA	70	118.684910452104
814.285714285714	133.333333333333	83.637391643402	24.6	108.237391643402	DCA	0	108.237391643402
828.571428571429	133.333333333333	82.0419058806177	24.6	106.641905880618	DCA	210	133.560173390127
842.857142857143	133.333333333333	79.1263030593011	24.6	103.726303059301	DCA	210	130.644570568811
857.142857142857	133.333333333333	79.8133520181799	24.6	104.41335201818	DCA	210	131.33161952769
871.428571428571	133.333333333333	84.658141596288	24.6	109.258141596288	DCA	0	109.258141596288
885.714285714286	133.333333333333	82.8900774914175	24.6	107.490077491417	DCA	280	134.840935641533
900	133.333333333333	83.221784404594	24.6	107.821784404594	DCA	70	121.064622839046
914.285714285714	133.333333333333	86.7882850033788	24.6	111.388285003379	DCA	210	138.306552512889
928.571428571429	133.333333333333	83.0198374330698	24.6	107.61983743307	DCA	210	134.538104942579
942.857142857143	133.333333333333	82.7415253584364	24.6	107.341525358436	DCA	140	129.557119629392
957.142857142857	133.333333333333	82.4999026413722	24.6	107.099902641372	DCA	70	120.342741075824
971.428571428571	133.333333333333	80.4573139712269	24.6	105.057313971227	DCA	140	127.272908242182
985.714285714286	133.333333333333	82.3582572443951	24.6	106.958257244395	DCA	210	133.876524753905
1000	133.333333333333	85.2128656043512	24.6	109.812865604351	DCA	280	137.163723754467
0	166.666666666667	75.7237073543529	0	75.7237073543529	DCA	280	79.6553655044684
14.2857142857143	166.666666666667	77.2851422017772	0	77.2851422017772	DCA	280	81.2168003518927
28.5714285714286	166.666666666667	76.3714328927058	0	76.3714328927058	DCA	70	83.7594713271577
42.8571428571429	166.666666666667	82.6825858922705	0	82.6825858922705	DCA	0	82.6825858922705
57.1428571428571	166.666666666667	81.639035712552	0	81.639035712552	DCA	140	92.1450299835073
71.4285714285714	166.666666666667	80.990010854043	0	80.990010854043	DCA	70	88.378049288495
85.7142857142857	166.666666666667	80.2182119724916	0	80.2182119724916	DCA	210	89.5720794820013
100	166.666666666667	82.2137436060251	0	82.2137436060251	DCA	0	82.2137436060251
114.285714285714	166.666666666667	82.2082680369081	0	82.2082680369081	DCA	210	91.5621355464179
128.571428571429	166.666666666667	78.6706867377066	0	78.6706867377066	DCA	210	88.0245542472164
142.857142857143	166.666666666667	79.8155809301242	0	79.8155809301242	DCA	0	79.8155809301242
157.142857142857	166.666666666667	79.6643105090083	0	79.6643105090083	DCA	70	87.0523489434602
171.428571428571	166.666666666667	81.8605110935364	0	81.8605110935364	DCA	210	91.2143786030461
185.714285714286	166.666666666667	82.273480995586	0	82.273480995586	DCA	210	91.6273485050958
200	166.666666666667	81.635469219072	0	81.635469219072	DCA	0	81.635469219072
214.285714285714	166.666666666667	78.9492390911497	0	78.9492390911497	DCA	140	89.4552333621049
228.571428571429	166.666666666667	78.4977628615374	0	78.4977628615374	DCA	70	85.8858012959894
242.857142857143	166.666666666667	76.5385594593774	0	76.5385594593774	DCA	140	87.0445537303326
257.142857142857	166.666666666667	72.7382523161324	0	72.7382523161324	DCA	280	76.669910466248
271.428571428571	166.666666666667	72.6060181586892	0	72.6060181586892	DCA	280	76.5376763088047
285.714285714286	166.666666666667	75.2981993915724	0	75.2981993915724	DCA	140	85.8041936625276
300	166.666666666667	78.2497426742427	0	78.2497426742427	DCA	210	87.6036101837524
314.285714285714	166.666666666667	75.91896597456	0	75.91896597456	DCA	210	85.2728334840697
328.571428571429	166.666666666667	78.9978052716132	0	78.9978052716132	DCA	140	89.5037995425685
342.857142857143	166.666666666667	79.7842749892628	0	79.7842749892628	DCA	210	89.1381424987726
357.142857142857	166.666666666667	82.0125110489522	0	82.0125110489522	DCA	140	92.5185053199074
371.428571428571	166.666666666667	84.4261888246724	0	84.4261888246724	DCA	210	93.7800563341821
385.714285714286	166.666666666667	76.519060332176	0	76.519060332176	DCA	140	87.0250546031312
400	166.666666666667	76.371857808251	0	76.371857808251	DCA	280	80.3035159583665
414.285714285714	166.666666666667	78.2690131358262	0	78.2690131358262	DCA	70	85.6570515702782
428.571428571429	166.666666666667	75.4358520453924	0	75.4358520453924	DCA	210	84.7897195549021
442.857142857143	166.666666666667	76.9865441657151	0	76.9865441657151	DCA	0	76.9865441657151
457.142857142857	166.666666666667	81.1563422662709	0	81.1563422662709	DCA	210	90.5102097757806
471.428571428571	166.666666666667	77.1098670542918	0	77.1098670542918	DCA	210	86.4637345638016
485.714285714286	166.666666666667	77.2845572295242	0	77.2845572295242	DCA	210	86.6384247390339
500	166.666666666667	78.6097035883969	0	78.6097035883969	DCA	210	87.9635710979067
514.285714285714	166.666666666667	77.8950358334567	24.6	102.495035833457	DCA	0	102.495035833457
528.571428571429	166.666666666667	79.7212854692963	24.6	104.321285469296	DCA	70	117.564123903748
542.857142857143	166.666666666667	76.7724629701095	24.6	101.37246297011	DCA	0	101.37246297011
557.142857142857	166.666666666667	79.4839576696404	24.6	104.08395766964	DCA	0	104.08395766964
571.428571428571	166.666666666667	78.7728708809941	24.6	103.372870880994	DCA	280	130.72372903111
585.714285714286	166.666666666667	80.7180872447402	24.6	105.31808724474	DCA	0	105.31808724474
600	166.666666666667	78.7043097619766	24.6	103.304309761977	DCA	70	116.547148196429
614.285714285714	166.666666666667	77.2194232016792	24.6	101.819423201679	DCA	70	115.062261636131
628.571428571429	166.666666666667	82.1995934748852	24.6	106.799593474885	DCA	140	129.01518774584
642.857142857143	166.666666666667	80.5661112843971	24.6	105.166111284397	DCA	280	132.516969434513
657.142857142857	166.666666666667	79.3105008519524	24.6	103.910500851952	DCA	210	130.828768361462
671.428571428571	166.666666666667	83.7918522539424	24.6	108.391852253942	DCA	280	135.742710404058
685.714285714286	166.666666666667	84.1542010141908	24.6	108.754201014191	DCA	70	121.997039448643
700	166.666666666667	86.094571223934	24.6	110.694571223934	DCA	140	132.910165494889
714.285714285714	166.666666666667	85.2769080260497	24.6	109.87690802605	DCA	0	109.87690802605
728.571428571429	166.666666666667	85.0311476653826	24.6	109.631147665383	DCA	0	109.631147665383
742.857142857143	166.666666666667	83.1071684530583	24.6	107.707168453058	DCA	140	129.922762724014
757.142857142857	166.666666666667	83.6879913200989	24.6	108.287991320099	DCA	210	135.206258829609
771.428571428571	166.666666666667	85.7366555862014	24.6	110.336655586201	DCA	140	132.552249857157
785.714285714286	166.666666666667	85.9148967672451	24.6	110.514896767245	DCA	140	132.7304910382
800	166.666666666667	83.712299536083	24.6	108.312299536083	DCA	280	135.663157686198
814.285714285714	166.666666666667	81.3709149798972	24.6	105.970914979897	DCA	0	105.970914979897
828.571428571429	166.666666666667	85.4582860674833	24.6	110.058286067483	DCA	140	132.273880338439
842.857142857143	166.666666666667	86.6726329823902	24.6	111.27263298239	DCA	280	138.623491132506
857.142857142857	166.666666666667	84.5941124325877	24.6	109.194112432588	DCA	280	136.544970582703
871.428571428571	166.666666666667	82.2564544935871	24.6	106.856454493587	DCA	210	133.774722003097
885.714285714286	166.666666666667	85.1098549025062	24.6	109.709854902506	DCA	210	136.628122412016
900	166.666666666667	82.2578176175598	24.6	106.85781761756	DCA	140	129.073411888515
914.285714285714	166.666666666667	81.0237646808079	24.6	105.623764680808	DCA	140	127.839358951763
928.571428571429	166.666666666667	77.7233767694639	24.6	102.323376769464	DCA	210	129.241644278974
942.857142857143	166.666666666667	82.8659312864691	24.6	107.465931286469	DCA	280	134.816789436585
957.142857142857	166.666666666667	80.8253818238733	24.6	105.425381823873	DCA	140	127.640976094829
971.428571428571	166.666666666667	83.2759616607803	24.6	107.87596166078	DCA	70	121.118800095232
985.714285714286	166.666666666667	83.5176642538622	24.6	108.117664253862	DCA	210	135.035931763372
1000	166.666666666667	84.4843340782024	24.6	109.084334078202	DCA	0	109.084334078202
0	200	75.6551920562305	0	75.6551920562305	DCA	70	83.0432304906825
14.2857142857143	200	78.1503541708617	0	78.1503541708617	DCA	210	87.5042216803714
28.5714285714286	200	77.4489130299437	0	77.4489130299437	DCA	210	86.8027805394534
42.8571428571429	200	81.4733327386448	0	81.4733327386448	DCA	70	88.8613711730968
57.1428571428571	200	78.1985764408565	0	78.1985764408565	DCA	140	88.7045707118118
71.4285714285714	200	79.9369491856832	0	79.9369491856832	DCA	140	90.4429434566384
85.7142857142857	200	78.9799137338782	0	78.9799137338782	DCA	140	89.4859080048334
100	200	77.6475722608013	0	77.6475722608013	DCA	70	85.0356106952532
114.285714285714	200	76.9633164695815	0	76.9633164695815	DCA	210	86.3171839790912
128.571428571429	200	77.2054933622439	0	77.2054933622439	DCA	280	81.1371515123594
142.857142857143	200	78.5205830645472	0	78.5205830645472	DCA	210	87.874450574057
157.142857142857	200	80.890778362326	0	80.890778362326	DCA	140	91.3967726332812
171.428571428571	200	78.5755336591623	0	78.5755336591623	DCA	210	87.9294011686721
185.714285714286	200	81.319699913611	0	81.319699913611	DCA	0	81.319699913611
200	200	77.0802341676649	0	77.0802341676649	DCA	0	77.0802341676649
214.285714285714	200	78.481320406087	0	78.481320406087	DCA	70	85.8693588405389
228.571428571429	200	76.3218749899945	0	76.3218749899945	DCA	140	86.8278692609497
242.857142857143	200	75.2953987335566	0	75.2953987335566	DCA	70	82.6834371680086
257.142857142857	200	77.7505096458143	0	77.7505096458143	DCA	140	88.2565039167695
271.428571428571	200	76.3400971551093	0	76.3400971551093	DCA	280	80.2717553052249
285.714285714286	200	79.4286732747901	0	79.4286732747901	DCA	70	86.816711709242
300	200	84.1018689378512	0	84.1018689378512	DCA	140	94.6078632088064
314.285714285714	200	85.0008694482147	0	85.0008694482147	DCA	70	92.3889078826667
328.571428571429	200	83.7916393604872	0	83.7916393604872	DCA	140	94.2976336314424
342.857142857143	200	81.4684972053176	0	81.4684972053176	DCA	70	88.8565356397695
357.142857142857	200	80.4964048123257	0	80.4964048123257	DCA	280	84.4280629624412
371.428571428571	200	80.5340659610613	0	80.5340659610613	DCA	280	84.4657241111769
385.714285714286	200	79.9913641555595	0	79.9913641555595	DCA	0	79.9913641555595
400	200	78.0038478456681	0	78.0038478456681	DCA	210	87.3577153551779
414.285714285714	200	76.9284177358507	0	76.9284177358507	DCA	0	76.9284177358507
428.571428571429	200	77.5478352134018	0	77.5478352134018	DCA	0	77.5478352134018
442.857142857143	200	76.1879350181859	0	76.1879350181859	DCA	140	86.6939292891411
457.142857142857	200	76.8917797174476	0	76.8917797174476	DCA	280	80.8234378675631
471.428571428571	200	75.1803536609607	0	75.1803536609607	DCA	70	82.5683920954127
485.714285714286	200	76.2453231357524	0	76.2453231357524	DCA	140	86.7513174067076
500	200	76.6821430472878	0	76.6821430472878	DCA	0	76.6821430472878
514.285714285714	200	76.4589013240628	24.6	101.058901324063	DCA	210	127.977168833573
528.571428571429	200	76.0896875258059	24.6	100.689687525806	DCA	0	100.689687525806
542.857142857143	200	76.8629051288187	24.6	101.462905128819	DCA	210	128.381172638328
557.142857142857	200	76.1870715766634	24.6	100.787071576663	DCA	140	123.002665847619
571.428571428571	200	75.3435001314349	24.6	99.9435001314349	DCA	0	99.9435001314349
585.714285714286	200	76.9428045124199	24.6	101.54280451242	DCA	0	101.54280451242
600	200	71.5672692335055	24.6	96.1672692335055	DCA	210	123.085536743015
614.285714285714	200	74.959191857884	24.6	99.559191857884	DCA	70	112.802030292336
628.571428571429	200	78.8405530854921	24.6	103.440553085492	DCA	0	103.440553085492
642.857142857143	200	80.1316751640459	24.6	104.731675164046	DCA	210	131.649942673556
657.142857142857	200	80.5344161720316	24.6	105.134416172032	DCA	280	132.485274322147
671.428571428571	200	85.3459027814641	24.6	109.945902781464	DCA	70	123.188741215916
685.714285714286	200	82.612718311377	24.6	107.212718311377	DCA	280	134.563576461493
700	200	82.751780817433	24.6	107.351780817433	DCA	70	120.594619251885
714.285714285714	200	83.2570222176985	24.6	107.857022217699	DCA	280	135.207880367814
728.571428571429	200	82.7124586727527	24.6	107.312458672753	DCA	210	134.230726182262
742.857142857143	200	78.6866028947692	24.6	103.286602894769	DCA	280	130.637461044885
757.142857142857	200	82.4327032870588	24.6	107.032703287059	DCA	210	133.950970796569
771.428571428571	200	82.7085746693194	24.6	107.308574669319	DCA	70	120.551413103771
785.714285714286	200	82.3899252544158	24.6	106.989925254416	DCA	0	106.989925254416
800	200	85.1127048759937	24.6	109.712704875994	DCA	210	136.630972385503
814.285714285714	200	84.2880123728462	24.6	108.888012372846	DCA	280	136.238870522962
828.571428571429	200	82.5439770905923	24.6	107.143977090592	DCA	140	129.359571361548
842.857142857143	200	84.4381674550216	24.6	109.038167455022	DCA	0	109.038167455022
857.142857142857	200	80.7725783610171	24.6	105.372578361017	DCA	70	118.615416795469
871.428571428571	200	85.7479896048117	24.6	110.347989604812	DCA	140	132.563583875767
885.714285714286	200	80.7864720241625	24.6	105.386472024163	DCA	70	118.629310458614
900	200	80.0688490480345	24.6	104.668849048034	DCA	210	131.587116557544
914.285714285714	200	80.946421333123	24.6	105.546421333123	DCA	0	105.546421333123
928.571428571429	200	85.1781278323633	24.6	109.778127832363	DCA	210	136.696395341873
942.857142857143	200	80.1866174013262	24.6	104.786617401326	DCA	70	118.029455835778
957.142857142857	200	79.9946978388222	24.6	104.594697838822	DCA	140	126.810292109777
971.428571428571	200	80.308005862541	24.6	104.908005862541	DCA	0	104.908005862541
985.714285714286	200	82.1344884695672	24.6	106.734488469567	DCA	280	134.085346619683
1000	200	84.5167455393311	24.6	109.116745539331	DCA	0	109.116745539331
0	233.333333333333	84.1645202828653	0	84.1645202828653	DCA	210	93.518387792375
14.2857142857143	233.333333333333	81.9390029584732	0	81.9390029584732	DCA	0	81.9390029584732
28.5714285714286	233.333333333333	77.7504963538601	0	77.7504963538601	DCA	280	81.6821545039757
42.8571428571429	233.333333333333	78.9930643419922	0	78.9930643419922	DCA	280	82.9247224921077
57.1428571428571	233.333333333333	76.9790119035274	0	76.9790119035274	DCA	70	84.3670503379793
71.4285714285714	233.333333333333	78.3302985967265	0	78.3302985967265	DCA	140	88.8362928676817
85.7142857142857	233.333333333333	77.8450602080663	0	77.8450602080663	DCA	0	77.8450602080663
100	233.333333333333	78.7811268970594	0	78.7811268970594	DCA	280	82.7127850471749
114.285714285714	233.333333333333	79.1201081914963	0	79.1201081914963	DCA	280	83.0517663416118
128.571428571429	233.333333333333	78.0588903065486	0	78.0588903065486	DCA	70	85.4469287410006
142.857142857143	233.333333333333	75.6759971414292	0	75.6759971414292	DCA	280	79.6076552915447
157.142857142857	233.333333333333	78.9121893290942	0	78.9121893290942	DCA	70	86.3002277635462
171.428571428571	233.333333333333	79.411668920792	0	79.411668920792	DCA	140	89.9176631917472
185.714285714286	233.333333333333	80.8100238566316	0	80.8100238566316	DCA	140	91.3160181275868
200	233.333333333333	81.6543082268048	0	81.6543082268048	DCA	280	85.5859663769203
214.285714285714	233.333333333333	79.6149413698128	0	79.6149413698128	DCA	280	83.5465995199283
228.571428571429	233.333333333333	83.8525259243733	0	83.8525259243733	DCA	280	87.7841840744888
242.857142857143	233.333333333333	78.1261051639533	0	78.1261051639533	DCA	0	78.1261051639533
257.142857142857	233.333333333333	79.6577744410451	0	79.6577744410451	DCA	280	83.5894325911607
271.428571428571	233.333333333333	76.4629426643923	0	76.4629426643923	DCA	280	80.3946008145078
285.714285714286	233.333333333333	79.7678699091538	0	79.7678699091538	DCA	70	87.1559083436058
300	233.333333333333	81.2639980651268	0	81.2639980651268	DCA	210	90.6178655746365
314.285714285714	233.333333333333	80.4750473532464	0	80.4750473532464	DCA	210	89.8289148627562
328.571428571429	233.333333333333	79.0816487238482	0	79.0816487238482	DCA	280	83.0133068739637
342.857142857143	233.333333333333	81.1683396858741	0	81.1683396858741	DCA	140	91.6743339568293
357.142857142857	233.333333333333	78.3563920176729	0	78.3563920176729	DCA	210	87.7102595271827
371.428571428571	233.333333333333	77.6227674166465	0	77.6227674166465	DCA	280	81.5544255667621
385.714285714286	233.333333333333	74.1132005889692	0	74.1132005889692	DCA	0	74.1132005889692
400	233.333333333333	75.748966439628	0	75.748966439628	DCA	210	85.1028339491377
414.285714285714	233.333333333333	75.9365490008782	0	75.9365490008782	DCA	140	86.4425432718334
428.571428571429	233.333333333333	74.710215337046	0	74.710215337046	DCA	210	84.0640828465558
442.857142857143	233.333333333333	80.4047930556875	0	80.4047930556875	DCA	210	89.7586605651973
457.142857142857	233.333333333333	77.9074146621723	0	77.9074146621723	DCA	0	77.9074146621723
471.428571428571	233.333333333333	74.5121210173622	0	74.5121210173622	DCA	0	74.5121210173622
485.714285714286	233.333333333333	75.1704543219882	0	75.1704543219882	DCA	70	82.5584927564402
500	233.333333333333	73.8294295806088	0	73.8294295806088	DCA	70	81.2174680150608
514.285714285714	233.333333333333	76.9699310663953	24.6	101.569931066395	DCA	140	123.78552533735
528.571428571429	233.333333333333	77.5543917164133	24.6	102.154391716413	DCA	280	129.505249866529
542.857142857143	233.333333333333	76.9964471116473	24.6	101.596447111647	DCA	0	101.596447111647
557.142857142857	233.333333333333	76.9524488265619	24.6	101.552448826562	DCA	140	123.768043097517
571.428571428571	233.333333333333	78.1967554229787	24.6	102.796755422979	DCA	0	102.796755422979
585.714285714286	233.333333333333	77.7370173584008	24.6	102.337017358401	DCA	210	129.255284867911
600	233.333333333333	73.9250509161482	24.6	98.5250509161481	DCA	280	125.875909066264
614.285714285714	233.333333333333	75.0724413062071	24.6	99.6724413062071	DCA	0	99.6724413062071
628.571428571429	233.333333333333	78.8010735045568	24.6	103.401073504557	DCA	280	130.751931654672
642.857142857143	233.333333333333	79.9821003936227	24.6	104.582100393623	DCA	0	104.582100393623
657.142857142857	233.333333333333	82.4007956798446	24.6	107.000795679845	DCA	140	129.2163899508
671.428571428571	233.333333333333	82.9708142909899	24.6	107.57081429099	DCA	140	129.786408561945
685.714285714286	233.333333333333	80.2501346583409	24.6	104.850134658341	DCA	0	104.850134658341
700	233.333333333333	78.4575741566136	24.6	103.057574156614	DCA	280	130.408432306729
714.285714285714	233.333333333333	79.4254465935284	24.6	104.025446593528	DCA	70	117.26828502798
728.571428571429	233.333333333333	79.8194555874763	24.6	104.419455587476	DCA	70	117.662294021928
742.857142857143	233.333333333333	83.0179544269438	24.6	107.617954426944	DCA	210	134.536221936454
757.142857142857	233.333333333333	79.9692637111771	24.6	104.569263711177	DCA	280	131.920121861293
771.428571428571	233.333333333333	80.2613458178857	24.6	104.861345817886	DCA	140	127.076940088841
785.714285714286	233.333333333333	83.4582402858655	24.6	108.058240285866	DCA	280	135.409098435981
800	233.333333333333	85.5470014858622	24.6	110.147001485862	DCA	210	137.065268995372
814.285714285714	233.333333333333	83.7781687805971	24.6	108.378168780597	DCA	0	108.378168780597
828.571428571429	233.333333333333	83.1184641733746	24.6	107.718464173375	DCA	0	107.718464173375
842.857142857143	233.333333333333	82.9443940246365	24.6	107.544394024636	DCA	0	107.544394024636
857.142857142857	233.333333333333	80.3690189892166	24.6	104.969018989217	DCA	280	132.319877139332
871.428571428571	233.333333333333	79.3887247130052	24.6	103.988724713005	DCA	70	117.231563147457
885.714285714286	233.333333333333	78.8596726270365	24.6	103.459672627036	DCA	140	125.675266897992
900	233.333333333333	78.2806618081087	24.6	102.880661808109	DCA	280	130.231519958224
914.285714285714	233.333333333333	78.9916660181722	24.6	103.591666018172	DCA	280	130.942524168288
928.571428571429	233.333333333333	78.022870346623	24.6	102.622870346623	DCA	140	124.838464617578
942.857142857143	233.333333333333	79.929508981235	24.6	104.529508981235	DCA	210	131.447776490745
957.142857142857	233.333333333333	80.0784927134956	24.6	104.678492713496	DCA	70	117.921331147948
971.428571428571	233.333333333333	81.9398433607192	24.6	106.539843360719	DCA	70	119.782681795171
985.714285714286	233.333333333333	82.9262027826376	24.6	107.526202782638	DCA	140	129.741797053593
1000	233.333333333333	87.7089570586035	24.6	112.308957058604	DCA	210	139.227224568113
0	266.666666666667	81.7321764879593	0	81.7321764879593	DCA	140	92.2381707589145
14.2857142857143	266.666666666667	81.1714541935595	0	81.1714541935595	DCA	210	90.5253217030693
28.5714285714286	266.666666666667	76.9726640071588	0	76.9726640071588	DCA	210	86.3265315166685
42.8571428571429	266.666666666667	80.2308966517013	0	80.2308966517013	DCA	70	87.6189350861532
57.1428571428571	266.666666666667	78.7541322685095	0	78.7541322685095	DCA	140	89.2601265394647
71.4285714285714	266.666666666667	77.3022857362311	0	77.3022857362311	DCA	210	86.6561532457408
85.7142857142857	266.666666666667	75.8580220296441	0	75.8580220296441	DCA	210	85.2118895391538
100	266.666666666667	80.1002689451497	0	80.1002689451497	DCA	70	87.4883073796017
114.285714285714	266.666666666667	76.4045763070392	0	76.4045763070392	DCA	210	85.7584438165489
128.571428571429	266.666666666667	79.5576005646695	0	79.5576005646695	DCA	280	83.4892587147851
142.857142857143	266.666666666667	79.3204441792657	0	79.3204441792657	DCA	210	88.6743116887754
157.142857142857	266.666666666667	79.6508308098288	0	79.6508308098288	DCA	210	89.0046983193386
171.428571428571	266.666666666667	78.5432084055706	0	78.5432084055706	DCA	70	85.9312468400226
185.714285714286	266.666666666667	78.7594437895165	0	78.7594437895165	DCA	140	89.2654380604718
200	266.666666666667	77.6610496147973	0	77.6610496147973	DCA	210	87.014917124307
214.285714285714	266.666666666667	78.3818828655105	0	78.3818828655105	DCA	70	85.7699212999625
228.571428571429	266.666666666667	73.138746978942	0	73.138746978942	DCA	210	82.4926144884517
242.857142857143	266.666666666667	77.7570062310835	0	77.7570062310835	DCA	70	85.1450446655355
257.142857142857	266.666666666667	76.7242677559574	0	76.7242677559574	DCA	70	84.1123061904093
271.428571428571	266.666666666667	77.6107115246622	0	77.6107115246622	DCA	70	84.9987499591141
285.714285714286	266.666666666667	82.3349765438829	0	82.3349765438829	DCA	210	91.6888440533927
300	266.666666666667	79.7886181526255	0	79.7886181526255	DCA	70	87.1766565870775
314.285714285714	266.666666666667	80.5545146067642	0	80.5545146067642	DCA	0	80.5545146067642
328.571428571429	266.666666666667	76.7481081240215	0	76.7481081240215	DCA	140	87.2541023949767
342.857142857143	266.666666666667	76.4053759505859	0	76.4053759505859	DCA	140	86.9113702215411
357.142857142857	266.666666666667	79.3841712958322	0	79.3841712958322	DCA	280	83.3158294459477
371.428571428571	266.666666666667	80.6273842816245	0	80.6273842816245	DCA	70	88.0154227160764
385.714285714286	266.666666666667	79.6720414631821	0	79.6720414631821	DCA	0	79.6720414631821
400	266.666666666667	81.7635478909152	0	81.7635478909152	DCA	140	92.2695421618705
414.285714285714	266.666666666667	82.2932596438068	0	82.2932596438068	DCA	0	82.2932596438068
428.571428571429	266.666666666667	79.0077571242753	0	79.0077571242753	DCA	210	88.361624633785
442.857142857143	266.666666666667	79.0628031011725	0	79.0628031011725	DCA	280	82.9944612512881
457.142857142857	266.666666666667	77.4752120908689	0	77.4752120908689	DCA	140	87.9812063618241
471.428571428571	266.666666666667	81.0786206482667	0	81.0786206482667	DCA	0	81.0786206482667
485.714285714286	266.666666666667	82.2395338034504	0	82.2395338034504	DCA	280	86.1711919535659
500	266.666666666667	78.6182981255343	0	78.6182981255343	DCA	210	87.9721656350441
514.285714285714	266.666666666667	78.8337590855431	24.6	103.433759085543	DCA	210	130.352026595053
528.571428571429	266.666666666667	79.7567076173313	24.6	104.356707617331	DCA	210	131.274975126841
542.857142857143	266.666666666667	80.6012751241734	24.6	105.201275124173	DCA	0	105.201275124173
557.142857142857	266.666666666667	80.7455780913211	24.6	105.345578091321	DCA	0	105.345578091321
571.428571428571	266.666666666667	81.3765752114618	24.6	105.976575211462	DCA	280	133.327433361577
585.714285714286	266.666666666667	77.3762782079525	24.6	101.976278207952	DCA	140	124.191872478908
600	266.666666666667	78.1523623661547	24.6	102.752362366155	DCA	280	130.10322051627
614.285714285714	266.666666666667	78.7497547000116	24.6	103.349754700012	DCA	210	130.268022209521
628.571428571429	266.666666666667	84.1722247448533	24.6	108.772224744853	DCA	280	136.123082894969
642.857142857143	266.666666666667	78.3784989308469	24.6	102.978498930847	DCA	0	102.978498930847
657.142857142857	266.666666666667	79.998857497064	24.6	104.598857497064	DCA	0	104.598857497064
671.428571428571	266.666666666667	79.2840783096122	24.6	103.884078309612	DCA	70	117.126916744064
685.714285714286	266.666666666667	78.9547964973514	24.6	103.554796497351	DCA	140	125.770390768307
700	266.666666666667	81.5911048850427	24.6	106.191104885043	DCA	280	133.541963035158
714.285714285714	266.666666666667	75.1841498005499	24.6	99.7841498005499	DCA	70	113.026988235002
728.571428571429	266.666666666667	79.0890570664917	24.6	103.689057066492	DCA	0	103.689057066492
742.857142857143	266.666666666667	78.0640568202145	24.6	102.664056820214	DCA	0	102.664056820214
757.142857142857	266.666666666667	78.8764622070128	24.6	103.476462207013	DCA	0	103.476462207013
771.428571428571	266.666666666667	75.3960821764502	24.6	99.9960821764502	DCA	280	127.346940326566
785.714285714286	266.666666666667	80.7161461039352	24.6	105.316146103935	DCA	0	105.316146103935
800	266.666666666667	79.100269529127	24.6	103.700269529127	DCA	0	103.700269529127
814.285714285714	266.666666666667	78.8108361967017	24.6	103.410836196702	DCA	0	103.410836196702
828.571428571429	266.666666666667	80.0043241450522	24.6	104.604324145052	DCA	210	131.522591654562
842.857142857143	266.666666666667	80.7766725617655	24.6	105.376672561765	DCA	210	132.294940071275
857.142857142857	266.666666666667	78.4520414973339	24.6	103.052041497334	DCA	280	130.402899647449
871.428571428571	266.666666666667	78.3551402550082	24.6	102.955140255008	DCA	140	125.170734525963
885.714285714286	266.666666666667	75.510947131188	24.6	100.110947131188	DCA	70	113.35378556564
900	266.666666666667	77.1612557151102	24.6	101.76125571511	DCA	0	101.76125571511
914.285714285714	266.666666666667	72.7641908405619	24.6	97.3641908405619	DCA	70	110.607029275014
928.571428571429	266.666666666667	77.8912814916347	24.6	102.491281491635	DCA	280	129.84213964175
942.857142857143	266.666666666667	82.4461777966758	24.6	107.046177796676	DCA	210	133.964445306186
957.142857142857	266.666666666667	84.0107147909923	24.6	108.610714790992	DCA	70	121.853553225444
971.428571428571	266.666666666667	84.8058163788866	24.6	109.405816378887	DCA	70	122.648654813339
985.714285714286	266.666666666667	83.0955571947771	24.6	107.695557194777	DCA	210	134.613824704287
1000	266.666666666667	83.332662843454	24.6	107.932662843454	DCA	140	130.148257114409
0	300	77.1965883051553	0	77.1965883051553	DCA	70	84.5846267396073
14.2857142857143	300	77.8771984623374	0	77.8771984623374	DCA	0	77.8771984623374
28.5714285714286	300	81.2571351901317	0	81.2571351901317	DCA	70	88.6451736245836
42.8571428571429	300	79.145297348627	0	79.145297348627	DCA	0	79.145297348627
57.1428571428571	300	81.5539380231304	0	81.5539380231304	DCA	210	90.9078055326402
71.4285714285714	300	77.3385165585224	0	77.3385165585224	DCA	280	81.270174708638
85.7142857142857	300	77.8415645922975	0	77.8415645922975	DCA	0	77.8415645922975
100	300	77.5539919358568	0	77.5539919358568	DCA	70	84.9420303703088
114.285714285714	300	78.9193893214776	0	78.9193893214776	DCA	70	86.3074277559295
128.571428571429	300	82.6090382805775	0	82.6090382805775	DCA	0	82.6090382805775
142.857142857143	300	82.9815577157381	0	82.9815577157381	DCA	140	93.4875519866933
157.142857142857	300	81.4132210058246	0	81.4132210058246	DCA	0	81.4132210058246
171.428571428571	300	79.6932652596555	0	79.6932652596555	DCA	70	87.0813036941075
185.714285714286	300	82.687999859486	0	82.687999859486	DCA	140	93.1939941304412
200	300	79.1193364256905	0	79.1193364256905	DCA	140	89.6253306966457
214.285714285714	300	79.32836864839	0	79.32836864839	DCA	0	79.32836864839
228.571428571429	300	77.9801034428076	0	77.9801034428076	DCA	70	85.3681418772595
242.857142857143	300	80.3552824953419	0	80.3552824953419	DCA	140	90.8612767662972
257.142857142857	300	78.6994647860475	0	78.6994647860475	DCA	280	82.6311229361631
271.428571428571	300	73.6645281284016	0	73.6645281284016	DCA	280	77.5961862785172
285.714285714286	300	76.6218834103308	0	76.6218834103308	DCA	280	80.5535415604463
300	300	77.3604943192352	0	77.3604943192352	DCA	210	86.714361828745
314.285714285714	300	79.1710182341263	0	79.1710182341263	DCA	0	79.1710182341263
328.571428571429	300	78.871276302036	0	78.871276302036	DCA	280	82.8029344521515
342.857142857143	300	79.2012017834076	0	79.2012017834076	DCA	70	86.5892402178595
357.142857142857	300	81.7344193134449	0	81.7344193134449	DCA	70	89.1224577478969
371.428571428571	300	82.1815309886665	0	82.1815309886665	DCA	280	86.113189138782
385.714285714286	300	82.6727303080496	0	82.6727303080496	DCA	210	92.0265978175593
400	300	82.4874471718106	0	82.4874471718106	DCA	280	86.4191053219262
414.285714285714	300	83.5993624183922	0	83.5993624183922	DCA	70	90.9874008528442
428.571428571429	300	81.7528673171893	0	81.7528673171893	DCA	70	89.1409057516413
442.857142857143	300	78.4989368589925	0	78.4989368589925	DCA	140	89.0049311299477
457.142857142857	300	80.349995625108	0	80.349995625108	DCA	210	89.7038631346178
471.428571428571	300	79.4518090288254	0	79.4518090288254	DCA	210	88.8056765383351
485.714285714286	300	79.7144172446473	0	79.7144172446473	DCA	140	90.2204115156025
500	300	80.2622837097492	0	80.2622837097492	DCA	140	90.7682779807044
514.285714285714	300	79.5276732439673	24.6	104.127673243967	DCA	140	126.343267514923
528.571428571429	300	76.7493345048821	24.6	101.349334504882	DCA	70	114.592172939334
542.857142857143	300	75.8278246784503	24.6	100.42782467845	DCA	210	127.34609218796
557.142857142857	300	76.9356162211401	24.6	101.53561622114	DCA	280	128.886474371256
571.428571428571	300	77.4189189256823	24.6	102.018918925682	DCA	0	102.018918925682
585.714285714286	300	74.1503127286402	24.6	98.7503127286402	DCA	0	98.7503127286402
600	300	77.1591780562794	24.6	101.759178056279	DCA	280	129.110036206395
614.285714285714	300	76.213617774798	24.6	100.813617774798	DCA	210	127.731885284308
628.571428571429	300	72.1548615599504	24.6	96.7548615599504	DCA	0	96.7548615599504
642.857142857143	300	75.2900665184145	24.6	99.8900665184145	DCA	0	99.8900665184145
657.142857142857	300	73.9428291327092	24.6	98.5428291327092	DCA	210	125.461096642219
671.428571428571	300	78.3447076188411	24.6	102.944707618841	DCA	140	125.160301889796
685.714285714286	300	76.7243445051594	24.6	101.324344505159	DCA	70	114.567182939611
700	300	79.6381962409253	24.6	104.238196240925	DCA	210	131.156463750435
714.285714285714	300	79.092356094509	24.6	103.692356094509	DCA	70	116.935194528961
728.571428571429	300	79.7261769020955	24.6	104.326176902095	DCA	210	131.244444411605
742.857142857143	300	77.7553297809428	24.6	102.355329780943	DCA	0	102.355329780943
757.142857142857	300	78.1001862267151	24.6	102.700186226715	DCA	140	124.91578049767
771.428571428571	300	78.4334179150714	24.6	103.033417915071	DCA	140	125.249012186027
785.714285714286	300	79.6857537583753	24.6	104.285753758375	DCA	280	131.636611908491
800	300	81.2905736309785	24.6	105.890573630979	DCA	140	128.106167901934
814.285714285714	300	78.9059651029913	24.6	103.505965102991	DCA	280	130.856823253107
828.571428571429	300	82.1745500308127	24.6	106.774550030813	DCA	140	128.990144301768
842.857142857143	300	78.3827496259735	24.6	102.982749625973	DCA	280	130.333607776089
857.142857142857	300	78.3291422869221	24.6	102.929142286922	DCA	0	102.929142286922
871.428571428571	300	76.4196234144842	24.6	101.019623414484	DCA	210	127.937890923994
885.714285714286	300	74.9427123176305	24.6	99.5427123176304	DCA	280	126.893570467746
900	300	78.5985144209219	24.6	103.198514420922	DCA	210	130.116781930432
914.285714285714	300	75.1063602242034	24.6	99.7063602242034	DCA	70	112.949198658655
928.571428571429	300	76.630509599799	24.6	101.230509599799	DCA	0	101.230509599799
942.857142857143	300	75.3067589261332	24.6	99.9067589261332	DCA	70	113.149597360585
957.142857142857	300	80.0895657281789	24.6	104.689565728179	DCA	210	131.607833237689
971.428571428571	300	87.5238698892182	24.6	112.123869889218	DCA	280	139.474728039334
985.714285714286	300	85.8383540914503	24.6	110.43835409145	DCA	210	137.35662160096
1000	300	84.5940669286374	24.6	109.194066928637	DCA	140	131.409661199593
