x	y	variable1	Zona	ErrorConEfecto	Disenio	AsigTrat	MiRto
0	0	83.7463810031972	0	83.7463810031972	DCA	140	96.3237648204223
14.2857142857143	0	81.4667192082549	0	81.4667192082549	DCA	0	81.4667192082549
28.5714285714286	0	82.4987636216506	0	82.4987636216506	DCA	70	90.1568172404078
42.8571428571429	0	81.7547434975268	0	81.7547434975268	DCA	280	95.9546174508193
57.1428571428571	0	82.2743532185259	0	82.2743532185259	DCA	280	96.4742271718184
71.4285714285714	0	79.6232160640681	0	79.6232160640681	DCA	280	93.8230900173606
85.7142857142857	0	79.5322768756649	0	79.5322768756649	DCA	280	93.7321508289574
100	0	79.770075324749	0	79.770075324749	DCA	140	92.3474591419741
114.285714285714	0	80.3735831045615	0	80.3735831045615	DCA	280	94.573457057854
128.571428571429	0	82.4553393093629	0	82.4553393093629	DCA	70	90.1133929281201
142.857142857143	0	81.9538275358144	0	81.9538275358144	DCA	210	96.7118181312179
157.142857142857	0	84.3325890770497	0	84.3325890770497	DCA	140	96.9099728942747
171.428571428571	0	82.9853490355555	0	82.9853490355555	DCA	0	82.9853490355555
185.714285714286	0	78.1704988393777	0	78.1704988393777	DCA	140	90.7478826566027
200	0	81.1268340213506	0	81.1268340213506	DCA	70	88.7848876401078
214.285714285714	0	78.9269907237156	0	78.9269907237156	DCA	70	86.5850443424728
228.571428571429	0	78.8604999945996	0	78.8604999945996	DCA	210	93.618490590003
242.857142857143	0	82.6478887429905	0	82.6478887429905	DCA	70	90.3059423617478
257.142857142857	0	81.1134262276006	0	81.1134262276006	DCA	280	95.3133001808931
271.428571428571	0	79.4273803417817	0	79.4273803417817	DCA	280	93.6272542950742
285.714285714286	0	79.0991944539753	0	79.0991944539753	DCA	140	91.6765782712003
300	0	80.2843769412313	0	80.2843769412313	DCA	0	80.2843769412313
314.285714285714	0	81.9833525876092	0	81.9833525876092	DCA	280	96.1832265409017
328.571428571429	0	81.0651726013399	0	81.0651726013399	DCA	0	81.0651726013399
342.857142857143	0	78.2753078657947	0	78.2753078657947	DCA	210	93.0332984611981
357.142857142857	0	79.3212814260798	0	79.3212814260798	DCA	70	86.979335044837
371.428571428571	0	77.2111732468163	0	77.2111732468163	DCA	0	77.2111732468163
385.714285714286	0	79.0129669929638	0	79.0129669929638	DCA	140	91.5903508101889
400	0	76.7795227337849	0	76.7795227337849	DCA	280	90.9793966870774
414.285714285714	0	74.7525287508418	0	74.7525287508418	DCA	70	82.410582369599
428.571428571429	0	75.530552524973	0	75.530552524973	DCA	70	83.1886061437302
442.857142857143	0	79.0133552551223	0	79.0133552551223	DCA	0	79.0133552551223
457.142857142857	0	74.9291024180058	0	74.9291024180058	DCA	0	74.9291024180058
471.428571428571	0	74.4918844500368	0	74.4918844500368	DCA	280	88.6917584033293
485.714285714286	0	76.2385865269226	0	76.2385865269226	DCA	0	76.2385865269226
500	0	75.4684972336996	0	75.4684972336996	DCA	70	83.1265508524568
514.285714285714	0	79.8976764324814	24.6	104.497676432481	DCA	0	104.497676432481
528.571428571429	0	83.1020243443298	24.6	107.70202434433	DCA	140	131.989008161555
542.857142857143	0	80.6817878332623	24.6	105.281787833262	DCA	280	142.900861786555
557.142857142857	0	80.9795351938727	24.6	105.579535193873	DCA	210	137.901925789276
571.428571428571	0	79.0417330813398	24.6	103.64173308134	DCA	280	141.260807034632
585.714285714286	0	78.7447570584821	24.6	103.344757058482	DCA	0	103.344757058482
600	0	80.174809282847	24.6	104.774809282847	DCA	210	137.09719987825
614.285714285714	0	77.9496725934365	24.6	102.549672593436	DCA	140	126.836656410662
628.571428571429	0	80.4572419012356	24.6	105.057241901236	DCA	140	129.344225718461
642.857142857143	0	81.1444833476442	24.6	105.744483347644	DCA	210	138.066873943048
657.142857142857	0	79.4224616904095	24.6	104.02246169041	DCA	70	117.535315309167
671.428571428571	0	79.9060931056616	24.6	104.506093105662	DCA	140	128.793076922887
685.714285714286	0	80.6390198546396	24.6	105.23901985464	DCA	210	137.561410450043
700	0	78.7464422870719	24.6	103.346442287072	DCA	70	116.859295905829
714.285714285714	0	77.0571425074753	24.6	101.657142507475	DCA	280	139.276216460768
728.571428571429	0	79.5084600612107	24.6	104.108460061211	DCA	140	128.395443878436
742.857142857143	0	80.1191530197333	24.6	104.719153019733	DCA	70	118.232006638491
757.142857142857	0	78.714849204789	24.6	103.314849204789	DCA	210	135.637239800192
771.428571428571	0	77.2373027823832	24.6	101.837302782383	DCA	70	115.35015640114
785.714285714286	0	77.939778246961	24.6	102.539778246961	DCA	0	102.539778246961
800	0	79.0434078055068	24.6	103.643407805507	DCA	0	103.643407805507
814.285714285714	0	81.4449301908056	24.6	106.044930190806	DCA	0	106.044930190806
828.571428571429	0	78.512997244121	24.6	103.112997244121	DCA	210	135.435387839524
842.857142857143	0	74.8240656799863	24.6	99.4240656799863	DCA	280	137.043139633279
857.142857142857	0	77.9855374728578	24.6	102.585537472858	DCA	140	126.872521290083
871.428571428571	0	79.2046210509438	24.6	103.804621050944	DCA	70	117.317474669701
885.714285714286	0	77.4959859528937	24.6	102.095985952894	DCA	210	134.418376548297
900	0	75.6034969002702	24.6	100.20349690027	DCA	210	132.525887495674
914.285714285714	0	76.2535303115948	24.6	100.853530311595	DCA	210	133.175920906998
928.571428571429	0	77.5100746450919	24.6	102.110074645092	DCA	280	139.729148598384
942.857142857143	0	79.510718447058	24.6	104.110718447058	DCA	70	117.623572065815
957.142857142857	0	79.0373244338722	24.6	103.637324433872	DCA	70	117.150178052629
971.428571428571	0	80.4358581054006	24.6	105.035858105401	DCA	210	137.358248700804
985.714285714286	0	77.8841185693274	24.6	102.484118569327	DCA	70	115.996972188085
1000	0	79.614228146454	24.6	104.214228146454	DCA	70	117.727081765211
0	33.3333333333333	78.5990132593787	0	78.5990132593787	DCA	280	92.7988872126712
14.2857142857143	33.3333333333333	80.8468343340377	0	80.8468343340377	DCA	280	95.0467082873302
28.5714285714286	33.3333333333333	81.7840877112903	0	81.7840877112903	DCA	280	95.9839616645828
42.8571428571429	33.3333333333333	84.1601463431704	0	84.1601463431704	DCA	140	96.7375301603954
57.1428571428571	33.3333333333333	83.2604318566928	0	83.2604318566928	DCA	210	98.0184224520963
71.4285714285714	33.3333333333333	82.4683609234899	0	82.4683609234899	DCA	210	97.2263515188934
85.7142857142857	33.3333333333333	81.4303806295775	0	81.4303806295775	DCA	70	89.0884342483347
100	33.3333333333333	79.2091757992858	0	79.2091757992858	DCA	0	79.2091757992858
114.285714285714	33.3333333333333	80.8407210358947	0	80.8407210358947	DCA	280	95.0405949891872
128.571428571429	33.3333333333333	85.5471446878536	0	85.5471446878536	DCA	210	100.305135283257
142.857142857143	33.3333333333333	83.4850872932723	0	83.4850872932723	DCA	280	97.6849612465648
157.142857142857	33.3333333333333	81.6883823230383	0	81.6883823230383	DCA	0	81.6883823230383
171.428571428571	33.3333333333333	82.1460521843421	0	82.1460521843421	DCA	140	94.7234360015671
185.714285714286	33.3333333333333	78.6557557320756	0	78.6557557320756	DCA	140	91.2331395493006
200	33.3333333333333	80.6359812725717	0	80.6359812725717	DCA	140	93.2133650897967
214.285714285714	33.3333333333333	80.2792546288693	0	80.2792546288693	DCA	70	87.9373082476265
228.571428571429	33.3333333333333	79.3181411510748	0	79.3181411510748	DCA	140	91.8955249682998
242.857142857143	33.3333333333333	79.3519830465651	0	79.3519830465651	DCA	70	87.0100366653223
257.142857142857	33.3333333333333	79.9798661150867	0	79.9798661150867	DCA	0	79.9798661150867
271.428571428571	33.3333333333333	77.9783144642357	0	77.9783144642357	DCA	210	92.7363050596391
285.714285714286	33.3333333333333	80.0713658193962	0	80.0713658193962	DCA	0	80.0713658193962
300	33.3333333333333	80.8223484347287	0	80.8223484347287	DCA	70	88.4804020534859
314.285714285714	33.3333333333333	79.208803157868	0	79.208803157868	DCA	140	91.786186975093
328.571428571429	33.3333333333333	79.0792286389841	0	79.0792286389841	DCA	70	86.7372822577413
342.857142857143	33.3333333333333	80.3564643410338	0	80.3564643410338	DCA	0	80.3564643410338
357.142857142857	33.3333333333333	81.1244726024191	0	81.1244726024191	DCA	70	88.7825262211763
371.428571428571	33.3333333333333	81.9611124414497	0	81.9611124414497	DCA	140	94.5384962586747
385.714285714286	33.3333333333333	79.7719848256602	0	79.7719848256602	DCA	140	92.3493686428853
400	33.3333333333333	80.3647225303829	0	80.3647225303829	DCA	70	88.0227761491401
414.285714285714	33.3333333333333	79.9550594415213	0	79.9550594415213	DCA	280	94.1549333948138
428.571428571429	33.3333333333333	79.3205666142241	0	79.3205666142241	DCA	0	79.3205666142241
442.857142857143	33.3333333333333	80.2370867575167	0	80.2370867575167	DCA	140	92.8144705747417
457.142857142857	33.3333333333333	77.5265209167214	0	77.5265209167214	DCA	280	91.7263948700139
471.428571428571	33.3333333333333	80.7316352179112	0	80.7316352179112	DCA	210	95.4896258133146
485.714285714286	33.3333333333333	77.3806756993712	0	77.3806756993712	DCA	70	85.0387293181284
500	33.3333333333333	78.7349951088736	0	78.7349951088736	DCA	210	93.4929857042771
514.285714285714	33.3333333333333	82.2478477202926	24.6	106.847847720293	DCA	140	131.134831537518
528.571428571429	33.3333333333333	78.6898326802505	24.6	103.289832680251	DCA	140	127.576816497476
542.857142857143	33.3333333333333	77.604045217614	24.6	102.204045217614	DCA	70	115.716898836371
557.142857142857	33.3333333333333	78.0367444117797	24.6	102.63674441178	DCA	210	134.959135007183
571.428571428571	33.3333333333333	77.6650852546433	24.6	102.265085254643	DCA	70	115.777938873401
585.714285714286	33.3333333333333	78.333280460844	24.6	102.933280460844	DCA	210	135.255671056247
600	33.3333333333333	77.8619234514063	24.6	102.461923451406	DCA	210	134.78431404681
614.285714285714	33.3333333333333	79.4614904255127	24.6	104.061490425513	DCA	0	104.061490425513
628.571428571429	33.3333333333333	77.1103545714321	24.6	101.710354571432	DCA	140	125.997338388657
642.857142857143	33.3333333333333	78.7084282318338	24.6	103.308428231834	DCA	70	116.821281850591
657.142857142857	33.3333333333333	82.4699956049955	24.6	107.069995604996	DCA	280	144.689069558288
671.428571428571	33.3333333333333	82.1371716660011	24.6	106.737171666001	DCA	140	131.024155483226
685.714285714286	33.3333333333333	83.6967571988339	24.6	108.296757198834	DCA	210	140.619147794237
700	33.3333333333333	78.4159413498157	24.6	103.015941349816	DCA	0	103.015941349816
714.285714285714	33.3333333333333	81.6221149664239	24.6	106.222114966424	DCA	280	143.841188919716
728.571428571429	33.3333333333333	78.0994344444928	24.6	102.699434444493	DCA	280	140.318508397785
742.857142857143	33.3333333333333	78.8212410797062	24.6	103.421241079706	DCA	210	135.74363167511
757.142857142857	33.3333333333333	76.8904013802468	24.6	101.490401380247	DCA	210	133.81279197565
771.428571428571	33.3333333333333	76.862876241302	24.6	101.462876241302	DCA	0	101.462876241302
785.714285714286	33.3333333333333	75.9639578900898	24.6	100.56395789009	DCA	0	100.56395789009
800	33.3333333333333	75.817403856117	24.6	100.417403856117	DCA	70	113.930257474874
814.285714285714	33.3333333333333	73.5816180452656	24.6	98.1816180452656	DCA	210	130.504008640669
828.571428571429	33.3333333333333	72.5487684333244	24.6	97.1487684333244	DCA	210	129.471159028728
842.857142857143	33.3333333333333	69.9586809596796	24.6	94.5586809596796	DCA	280	132.177754912972
857.142857142857	33.3333333333333	73.8260743053854	24.6	98.4260743053854	DCA	280	136.045148258678
871.428571428571	33.3333333333333	76.4485956750382	24.6	101.048595675038	DCA	280	138.667669628331
885.714285714286	33.3333333333333	75.1260727970576	24.6	99.7260727970576	DCA	280	137.34514675035
900	33.3333333333333	76.6553398802166	24.6	101.255339880217	DCA	210	133.57773047562
914.285714285714	33.3333333333333	75.4047009656513	24.6	100.004700965651	DCA	210	132.327091561055
928.571428571429	33.3333333333333	79.2614282554011	24.6	103.861428255401	DCA	140	128.148412072626
942.857142857143	33.3333333333333	79.4925535937517	24.6	104.092553593752	DCA	210	136.414944189155
957.142857142857	33.3333333333333	76.3114518231636	24.6	100.911451823164	DCA	140	125.198435640389
971.428571428571	33.3333333333333	80.6156160665679	24.6	105.215616066568	DCA	280	142.83469001986
985.714285714286	33.3333333333333	76.770634894399	24.6	101.370634894399	DCA	280	138.989708847692
1000	33.3333333333333	82.897423074525	24.6	107.497423074525	DCA	280	145.116497027817
0	66.6666666666667	81.8967503531171	0	81.8967503531171	DCA	70	89.5548039718743
14.2857142857143	66.6666666666667	83.6178703463776	0	83.6178703463776	DCA	210	98.3758609417811
28.5714285714286	66.6666666666667	86.4939392688521	0	86.4939392688521	DCA	140	99.0713230860771
42.8571428571429	66.6666666666667	84.2056891141016	0	84.2056891141016	DCA	70	91.8637427328589
57.1428571428571	66.6666666666667	82.5508574588262	0	82.5508574588262	DCA	210	97.3088480542296
71.4285714285714	66.6666666666667	82.8024173243364	0	82.8024173243364	DCA	140	95.3798011415615
85.7142857142857	66.6666666666667	81.8655525874726	0	81.8655525874726	DCA	210	96.623543182876
100	66.6666666666667	81.2790398432142	0	81.2790398432142	DCA	70	88.9370934619714
114.285714285714	66.6666666666667	80.2328571818106	0	80.2328571818106	DCA	280	94.4327311351031
128.571428571429	66.6666666666667	79.6775398427012	0	79.6775398427012	DCA	210	94.4355304381046
142.857142857143	66.6666666666667	81.3885970432471	0	81.3885970432471	DCA	0	81.3885970432471
157.142857142857	66.6666666666667	79.8203157250964	0	79.8203157250964	DCA	140	92.3976995423215
171.428571428571	66.6666666666667	81.5023609327329	0	81.5023609327329	DCA	0	81.5023609327329
185.714285714286	66.6666666666667	78.4842031592708	0	78.4842031592708	DCA	280	92.6840771125633
200	66.6666666666667	78.4192391859198	0	78.4192391859198	DCA	210	93.1772297813232
214.285714285714	66.6666666666667	78.6522515133655	0	78.6522515133655	DCA	210	93.410242108769
228.571428571429	66.6666666666667	78.8784215739109	0	78.8784215739109	DCA	210	93.6364121693143
242.857142857143	66.6666666666667	83.5223562242428	0	83.5223562242428	DCA	0	83.5223562242428
257.142857142857	66.6666666666667	81.0120824146828	0	81.0120824146828	DCA	280	95.2119563679752
271.428571428571	66.6666666666667	80.4019143309777	0	80.4019143309777	DCA	70	88.0599679497349
285.714285714286	66.6666666666667	80.4080758279602	0	80.4080758279602	DCA	70	88.0661294467174
300	66.6666666666667	78.5422280175411	0	78.5422280175411	DCA	140	91.1196118347661
314.285714285714	66.6666666666667	81.7909892681208	0	81.7909892681208	DCA	70	89.449042886878
328.571428571429	66.6666666666667	80.9157315479874	0	80.9157315479874	DCA	70	88.5737851667446
342.857142857143	66.6666666666667	83.9164374597058	0	83.9164374597058	DCA	210	98.6744280551093
357.142857142857	66.6666666666667	79.6045639328509	0	79.6045639328509	DCA	0	79.6045639328509
371.428571428571	66.6666666666667	79.3567848898191	0	79.3567848898191	DCA	210	94.1147754852225
385.714285714286	66.6666666666667	79.7124324594853	0	79.7124324594853	DCA	70	87.3704860782425
400	66.6666666666667	82.0427996532528	0	82.0427996532528	DCA	0	82.0427996532528
414.285714285714	66.6666666666667	83.6362926271601	0	83.6362926271601	DCA	140	96.2136764443851
428.571428571429	66.6666666666667	80.70036040439	0	80.70036040439	DCA	70	88.3584140231472
442.857142857143	66.6666666666667	79.9127875976254	0	79.9127875976254	DCA	140	92.4901714148504
457.142857142857	66.6666666666667	82.7271266780799	0	82.7271266780799	DCA	210	97.4851172734834
471.428571428571	66.6666666666667	85.3931476587412	0	85.3931476587412	DCA	70	93.0512012774984
485.714285714286	66.6666666666667	85.6237456757376	0	85.6237456757376	DCA	210	100.381736271141
500	66.6666666666667	82.597900895184	0	82.597900895184	DCA	140	95.175284712409
514.285714285714	66.6666666666667	83.9064023194764	24.6	108.506402319476	DCA	140	132.793386136701
528.571428571429	66.6666666666667	80.7978269637846	24.6	105.397826963785	DCA	280	143.016900917077
542.857142857143	66.6666666666667	78.7653416398035	24.6	103.365341639804	DCA	70	116.878195258561
557.142857142857	66.6666666666667	84.6492803419615	24.6	109.249280341961	DCA	280	146.868354295254
571.428571428571	66.6666666666667	81.6934732559537	24.6	106.293473255954	DCA	70	119.806326874711
585.714285714286	66.6666666666667	79.779803469475	24.6	104.379803469475	DCA	210	136.702194064878
600	66.6666666666667	80.8538020436245	24.6	105.453802043624	DCA	70	118.966655662382
614.285714285714	66.6666666666667	81.5367544563066	24.6	106.136754456307	DCA	70	119.649608075064
628.571428571429	66.6666666666667	82.5730751063895	24.6	107.17307510639	DCA	70	120.685928725147
642.857142857143	66.6666666666667	82.899525973138	24.6	107.499525973138	DCA	70	121.012379591895
657.142857142857	66.6666666666667	81.9428674175459	24.6	106.542867417546	DCA	140	130.829851234771
671.428571428571	66.6666666666667	80.5139638892994	24.6	105.113963889299	DCA	0	105.113963889299
685.714285714286	66.6666666666667	78.3647299322508	24.6	102.964729932251	DCA	0	102.964729932251
700	66.6666666666667	79.084949006927	24.6	103.684949006927	DCA	70	117.197802625684
714.285714285714	66.6666666666667	79.6205199592715	24.6	104.220519959272	DCA	0	104.220519959272
728.571428571429	66.6666666666667	80.3856872794176	24.6	104.985687279418	DCA	0	104.985687279418
742.857142857143	66.6666666666667	79.0353918869576	24.6	103.635391886958	DCA	70	117.148245505715
757.142857142857	66.6666666666667	79.5895155471214	24.6	104.189515547121	DCA	70	117.702369165879
771.428571428571	66.6666666666667	77.6996310546221	24.6	102.299631054622	DCA	70	115.812484673379
785.714285714286	66.6666666666667	75.0578413317099	24.6	99.6578413317099	DCA	280	137.276915285002
800	66.6666666666667	72.6053852493393	24.6	97.2053852493393	DCA	210	129.527775844743
814.285714285714	66.6666666666667	74.5560957310668	24.6	99.1560957310668	DCA	280	136.775169684359
828.571428571429	66.6666666666667	76.9276668204115	24.6	101.527666820412	DCA	210	133.850057415815
842.857142857143	66.6666666666667	72.9927819407327	24.6	97.5927819407327	DCA	210	129.915172536136
857.142857142857	66.6666666666667	73.5071873187794	24.6	98.1071873187794	DCA	280	135.726261272072
871.428571428571	66.6666666666667	76.1726039803795	24.6	100.77260398038	DCA	140	125.059587797605
885.714285714286	66.6666666666667	74.9846989294605	24.6	99.5846989294605	DCA	140	123.871682746686
900	66.6666666666667	77.3106388660878	24.6	101.910638866088	DCA	140	126.197622683313
914.285714285714	66.6666666666667	81.1106952298366	24.6	105.710695229837	DCA	210	138.03308582524
928.571428571429	66.6666666666667	77.9386631032694	24.6	102.538663103269	DCA	280	140.157737056562
942.857142857143	66.6666666666667	77.652257326732	24.6	102.252257326732	DCA	140	126.539241143957
957.142857142857	66.6666666666667	71.6101499462283	24.6	96.2101499462283	DCA	210	128.532540541632
971.428571428571	66.6666666666667	78.8905362259964	24.6	103.490536225996	DCA	70	117.003389844754
985.714285714286	66.6666666666667	81.6836517483889	24.6	106.283651748389	DCA	0	106.283651748389
1000	66.6666666666667	81.5219816003777	24.6	106.121981600378	DCA	210	138.444372195781
0	100	81.7929964770945	0	81.7929964770945	DCA	140	94.3703802943195
14.2857142857143	100	80.8412817018738	0	80.8412817018738	DCA	0	80.8412817018738
28.5714285714286	100	82.3751618826504	0	82.3751618826504	DCA	70	90.0332155014077
42.8571428571429	100	83.736586910381	0	83.736586910381	DCA	70	91.3946405291382
57.1428571428571	100	83.9898296581753	0	83.9898296581753	DCA	0	83.9898296581753
71.4285714285714	100	84.5756183632464	0	84.5756183632464	DCA	0	84.5756183632464
85.7142857142857	100	82.3811947008522	0	82.3811947008522	DCA	70	90.0392483196094
100	100	79.8681478987275	0	79.8681478987275	DCA	140	92.4455317159525
114.285714285714	100	82.1823850104166	0	82.1823850104166	DCA	210	96.94037560582
128.571428571429	100	81.4296289108931	0	81.4296289108931	DCA	210	96.1876195062966
142.857142857143	100	82.257841624353	0	82.257841624353	DCA	210	97.0158322197565
157.142857142857	100	82.7332689198765	0	82.7332689198765	DCA	210	97.4912595152799
171.428571428571	100	81.7786203509558	0	81.7786203509558	DCA	210	96.5366109463592
185.714285714286	100	83.7871622345044	0	83.7871622345044	DCA	140	96.3645460517294
200	100	81.7800904709922	0	81.7800904709922	DCA	0	81.7800904709922
214.285714285714	100	79.7210283848799	0	79.7210283848799	DCA	280	93.9209023381724
228.571428571429	100	78.9848280707634	0	78.9848280707634	DCA	210	93.7428186661669
242.857142857143	100	81.5933100358739	0	81.5933100358739	DCA	280	95.7931839891664
257.142857142857	100	83.7416224573101	0	83.7416224573101	DCA	0	83.7416224573101
271.428571428571	100	81.4380602166657	0	81.4380602166657	DCA	210	96.1960508120691
285.714285714286	100	80.1435367148402	0	80.1435367148402	DCA	140	92.7209205320652
300	100	80.856296762035	0	80.856296762035	DCA	280	95.0561707153275
314.285714285714	100	79.7740228464881	0	79.7740228464881	DCA	70	87.4320764652453
328.571428571429	100	78.633231154225	0	78.633231154225	DCA	70	86.2912847729822
342.857142857143	100	77.1114075646298	0	77.1114075646298	DCA	140	89.6887913818548
357.142857142857	100	78.4923694846196	0	78.4923694846196	DCA	280	92.6922434379121
371.428571428571	100	82.1235977603102	0	82.1235977603102	DCA	70	89.7816513790674
385.714285714286	100	81.0421312912835	0	81.0421312912835	DCA	0	81.0421312912835
400	100	81.5694277160357	0	81.5694277160357	DCA	210	96.3274183114391
414.285714285714	100	81.1226372987803	0	81.1226372987803	DCA	140	93.7000211160053
428.571428571429	100	83.3385395470189	0	83.3385395470189	DCA	280	97.5384135003114
442.857142857143	100	83.8989728279678	0	83.8989728279678	DCA	210	98.6569634233712
457.142857142857	100	80.7089284648358	0	80.7089284648358	DCA	210	95.4669190602392
471.428571428571	100	84.0531500353591	0	84.0531500353591	DCA	280	98.2530239886516
485.714285714286	100	82.517955159657	0	82.517955159657	DCA	210	97.2759457550605
500	100	82.3087603562717	0	82.3087603562717	DCA	0	82.3087603562717
514.285714285714	100	82.024279127179	24.6	106.624279127179	DCA	210	138.946669722582
528.571428571429	100	82.9763619789085	24.6	107.576361978908	DCA	140	131.863345796133
542.857142857143	100	84.113372282845	24.6	108.713372282845	DCA	210	141.035762878248
557.142857142857	100	82.6235591890559	24.6	107.223559189056	DCA	210	139.545949784459
571.428571428571	100	88.8434643743915	24.6	113.443464374391	DCA	70	126.956317993149
585.714285714286	100	83.4140964638217	24.6	108.014096463822	DCA	0	108.014096463822
600	100	84.1036518100328	24.6	108.703651810033	DCA	70	122.21650542879
614.285714285714	100	84.0418744499345	24.6	108.641874449934	DCA	70	122.154728068692
628.571428571429	100	82.5964289055932	24.6	107.196428905593	DCA	140	131.483412722818
642.857142857143	100	82.2713011675924	24.6	106.871301167592	DCA	280	144.490375120885
657.142857142857	100	79.7102805901949	24.6	104.310280590195	DCA	0	104.310280590195
671.428571428571	100	82.6043888622423	24.6	107.204388862242	DCA	140	131.491372679467
685.714285714286	100	77.2719965134699	24.6	101.87199651347	DCA	280	139.491070466762
700	100	78.5797454495292	24.6	103.179745449529	DCA	0	103.179745449529
714.285714285714	100	80.3363466872125	24.6	104.936346687212	DCA	210	137.258737282616
728.571428571429	100	82.1724223081898	24.6	106.77242230819	DCA	0	106.77242230819
742.857142857143	100	79.9781131223011	24.6	104.578113122301	DCA	70	118.090966741058
757.142857142857	100	78.2135154047983	24.6	102.813515404798	DCA	210	135.135906000202
771.428571428571	100	76.0838378291798	24.6	100.68383782918	DCA	210	133.006228424583
785.714285714286	100	79.3626609849237	24.6	103.962660984924	DCA	210	136.285051580327
800	100	78.8480123458492	24.6	103.448012345849	DCA	140	127.734996163074
814.285714285714	100	76.8300190644012	24.6	101.430019064401	DCA	0	101.430019064401
828.571428571429	100	78.0747713629123	24.6	102.674771362912	DCA	280	140.293845316205
842.857142857143	100	77.1605654554143	24.6	101.760565455414	DCA	0	101.760565455414
857.142857142857	100	81.2535300036355	24.6	105.853530003635	DCA	70	119.366383622393
871.428571428571	100	77.0201151341423	24.6	101.620115134142	DCA	70	115.132968752899
885.714285714286	100	77.0927541013285	24.6	101.692754101329	DCA	280	139.311828054621
900	100	79.5480451189458	24.6	104.148045118946	DCA	140	128.435028936171
914.285714285714	100	77.3653895993813	24.6	101.965389599381	DCA	0	101.965389599381
928.571428571429	100	74.5815188805914	24.6	99.1815188805914	DCA	70	112.694372499349
942.857142857143	100	79.9190248719618	24.6	104.519024871962	DCA	70	118.031878490719
957.142857142857	100	80.4157254373549	24.6	105.015725437355	DCA	0	105.015725437355
971.428571428571	100	82.0955490193409	24.6	106.695549019341	DCA	70	120.208402638098
985.714285714286	100	77.6404047369696	24.6	102.24040473697	DCA	280	139.859478690262
1000	100	86.4510997733343	24.6	111.051099773334	DCA	0	111.051099773334
0	133.333333333333	79.0196389668451	0	79.0196389668451	DCA	140	91.5970227840701
14.2857142857143	133.333333333333	79.9043885293543	0	79.9043885293543	DCA	0	79.9043885293543
28.5714285714286	133.333333333333	85.204246933348	0	85.204246933348	DCA	0	85.204246933348
42.8571428571429	133.333333333333	81.8379594251007	0	81.8379594251007	DCA	70	89.4960130438579
57.1428571428571	133.333333333333	84.2963597703252	0	84.2963597703252	DCA	140	96.8737435875502
71.4285714285714	133.333333333333	83.3742818327929	0	83.3742818327929	DCA	0	83.3742818327929
85.7142857142857	133.333333333333	82.0550730523889	0	82.0550730523889	DCA	280	96.2549470056814
100	133.333333333333	80.230294063187	0	80.230294063187	DCA	280	94.4301680164795
114.285714285714	133.333333333333	77.4068340700298	0	77.4068340700298	DCA	280	91.6067080233223
128.571428571429	133.333333333333	80.2102787769754	0	80.2102787769754	DCA	0	80.2102787769754
142.857142857143	133.333333333333	81.2478414949886	0	81.2478414949886	DCA	70	88.9058951137458
157.142857142857	133.333333333333	76.812045227266	0	76.812045227266	DCA	140	89.389429044491
171.428571428571	133.333333333333	81.0750603579234	0	81.0750603579234	DCA	70	88.7331139766806
185.714285714286	133.333333333333	80.0396901732966	0	80.0396901732966	DCA	210	94.7976807687
200	133.333333333333	83.9030668602561	0	83.9030668602561	DCA	140	96.4804506774811
214.285714285714	133.333333333333	80.1819063374354	0	80.1819063374354	DCA	280	94.3817802907278
228.571428571429	133.333333333333	76.9886640959146	0	76.9886640959146	DCA	280	91.1885380492071
242.857142857143	133.333333333333	80.1760318637197	0	80.1760318637197	DCA	0	80.1760318637197
257.142857142857	133.333333333333	82.51730669284	0	82.51730669284	DCA	210	97.2752972882434
271.428571428571	133.333333333333	80.7485200425897	0	80.7485200425897	DCA	140	93.3259038598147
285.714285714286	133.333333333333	81.583149363895	0	81.583149363895	DCA	0	81.583149363895
300	133.333333333333	82.1749539640034	0	82.1749539640034	DCA	140	94.7523377812284
314.285714285714	133.333333333333	79.2481738541594	0	79.2481738541594	DCA	0	79.2481738541594
328.571428571429	133.333333333333	79.2586279679436	0	79.2586279679436	DCA	140	91.8360117851686
342.857142857143	133.333333333333	82.8639317392921	0	82.8639317392921	DCA	210	97.6219223346955
357.142857142857	133.333333333333	80.7819322620037	0	80.7819322620037	DCA	210	95.5399228574071
371.428571428571	133.333333333333	82.5369307870491	0	82.5369307870491	DCA	210	97.2949213824526
385.714285714286	133.333333333333	84.5628119615653	0	84.5628119615653	DCA	0	84.5628119615653
400	133.333333333333	81.060558031552	0	81.060558031552	DCA	140	93.637941848777
414.285714285714	133.333333333333	84.1552181362267	0	84.1552181362267	DCA	280	98.3550920895192
428.571428571429	133.333333333333	83.0765189706587	0	83.0765189706587	DCA	140	95.6539027878837
442.857142857143	133.333333333333	81.2195445457779	0	81.2195445457779	DCA	140	93.7969283630029
457.142857142857	133.333333333333	81.0400557066549	0	81.0400557066549	DCA	140	93.6174395238799
471.428571428571	133.333333333333	81.6519266228831	0	81.6519266228831	DCA	70	89.3099802416403
485.714285714286	133.333333333333	80.6968294485597	0	80.6968294485597	DCA	210	95.4548200439631
500	133.333333333333	84.1831542801821	0	84.1831542801821	DCA	210	98.9411448755855
514.285714285714	133.333333333333	85.1534093368035	24.6	109.753409336804	DCA	70	123.266262955561
528.571428571429	133.333333333333	80.9244762982964	24.6	105.524476298296	DCA	70	119.037329917054
542.857142857143	133.333333333333	84.8836905892705	24.6	109.483690589271	DCA	0	109.483690589271
557.142857142857	133.333333333333	82.1920889623823	24.6	106.792088962382	DCA	140	131.079072779607
571.428571428571	133.333333333333	84.6199512347985	24.6	109.219951234798	DCA	280	146.839025188091
585.714285714286	133.333333333333	85.0177763467467	24.6	109.617776346747	DCA	280	147.236850300039
600	133.333333333333	80.6233042639226	24.6	105.223304263923	DCA	140	129.510288081148
614.285714285714	133.333333333333	79.8424378870657	24.6	104.442437887066	DCA	0	104.442437887066
628.571428571429	133.333333333333	84.3042325492611	24.6	108.904232549261	DCA	70	122.417086168018
642.857142857143	133.333333333333	81.4337545646088	24.6	106.033754564609	DCA	280	143.652828517901
657.142857142857	133.333333333333	83.0549491734954	24.6	107.654949173495	DCA	0	107.654949173495
671.428571428571	133.333333333333	82.8778601776848	24.6	107.477860177685	DCA	140	131.76484399491
685.714285714286	133.333333333333	83.0070344281386	24.6	107.607034428139	DCA	210	139.929425023542
700	133.333333333333	79.7089560958782	24.6	104.308956095878	DCA	280	141.928030049171
714.285714285714	133.333333333333	77.0588992141406	24.6	101.658899214141	DCA	70	115.171752832898
728.571428571429	133.333333333333	78.7867425149719	24.6	103.386742514972	DCA	280	141.005816468264
742.857142857143	133.333333333333	80.9983099864176	24.6	105.598309986418	DCA	140	129.885293803643
757.142857142857	133.333333333333	75.293950920705	24.6	99.893950920705	DCA	0	99.893950920705
771.428571428571	133.333333333333	81.2996130431159	24.6	105.899613043116	DCA	280	143.518686996408
785.714285714286	133.333333333333	82.2562294180265	24.6	106.856229418027	DCA	280	144.475303371319
800	133.333333333333	79.5272623212013	24.6	104.127262321201	DCA	70	117.640115939959
814.285714285714	133.333333333333	79.5922724144558	24.6	104.192272414456	DCA	210	136.514663009859
828.571428571429	133.333333333333	80.7202977719053	24.6	105.320297771905	DCA	280	142.939371725198
842.857142857143	133.333333333333	81.8707837089445	24.6	106.470783708944	DCA	280	144.089857662237
857.142857142857	133.333333333333	78.5464280648618	24.6	103.146428064862	DCA	210	135.468818660265
871.428571428571	133.333333333333	77.8203217375518	24.6	102.420321737552	DCA	140	126.707305554777
885.714285714286	133.333333333333	76.1532440739983	24.6	100.753244073998	DCA	0	100.753244073998
900	133.333333333333	78.8482193596597	24.6	103.44821935966	DCA	70	116.961072978417
914.285714285714	133.333333333333	76.8137564538136	24.6	101.413756453814	DCA	0	101.413756453814
928.571428571429	133.333333333333	74.7983145608588	24.6	99.3983145608588	DCA	0	99.3983145608588
942.857142857143	133.333333333333	77.3175975120835	24.6	101.917597512083	DCA	280	139.536671465376
957.142857142857	133.333333333333	77.6317513613793	24.6	102.231751361379	DCA	210	134.554141956783
971.428571428571	133.333333333333	80.091559572203	24.6	104.691559572203	DCA	140	128.978543389428
985.714285714286	133.333333333333	82.0187386878503	24.6	106.61873868785	DCA	0	106.61873868785
1000	133.333333333333	84.009961303578	24.6	108.609961303578	DCA	210	140.932351898981
0	166.666666666667	78.6320684437541	0	78.6320684437541	DCA	140	91.2094522609791
14.2857142857143	166.666666666667	82.3272339490445	0	82.3272339490445	DCA	140	94.9046177662695
28.5714285714286	166.666666666667	78.3827714978274	0	78.3827714978274	DCA	280	92.5826454511199
42.8571428571429	166.666666666667	80.1642866370914	0	80.1642866370914	DCA	0	80.1642866370914
57.1428571428571	166.666666666667	79.8740723697015	0	79.8740723697015	DCA	280	94.073946322994
71.4285714285714	166.666666666667	81.1864085204403	0	81.1864085204403	DCA	280	95.3862824737328
85.7142857142857	166.666666666667	79.9966838149725	0	79.9966838149725	DCA	0	79.9966838149725
100	166.666666666667	84.9027942375177	0	84.9027942375177	DCA	210	99.6607848329212
114.285714285714	166.666666666667	79.7914379333805	0	79.7914379333805	DCA	140	92.3688217506055
128.571428571429	166.666666666667	79.0931517406642	0	79.0931517406642	DCA	280	93.2930256939567
142.857142857143	166.666666666667	80.2563610170485	0	80.2563610170485	DCA	70	87.9144146358057
157.142857142857	166.666666666667	77.8129982810857	0	77.8129982810857	DCA	280	92.0128722343782
171.428571428571	166.666666666667	76.9206418827851	0	76.9206418827851	DCA	0	76.9206418827851
185.714285714286	166.666666666667	76.8754000445291	0	76.8754000445291	DCA	70	84.5334536632863
200	166.666666666667	78.5315540288565	0	78.5315540288565	DCA	140	91.1089378460815
214.285714285714	166.666666666667	79.5800315340666	0	79.5800315340666	DCA	0	79.5800315340666
228.571428571429	166.666666666667	80.1293795224284	0	80.1293795224284	DCA	70	87.7874331411856
242.857142857143	166.666666666667	79.8942404427956	0	79.8942404427956	DCA	140	92.4716242600207
257.142857142857	166.666666666667	85.6442957884597	0	85.6442957884597	DCA	280	99.8441697417522
271.428571428571	166.666666666667	85.3405219840286	0	85.3405219840286	DCA	70	92.9985756027858
285.714285714286	166.666666666667	83.2260798669762	0	83.2260798669762	DCA	280	97.4259538202687
300	166.666666666667	82.4499017342068	0	82.4499017342068	DCA	70	90.107955352964
314.285714285714	166.666666666667	80.6406840952752	0	80.6406840952752	DCA	280	94.8405580485677
328.571428571429	166.666666666667	80.7830158743045	0	80.7830158743045	DCA	70	88.4410694930617
342.857142857143	166.666666666667	79.0445992021467	0	79.0445992021467	DCA	70	86.7026528209039
357.142857142857	166.666666666667	78.8684621650736	0	78.8684621650736	DCA	140	91.4458459822986
371.428571428571	166.666666666667	83.1073343400222	0	83.1073343400222	DCA	280	97.3072082933147
385.714285714286	166.666666666667	83.1085395083456	0	83.1085395083456	DCA	140	95.6859233255707
400	166.666666666667	80.1753967716866	0	80.1753967716866	DCA	0	80.1753967716866
414.285714285714	166.666666666667	84.2937493551069	0	84.2937493551069	DCA	280	98.4936233083994
428.571428571429	166.666666666667	84.6985634431985	0	84.6985634431985	DCA	210	99.456554038602
442.857142857143	166.666666666667	82.8428178258705	0	82.8428178258705	DCA	0	82.8428178258705
457.142857142857	166.666666666667	79.1726621525236	0	79.1726621525236	DCA	210	93.930652747927
471.428571428571	166.666666666667	79.4486569411926	0	79.4486569411926	DCA	70	87.1067105599498
485.714285714286	166.666666666667	76.7519718904725	0	76.7519718904725	DCA	140	89.3293557076975
500	166.666666666667	77.7088544076052	0	77.7088544076052	DCA	70	85.3669080263624
514.285714285714	166.666666666667	81.0689804844412	24.6	105.668980484441	DCA	210	137.991371079845
528.571428571429	166.666666666667	79.7839962811923	24.6	104.383996281192	DCA	210	136.706386876596
542.857142857143	166.666666666667	85.0790606337524	24.6	109.679060633752	DCA	210	142.001451229156
557.142857142857	166.666666666667	80.4084068613599	24.6	105.00840686136	DCA	210	137.330797456763
571.428571428571	166.666666666667	84.7359567591642	24.6	109.335956759164	DCA	0	109.335956759164
585.714285714286	166.666666666667	85.4293389190699	24.6	110.02933891907	DCA	140	134.316322736295
600	166.666666666667	84.6005563225038	24.6	109.200556322504	DCA	140	133.487540139729
614.285714285714	166.666666666667	84.5468750297818	24.6	109.146875029782	DCA	0	109.146875029782
628.571428571429	166.666666666667	84.1995456771147	24.6	108.799545677115	DCA	70	122.312399295872
642.857142857143	166.666666666667	83.5864456021199	24.6	108.18644560212	DCA	280	145.805519555412
657.142857142857	166.666666666667	84.2621071466438	24.6	108.862107146644	DCA	210	141.184497742047
671.428571428571	166.666666666667	81.8509804559566	24.6	106.450980455957	DCA	70	119.963834074714
685.714285714286	166.666666666667	82.0518595764492	24.6	106.651859576449	DCA	210	138.974250171853
700	166.666666666667	80.1659485882964	24.6	104.765948588296	DCA	0	104.765948588296
714.285714285714	166.666666666667	73.565309186913	24.6	98.165309186913	DCA	0	98.165309186913
728.571428571429	166.666666666667	76.2401795142588	24.6	100.840179514259	DCA	0	100.840179514259
742.857142857143	166.666666666667	79.6332843203782	24.6	104.233284320378	DCA	140	128.520268137603
757.142857142857	166.666666666667	77.581448520423	24.6	102.181448520423	DCA	280	139.800522473715
771.428571428571	166.666666666667	83.9134156351178	24.6	108.513415635118	DCA	140	132.800399452343
785.714285714286	166.666666666667	80.9167029642566	24.6	105.516702964257	DCA	280	143.135776917549
800	166.666666666667	80.4390159821963	24.6	105.039015982196	DCA	280	142.658089935489
814.285714285714	166.666666666667	84.9522502334603	24.6	109.55225023346	DCA	140	133.839234050685
828.571428571429	166.666666666667	84.8020930610679	24.6	109.402093061068	DCA	0	109.402093061068
842.857142857143	166.666666666667	83.7807438976908	24.6	108.380743897691	DCA	0	108.380743897691
857.142857142857	166.666666666667	77.6419730905006	24.6	102.241973090501	DCA	140	126.528956907726
871.428571428571	166.666666666667	79.6668440838108	24.6	104.266844083811	DCA	280	141.885918037103
885.714285714286	166.666666666667	79.5928644854738	24.6	104.192864485474	DCA	0	104.192864485474
900	166.666666666667	80.6766197152413	24.6	105.276619715241	DCA	0	105.276619715241
914.285714285714	166.666666666667	79.629471766969	24.6	104.229471766969	DCA	0	104.229471766969
928.571428571429	166.666666666667	77.2771151968939	24.6	101.877115196894	DCA	0	101.877115196894
942.857142857143	166.666666666667	75.6533311713313	24.6	100.253331171331	DCA	70	113.766184790089
957.142857142857	166.666666666667	78.2720584478724	24.6	102.872058447872	DCA	210	135.194449043276
971.428571428571	166.666666666667	80.0442042192459	24.6	104.644204219246	DCA	140	128.931188036471
985.714285714286	166.666666666667	80.0842915746883	24.6	104.684291574688	DCA	140	128.971275391913
1000	166.666666666667	78.0681295918672	24.6	102.668129591867	DCA	0	102.668129591867
0	200	78.7972650499036	0	78.7972650499036	DCA	280	92.9971390031961
14.2857142857143	200	80.5028044002756	0	80.5028044002756	DCA	210	95.260794995679
28.5714285714286	200	81.5039962184214	0	81.5039962184214	DCA	210	96.2619868138249
42.8571428571429	200	79.4066050311227	0	79.4066050311227	DCA	70	87.0646586498799
57.1428571428571	200	79.8620179789135	0	79.8620179789135	DCA	140	92.4394017961385
71.4285714285714	200	82.309543567928	0	82.309543567928	DCA	140	94.8869273851531
85.7142857142857	200	84.3086624171622	0	84.3086624171622	DCA	280	98.5085363704547
100	200	82.4386770339025	0	82.4386770339025	DCA	210	97.1966676293059
114.285714285714	200	76.9417638455212	0	76.9417638455212	DCA	280	91.1416377988137
128.571428571429	200	76.4340430615947	0	76.4340430615947	DCA	140	89.0114268788197
142.857142857143	200	76.8942903653734	0	76.8942903653734	DCA	70	84.5523439841306
157.142857142857	200	75.2491761589281	0	75.2491761589281	DCA	70	82.9072297776853
171.428571428571	200	74.3606910048689	0	74.3606910048689	DCA	280	88.5605649581614
185.714285714286	200	73.3419418313026	0	73.3419418313026	DCA	210	88.099932426706
200	200	76.3054234137621	0	76.3054234137621	DCA	70	83.9634770325193
214.285714285714	200	82.4573660224555	0	82.4573660224555	DCA	210	97.215356617859
228.571428571429	200	82.6264225047636	0	82.6264225047636	DCA	210	97.384413100167
242.857142857143	200	76.5461736698455	0	76.5461736698455	DCA	140	89.1235574870705
257.142857142857	200	80.0888896007877	0	80.0888896007877	DCA	70	87.7469432195449
271.428571428571	200	80.6982897352501	0	80.6982897352501	DCA	210	95.4562803306536
285.714285714286	200	80.7087203679005	0	80.7087203679005	DCA	0	80.7087203679005
300	200	79.6997370604723	0	79.6997370604723	DCA	0	79.6997370604723
314.285714285714	200	80.3360602972351	0	80.3360602972351	DCA	210	95.0940508926385
328.571428571429	200	83.5055337370243	0	83.5055337370243	DCA	70	91.1635873557815
342.857142857143	200	81.3205322039094	0	81.3205322039094	DCA	0	81.3205322039094
357.142857142857	200	84.0176797552811	0	84.0176797552811	DCA	280	98.2175537085736
371.428571428571	200	86.0012296121347	0	86.0012296121347	DCA	0	86.0012296121347
385.714285714286	200	83.2270254718061	0	83.2270254718061	DCA	0	83.2270254718061
400	200	82.0088292755355	0	82.0088292755355	DCA	0	82.0088292755355
414.285714285714	200	82.7053562031037	0	82.7053562031037	DCA	210	97.4633467985071
428.571428571429	200	81.2849154056712	0	81.2849154056712	DCA	70	88.9429690244284
442.857142857143	200	80.097259496319	0	80.097259496319	DCA	70	87.7553131150762
457.142857142857	200	77.0717863953445	0	77.0717863953445	DCA	140	89.6491702125695
471.428571428571	200	75.9708294950383	0	75.9708294950383	DCA	140	88.5482133122633
485.714285714286	200	76.9323209659824	0	76.9323209659824	DCA	210	91.6903115613859
500	200	77.541241080834	0	77.541241080834	DCA	280	91.7411150341265
514.285714285714	200	78.6174546355098	24.6	103.21745463551	DCA	280	140.836528588802
528.571428571429	200	79.0093914476092	24.6	103.609391447609	DCA	70	117.122245066366
542.857142857143	200	83.2516056543526	24.6	107.851605654353	DCA	280	145.470679607645
557.142857142857	200	79.5406809489122	24.6	104.140680948912	DCA	210	136.463071544316
571.428571428571	200	80.4508754980738	24.6	105.050875498074	DCA	210	137.373266093477
585.714285714286	200	84.2785763914619	24.6	108.878576391462	DCA	70	122.391430010219
600	200	83.8905784335915	24.6	108.490578433591	DCA	280	146.109652386884
614.285714285714	200	83.3610348611582	24.6	107.961034861158	DCA	0	107.961034861158
628.571428571429	200	82.3046892225631	24.6	106.904689222563	DCA	140	131.191673039788
642.857142857143	200	80.6263355000164	24.6	105.226335500016	DCA	210	137.54872609542
657.142857142857	200	78.8347382867781	24.6	103.434738286778	DCA	70	116.947591905535
671.428571428571	200	79.07759038351	24.6	103.67759038351	DCA	70	117.190444002267
685.714285714286	200	84.1876753616234	24.6	108.787675361623	DCA	280	146.406749314916
700	200	81.7215864794366	24.6	106.321586479437	DCA	210	138.64397707484
714.285714285714	200	81.7443832638927	24.6	106.344383263893	DCA	280	143.963457217185
728.571428571429	200	78.5476628838521	24.6	103.147662883852	DCA	140	127.434646701077
742.857142857143	200	79.9776549330648	24.6	104.577654933065	DCA	140	128.86463875029
757.142857142857	200	82.0106963871082	24.6	106.610696387108	DCA	0	106.610696387108
771.428571428571	200	81.2115996979069	24.6	105.811599697907	DCA	140	130.098583515132
785.714285714286	200	81.7756438694428	24.6	106.375643869443	DCA	280	143.994717822735
800	200	81.4483946445851	24.6	106.048394644585	DCA	0	106.048394644585
814.285714285714	200	82.3393398149741	24.6	106.939339814974	DCA	210	139.261730410378
828.571428571429	200	79.1366262982051	24.6	103.736626298205	DCA	140	128.02361011543
842.857142857143	200	76.8659308460936	24.6	101.465930846094	DCA	210	133.788321441497
857.142857142857	200	80.9405831117301	24.6	105.54058311173	DCA	70	119.053436730487
871.428571428571	200	82.4007454817446	24.6	107.000745481745	DCA	140	131.28772929897
885.714285714286	200	83.4023690025328	24.6	108.002369002533	DCA	280	145.621442955825
900	200	82.8974159226549	24.6	107.497415922655	DCA	140	131.78439973988
914.285714285714	200	81.9943365743264	24.6	106.594336574326	DCA	210	138.91672716973
928.571428571429	200	80.3332030261619	24.6	104.933203026162	DCA	280	142.552276979454
942.857142857143	200	79.1881817144944	24.6	103.788181714494	DCA	280	141.407255667787
957.142857142857	200	80.1799743661529	24.6	104.779974366153	DCA	70	118.29282798491
971.428571428571	200	77.4462231736401	24.6	102.04622317364	DCA	0	102.04622317364
985.714285714286	200	79.137261586262	24.6	103.737261586262	DCA	210	136.059652181665
1000	200	81.5032552126395	24.6	106.103255212639	DCA	210	138.425645808043
0	233.333333333333	80.642888930169	0	80.642888930169	DCA	0	80.642888930169
14.2857142857143	233.333333333333	79.0847977578285	0	79.0847977578285	DCA	210	93.842788353232
28.5714285714286	233.333333333333	79.0344025030988	0	79.0344025030988	DCA	140	91.6117863203238
42.8571428571429	233.333333333333	80.9683920523744	0	80.9683920523744	DCA	0	80.9683920523744
57.1428571428571	233.333333333333	76.8946606090815	0	76.8946606090815	DCA	0	76.8946606090815
71.4285714285714	233.333333333333	78.8910711980683	0	78.8910711980683	DCA	0	78.8910711980683
85.7142857142857	233.333333333333	79.5922524096212	0	79.5922524096212	DCA	210	94.3502430050247
100	233.333333333333	80.1561329075681	0	80.1561329075681	DCA	0	80.1561329075681
114.285714285714	233.333333333333	76.3455318545025	0	76.3455318545025	DCA	210	91.1035224499059
128.571428571429	233.333333333333	77.9031631558227	0	77.9031631558227	DCA	70	85.5612167745799
142.857142857143	233.333333333333	77.4388873488301	0	77.4388873488301	DCA	140	90.0162711660551
157.142857142857	233.333333333333	77.4178780615257	0	77.4178780615257	DCA	280	91.6177520148182
171.428571428571	233.333333333333	76.6119924212945	0	76.6119924212945	DCA	280	90.811866374587
185.714285714286	233.333333333333	78.7988892883427	0	78.7988892883427	DCA	280	92.9987632416352
200	233.333333333333	80.438701891766	0	80.438701891766	DCA	280	94.6385758450585
214.285714285714	233.333333333333	73.8189658184992	0	73.8189658184992	DCA	210	88.5769564139026
228.571428571429	233.333333333333	77.9424039669529	0	77.9424039669529	DCA	0	77.9424039669529
242.857142857143	233.333333333333	80.4588629632881	0	80.4588629632881	DCA	210	95.2168535586915
257.142857142857	233.333333333333	79.2344089233258	0	79.2344089233258	DCA	140	91.8117927405508
271.428571428571	233.333333333333	79.0721415106839	0	79.0721415106839	DCA	140	91.6495253279089
285.714285714286	233.333333333333	82.0251608567039	0	82.0251608567039	DCA	280	96.2250348099964
300	233.333333333333	83.9378446103051	0	83.9378446103051	DCA	0	83.9378446103051
314.285714285714	233.333333333333	80.3239036337778	0	80.3239036337778	DCA	0	80.3239036337778
328.571428571429	233.333333333333	79.0768495233591	0	79.0768495233591	DCA	70	86.7349031421163
342.857142857143	233.333333333333	82.7819249093392	0	82.7819249093392	DCA	70	90.4399785280964
357.142857142857	233.333333333333	80.6272885672599	0	80.6272885672599	DCA	140	93.2046723844849
371.428571428571	233.333333333333	83.0502075230262	0	83.0502075230262	DCA	280	97.2500814763187
385.714285714286	233.333333333333	83.9242786838295	0	83.9242786838295	DCA	0	83.9242786838295
400	233.333333333333	83.1501845738763	0	83.1501845738763	DCA	0	83.1501845738763
414.285714285714	233.333333333333	82.3796115462742	0	82.3796115462742	DCA	280	96.5794854995667
428.571428571429	233.333333333333	82.7308344260962	0	82.7308344260962	DCA	0	82.7308344260962
442.857142857143	233.333333333333	76.025687956559	0	76.025687956559	DCA	210	90.7836785519625
457.142857142857	233.333333333333	79.815750236243	0	79.815750236243	DCA	280	94.0156241895355
471.428571428571	233.333333333333	80.1976765206566	0	80.1976765206566	DCA	280	94.3975504739491
485.714285714286	233.333333333333	79.7026641490244	0	79.7026641490244	DCA	70	87.3607177677816
500	233.333333333333	83.8344224003467	0	83.8344224003467	DCA	210	98.5924129957502
514.285714285714	233.333333333333	80.4720043461469	24.6	105.072004346147	DCA	280	142.691078299439
528.571428571429	233.333333333333	78.7150991291169	24.6	103.315099129117	DCA	140	127.602082946342
542.857142857143	233.333333333333	77.8859729862914	24.6	102.485972986291	DCA	0	102.485972986291
557.142857142857	233.333333333333	76.8917269957737	24.6	101.491726995774	DCA	210	133.814117591177
571.428571428571	233.333333333333	79.539403279939	24.6	104.139403279939	DCA	140	128.426387097164
585.714285714286	233.333333333333	82.2015576702948	24.6	106.801557670295	DCA	210	139.123948265698
600	233.333333333333	81.5817156723133	24.6	106.181715672313	DCA	70	119.694569291071
614.285714285714	233.333333333333	80.0134300930716	24.6	104.613430093072	DCA	210	136.935820688475
628.571428571429	233.333333333333	79.4552903130416	24.6	104.055290313042	DCA	210	136.377680908445
642.857142857143	233.333333333333	78.304318725708	24.6	102.904318725708	DCA	280	140.523392679
657.142857142857	233.333333333333	75.3606460039075	24.6	99.9606460039075	DCA	140	124.247629821133
671.428571428571	233.333333333333	82.3548148103548	24.6	106.954814810355	DCA	210	139.277205405758
685.714285714286	233.333333333333	79.1059928424488	24.6	103.705992842449	DCA	210	136.028383437852
700	233.333333333333	82.3990120240708	24.6	106.999012024071	DCA	0	106.999012024071
714.285714285714	233.333333333333	79.0405908544752	24.6	103.640590854475	DCA	210	135.962981449879
728.571428571429	233.333333333333	82.85032483128	24.6	107.45032483128	DCA	280	145.069398784573
742.857142857143	233.333333333333	81.6656674941941	24.6	106.265667494194	DCA	70	119.778521112951
757.142857142857	233.333333333333	82.7084382786231	24.6	107.308438278623	DCA	280	144.927512231916
771.428571428571	233.333333333333	81.6963361349721	24.6	106.296336134972	DCA	140	130.583319952197
785.714285714286	233.333333333333	81.6805766412236	24.6	106.280576641224	DCA	140	130.567560458449
800	233.333333333333	82.4383650189265	24.6	107.038365018926	DCA	70	120.551218637684
814.285714285714	233.333333333333	83.7808917122444	24.6	108.380891712244	DCA	0	108.380891712244
828.571428571429	233.333333333333	75.4450114275599	24.6	100.04501142756	DCA	210	132.367402022963
842.857142857143	233.333333333333	76.6271073743316	24.6	101.227107374332	DCA	210	133.549497969735
857.142857142857	233.333333333333	75.4648661702499	24.6	100.06486617025	DCA	70	113.577719789007
871.428571428571	233.333333333333	81.2630494310539	24.6	105.863049431054	DCA	140	130.150033248279
885.714285714286	233.333333333333	83.007126730249	24.6	107.607126730249	DCA	0	107.607126730249
900	233.333333333333	84.3326551867752	24.6	108.932655186775	DCA	280	146.551729140068
914.285714285714	233.333333333333	83.8536776404525	24.6	108.453677640452	DCA	140	132.740661457677
928.571428571429	233.333333333333	82.8699648837737	24.6	107.469964883774	DCA	70	120.982818502531
942.857142857143	233.333333333333	78.3835648481512	24.6	102.983564848151	DCA	280	140.602638801444
957.142857142857	233.333333333333	80.8104491399496	24.6	105.41044913995	DCA	0	105.41044913995
971.428571428571	233.333333333333	80.5258275817335	24.6	105.125827581733	DCA	140	129.412811398958
985.714285714286	233.333333333333	74.6241181392244	24.6	99.2241181392244	DCA	140	123.511101956449
1000	233.333333333333	79.7992757987554	24.6	104.399275798755	DCA	0	104.399275798755
0	266.666666666667	80.9547348858759	0	80.9547348858759	DCA	0	80.9547348858759
14.2857142857143	266.666666666667	76.9744607316916	0	76.9744607316916	DCA	70	84.6325143504488
28.5714285714286	266.666666666667	74.8992414614025	0	74.8992414614025	DCA	280	89.099115414695
42.8571428571429	266.666666666667	78.1764560739024	0	78.1764560739024	DCA	70	85.8345096926596
57.1428571428571	266.666666666667	78.8871106553649	0	78.8871106553649	DCA	210	93.6451012507684
71.4285714285714	266.666666666667	79.568569232041	0	79.568569232041	DCA	70	87.2266228507982
85.7142857142857	266.666666666667	78.6874643849542	0	78.6874643849542	DCA	70	86.3455180037114
100	266.666666666667	74.0157074139236	0	74.0157074139236	DCA	210	88.773698009327
114.285714285714	266.666666666667	79.8297836327309	0	79.8297836327309	DCA	280	94.0296575860233
128.571428571429	266.666666666667	78.4692620997491	0	78.4692620997491	DCA	0	78.4692620997491
142.857142857143	266.666666666667	76.529812239681	0	76.529812239681	DCA	70	84.1878658584382
157.142857142857	266.666666666667	78.3263906398482	0	78.3263906398482	DCA	140	90.9037744570732
171.428571428571	266.666666666667	78.8496233353321	0	78.8496233353321	DCA	0	78.8496233353321
185.714285714286	266.666666666667	81.3215585759568	0	81.3215585759568	DCA	70	88.9796121947141
200	266.666666666667	79.4628568164148	0	79.4628568164148	DCA	70	87.120910435172
214.285714285714	266.666666666667	82.6707589282215	0	82.6707589282215	DCA	210	97.4287495236249
228.571428571429	266.666666666667	82.0013711591667	0	82.0013711591667	DCA	0	82.0013711591667
242.857142857143	266.666666666667	80.4990883384306	0	80.4990883384306	DCA	70	88.1571419571878
257.142857142857	266.666666666667	81.3610304705311	0	81.3610304705311	DCA	70	89.0190840892883
271.428571428571	266.666666666667	80.2099687828765	0	80.2099687828765	DCA	210	94.96795937828
285.714285714286	266.666666666667	75.8856991272069	0	75.8856991272069	DCA	140	88.4630829444319
300	266.666666666667	76.8615545846731	0	76.8615545846731	DCA	280	91.0614285379656
314.285714285714	266.666666666667	74.3254514551515	0	74.3254514551515	DCA	0	74.3254514551515
328.571428571429	266.666666666667	79.995830603329	0	79.995830603329	DCA	70	87.6538842220862
342.857142857143	266.666666666667	81.0548689972216	0	81.0548689972216	DCA	210	95.8128595926251
357.142857142857	266.666666666667	81.1354483951327	0	81.1354483951327	DCA	140	93.7128322123577
371.428571428571	266.666666666667	80.768018877462	0	80.768018877462	DCA	0	80.768018877462
385.714285714286	266.666666666667	80.1697589757843	0	80.1697589757843	DCA	70	87.8278125945415
400	266.666666666667	78.9914296876659	0	78.9914296876659	DCA	210	93.7494202830694
414.285714285714	266.666666666667	78.8944429619242	0	78.8944429619242	DCA	70	86.5524965806814
428.571428571429	266.666666666667	79.6127683023361	0	79.6127683023361	DCA	210	94.3707588977396
442.857142857143	266.666666666667	79.3029406431791	0	79.3029406431791	DCA	70	86.9609942619363
457.142857142857	266.666666666667	78.282650194475	0	78.282650194475	DCA	140	90.8600340117
471.428571428571	266.666666666667	81.1481652861351	0	81.1481652861351	DCA	70	88.8062189048923
485.714285714286	266.666666666667	81.9646221184331	0	81.9646221184331	DCA	0	81.9646221184331
500	266.666666666667	81.9794562497148	0	81.9794562497148	DCA	0	81.9794562497148
514.285714285714	266.666666666667	80.4428414639688	24.6	105.042841463969	DCA	280	142.661915417261
528.571428571429	266.666666666667	79.7182869922734	24.6	104.318286992273	DCA	0	104.318286992273
542.857142857143	266.666666666667	76.975331289779	24.6	101.575331289779	DCA	280	139.194405243072
557.142857142857	266.666666666667	77.5118843672245	24.6	102.111884367224	DCA	280	139.730958320517
571.428571428571	266.666666666667	77.2423291653	24.6	101.8423291653	DCA	210	134.164719760703
585.714285714286	266.666666666667	79.295004448138	24.6	103.895004448138	DCA	0	103.895004448138
600	266.666666666667	80.7384604079946	24.6	105.338460407995	DCA	210	137.660851003398
614.285714285714	266.666666666667	79.0415945313666	24.6	103.641594531367	DCA	140	127.928578348592
628.571428571429	266.666666666667	79.095767263395	24.6	103.695767263395	DCA	0	103.695767263395
642.857142857143	266.666666666667	79.4440934240457	24.6	104.044093424046	DCA	70	117.556947042803
657.142857142857	266.666666666667	77.4958595856451	24.6	102.095859585645	DCA	140	126.38284340287
671.428571428571	266.666666666667	78.1363550587252	24.6	102.736355058725	DCA	280	140.355429012018
685.714285714286	266.666666666667	81.4672567272895	24.6	106.067256727289	DCA	280	143.686330680582
700	266.666666666667	79.4279363467304	24.6	104.02793634673	DCA	140	128.314920163955
714.285714285714	266.666666666667	83.7715877866016	24.6	108.371587786602	DCA	70	121.884441405359
728.571428571429	266.666666666667	81.282010604363	24.6	105.882010604363	DCA	140	130.168994421588
742.857142857143	266.666666666667	83.5016033182799	24.6	108.10160331828	DCA	210	140.423993913683
757.142857142857	266.666666666667	82.7407957520507	24.6	107.340795752051	DCA	140	131.627779569276
771.428571428571	266.666666666667	81.3986741927412	24.6	105.998674192741	DCA	0	105.998674192741
785.714285714286	266.666666666667	81.1997552467836	24.6	105.799755246784	DCA	280	143.418829200076
800	266.666666666667	81.6914385638244	24.6	106.291438563824	DCA	140	130.578422381049
814.285714285714	266.666666666667	84.086993824619	24.6	108.686993824619	DCA	0	108.686993824619
828.571428571429	266.666666666667	85.4411233934028	24.6	110.041123393403	DCA	280	147.660197346695
842.857142857143	266.666666666667	81.2268606520663	24.6	105.826860652066	DCA	280	143.445934605359
857.142857142857	266.666666666667	77.8290179929655	24.6	102.429017992965	DCA	140	126.71600181019
871.428571428571	266.666666666667	77.6021583163917	24.6	102.202158316392	DCA	70	115.715011935149
885.714285714286	266.666666666667	79.1984080086858	24.6	103.798408008686	DCA	0	103.798408008686
900	266.666666666667	80.7917438207867	24.6	105.391743820787	DCA	0	105.391743820787
914.285714285714	266.666666666667	77.3210232628689	24.6	101.921023262869	DCA	280	139.540097216161
928.571428571429	266.666666666667	80.5538828800223	24.6	105.153882880022	DCA	210	137.476273475426
942.857142857143	266.666666666667	78.0355628106164	24.6	102.635562810616	DCA	0	102.635562810616
957.142857142857	266.666666666667	78.3141276387024	24.6	102.914127638702	DCA	0	102.914127638702
971.428571428571	266.666666666667	83.6068599581643	24.6	108.206859958164	DCA	140	132.493843775389
985.714285714286	266.666666666667	84.858322932777	24.6	109.458322932777	DCA	280	147.077396886069
1000	266.666666666667	80.0540315514001	24.6	104.6540315514	DCA	140	128.941015368625
0	300	76.2530411521673	0	76.2530411521673	DCA	210	91.0110317475707
14.2857142857143	300	74.5736537743325	0	74.5736537743325	DCA	140	87.1510375915576
28.5714285714286	300	75.2351924794924	0	75.2351924794924	DCA	70	82.8932460982496
42.8571428571429	300	77.8655447630815	0	77.8655447630815	DCA	70	85.5235983818388
57.1428571428571	300	75.6943382141706	0	75.6943382141706	DCA	140	88.2717220313956
71.4285714285714	300	77.1825041905095	0	77.1825041905095	DCA	0	77.1825041905095
85.7142857142857	300	81.0656404129937	0	81.0656404129937	DCA	210	95.8236310083971
100	300	79.4472937823971	0	79.4472937823971	DCA	280	93.6471677356896
114.285714285714	300	80.982780871132	0	80.982780871132	DCA	140	93.560164688357
128.571428571429	300	77.2111681405054	0	77.2111681405054	DCA	280	91.4110420937979
142.857142857143	300	77.1488292997315	0	77.1488292997315	DCA	280	91.348703253024
157.142857142857	300	75.0522829027213	0	75.0522829027213	DCA	140	87.6296667199464
171.428571428571	300	77.7294204993788	0	77.7294204993788	DCA	0	77.7294204993788
185.714285714286	300	79.7830929001933	0	79.7830929001933	DCA	140	92.3604767174183
200	300	79.3482757592042	0	79.3482757592042	DCA	0	79.3482757592042
214.285714285714	300	84.1222440828276	0	84.1222440828276	DCA	280	98.3221180361201
228.571428571429	300	82.4148993188408	0	82.4148993188408	DCA	140	94.9922831360658
242.857142857143	300	82.2457259564375	0	82.2457259564375	DCA	210	97.003716551841
257.142857142857	300	79.0897161668563	0	79.0897161668563	DCA	140	91.6670999840813
271.428571428571	300	79.5374909176192	0	79.5374909176192	DCA	70	87.1955445363764
285.714285714286	300	77.5679359727901	0	77.5679359727901	DCA	70	85.2259895915473
300	300	79.8137267450905	0	79.8137267450905	DCA	210	94.5717173404939
314.285714285714	300	79.5750262683742	0	79.5750262683742	DCA	0	79.5750262683742
328.571428571429	300	75.1428315489132	0	75.1428315489132	DCA	140	87.7202153661382
342.857142857143	300	79.4434119901745	0	79.4434119901745	DCA	70	87.1014656089317
357.142857142857	300	80.9706122658711	0	80.9706122658711	DCA	70	88.6286658846283
371.428571428571	300	78.8259117994725	0	78.8259117994725	DCA	70	86.4839654182297
385.714285714286	300	77.2105141418892	0	77.2105141418892	DCA	280	91.4103880951817
400	300	80.8001812265527	0	80.8001812265527	DCA	0	80.8001812265527
414.285714285714	300	77.4122964286409	0	77.4122964286409	DCA	70	85.0703500473981
428.571428571429	300	78.7697096921636	0	78.7697096921636	DCA	70	86.4277633109208
442.857142857143	300	79.4188227358689	0	79.4188227358689	DCA	140	91.9962065530939
457.142857142857	300	76.1553069122503	0	76.1553069122503	DCA	70	83.8133605310075
471.428571428571	300	82.8431187309211	0	82.8431187309211	DCA	210	97.6011093263245
485.714285714286	300	83.8741426851863	0	83.8741426851863	DCA	140	96.4515265024113
500	300	85.7464985913931	0	85.7464985913931	DCA	0	85.7464985913931
514.285714285714	300	81.4602265550585	24.6	106.060226555058	DCA	140	130.347210372283
528.571428571429	300	80.9240382640794	24.6	105.524038264079	DCA	280	143.143112217372
542.857142857143	300	81.6924508819832	24.6	106.292450881983	DCA	0	106.292450881983
557.142857142857	300	79.184381383871	24.6	103.784381383871	DCA	140	128.071365201096
571.428571428571	300	76.7305712867643	24.6	101.330571286764	DCA	0	101.330571286764
585.714285714286	300	80.0315821706724	24.6	104.631582170672	DCA	280	142.250656123965
600	300	76.7149080078438	24.6	101.314908007844	DCA	280	138.933981961136
614.285714285714	300	81.3915491086542	24.6	105.991549108654	DCA	140	130.278532925879
628.571428571429	300	82.8629456523965	24.6	107.462945652396	DCA	140	131.749929469621
642.857142857143	300	81.5038909768529	24.6	106.103890976853	DCA	0	106.103890976853
657.142857142857	300	85.4549583991673	24.6	110.054958399167	DCA	280	147.67403235246
671.428571428571	300	83.8432886273912	24.6	108.443288627391	DCA	70	121.956142246148
685.714285714286	300	85.4949029151239	24.6	110.094902915124	DCA	280	147.713976868416
700	300	82.0031687285864	24.6	106.603168728586	DCA	140	130.890152545811
714.285714285714	300	80.0564245873891	24.6	104.656424587389	DCA	140	128.943408404614
728.571428571429	300	81.292918151391	24.6	105.892918151391	DCA	70	119.405771770148
742.857142857143	300	78.0943493228795	24.6	102.694349322879	DCA	210	135.016739918283
757.142857142857	300	74.8654550353261	24.6	99.4654550353261	DCA	70	112.978308654083
771.428571428571	300	74.6771860825498	24.6	99.2771860825498	DCA	0	99.2771860825498
785.714285714286	300	74.9355478536115	24.6	99.5355478536115	DCA	280	137.154621806904
800	300	77.8398334732461	24.6	102.439833473246	DCA	140	126.726817290471
814.285714285714	300	77.9600924721731	24.6	102.560092472173	DCA	0	102.560092472173
828.571428571429	300	78.295014647781	24.6	102.895014647781	DCA	210	135.217405243184
842.857142857143	300	79.2329275695383	24.6	103.832927569538	DCA	280	141.452001522831
857.142857142857	300	78.2741960966465	24.6	102.874196096647	DCA	280	140.493270049939
871.428571428571	300	77.2220643224969	24.6	101.822064322497	DCA	280	139.441138275789
885.714285714286	300	79.3014085417926	24.6	103.901408541793	DCA	280	141.520482495085
900	300	74.954665365874	24.6	99.554665365874	DCA	0	99.554665365874
914.285714285714	300	76.7653094495345	24.6	101.365309449535	DCA	140	125.65229326676
928.571428571429	300	79.7484718329343	24.6	104.348471832934	DCA	70	117.861325451692
942.857142857143	300	84.2040826842815	24.6	108.804082684281	DCA	0	108.804082684281
957.142857142857	300	82.4443427980121	24.6	107.044342798012	DCA	0	107.044342798012
971.428571428571	300	82.5463554911672	24.6	107.146355491167	DCA	280	144.76542944446
985.714285714286	300	80.0102422711263	24.6	104.610242271126	DCA	0	104.610242271126
1000	300	79.8502226729786	24.6	104.450222672979	DCA	210	136.772613268382
