x	y	variable1	Zona	ErrorConEfecto	Disenio	AsigTrat	MiRto
0	0	75.5587715631764	0	75.5587715631764	DCA	140	84.5391691474102
14.2857142857143	0	75.2043244118697	0	75.2043244118697	DCA	0	75.2043244118697
28.5714285714286	0	74.8883274160887	0	74.8883274160887	DCA	70	81.5413035877551
42.8571428571429	0	72.2615961228746	0	72.2615961228746	DCA	0	72.2615961228746
57.1428571428571	0	74.4688999760126	0	74.4688999760126	DCA	140	83.4492975602465
71.4285714285714	0	76.2702226231253	0	76.2702226231253	DCA	0	76.2702226231253
85.7142857142857	0	78.101806819201	0	78.101806819201	DCA	0	78.101806819201
100	0	79.9925828598542	0	79.9925828598542	DCA	0	79.9925828598542
114.285714285714	0	79.880424881075	0	79.880424881075	DCA	0	79.880424881075
128.571428571429	0	81.6455794562444	0	81.6455794562444	DCA	280	82.3041555883166
142.857142857143	0	77.515360586793	0	77.515360586793	DCA	210	84.4976248244955
157.142857142857	0	81.975914956225	0	81.975914956225	DCA	70	88.6288911278914
171.428571428571	0	80.3315693079599	0	80.3315693079599	DCA	140	89.3119668921938
185.714285714286	0	82.6956246681874	0	82.6956246681874	DCA	210	89.6778889058899
200	0	82.7713507067345	0	82.7713507067345	DCA	70	89.4243268784009
214.285714285714	0	80.7872474153532	0	80.7872474153532	DCA	140	89.7676449995871
228.571428571429	0	78.768061801065	0	78.768061801065	DCA	0	78.768061801065
242.857142857143	0	76.4550879503145	0	76.4550879503145	DCA	210	83.4373521880171
257.142857142857	0	76.905644872492	0	76.905644872492	DCA	70	83.5586210441584
271.428571428571	0	78.6593255008616	0	78.6593255008616	DCA	140	87.6397230850955
285.714285714286	0	78.6376486101796	0	78.6376486101796	DCA	0	78.6376486101796
300	0	76.6586881357349	0	76.6586881357349	DCA	0	76.6586881357349
314.285714285714	0	77.5177962361796	0	77.5177962361796	DCA	210	84.5000604738822
328.571428571429	0	80.2548046212067	0	80.2548046212067	DCA	210	87.2370688589092
342.857142857143	0	80.0588530608497	0	80.0588530608497	DCA	70	86.7118292325161
357.142857142857	0	79.0235242251012	0	79.0235242251012	DCA	140	88.0039218093351
371.428571428571	0	78.2119063945811	0	78.2119063945811	DCA	210	85.1941706322836
385.714285714286	0	82.7208798088962	0	82.7208798088962	DCA	0	82.7208798088962
400	0	83.4753555223893	0	83.4753555223893	DCA	0	83.4753555223893
414.285714285714	0	83.119335555937	0	83.119335555937	DCA	70	89.7723117276034
428.571428571429	0	83.4128197259653	0	83.4128197259653	DCA	140	92.3932173101992
442.857142857143	0	80.2721737770451	0	80.2721737770451	DCA	70	86.9251499487115
457.142857142857	0	80.723144700063	0	80.723144700063	DCA	70	87.3761208717294
471.428571428571	0	80.4654876699219	0	80.4654876699219	DCA	210	87.4477519076244
485.714285714286	0	81.2697101254146	0	81.2697101254146	DCA	0	81.2697101254146
500	0	79.194003490094	0	79.194003490094	DCA	280	79.8525796221662
514.285714285714	0	82.5428319429188	24.6	107.142831942919	DCA	0	107.142831942919
528.571428571429	0	80.9617468491081	24.6	105.561746849108	DCA	0	105.561746849108
542.857142857143	0	81.8875419017587	24.6	106.487541901759	DCA	210	131.034206139461
557.142857142857	0	81.1694606046146	24.6	105.769460604615	DCA	210	130.316124842317
571.428571428571	0	84.1084308783734	24.6	108.708430878373	DCA	280	132.786207010446
585.714285714286	0	83.0870702535571	24.6	107.687070253557	DCA	210	132.23373449126
600	0	82.7997541837057	24.6	107.399754183706	DCA	0	107.399754183706
614.285714285714	0	79.512844932639	24.6	104.112844932639	DCA	0	104.112844932639
628.571428571429	0	79.8463844277946	24.6	104.446384427795	DCA	140	125.136382012028
642.857142857143	0	77.57262140308	24.6	102.17262140308	DCA	210	126.719285640783
657.142857142857	0	74.2217081790306	24.6	98.8217081790306	DCA	280	122.899484311103
671.428571428571	0	77.586202849768	24.6	102.186202849768	DCA	70	114.693979021434
685.714285714286	0	79.6735438552114	24.6	104.273543855211	DCA	140	124.963541439445
700	0	79.5812556669203	24.6	104.18125566692	DCA	0	104.18125566692
714.285714285714	0	77.5502860181901	24.6	102.15028601819	DCA	70	114.658062189856
728.571428571429	0	78.4809671989975	24.6	103.080967198998	DCA	0	103.080967198998
742.857142857143	0	80.0148882917793	24.6	104.614888291779	DCA	280	128.692664423852
757.142857142857	0	79.2984469523544	24.6	103.898446952354	DCA	70	116.406223124021
771.428571428571	0	77.4877046482842	24.6	102.087704648284	DCA	70	114.595480819951
785.714285714286	0	77.9024615519498	24.6	102.50246155195	DCA	280	126.580237684022
800	0	76.7004002248745	24.6	101.300400224875	DCA	210	125.847064462577
814.285714285714	0	82.4858153729858	24.6	107.085815372986	DCA	0	107.085815372986
828.571428571429	0	77.9067192136137	24.6	102.506719213614	DCA	210	127.053383451316
842.857142857143	0	77.718588238535	24.6	102.318588238535	DCA	70	114.826364410201
857.142857142857	0	76.2682237394794	24.6	100.868223739479	DCA	70	113.375999911146
871.428571428571	0	77.2630707635515	24.6	101.863070763551	DCA	70	114.370846935218
885.714285714286	0	75.4372320606559	24.6	100.037232060656	DCA	210	124.583896298358
900	0	75.8929942411401	24.6	100.49299424114	DCA	0	100.49299424114
914.285714285714	0	74.708423071349	24.6	99.308423071349	DCA	280	123.386199203421
928.571428571429	0	75.7291464408027	24.6	100.329146440803	DCA	280	124.406922572875
942.857142857143	0	79.143270478483	24.6	103.743270478483	DCA	140	124.433268062717
957.142857142857	0	79.4308230125756	24.6	104.030823012576	DCA	280	128.108599144648
971.428571428571	0	81.9624019071055	24.6	106.562401907105	DCA	70	119.070178078772
985.714285714286	0	82.2166430229873	24.6	106.816643022987	DCA	210	131.36330726069
1000	0	80.5533672064157	24.6	105.153367206416	DCA	210	129.700031444118
0	33.3333333333333	74.3807300961059	0	74.3807300961059	DCA	280	75.0393062281781
14.2857142857143	33.3333333333333	76.2437881317983	0	76.2437881317983	DCA	210	83.2260523695008
28.5714285714286	33.3333333333333	79.5086048520946	0	79.5086048520946	DCA	140	88.4890024363285
42.8571428571429	33.3333333333333	76.6665513117708	0	76.6665513117708	DCA	0	76.6665513117708
57.1428571428571	33.3333333333333	78.4349090091541	0	78.4349090091541	DCA	70	85.0878851808205
71.4285714285714	33.3333333333333	77.7816723183984	0	77.7816723183984	DCA	210	84.7639365561009
85.7142857142857	33.3333333333333	79.4655471961288	0	79.4655471961288	DCA	70	86.1185233677952
100	33.3333333333333	79.3810302910901	0	79.3810302910901	DCA	280	80.0396064231623
114.285714285714	33.3333333333333	75.9698117367615	0	75.9698117367615	DCA	140	84.9502093209954
128.571428571429	33.3333333333333	76.4516533537833	0	76.4516533537833	DCA	70	83.1046295254497
142.857142857143	33.3333333333333	78.4609985472139	0	78.4609985472139	DCA	280	79.1195746792862
157.142857142857	33.3333333333333	80.9590708667973	0	80.9590708667973	DCA	210	87.9413351044998
171.428571428571	33.3333333333333	79.4348963958271	0	79.4348963958271	DCA	70	86.0878725674935
185.714285714286	33.3333333333333	79.2300550054238	0	79.2300550054238	DCA	280	79.888631137496
200	33.3333333333333	78.9929237145294	0	78.9929237145294	DCA	210	85.9751879522319
214.285714285714	33.3333333333333	80.2756298755907	0	80.2756298755907	DCA	70	86.9286060472571
228.571428571429	33.3333333333333	76.4225299428083	0	76.4225299428083	DCA	70	83.0755061144747
242.857142857143	33.3333333333333	78.1842991579068	0	78.1842991579068	DCA	280	78.8428752899791
257.142857142857	33.3333333333333	81.5159397697011	0	81.5159397697011	DCA	70	88.1689159413675
271.428571428571	33.3333333333333	80.4645857371532	0	80.4645857371532	DCA	140	89.4449833213871
285.714285714286	33.3333333333333	78.5190456501401	0	78.5190456501401	DCA	280	79.1776217822123
300	33.3333333333333	79.5769028910002	0	79.5769028910002	DCA	210	86.5591671287027
314.285714285714	33.3333333333333	80.2177616094394	0	80.2177616094394	DCA	140	89.1981591936733
328.571428571429	33.3333333333333	78.1677563044781	0	78.1677563044781	DCA	70	84.8207324761445
342.857142857143	33.3333333333333	78.0225851542023	0	78.0225851542023	DCA	0	78.0225851542023
357.142857142857	33.3333333333333	77.337250231939	0	77.337250231939	DCA	280	77.9958263640112
371.428571428571	33.3333333333333	81.5431042836854	0	81.5431042836854	DCA	0	81.5431042836854
385.714285714286	33.3333333333333	79.2854774900735	0	79.2854774900735	DCA	0	79.2854774900735
400	33.3333333333333	81.6407663158594	0	81.6407663158594	DCA	210	88.6230305535619
414.285714285714	33.3333333333333	80.4655294548055	0	80.4655294548055	DCA	140	89.4459270390394
428.571428571429	33.3333333333333	80.7954149822768	0	80.7954149822768	DCA	70	87.4483911539432
442.857142857143	33.3333333333333	83.9222059398473	0	83.9222059398473	DCA	210	90.9044701775498
457.142857142857	33.3333333333333	83.3144333437383	0	83.3144333437383	DCA	140	92.2948309279722
471.428571428571	33.3333333333333	80.6057102534605	0	80.6057102534605	DCA	280	81.2642863855327
485.714285714286	33.3333333333333	80.4035925332605	0	80.4035925332605	DCA	0	80.4035925332605
500	33.3333333333333	78.0966817168647	0	78.0966817168647	DCA	280	78.7552578489369
514.285714285714	33.3333333333333	79.9508384740805	24.6	104.55083847408	DCA	280	128.628614606153
528.571428571429	33.3333333333333	79.1113824767298	24.6	103.71138247673	DCA	280	127.789158608802
542.857142857143	33.3333333333333	79.2547549447261	24.6	103.854754944726	DCA	70	116.362531116393
557.142857142857	33.3333333333333	79.4182974126441	24.6	104.018297412644	DCA	140	124.708294996878
571.428571428571	33.3333333333333	78.9847170021323	24.6	103.584717002132	DCA	280	127.662493134205
585.714285714286	33.3333333333333	78.3286257886538	24.6	102.928625788654	DCA	210	127.475290026356
600	33.3333333333333	79.2842981347487	24.6	103.884298134749	DCA	140	124.574295718983
614.285714285714	33.3333333333333	80.4905086302967	24.6	105.090508630297	DCA	70	117.598284801963
628.571428571429	33.3333333333333	80.0254440326223	24.6	104.625444032622	DCA	0	104.625444032622
642.857142857143	33.3333333333333	79.6616966773034	24.6	104.261696677303	DCA	140	124.951694261537
657.142857142857	33.3333333333333	79.9719630254374	24.6	104.571963025437	DCA	140	125.261960609671
671.428571428571	33.3333333333333	81.7873112165105	24.6	106.38731121651	DCA	280	130.465087348583
685.714285714286	33.3333333333333	82.4920822651943	24.6	107.092082265194	DCA	70	119.599858436861
700	33.3333333333333	84.0531765548615	24.6	108.653176554862	DCA	140	129.343174139095
714.285714285714	33.3333333333333	79.8765642591166	24.6	104.476564259117	DCA	0	104.476564259117
728.571428571429	33.3333333333333	77.2560903017751	24.6	101.856090301775	DCA	140	122.546087886009
742.857142857143	33.3333333333333	78.0297708259745	24.6	102.629770825974	DCA	140	123.319768410208
757.142857142857	33.3333333333333	76.3774539416248	24.6	100.977453941625	DCA	210	125.524118179327
771.428571428571	33.3333333333333	77.3818060406	24.6	101.9818060406	DCA	280	126.059582172672
785.714285714286	33.3333333333333	77.9224934765798	24.6	102.52249347658	DCA	140	123.212491060814
800	33.3333333333333	78.6217756770128	24.6	103.221775677013	DCA	140	123.911773261247
814.285714285714	33.3333333333333	76.9667667582998	24.6	101.5667667583	DCA	140	122.256764342534
828.571428571429	33.3333333333333	78.121656053872	24.6	102.721656053872	DCA	210	127.268320291575
842.857142857143	33.3333333333333	78.2560950861576	24.6	102.856095086158	DCA	210	127.40275932386
857.142857142857	33.3333333333333	79.2950329590343	24.6	103.895032959034	DCA	140	124.585030543268
871.428571428571	33.3333333333333	77.2864975027612	24.6	101.886497502761	DCA	280	125.964273634833
885.714285714286	33.3333333333333	77.4994753640152	24.6	102.099475364015	DCA	140	122.789472948249
900	33.3333333333333	77.2395433105886	24.6	101.839543310589	DCA	210	126.386207548291
914.285714285714	33.3333333333333	76.8855141325297	24.6	101.48551413253	DCA	210	126.032178370232
928.571428571429	33.3333333333333	78.9168795662353	24.6	103.516879566235	DCA	210	128.063543803938
942.857142857143	33.3333333333333	73.7034455519937	24.6	98.3034455519936	DCA	280	122.381221684066
957.142857142857	33.3333333333333	76.5744652320834	24.6	101.174465232083	DCA	70	113.68224140375
971.428571428571	33.3333333333333	77.6695140198435	24.6	102.269514019843	DCA	140	122.959511604077
985.714285714286	33.3333333333333	75.4716569365367	24.6	100.071656936537	DCA	70	112.579433108203
1000	33.3333333333333	75.9424713754982	24.6	100.542471375498	DCA	210	125.089135613201
0	66.6666666666667	81.8375456662346	0	81.8375456662346	DCA	140	90.8179432504685
14.2857142857143	66.6666666666667	79.6858007106557	0	79.6858007106557	DCA	280	80.3443768427279
28.5714285714286	66.6666666666667	77.971993026439	0	77.971993026439	DCA	280	78.6305691585112
42.8571428571429	66.6666666666667	77.3921295863131	0	77.3921295863131	DCA	140	86.372527170547
57.1428571428571	66.6666666666667	78.7280315014434	0	78.7280315014434	DCA	280	79.3866076335157
71.4285714285714	66.6666666666667	75.0251374965463	0	75.0251374965463	DCA	210	82.0074017342489
85.7142857142857	66.6666666666667	77.5050023973574	0	77.5050023973574	DCA	70	84.1579785690238
100	66.6666666666667	79.8205972405603	0	79.8205972405603	DCA	210	86.8028614782628
114.285714285714	66.6666666666667	81.7816412809695	0	81.7816412809695	DCA	280	82.4402174130417
128.571428571429	66.6666666666667	80.377382171637	0	80.377382171637	DCA	210	87.3596464093395
142.857142857143	66.6666666666667	84.2335037193036	0	84.2335037193036	DCA	140	93.2139013035375
157.142857142857	66.6666666666667	84.2747986454141	0	84.2747986454141	DCA	210	91.2570628831166
171.428571428571	66.6666666666667	82.4200853804703	0	82.4200853804703	DCA	140	91.4004829647042
185.714285714286	66.6666666666667	80.8273888973356	0	80.8273888973356	DCA	0	80.8273888973356
200	66.6666666666667	82.2816672320473	0	82.2816672320473	DCA	70	88.9346434037137
214.285714285714	66.6666666666667	79.6053346928729	0	79.6053346928729	DCA	70	86.2583108645393
228.571428571429	66.6666666666667	80.2199178038822	0	80.2199178038822	DCA	70	86.8728939755486
242.857142857143	66.6666666666667	78.6626465065896	0	78.6626465065896	DCA	210	85.6449107442921
257.142857142857	66.6666666666667	79.4938838948085	0	79.4938838948085	DCA	140	88.4742814790424
271.428571428571	66.6666666666667	79.7683405127207	0	79.7683405127207	DCA	280	80.4269166447929
285.714285714286	66.6666666666667	83.5294689711728	0	83.5294689711728	DCA	0	83.5294689711728
300	66.6666666666667	80.7165334906216	0	80.7165334906216	DCA	0	80.7165334906216
314.285714285714	66.6666666666667	83.0981636026109	0	83.0981636026109	DCA	280	83.7567397346832
328.571428571429	66.6666666666667	77.5863323831483	0	77.5863323831483	DCA	210	84.5685966208508
342.857142857143	66.6666666666667	76.6606909082481	0	76.6606909082481	DCA	0	76.6606909082481
357.142857142857	66.6666666666667	75.4191312293901	0	75.4191312293901	DCA	70	82.0721074010565
371.428571428571	66.6666666666667	82.5006972806248	0	82.5006972806248	DCA	70	89.1536734522912
385.714285714286	66.6666666666667	78.877505629176	0	78.877505629176	DCA	210	85.8597698668785
400	66.6666666666667	76.2265442503676	0	76.2265442503676	DCA	70	82.879520422034
414.285714285714	66.6666666666667	79.4919175874127	0	79.4919175874127	DCA	0	79.4919175874127
428.571428571429	66.6666666666667	78.4788469308431	0	78.4788469308431	DCA	70	85.1318231025095
442.857142857143	66.6666666666667	79.5917867498153	0	79.5917867498153	DCA	280	80.2503628818875
457.142857142857	66.6666666666667	81.6204666631761	0	81.6204666631761	DCA	140	90.60086424741
471.428571428571	66.6666666666667	83.167008098002	0	83.167008098002	DCA	210	90.1492723357045
485.714285714286	66.6666666666667	82.1575471523854	0	82.1575471523854	DCA	280	82.8161232844576
500	66.6666666666667	83.0608752003247	0	83.0608752003247	DCA	280	83.7194513323969
514.285714285714	66.6666666666667	79.6747209511271	24.6	104.274720951127	DCA	0	104.274720951127
528.571428571429	66.6666666666667	78.2816932532928	24.6	102.881693253293	DCA	70	115.389469424959
542.857142857143	66.6666666666667	75.6874330171881	24.6	100.287433017188	DCA	140	120.977430601422
557.142857142857	66.6666666666667	78.835273352671	24.6	103.435273352671	DCA	0	103.435273352671
571.428571428571	66.6666666666667	81.3306519495613	24.6	105.930651949561	DCA	0	105.930651949561
585.714285714286	66.6666666666667	81.5142562774149	24.6	106.114256277415	DCA	0	106.114256277415
600	66.6666666666667	80.8595126711565	24.6	105.459512671156	DCA	70	117.967288842823
614.285714285714	66.6666666666667	78.7288052611898	24.6	103.32880526119	DCA	0	103.32880526119
628.571428571429	66.6666666666667	78.4114158942765	24.6	103.011415894276	DCA	70	115.519192065943
642.857142857143	66.6666666666667	84.0460696615577	24.6	108.646069661558	DCA	140	129.336067245792
657.142857142857	66.6666666666667	85.438451224461	24.6	110.038451224461	DCA	280	134.116227356533
671.428571428571	66.6666666666667	82.7926874912752	24.6	107.392687491275	DCA	210	131.939351728978
685.714285714286	66.6666666666667	84.5178454600781	24.6	109.117845460078	DCA	210	133.664509697781
700	66.6666666666667	78.9529401757526	24.6	103.552940175753	DCA	210	128.099604413455
714.285714285714	66.6666666666667	79.8145938211525	24.6	104.414593821152	DCA	0	104.414593821152
728.571428571429	66.6666666666667	80.1231580333605	24.6	104.723158033361	DCA	0	104.723158033361
742.857142857143	66.6666666666667	80.0521685518003	24.6	104.6521685518	DCA	0	104.6521685518
757.142857142857	66.6666666666667	77.82281109194	24.6	102.42281109194	DCA	210	126.969475329642
771.428571428571	66.6666666666667	77.4029344457041	24.6	102.002934445704	DCA	0	102.002934445704
785.714285714286	66.6666666666667	78.1185197760822	24.6	102.718519776082	DCA	280	126.796295908154
800	66.6666666666667	81.13712080118	24.6	105.73712080118	DCA	0	105.73712080118
814.285714285714	66.6666666666667	81.1522222846276	24.6	105.752222284628	DCA	0	105.752222284628
828.571428571429	66.6666666666667	80.2229958463826	24.6	104.822995846383	DCA	140	125.512993430617
842.857142857143	66.6666666666667	81.6124863129916	24.6	106.212486312992	DCA	280	130.290262445064
857.142857142857	66.6666666666667	77.614339179403	24.6	102.214339179403	DCA	140	122.904336763637
871.428571428571	66.6666666666667	78.5009773540705	24.6	103.10097735407	DCA	0	103.10097735407
885.714285714286	66.6666666666667	79.7944227352188	24.6	104.394422735219	DCA	0	104.394422735219
900	66.6666666666667	78.3175263524582	24.6	102.917526352458	DCA	210	127.464190590161
914.285714285714	66.6666666666667	80.4567375164483	24.6	105.056737516448	DCA	0	105.056737516448
928.571428571429	66.6666666666667	81.2308081164733	24.6	105.830808116473	DCA	210	130.377472354176
942.857142857143	66.6666666666667	79.3259726202962	24.6	103.925972620296	DCA	140	124.61597020453
957.142857142857	66.6666666666667	80.3573583004795	24.6	104.95735830048	DCA	140	125.647355884713
971.428571428571	66.6666666666667	75.6970875564043	24.6	100.297087556404	DCA	280	124.374863688477
985.714285714286	66.6666666666667	78.5029402034849	24.6	103.102940203485	DCA	140	123.792937787719
1000	66.6666666666667	77.7774241424266	24.6	102.377424142427	DCA	210	126.924088380129
0	100	81.4977241674478	0	81.4977241674478	DCA	140	90.4781217516817
14.2857142857143	100	80.3802666233985	0	80.3802666233985	DCA	70	87.0332427950649
28.5714285714286	100	79.411155468036	0	79.411155468036	DCA	0	79.411155468036
42.8571428571429	100	79.3760061750914	0	79.3760061750914	DCA	210	86.3582704127939
57.1428571428571	100	81.3227054567863	0	81.3227054567863	DCA	0	81.3227054567863
71.4285714285714	100	78.7891911710355	0	78.7891911710355	DCA	210	85.771455408738
85.7142857142857	100	78.3276793676731	0	78.3276793676731	DCA	140	87.308076951907
100	100	76.6986688731952	0	76.6986688731952	DCA	140	85.6790664574291
114.285714285714	100	75.4991584601471	0	75.4991584601471	DCA	140	84.479556044381
128.571428571429	100	78.8850391174673	0	78.8850391174673	DCA	210	85.8673033551698
142.857142857143	100	80.3577309682204	0	80.3577309682204	DCA	70	87.0107071398868
157.142857142857	100	77.4605455374389	0	77.4605455374389	DCA	210	84.4428097751414
171.428571428571	100	76.6830212303156	0	76.6830212303156	DCA	140	85.6634188145495
185.714285714286	100	82.3362852138199	0	82.3362852138199	DCA	280	82.9948613458921
200	100	79.2519818524226	0	79.2519818524226	DCA	280	79.9105579844949
214.285714285714	100	79.8594589099938	0	79.8594589099938	DCA	210	86.8417231476964
228.571428571429	100	80.7531203701842	0	80.7531203701842	DCA	0	80.7531203701842
242.857142857143	100	75.5670240535417	0	75.5670240535417	DCA	140	84.5474216377756
257.142857142857	100	79.5779109565575	0	79.5779109565575	DCA	210	86.56017519426
271.428571428571	100	80.7358253499526	0	80.7358253499526	DCA	210	87.7180895876551
285.714285714286	100	82.1129382689821	0	82.1129382689821	DCA	280	82.7715144010544
300	100	82.8685961544835	0	82.8685961544835	DCA	280	83.5271722865557
314.285714285714	100	81.9189227988306	0	81.9189227988306	DCA	210	88.9011870365331
328.571428571429	100	88.4038869064012	0	88.4038869064012	DCA	70	95.0568630780676
342.857142857143	100	85.1977284394886	0	85.1977284394886	DCA	0	85.1977284394886
357.142857142857	100	87.3205338573494	0	87.3205338573494	DCA	210	94.3027980950519
371.428571428571	100	84.0984195636598	0	84.0984195636598	DCA	140	93.0788171478937
385.714285714286	100	81.4967279890429	0	81.4967279890429	DCA	280	82.1553041211151
400	100	79.9167199306625	0	79.9167199306625	DCA	140	88.8971175148964
414.285714285714	100	79.8766242965379	0	79.8766242965379	DCA	0	79.8766242965379
428.571428571429	100	82.0467657888633	0	82.0467657888633	DCA	140	91.0271633730972
442.857142857143	100	79.2813349961865	0	79.2813349961865	DCA	140	88.2617325804204
457.142857142857	100	81.2594342449415	0	81.2594342449415	DCA	140	90.2398318291754
471.428571428571	100	82.8065492036045	0	82.8065492036045	DCA	70	89.4595253752709
485.714285714286	100	82.3043547232023	0	82.3043547232023	DCA	70	88.9573308948686
500	100	80.1085108423665	0	80.1085108423665	DCA	280	80.7670869744388
514.285714285714	100	77.218393914236	24.6	101.818393914236	DCA	0	101.818393914236
528.571428571429	100	77.9778774798134	24.6	102.577877479813	DCA	0	102.577877479813
542.857142857143	100	81.6363313765884	24.6	106.236331376588	DCA	280	130.314107508661
557.142857142857	100	82.3086310150244	24.6	106.908631015024	DCA	0	106.908631015024
571.428571428571	100	81.5927339674541	24.6	106.192733967454	DCA	140	126.882731551688
585.714285714286	100	80.2480373301272	24.6	104.848037330127	DCA	70	117.355813501794
600	100	81.258371766876	24.6	105.858371766876	DCA	210	130.405036004578
614.285714285714	100	80.8700460684903	24.6	105.47004606849	DCA	210	130.016710306193
628.571428571429	100	80.7169020224292	24.6	105.316902022429	DCA	280	129.394678154501
642.857142857143	100	80.4739810570976	24.6	105.073981057098	DCA	280	129.15175718917
657.142857142857	100	85.3371798211011	24.6	109.937179821101	DCA	280	134.014955953173
671.428571428571	100	83.2087788722957	24.6	107.808778872296	DCA	280	131.886555004368
685.714285714286	100	82.3466166109601	24.6	106.94661661096	DCA	210	131.493280848663
700	100	80.0664148589889	24.6	104.666414858989	DCA	140	125.356412443223
714.285714285714	100	79.8125039689546	24.6	104.412503968955	DCA	0	104.412503968955
728.571428571429	100	81.9871307744037	24.6	106.587130774404	DCA	70	119.09490694607
742.857142857143	100	79.8377073683086	24.6	104.437707368309	DCA	140	125.127704952542
757.142857142857	100	76.3120400993059	24.6	100.912040099306	DCA	70	113.419816270972
771.428571428571	100	77.954006110182	24.6	102.554006110182	DCA	210	127.100670347885
785.714285714286	100	76.8861848736839	24.6	101.486184873684	DCA	210	126.032849111386
800	100	82.8819090990459	24.6	107.481909099046	DCA	140	128.17190668328
814.285714285714	100	79.2127532568563	24.6	103.812753256856	DCA	70	116.320529428523
828.571428571429	100	84.971496617387	24.6	109.571496617387	DCA	0	109.571496617387
842.857142857143	100	81.6094349428454	24.6	106.209434942845	DCA	210	130.756099180548
857.142857142857	100	85.1858808720372	24.6	109.785880872037	DCA	280	133.863657004109
871.428571428571	100	85.0403344577976	24.6	109.640334457798	DCA	210	134.1869986955
885.714285714286	100	82.4361444919417	24.6	107.036144491942	DCA	70	119.543920663608
900	100	79.5043427961083	24.6	104.104342796108	DCA	70	116.612118967775
914.285714285714	100	79.418509588763	24.6	104.018509588763	DCA	0	104.018509588763
928.571428571429	100	79.0825605632726	24.6	103.682560563273	DCA	210	128.229224800975
942.857142857143	100	78.3806350138678	24.6	102.980635013868	DCA	0	102.980635013868
957.142857142857	100	79.6502594537959	24.6	104.250259453796	DCA	70	116.758035625462
971.428571428571	100	78.8781557182903	24.6	103.47815571829	DCA	280	127.555931850362
985.714285714286	100	80.9194007544477	24.6	105.519400754448	DCA	210	130.06606499215
1000	100	83.1938156563095	24.6	107.793815656309	DCA	140	128.483813240543
0	133.333333333333	84.2419669396529	0	84.2419669396529	DCA	280	84.9005430717251
14.2857142857143	133.333333333333	83.8128068691988	0	83.8128068691988	DCA	70	90.4657830408652
28.5714285714286	133.333333333333	81.3037273931342	0	81.3037273931342	DCA	280	81.9623035252064
42.8571428571429	133.333333333333	77.3162593360865	0	77.3162593360865	DCA	0	77.3162593360865
57.1428571428571	133.333333333333	73.5458732813982	0	73.5458732813982	DCA	210	80.5281375191007
71.4285714285714	133.333333333333	75.075580001094	0	75.075580001094	DCA	280	75.7341561331662
85.7142857142857	133.333333333333	74.4048765183455	0	74.4048765183455	DCA	0	74.4048765183455
100	133.333333333333	74.2742363756905	0	74.2742363756905	DCA	210	81.256500613393
114.285714285714	133.333333333333	72.362088996693	0	72.362088996693	DCA	140	81.3424865809269
128.571428571429	133.333333333333	76.1316947771048	0	76.1316947771048	DCA	140	85.1120923613387
142.857142857143	133.333333333333	75.6792238849244	0	75.6792238849244	DCA	140	84.6596214691583
157.142857142857	133.333333333333	75.9153302396113	0	75.9153302396113	DCA	140	84.8957278238451
171.428571428571	133.333333333333	75.2480079699995	0	75.2480079699995	DCA	280	75.9065841020717
185.714285714286	133.333333333333	81.2447589783633	0	81.2447589783633	DCA	140	90.2251565625972
200	133.333333333333	77.8232168496525	0	77.8232168496525	DCA	210	84.805481087355
214.285714285714	133.333333333333	78.5206863872581	0	78.5206863872581	DCA	280	79.1792625193303
228.571428571429	133.333333333333	79.9093116700398	0	79.9093116700398	DCA	210	86.8915759077423
242.857142857143	133.333333333333	79.3093592713398	0	79.3093592713398	DCA	70	85.9623354430062
257.142857142857	133.333333333333	77.6830245367116	0	77.6830245367116	DCA	210	84.6652887744141
271.428571428571	133.333333333333	78.3123393953264	0	78.3123393953264	DCA	280	78.9709155273986
285.714285714286	133.333333333333	83.604711577754	0	83.604711577754	DCA	140	92.5851091619879
300	133.333333333333	82.5564116712302	0	82.5564116712302	DCA	70	89.2093878428966
314.285714285714	133.333333333333	81.135165019748	0	81.135165019748	DCA	0	81.135165019748
328.571428571429	133.333333333333	83.9987715030275	0	83.9987715030275	DCA	280	84.6573476350997
342.857142857143	133.333333333333	82.9462392772192	0	82.9462392772192	DCA	280	83.6048154092915
357.142857142857	133.333333333333	82.3951230283898	0	82.3951230283898	DCA	0	82.3951230283898
371.428571428571	133.333333333333	82.0773064063583	0	82.0773064063583	DCA	140	91.0577039905922
385.714285714286	133.333333333333	80.9881939131057	0	80.9881939131057	DCA	140	89.9685914973396
400	133.333333333333	74.5666393588674	0	74.5666393588674	DCA	210	81.5489035965699
414.285714285714	133.333333333333	79.3460821991692	0	79.3460821991692	DCA	280	80.0046583312414
428.571428571429	133.333333333333	75.6540119494754	0	75.6540119494754	DCA	70	82.3069881211418
442.857142857143	133.333333333333	78.2691486762794	0	78.2691486762794	DCA	70	84.9221248479458
457.142857142857	133.333333333333	80.8643793885686	0	80.8643793885686	DCA	280	81.5229555206408
471.428571428571	133.333333333333	81.0765941122627	0	81.0765941122627	DCA	140	90.0569916964966
485.714285714286	133.333333333333	80.5388234639198	0	80.5388234639198	DCA	140	89.5192210481537
500	133.333333333333	80.0045495050868	0	80.0045495050868	DCA	140	88.9849470893207
514.285714285714	133.333333333333	78.1267924692226	24.6	102.726792469223	DCA	210	127.273456706925
528.571428571429	133.333333333333	76.674049648215	24.6	101.274049648215	DCA	0	101.274049648215
542.857142857143	133.333333333333	80.4692792246373	24.6	105.069279224637	DCA	280	129.14705535671
557.142857142857	133.333333333333	83.5668913772547	24.6	108.166891377255	DCA	0	108.166891377255
571.428571428571	133.333333333333	82.2143537802636	24.6	106.814353780264	DCA	70	119.32212995193
585.714285714286	133.333333333333	82.0752965704981	24.6	106.675296570498	DCA	140	127.365294154732
600	133.333333333333	78.4101959470946	24.6	103.010195947095	DCA	0	103.010195947095
614.285714285714	133.333333333333	79.2676224548333	24.6	103.867622454833	DCA	140	124.557620039067
628.571428571429	133.333333333333	78.1713529641247	24.6	102.771352964125	DCA	280	126.849129096197
642.857142857143	133.333333333333	80.2426162947454	24.6	104.842616294745	DCA	210	129.389280532448
657.142857142857	133.333333333333	79.9717049439031	24.6	104.571704943903	DCA	280	128.649481075975
671.428571428571	133.333333333333	80.2473602934134	24.6	104.847360293413	DCA	140	125.537357877647
685.714285714286	133.333333333333	79.7245284305699	24.6	104.32452843057	DCA	210	128.871192668272
700	133.333333333333	82.7136156915367	24.6	107.313615691537	DCA	0	107.313615691537
714.285714285714	133.333333333333	81.5956918195384	24.6	106.195691819538	DCA	0	106.195691819538
728.571428571429	133.333333333333	82.9245436574395	24.6	107.524543657439	DCA	210	132.071207895142
742.857142857143	133.333333333333	80.7434032412038	24.6	105.343403241204	DCA	280	129.421179373276
757.142857142857	133.333333333333	79.7684207128604	24.6	104.36842071286	DCA	70	116.876196884527
771.428571428571	133.333333333333	83.1314166849107	24.6	107.731416684911	DCA	210	132.278080922613
785.714285714286	133.333333333333	77.7178260075579	24.6	102.317826007558	DCA	0	102.317826007558
800	133.333333333333	76.917283625292	24.6	101.517283625292	DCA	70	114.025059796958
814.285714285714	133.333333333333	81.5480093227463	24.6	106.148009322746	DCA	70	118.655785494413
828.571428571429	133.333333333333	81.1119362033389	24.6	105.711936203339	DCA	0	105.711936203339
842.857142857143	133.333333333333	81.5959681848231	24.6	106.195968184823	DCA	140	126.885965769057
857.142857142857	133.333333333333	80.0790264739967	24.6	104.679026473997	DCA	0	104.679026473997
871.428571428571	133.333333333333	81.5682198849782	24.6	106.168219884978	DCA	70	118.675996056645
885.714285714286	133.333333333333	84.9798506057987	24.6	109.579850605799	DCA	280	133.657626737871
900	133.333333333333	84.783632444422	24.6	109.383632444422	DCA	140	130.073630028656
914.285714285714	133.333333333333	82.4672636248448	24.6	107.067263624845	DCA	0	107.067263624845
928.571428571429	133.333333333333	79.9923331298684	24.6	104.592333129868	DCA	0	104.592333129868
942.857142857143	133.333333333333	81.8109438517827	24.6	106.410943851783	DCA	70	118.918720023449
957.142857142857	133.333333333333	85.9031675419117	24.6	110.503167541912	DCA	210	135.049831779614
971.428571428571	133.333333333333	81.6526972086765	24.6	106.252697208676	DCA	0	106.252697208676
985.714285714286	133.333333333333	80.4945764270001	24.6	105.094576427	DCA	70	117.602352598666
1000	133.333333333333	79.6942457300418	24.6	104.294245730042	DCA	140	124.984243314276
0	166.666666666667	79.2984218885645	0	79.2984218885645	DCA	140	88.2788194727984
14.2857142857143	166.666666666667	79.8109741441646	0	79.8109741441646	DCA	0	79.8109741441646
28.5714285714286	166.666666666667	78.7953727880827	0	78.7953727880827	DCA	70	85.4483489597491
42.8571428571429	166.666666666667	75.7928630955541	0	75.7928630955541	DCA	210	82.7751273332566
57.1428571428571	166.666666666667	77.4932758739428	0	77.4932758739428	DCA	280	78.151852006015
71.4285714285714	166.666666666667	78.9323586143132	0	78.9323586143132	DCA	70	85.5853347859796
85.7142857142857	166.666666666667	78.9794759618605	0	78.9794759618605	DCA	70	85.6324521335269
100	166.666666666667	77.0067033208853	0	77.0067033208853	DCA	280	77.6652794529575
114.285714285714	166.666666666667	73.8708392426181	0	73.8708392426181	DCA	140	82.851236826852
128.571428571429	166.666666666667	74.7198588979837	0	74.7198588979837	DCA	0	74.7198588979837
142.857142857143	166.666666666667	73.7874294878583	0	73.7874294878583	DCA	140	82.7678270720922
157.142857142857	166.666666666667	74.7473050050273	0	74.7473050050273	DCA	0	74.7473050050273
171.428571428571	166.666666666667	77.2604340131344	0	77.2604340131344	DCA	0	77.2604340131344
185.714285714286	166.666666666667	77.2794551530003	0	77.2794551530003	DCA	70	83.9324313246667
200	166.666666666667	76.1866237403807	0	76.1866237403807	DCA	70	82.8395999120471
214.285714285714	166.666666666667	79.853737454259	0	79.853737454259	DCA	70	86.5067136259254
228.571428571429	166.666666666667	80.8368611746027	0	80.8368611746027	DCA	210	87.8191254123052
242.857142857143	166.666666666667	83.0371909414647	0	83.0371909414647	DCA	140	92.0175885256986
257.142857142857	166.666666666667	79.9648877395828	0	79.9648877395828	DCA	280	80.623463871655
271.428571428571	166.666666666667	80.6797413926906	0	80.6797413926906	DCA	280	81.3383175247629
285.714285714286	166.666666666667	77.7731595752307	0	77.7731595752307	DCA	70	84.4261357468971
300	166.666666666667	76.845982980529	0	76.845982980529	DCA	210	83.8282472182315
314.285714285714	166.666666666667	78.9804060269168	0	78.9804060269168	DCA	140	87.9608036111507
328.571428571429	166.666666666667	83.477150089435	0	83.477150089435	DCA	210	90.4594143271375
342.857142857143	166.666666666667	78.7405768773233	0	78.7405768773233	DCA	70	85.3935530489897
357.142857142857	166.666666666667	83.0355889774146	0	83.0355889774146	DCA	280	83.6941651094868
371.428571428571	166.666666666667	79.8547726604367	0	79.8547726604367	DCA	70	86.5077488321031
385.714285714286	166.666666666667	80.1739981858172	0	80.1739981858172	DCA	210	87.1562624235197
400	166.666666666667	82.7978625845037	0	82.7978625845037	DCA	280	83.456438716576
414.285714285714	166.666666666667	81.4870044651941	0	81.4870044651941	DCA	140	90.467402049428
428.571428571429	166.666666666667	78.743118139946	0	78.743118139946	DCA	0	78.743118139946
442.857142857143	166.666666666667	77.8888104400128	0	77.8888104400128	DCA	70	84.5417866116792
457.142857142857	166.666666666667	76.9420056376906	0	76.9420056376906	DCA	210	83.9242698753931
471.428571428571	166.666666666667	76.1617038583366	0	76.1617038583366	DCA	70	82.814680030003
485.714285714286	166.666666666667	78.1370581237466	0	78.1370581237466	DCA	70	84.790034295413
500	166.666666666667	79.921255720014	0	79.921255720014	DCA	0	79.921255720014
514.285714285714	166.666666666667	78.997503729662	24.6	103.597503729662	DCA	70	116.105279901328
528.571428571429	166.666666666667	79.6277104137972	24.6	104.227710413797	DCA	280	128.305486545869
542.857142857143	166.666666666667	80.791001720454	24.6	105.391001720454	DCA	0	105.391001720454
557.142857142857	166.666666666667	82.009263132165	24.6	106.609263132165	DCA	70	119.117039303831
571.428571428571	166.666666666667	78.6817218055022	24.6	103.281721805502	DCA	70	115.789497977169
585.714285714286	166.666666666667	82.6797849725778	24.6	107.279784972578	DCA	140	127.969782556812
600	166.666666666667	83.1838783861677	24.6	107.783878386168	DCA	140	128.473875970402
614.285714285714	166.666666666667	81.2512352075061	24.6	105.851235207506	DCA	0	105.851235207506
628.571428571429	166.666666666667	80.4182869583615	24.6	105.018286958362	DCA	0	105.018286958362
642.857142857143	166.666666666667	78.4867182842764	24.6	103.086718284276	DCA	140	123.77671586851
657.142857142857	166.666666666667	80.4142019359947	24.6	105.014201935995	DCA	140	125.704199520229
671.428571428571	166.666666666667	78.6851055243076	24.6	103.285105524308	DCA	70	115.792881695974
685.714285714286	166.666666666667	80.241331751347	24.6	104.841331751347	DCA	280	128.919107883419
700	166.666666666667	82.243624617396	24.6	106.843624617396	DCA	0	106.843624617396
714.285714285714	166.666666666667	80.0583305632443	24.6	104.658330563244	DCA	70	117.166106734911
728.571428571429	166.666666666667	81.4325033444915	24.6	106.032503344491	DCA	210	130.579167582194
742.857142857143	166.666666666667	82.658127324383	24.6	107.258127324383	DCA	210	131.804791562085
757.142857142857	166.666666666667	85.9280315905465	24.6	110.528031590546	DCA	210	135.074695828249
771.428571428571	166.666666666667	77.6871711408437	24.6	102.287171140844	DCA	210	126.833835378546
785.714285714286	166.666666666667	82.9271240155282	24.6	107.527124015528	DCA	140	128.217121599762
800	166.666666666667	78.1875319647439	24.6	102.787531964744	DCA	140	123.477529548978
814.285714285714	166.666666666667	81.0647563092798	24.6	105.66475630928	DCA	0	105.66475630928
828.571428571429	166.666666666667	79.8234136806788	24.6	104.423413680679	DCA	70	116.931189852345
842.857142857143	166.666666666667	82.6025829644949	24.6	107.202582964495	DCA	280	131.280359096567
857.142857142857	166.666666666667	81.4807197334694	24.6	106.080719733469	DCA	280	130.158495865542
871.428571428571	166.666666666667	77.9153966440651	24.6	102.515396644065	DCA	210	127.062060881768
885.714285714286	166.666666666667	77.4412326265093	24.6	102.041232626509	DCA	140	122.731230210743
900	166.666666666667	81.0062779269317	24.6	105.606277926932	DCA	210	130.152942164634
914.285714285714	166.666666666667	78.2893290573438	24.6	102.889329057344	DCA	0	102.889329057344
928.571428571429	166.666666666667	76.9962237258064	24.6	101.596223725806	DCA	280	125.673999857879
942.857142857143	166.666666666667	76.62313766842	24.6	101.22313766842	DCA	0	101.22313766842
957.142857142857	166.666666666667	80.3854378818148	24.6	104.985437881815	DCA	140	125.675435466049
971.428571428571	166.666666666667	78.5710174925879	24.6	103.171017492588	DCA	70	115.678793664254
985.714285714286	166.666666666667	80.1267974643897	24.6	104.72679746439	DCA	70	117.234573636056
1000	166.666666666667	79.1710689953906	24.6	103.771068995391	DCA	70	116.278845167057
0	200	82.1984089842562	0	82.1984089842562	DCA	0	82.1984089842562
14.2857142857143	200	76.7368281942736	0	76.7368281942736	DCA	140	85.7172257785075
28.5714285714286	200	76.538570376849	0	76.538570376849	DCA	70	83.1915465485154
42.8571428571429	200	78.7058798208758	0	78.7058798208758	DCA	210	85.6881440585783
57.1428571428571	200	76.8979168377244	0	76.8979168377244	DCA	70	83.5508930093908
71.4285714285714	200	75.1404597886962	0	75.1404597886962	DCA	0	75.1404597886962
85.7142857142857	200	76.947484659398	0	76.947484659398	DCA	70	83.6004608310644
100	200	75.8454704508096	0	75.8454704508096	DCA	140	84.8258680350435
114.285714285714	200	74.1954246624216	0	74.1954246624216	DCA	70	80.848400834088
128.571428571429	200	78.8435897753205	0	78.8435897753205	DCA	210	85.825854013023
142.857142857143	200	78.3829624783483	0	78.3829624783483	DCA	0	78.3829624783483
157.142857142857	200	80.0307520358934	0	80.0307520358934	DCA	70	86.6837282075598
171.428571428571	200	79.3460339722695	0	79.3460339722695	DCA	70	85.9990101439359
185.714285714286	200	78.1771136135634	0	78.1771136135634	DCA	280	78.8356897456357
200	200	78.746503375825	0	78.746503375825	DCA	140	87.7269009600589
214.285714285714	200	81.688574212673	0	81.688574212673	DCA	0	81.688574212673
228.571428571429	200	83.6727377347679	0	83.6727377347679	DCA	210	90.6550019724704
242.857142857143	200	84.6355251765692	0	84.6355251765692	DCA	210	91.6177894142717
257.142857142857	200	82.9608572458026	0	82.9608572458026	DCA	210	89.9431214835052
271.428571428571	200	77.5673901716069	0	77.5673901716069	DCA	140	86.5477877558408
285.714285714286	200	78.2804837767223	0	78.2804837767223	DCA	0	78.2804837767223
300	200	81.8272695118439	0	81.8272695118439	DCA	280	82.4858456439162
314.285714285714	200	80.9032718129501	0	80.9032718129501	DCA	140	89.883669397184
328.571428571429	200	82.500280260709	0	82.500280260709	DCA	140	91.4806778449429
342.857142857143	200	81.9195737485925	0	81.9195737485925	DCA	0	81.9195737485925
357.142857142857	200	81.6360049475469	0	81.6360049475469	DCA	0	81.6360049475469
371.428571428571	200	81.9666590734192	0	81.9666590734192	DCA	210	88.9489233111217
385.714285714286	200	80.9882470602388	0	80.9882470602388	DCA	0	80.9882470602388
400	200	79.609228684994	0	79.609228684994	DCA	140	88.5896262692279
414.285714285714	200	78.5041761072176	0	78.5041761072176	DCA	0	78.5041761072176
428.571428571429	200	74.3525095882375	0	74.3525095882375	DCA	210	81.33477382594
442.857142857143	200	74.9859664444867	0	74.9859664444867	DCA	70	81.6389426161531
457.142857142857	200	75.9794585688862	0	75.9794585688862	DCA	0	75.9794585688862
471.428571428571	200	77.2201541708963	0	77.2201541708963	DCA	0	77.2201541708963
485.714285714286	200	77.1614849735023	0	77.1614849735023	DCA	0	77.1614849735023
500	200	78.6271790389748	0	78.6271790389748	DCA	210	85.6094432766773
514.285714285714	200	83.908493611847	24.6	108.508493611847	DCA	70	121.016269783513
528.571428571429	200	82.9441369997705	24.6	107.54413699977	DCA	140	128.234134584004
542.857142857143	200	78.8308973693232	24.6	103.430897369323	DCA	0	103.430897369323
557.142857142857	200	81.6138880697227	24.6	106.213888069723	DCA	140	126.903885653957
571.428571428571	200	85.2130827658566	24.6	109.813082765857	DCA	70	122.320858937523
585.714285714286	200	79.4053462318266	24.6	104.005346231827	DCA	210	128.552010469529
600	200	82.1697677972295	24.6	106.76976779723	DCA	280	130.847543929302
614.285714285714	200	84.5841887512343	24.6	109.184188751234	DCA	0	109.184188751234
628.571428571429	200	80.1938725602924	24.6	104.793872560292	DCA	0	104.793872560292
642.857142857143	200	83.0590552086644	24.6	107.659055208664	DCA	0	107.659055208664
657.142857142857	200	76.9358905792298	24.6	101.53589057923	DCA	70	114.043666750896
671.428571428571	200	80.0109971703355	24.6	104.610997170335	DCA	280	128.688773302408
685.714285714286	200	80.5615712012373	24.6	105.161571201237	DCA	0	105.161571201237
700	200	77.7577816335241	24.6	102.357781633524	DCA	280	126.435557765596
714.285714285714	200	77.1726815511543	24.6	101.772681551154	DCA	280	125.850457683227
728.571428571429	200	78.2441026459327	24.6	102.844102645933	DCA	280	126.921878778005
742.857142857143	200	79.030829921327	24.6	103.630829921327	DCA	140	124.320827505561
757.142857142857	200	77.8138149195944	24.6	102.413814919594	DCA	210	126.960479157297
771.428571428571	200	77.9766823605386	24.6	102.576682360539	DCA	70	115.084458532205
785.714285714286	200	77.9746735638697	24.6	102.57467356387	DCA	140	123.264671148104
800	200	79.0358748088458	24.6	103.635874808846	DCA	280	127.713650940918
814.285714285714	200	78.7843055444071	24.6	103.384305544407	DCA	280	127.462081676479
828.571428571429	200	80.7720142247951	24.6	105.372014224795	DCA	140	126.062011809029
842.857142857143	200	77.0561285793886	24.6	101.656128579389	DCA	0	101.656128579389
857.142857142857	200	78.7583903934248	24.6	103.358390393425	DCA	280	127.436166525497
871.428571428571	200	79.0085862952303	24.6	103.60858629523	DCA	70	116.116362466897
885.714285714286	200	78.6602298061418	24.6	103.260229806142	DCA	210	127.806894043844
900	200	79.150294338304	24.6	103.750294338304	DCA	210	128.296958576006
914.285714285714	200	79.0989929015879	24.6	103.698992901588	DCA	280	127.77676903366
928.571428571429	200	78.4367010983906	24.6	103.036701098391	DCA	140	123.726698682624
942.857142857143	200	79.7679132452167	24.6	104.367913245217	DCA	210	128.914577482919
957.142857142857	200	79.7278028642361	24.6	104.327802864236	DCA	280	128.405578996308
971.428571428571	200	82.0471667943659	24.6	106.647166794366	DCA	140	127.3371643786
985.714285714286	200	80.6272146478267	24.6	105.227214647827	DCA	210	129.773878885529
1000	200	80.3642671477742	24.6	104.964267147774	DCA	210	129.510931385477
0	233.333333333333	82.9968292206308	0	82.9968292206308	DCA	210	89.9790934583334
14.2857142857143	233.333333333333	79.9256276354896	0	79.9256276354896	DCA	280	80.5842037675618
28.5714285714286	233.333333333333	81.8320718219525	0	81.8320718219525	DCA	140	90.8124694061864
42.8571428571429	233.333333333333	82.5132007339993	0	82.5132007339993	DCA	280	83.1717768660715
57.1428571428571	233.333333333333	78.6772331816028	0	78.6772331816028	DCA	0	78.6772331816028
71.4285714285714	233.333333333333	80.3980248492892	0	80.3980248492892	DCA	280	81.0566009813614
85.7142857142857	233.333333333333	80.1040741665511	0	80.1040741665511	DCA	280	80.7626502986233
100	233.333333333333	78.325268520713	0	78.325268520713	DCA	70	84.9782446923794
114.285714285714	233.333333333333	77.1554696470365	0	77.1554696470365	DCA	0	77.1554696470365
128.571428571429	233.333333333333	78.47789762998	0	78.47789762998	DCA	0	78.47789762998
142.857142857143	233.333333333333	80.7851514454755	0	80.7851514454755	DCA	210	87.767415683178
157.142857142857	233.333333333333	80.9046848038795	0	80.9046848038795	DCA	280	81.5632609359517
171.428571428571	233.333333333333	78.8541560803063	0	78.8541560803063	DCA	70	85.5071322519727
185.714285714286	233.333333333333	77.8548177279675	0	77.8548177279675	DCA	210	84.83708196567
200	233.333333333333	77.5614113230561	0	77.5614113230561	DCA	70	84.2143874947225
214.285714285714	233.333333333333	78.4089382138821	0	78.4089382138821	DCA	140	87.389335798116
228.571428571429	233.333333333333	82.5153945554944	0	82.5153945554944	DCA	140	91.4957921397283
242.857142857143	233.333333333333	83.0134176468693	0	83.0134176468693	DCA	140	91.9938152311032
257.142857142857	233.333333333333	84.0897358500914	0	84.0897358500914	DCA	0	84.0897358500914
271.428571428571	233.333333333333	78.1163701507142	0	78.1163701507142	DCA	280	78.7749462827864
285.714285714286	233.333333333333	76.2432950211414	0	76.2432950211414	DCA	210	83.2255592588439
300	233.333333333333	73.3625536453138	0	73.3625536453138	DCA	210	80.3448178830163
314.285714285714	233.333333333333	77.4335535417074	0	77.4335535417074	DCA	0	77.4335535417074
328.571428571429	233.333333333333	84.81479499491	0	84.81479499491	DCA	280	85.4733711269823
342.857142857143	233.333333333333	82.8522453956055	0	82.8522453956055	DCA	280	83.5108215276777
357.142857142857	233.333333333333	83.9035893655656	0	83.9035893655656	DCA	280	84.5621654976378
371.428571428571	233.333333333333	80.6504332793748	0	80.6504332793748	DCA	0	80.6504332793748
385.714285714286	233.333333333333	84.241577631661	0	84.241577631661	DCA	0	84.241577631661
400	233.333333333333	80.2511265409878	0	80.2511265409878	DCA	210	87.2333907786903
414.285714285714	233.333333333333	79.4247257634499	0	79.4247257634499	DCA	280	80.0833018955221
428.571428571429	233.333333333333	78.0986290994492	0	78.0986290994492	DCA	140	87.0790266836831
442.857142857143	233.333333333333	79.5191531949914	0	79.5191531949914	DCA	210	86.5014174326939
457.142857142857	233.333333333333	74.5771419585708	0	74.5771419585708	DCA	70	81.2301181302372
471.428571428571	233.333333333333	76.9026526849865	0	76.9026526849865	DCA	280	77.5612288170588
485.714285714286	233.333333333333	80.6055270924722	0	80.6055270924722	DCA	70	87.2585032641386
500	233.333333333333	82.0276042746558	0	82.0276042746558	DCA	140	91.0080018588897
514.285714285714	233.333333333333	81.723137661267	24.6	106.323137661267	DCA	280	130.400913793339
528.571428571429	233.333333333333	83.2762898730648	24.6	107.876289873065	DCA	210	132.422954110767
542.857142857143	233.333333333333	84.9923972470726	24.6	109.592397247073	DCA	140	130.282394831307
557.142857142857	233.333333333333	83.0466106357929	24.6	107.646610635793	DCA	280	131.724386767865
571.428571428571	233.333333333333	80.8573254594315	24.6	105.457325459432	DCA	0	105.457325459432
585.714285714286	233.333333333333	82.6675095139269	24.6	107.267509513927	DCA	140	127.957507098161
600	233.333333333333	80.8489353189249	24.6	105.448935318925	DCA	70	117.956711490591
614.285714285714	233.333333333333	78.0241195276637	24.6	102.624119527664	DCA	70	115.13189569933
628.571428571429	233.333333333333	80.699920775454	24.6	105.299920775454	DCA	210	129.846585013157
642.857142857143	233.333333333333	80.0291645720459	24.6	104.629164572046	DCA	210	129.175828809748
657.142857142857	233.333333333333	81.4167769195737	24.6	106.016776919574	DCA	280	130.094553051646
671.428571428571	233.333333333333	80.2926903010131	24.6	104.892690301013	DCA	280	128.970466433085
685.714285714286	233.333333333333	83.0252799825346	24.6	107.625279982535	DCA	70	120.133056154201
700	233.333333333333	82.0785219549764	24.6	106.678521954976	DCA	140	127.36851953921
714.285714285714	233.333333333333	82.9202326979601	24.6	107.52023269796	DCA	70	120.028008869626
728.571428571429	233.333333333333	80.4204890085311	24.6	105.020489008531	DCA	0	105.020489008531
742.857142857143	233.333333333333	83.4654376330516	24.6	108.065437633052	DCA	210	132.612101870754
757.142857142857	233.333333333333	78.404027599069	24.6	103.004027599069	DCA	70	115.511803770735
771.428571428571	233.333333333333	81.7949281719188	24.6	106.394928171919	DCA	280	130.472704303991
785.714285714286	233.333333333333	75.0681967785111	24.6	99.6681967785111	DCA	210	124.214861016214
800	233.333333333333	76.2348578673217	24.6	100.834857867322	DCA	0	100.834857867322
814.285714285714	233.333333333333	74.9842546767569	24.6	99.5842546767569	DCA	0	99.5842546767569
828.571428571429	233.333333333333	76.9196280680322	24.6	101.519628068032	DCA	70	114.027404239699
842.857142857143	233.333333333333	79.7362739427445	24.6	104.336273942744	DCA	280	128.414050074817
857.142857142857	233.333333333333	77.0626007420009	24.6	101.662600742001	DCA	280	125.740376874073
871.428571428571	233.333333333333	79.5327698418823	24.6	104.132769841882	DCA	0	104.132769841882
885.714285714286	233.333333333333	80.8954078081759	24.6	105.495407808176	DCA	210	130.042072045878
900	233.333333333333	78.9279507399971	24.6	103.527950739997	DCA	70	116.035726911664
914.285714285714	233.333333333333	83.4298377653736	24.6	108.029837765374	DCA	70	120.53761393704
928.571428571429	233.333333333333	83.8512629085996	24.6	108.4512629086	DCA	140	129.141260492833
942.857142857143	233.333333333333	81.1013789805962	24.6	105.701378980596	DCA	0	105.701378980596
957.142857142857	233.333333333333	79.8878608433253	24.6	104.487860843325	DCA	210	129.034525081028
971.428571428571	233.333333333333	80.4234974771081	24.6	105.023497477108	DCA	0	105.023497477108
985.714285714286	233.333333333333	79.7530613505339	24.6	104.353061350534	DCA	0	104.353061350534
1000	233.333333333333	79.6341986338446	24.6	104.234198633845	DCA	210	128.780862871547
0	266.666666666667	79.832530698928	0	79.832530698928	DCA	140	88.8129282831619
14.2857142857143	266.666666666667	75.5628304401353	0	75.5628304401353	DCA	0	75.5628304401353
28.5714285714286	266.666666666667	74.1738603352684	0	74.1738603352684	DCA	70	80.8268365069348
42.8571428571429	266.666666666667	79.2878554993398	0	79.2878554993398	DCA	140	88.2682530835737
57.1428571428571	266.666666666667	80.8730485239534	0	80.8730485239534	DCA	70	87.5260246956198
71.4285714285714	266.666666666667	80.2335421795311	0	80.2335421795311	DCA	140	89.213939763765
85.7142857142857	266.666666666667	81.2396427840375	0	81.2396427840375	DCA	210	88.22190702174
100	266.666666666667	80.6239395555656	0	80.6239395555656	DCA	0	80.6239395555656
114.285714285714	266.666666666667	80.2444344055854	0	80.2444344055854	DCA	70	86.8974105772517
128.571428571429	266.666666666667	79.2739417536396	0	79.2739417536396	DCA	140	88.2543393378735
142.857142857143	266.666666666667	81.2460117163641	0	81.2460117163641	DCA	70	87.8989878880305
157.142857142857	266.666666666667	77.2195584690377	0	77.2195584690377	DCA	280	77.8781346011099
171.428571428571	266.666666666667	80.4098285421748	0	80.4098285421748	DCA	70	87.0628047138412
185.714285714286	266.666666666667	77.7618332044472	0	77.7618332044472	DCA	140	86.7422307886811
200	266.666666666667	78.9018705145243	0	78.9018705145243	DCA	140	87.8822680987582
214.285714285714	266.666666666667	79.6837437910011	0	79.6837437910011	DCA	0	79.6837437910011
228.571428571429	266.666666666667	80.116089981517	0	80.116089981517	DCA	0	80.116089981517
242.857142857143	266.666666666667	81.2914225749163	0	81.2914225749163	DCA	140	90.2718201591502
257.142857142857	266.666666666667	83.2057579623393	0	83.2057579623393	DCA	0	83.2057579623393
271.428571428571	266.666666666667	80.3743283938902	0	80.3743283938902	DCA	210	87.3565926315927
285.714285714286	266.666666666667	80.2029341175857	0	80.2029341175857	DCA	280	80.8615102496579
300	266.666666666667	80.5389132785877	0	80.5389132785877	DCA	210	87.5211775162902
314.285714285714	266.666666666667	80.8872283582441	0	80.8872283582441	DCA	70	87.5402045299105
328.571428571429	266.666666666667	81.4056986983123	0	81.4056986983123	DCA	70	88.0586748699787
342.857142857143	266.666666666667	80.7495505264136	0	80.7495505264136	DCA	280	81.4081266584859
357.142857142857	266.666666666667	82.0911017661458	0	82.0911017661458	DCA	70	88.7440779378122
371.428571428571	266.666666666667	78.7750537893742	0	78.7750537893742	DCA	140	87.7554513736081
385.714285714286	266.666666666667	78.1707738017949	0	78.1707738017949	DCA	0	78.1707738017949
400	266.666666666667	80.2054510683538	0	80.2054510683538	DCA	140	89.1858486525877
414.285714285714	266.666666666667	81.3117588761878	0	81.3117588761878	DCA	0	81.3117588761878
428.571428571429	266.666666666667	76.8470537511742	0	76.8470537511742	DCA	280	77.5056298832464
442.857142857143	266.666666666667	81.6573707909003	0	81.6573707909003	DCA	280	82.3159469229725
457.142857142857	266.666666666667	78.4747195998783	0	78.4747195998783	DCA	210	85.4569838375808
471.428571428571	266.666666666667	75.6116067306397	0	75.6116067306397	DCA	70	82.2645829023061
485.714285714286	266.666666666667	75.7575186292747	0	75.7575186292747	DCA	70	82.4104948009411
500	266.666666666667	77.1943317544669	0	77.1943317544669	DCA	210	84.1765959921694
514.285714285714	266.666666666667	78.9445187765561	24.6	103.544518776556	DCA	70	116.052294948223
528.571428571429	266.666666666667	84.0047546972142	24.6	108.604754697214	DCA	70	121.112530868881
542.857142857143	266.666666666667	85.9744556277537	24.6	110.574455627754	DCA	140	131.264453211988
557.142857142857	266.666666666667	82.5236332853904	24.6	107.12363328539	DCA	140	127.813630869624
571.428571428571	266.666666666667	83.8975891725944	24.6	108.497589172594	DCA	140	129.187586756828
585.714285714286	266.666666666667	85.1938286526577	24.6	109.793828652658	DCA	140	130.483826236892
600	266.666666666667	83.2818956994606	24.6	107.881895699461	DCA	0	107.881895699461
614.285714285714	266.666666666667	83.1333302900052	24.6	107.733330290005	DCA	280	131.811106422077
628.571428571429	266.666666666667	81.1764641727283	24.6	105.776464172728	DCA	280	129.8542403048
642.857142857143	266.666666666667	83.937590336248	24.6	108.537590336248	DCA	70	121.045366507914
657.142857142857	266.666666666667	79.1330177800636	24.6	103.733017780064	DCA	280	127.810793912136
671.428571428571	266.666666666667	82.5832814736276	24.6	107.183281473628	DCA	210	131.72994571133
685.714285714286	266.666666666667	80.1135123323457	24.6	104.713512332346	DCA	70	117.221288504012
700	266.666666666667	80.472768528585	24.6	105.072768528585	DCA	70	117.580544700251
714.285714285714	266.666666666667	78.6130436723122	24.6	103.213043672312	DCA	210	127.759707910015
728.571428571429	266.666666666667	77.1977682640352	24.6	101.797768264035	DCA	280	125.875544396107
742.857142857143	266.666666666667	75.2928765641443	24.6	99.8928765641442	DCA	280	123.970652696216
757.142857142857	266.666666666667	76.6052957665949	24.6	101.205295766595	DCA	70	113.713071938261
771.428571428571	266.666666666667	74.1135318140063	24.6	98.7135318140063	DCA	210	123.260196051709
785.714285714286	266.666666666667	79.799703321635	24.6	104.399703321635	DCA	70	116.907479493301
800	266.666666666667	83.9080939064708	24.6	108.508093906471	DCA	140	129.198091490705
814.285714285714	266.666666666667	78.5794018339318	24.6	103.179401833932	DCA	70	115.687178005598
828.571428571429	266.666666666667	79.0419136095523	24.6	103.641913609552	DCA	280	127.719689741625
842.857142857143	266.666666666667	79.0006084132426	24.6	103.600608413243	DCA	70	116.108384584909
857.142857142857	266.666666666667	82.8777564547662	24.6	107.477756454766	DCA	140	128.167754039
871.428571428571	266.666666666667	79.8940730265317	24.6	104.494073026532	DCA	280	128.571849158604
885.714285714286	266.666666666667	80.2912973811241	24.6	104.891297381124	DCA	70	117.399073552791
900	266.666666666667	82.9097000239897	24.6	107.50970002399	DCA	280	131.587476156062
914.285714285714	266.666666666667	79.2300795910523	24.6	103.830079591052	DCA	210	128.376743828755
928.571428571429	266.666666666667	78.2772788599596	24.6	102.87727885996	DCA	0	102.87727885996
942.857142857143	266.666666666667	77.9309234856706	24.6	102.530923485671	DCA	70	115.038699657337
957.142857142857	266.666666666667	77.4372708596754	24.6	102.037270859675	DCA	140	122.727268443909
971.428571428571	266.666666666667	79.8625171261194	24.6	104.462517126119	DCA	0	104.462517126119
985.714285714286	266.666666666667	80.2043749351609	24.6	104.804374935161	DCA	280	128.882151067233
1000	266.666666666667	77.63778016886	24.6	102.23778016886	DCA	210	126.784444406562
0	300	77.6032137141934	0	77.6032137141934	DCA	210	84.5854779518959
14.2857142857143	300	75.7790379235659	0	75.7790379235659	DCA	210	82.7613021612684
28.5714285714286	300	78.2326071728886	0	78.2326071728886	DCA	70	84.885583344555
42.8571428571429	300	79.4969578344755	0	79.4969578344755	DCA	280	80.1555339665477
57.1428571428571	300	73.9284091147641	0	73.9284091147641	DCA	70	80.5813852864305
71.4285714285714	300	75.3365490466909	0	75.3365490466909	DCA	280	75.9951251787631
85.7142857142857	300	77.0987571233002	0	77.0987571233002	DCA	70	83.7517332949666
100	300	79.118662312969	0	79.118662312969	DCA	0	79.118662312969
114.285714285714	300	78.9865884466743	0	78.9865884466743	DCA	280	79.6451645787465
128.571428571429	300	79.2901702459407	0	79.2901702459407	DCA	140	88.2705678301746
142.857142857143	300	76.8314705379394	0	76.8314705379394	DCA	70	83.4844467096058
157.142857142857	300	77.0673827049166	0	77.0673827049166	DCA	0	77.0673827049166
171.428571428571	300	78.7717392302153	0	78.7717392302153	DCA	210	85.7540034679178
185.714285714286	300	76.4100154874617	0	76.4100154874617	DCA	210	83.3922797251642
200	300	83.6338333204897	0	83.6338333204897	DCA	210	90.6160975581923
214.285714285714	300	84.3977362588757	0	84.3977362588757	DCA	280	85.056312390948
228.571428571429	300	83.2619672543539	0	83.2619672543539	DCA	280	83.9205433864261
242.857142857143	300	81.5179688342319	0	81.5179688342319	DCA	140	90.4983664184658
257.142857142857	300	82.2555528149349	0	82.2555528149349	DCA	280	82.9141289470071
271.428571428571	300	79.8707072444548	0	79.8707072444548	DCA	140	88.8511048286887
285.714285714286	300	81.9633084498129	0	81.9633084498129	DCA	280	82.6218845818852
300	300	78.212745334183	0	78.212745334183	DCA	280	78.8713214662552
314.285714285714	300	78.3232202084395	0	78.3232202084395	DCA	140	87.3036177926734
328.571428571429	300	79.1639208134306	0	79.1639208134306	DCA	0	79.1639208134306
342.857142857143	300	80.9423046793113	0	80.9423046793113	DCA	280	81.6008808113835
357.142857142857	300	79.1152204880354	0	79.1152204880354	DCA	210	86.0974847257379
371.428571428571	300	79.9770075490264	0	79.9770075490264	DCA	280	80.6355836810987
385.714285714286	300	79.4343508199438	0	79.4343508199438	DCA	280	80.0929269520161
400	300	77.1931055843582	0	77.1931055843582	DCA	70	83.8460817560246
414.285714285714	300	82.1128899329714	0	82.1128899329714	DCA	210	89.0951541706739
428.571428571429	300	83.0580466466729	0	83.0580466466729	DCA	280	83.7166227787451
442.857142857143	300	78.5438475296949	0	78.5438475296949	DCA	210	85.5261117673974
457.142857142857	300	81.006144710112	0	81.006144710112	DCA	280	81.6647208421842
471.428571428571	300	79.8777195428508	0	79.8777195428508	DCA	0	79.8777195428508
485.714285714286	300	83.852089341573	0	83.852089341573	DCA	140	92.8324869258069
500	300	82.1089803237329	0	82.1089803237329	DCA	210	89.0912445614354
514.285714285714	300	86.3151901262642	24.6	110.915190126264	DCA	280	134.992966258336
528.571428571429	300	82.6533083409309	24.6	107.253308340931	DCA	210	131.799972578633
542.857142857143	300	82.7049026283305	24.6	107.30490262833	DCA	210	131.851566866033
557.142857142857	300	81.9598269799791	24.6	106.559826979979	DCA	280	130.637603112051
571.428571428571	300	83.8438439243689	24.6	108.443843924369	DCA	140	129.133841508603
585.714285714286	300	80.0888540583885	24.6	104.688854058389	DCA	0	104.688854058389
600	300	78.1044145404134	24.6	102.704414540413	DCA	0	102.704414540413
614.285714285714	300	82.5254315608735	24.6	107.125431560873	DCA	140	127.815429145107
628.571428571429	300	82.4292142582161	24.6	107.029214258216	DCA	280	131.106990390288
642.857142857143	300	85.8525320895515	24.6	110.452532089551	DCA	140	131.142529673785
657.142857142857	300	82.2355868711687	24.6	106.835586871169	DCA	140	127.525584455403
671.428571428571	300	82.6446121330435	24.6	107.244612133043	DCA	280	131.322388265116
685.714285714286	300	78.5179544555373	24.6	103.117954455537	DCA	70	115.625730627204
700	300	78.8729113278693	24.6	103.472911327869	DCA	210	128.019575565572
714.285714285714	300	79.0796819395031	24.6	103.679681939503	DCA	280	127.757458071575
728.571428571429	300	77.5980100022087	24.6	102.198010002209	DCA	0	102.198010002209
742.857142857143	300	77.6889301465161	24.6	102.288930146516	DCA	280	126.366706278588
757.142857142857	300	81.2946075363981	24.6	105.894607536398	DCA	70	118.402383708064
771.428571428571	300	81.3630426147009	24.6	105.963042614701	DCA	70	118.470818786367
785.714285714286	300	82.4047387266153	24.6	107.004738726615	DCA	0	107.004738726615
800	300	76.4434332909762	24.6	101.043433290976	DCA	280	125.121209423048
814.285714285714	300	80.4857883299031	24.6	105.085788329903	DCA	70	117.593564501569
828.571428571429	300	77.9290726549782	24.6	102.529072654978	DCA	0	102.529072654978
842.857142857143	300	76.8525216103885	24.6	101.452521610388	DCA	0	101.452521610388
857.142857142857	300	78.6262136329939	24.6	103.226213632994	DCA	70	115.73398980466
871.428571428571	300	79.8572371883329	24.6	104.457237188333	DCA	0	104.457237188333
885.714285714286	300	75.7259328005895	24.6	100.32593280059	DCA	0	100.32593280059
900	300	76.9038828290871	24.6	101.503882829087	DCA	0	101.503882829087
914.285714285714	300	81.8238194839386	24.6	106.423819483939	DCA	140	127.113817068172
928.571428571429	300	75.3411034053971	24.6	99.9411034053971	DCA	210	124.4877676431
942.857142857143	300	79.3177154738564	24.6	103.917715473856	DCA	210	128.464379711559
957.142857142857	300	81.4914051170844	24.6	106.091405117084	DCA	280	130.169181249157
971.428571428571	300	81.2596986102978	24.6	105.859698610298	DCA	140	126.549696194532
985.714285714286	300	79.741330966768	24.6	104.341330966768	DCA	140	125.031328551002
1000	300	76.3493813171107	24.6	100.949381317111	DCA	140	121.639378901345
