x	y	variable1	Zona	ErrorConEfecto	Disenio	AsigTrat	MiRto
0	0	80.6395612175121	0	80.6395612175121	DCA	280	87.6239210690303
14.2857142857143	0	78.8873281705729	0	78.8873281705729	DCA	210	89.7066550485447
28.5714285714286	0	82.3251184504456	0	82.3251184504456	DCA	140	93.2587076953157
42.8571428571429	0	77.6214679112855	0	77.6214679112855	DCA	70	84.9486148634982
57.1428571428571	0	78.0142092079113	0	78.0142092079113	DCA	70	85.341356160124
71.4285714285714	0	78.7880489219054	0	78.7880489219054	DCA	140	89.7216381667755
85.7142857142857	0	76.0469515464202	0	76.0469515464202	DCA	0	76.0469515464202
100	0	74.8902340694283	0	74.8902340694283	DCA	70	82.2173810216411
114.285714285714	0	80.2715856810081	0	80.2715856810081	DCA	0	80.2715856810081
128.571428571429	0	78.2415984550312	0	78.2415984550312	DCA	70	85.5687454072439
142.857142857143	0	75.8907054647368	0	75.8907054647368	DCA	140	86.8242947096069
157.142857142857	0	77.9648742529727	0	77.9648742529727	DCA	140	88.8984634978428
171.428571428571	0	78.0315863724526	0	78.0315863724526	DCA	210	88.8509132504245
185.714285714286	0	81.5703220703149	0	81.5703220703149	DCA	280	88.5546819218331
200	0	81.6706848939693	0	81.6706848939693	DCA	210	92.4900117719411
214.285714285714	0	81.2355940413851	0	81.2355940413851	DCA	210	92.0549209193569
228.571428571429	0	79.2414494816757	0	79.2414494816757	DCA	210	90.0607763596475
242.857142857143	0	79.7851087231051	0	79.7851087231051	DCA	0	79.7851087231051
257.142857142857	0	83.8668094548171	0	83.8668094548171	DCA	0	83.8668094548171
271.428571428571	0	86.2110650479835	0	86.2110650479835	DCA	140	97.1446542928536
285.714285714286	0	85.7588014140797	0	85.7588014140797	DCA	70	93.0859483662924
300	0	85.4151196986221	0	85.4151196986221	DCA	70	92.7422666508349
314.285714285714	0	84.3049156351735	0	84.3049156351735	DCA	0	84.3049156351735
328.571428571429	0	85.3080817635604	0	85.3080817635604	DCA	140	96.2416710084304
342.857142857143	0	80.7047246244302	0	80.7047246244302	DCA	210	91.5240515024021
357.142857142857	0	77.3187535904721	0	77.3187535904721	DCA	0	77.3187535904721
371.428571428571	0	81.8733386620654	0	81.8733386620654	DCA	140	92.8069279069354
385.714285714286	0	81.1763971718619	0	81.1763971718619	DCA	140	92.1099864167319
400	0	84.0856400820547	0	84.0856400820547	DCA	140	95.0192293269247
414.285714285714	0	80.9754239514913	0	80.9754239514913	DCA	140	91.9090131963614
428.571428571429	0	78.7152005591461	0	78.7152005591461	DCA	210	89.534527437118
442.857142857143	0	82.487732182641	0	82.487732182641	DCA	210	93.3070590606128
457.142857142857	0	81.2321763691478	0	81.2321763691478	DCA	280	88.2165362206659
471.428571428571	0	76.0019108992082	0	76.0019108992082	DCA	0	76.0019108992082
485.714285714286	0	74.3067502949247	0	74.3067502949247	DCA	70	81.6338972471375
500	0	75.3507647156013	0	75.3507647156013	DCA	140	86.2843539604714
514.285714285714	0	77.4173510329885	24.6	102.017351032988	DCA	140	124.660540277859
528.571428571429	0	76.3540689925195	24.6	100.95406899252	DCA	140	123.59725823739
542.857142857143	0	78.4569972092462	24.6	103.056997209246	DCA	0	103.056997209246
557.142857142857	0	77.1773523312501	24.6	101.77735233125	DCA	0	101.77735233125
571.428571428571	0	78.3606102279809	24.6	102.960610227981	DCA	0	102.960610227981
585.714285714286	0	78.4080783616047	24.6	103.008078361605	DCA	210	131.391805239577
600	0	78.8819496694863	24.6	103.481949669486	DCA	70	116.663896621699
614.285714285714	0	79.1250334935202	24.6	103.72503349352	DCA	280	134.128593345038
628.571428571429	0	81.0963322331704	24.6	105.69633223317	DCA	140	128.33952147804
642.857142857143	0	84.7413089421139	24.6	109.341308942114	DCA	0	109.341308942114
657.142857142857	0	80.1162441509443	24.6	104.716244150944	DCA	0	104.716244150944
671.428571428571	0	78.4856525387953	24.6	103.085652538795	DCA	210	131.469379416767
685.714285714286	0	80.0970076121708	24.6	104.697007612171	DCA	140	127.340196857041
700	0	79.1463749900447	24.6	103.746374990045	DCA	70	116.928321942257
714.285714285714	0	76.7655886769673	24.6	101.365588676967	DCA	140	124.008777921837
728.571428571429	0	79.5631910720722	24.6	104.163191072072	DCA	70	117.345138024285
742.857142857143	0	78.8857947507513	24.6	103.485794750751	DCA	140	126.128983995621
757.142857142857	0	77.3667389257615	24.6	101.966738925761	DCA	70	115.148685877974
771.428571428571	0	75.2165330084848	24.6	99.8165330084848	DCA	210	128.200259886457
785.714285714286	0	75.4519202865757	24.6	100.051920286576	DCA	210	128.435647164548
800	0	79.6382911367043	24.6	104.238291136704	DCA	140	126.881480381574
814.285714285714	0	78.172294190162	24.6	102.772294190162	DCA	280	133.17585404168
828.571428571429	0	80.4012861241983	24.6	105.001286124198	DCA	280	135.404845975716
842.857142857143	0	79.7455918235844	24.6	104.345591823584	DCA	140	126.988781068454
857.142857142857	0	78.1212740070025	24.6	102.721274007003	DCA	70	115.903220959215
871.428571428571	0	75.8074912261678	24.6	100.407491226168	DCA	140	123.050680471038
885.714285714286	0	79.2111885546619	24.6	103.811188554662	DCA	210	132.194915432634
900	0	81.7983864255013	24.6	106.398386425501	DCA	70	119.580333377714
914.285714285714	0	78.9815340052162	24.6	103.581534005216	DCA	140	126.224723250086
928.571428571429	0	82.9257945292865	24.6	107.525794529286	DCA	210	135.909521407258
942.857142857143	0	78.4687496026169	24.6	103.068749602617	DCA	280	133.472309454135
957.142857142857	0	80.6931639346092	24.6	105.293163934609	DCA	0	105.293163934609
971.428571428571	0	80.5093502960755	24.6	105.109350296075	DCA	0	105.109350296075
985.714285714286	0	78.4442284372809	24.6	103.044228437281	DCA	210	131.427955315253
1000	0	80.9593646562626	24.6	105.559364656263	DCA	280	135.962924507781
0	33.3333333333333	80.5863164127119	0	80.5863164127119	DCA	140	91.5199056575819
14.2857142857143	33.3333333333333	82.2040951253108	0	82.2040951253108	DCA	280	89.188454976829
28.5714285714286	33.3333333333333	82.6732081035451	0	82.6732081035451	DCA	0	82.6732081035451
42.8571428571429	33.3333333333333	76.0383678627855	0	76.0383678627855	DCA	70	83.3655148149983
57.1428571428571	33.3333333333333	75.9882423813239	0	75.9882423813239	DCA	280	82.972602232842
71.4285714285714	33.3333333333333	78.7735457898642	0	78.7735457898642	DCA	0	78.7735457898642
85.7142857142857	33.3333333333333	78.3244188110968	0	78.3244188110968	DCA	140	89.2580080559669
100	33.3333333333333	78.7575010231135	0	78.7575010231135	DCA	70	86.0846479753262
114.285714285714	33.3333333333333	78.051911923749	0	78.051911923749	DCA	0	78.051911923749
128.571428571429	33.3333333333333	74.3062792347068	0	74.3062792347068	DCA	210	85.1256061126786
142.857142857143	33.3333333333333	75.5444842337602	0	75.5444842337602	DCA	70	82.871631185973
157.142857142857	33.3333333333333	77.1103306313351	0	77.1103306313351	DCA	210	87.9296575093069
171.428571428571	33.3333333333333	78.0177401685377	0	78.0177401685377	DCA	210	88.8370670465096
185.714285714286	33.3333333333333	80.7664141880566	0	80.7664141880566	DCA	280	87.7507740395748
200	33.3333333333333	78.1764398995848	0	78.1764398995848	DCA	140	89.1100291444548
214.285714285714	33.3333333333333	77.8720622770236	0	77.8720622770236	DCA	0	77.8720622770236
228.571428571429	33.3333333333333	80.0034693468758	0	80.0034693468758	DCA	70	87.3306162990886
242.857142857143	33.3333333333333	81.7490806641627	0	81.7490806641627	DCA	210	92.5684075421346
257.142857142857	33.3333333333333	80.7526691923284	0	80.7526691923284	DCA	70	88.0798161445411
271.428571428571	33.3333333333333	81.6374471596172	0	81.6374471596172	DCA	210	92.456774037589
285.714285714286	33.3333333333333	84.4336415760606	0	84.4336415760606	DCA	210	95.2529684540324
300	33.3333333333333	82.3114636155542	0	82.3114636155542	DCA	280	89.2958234670723
314.285714285714	33.3333333333333	81.26982339452	0	81.26982339452	DCA	0	81.26982339452
328.571428571429	33.3333333333333	82.1747608777786	0	82.1747608777786	DCA	140	93.1083501226486
342.857142857143	33.3333333333333	81.1834797090288	0	81.1834797090288	DCA	280	88.167839560547
357.142857142857	33.3333333333333	80.8425558585332	0	80.8425558585332	DCA	0	80.8425558585332
371.428571428571	33.3333333333333	78.6335916654852	0	78.6335916654852	DCA	210	89.452918543457
385.714285714286	33.3333333333333	77.63279101091	0	77.63279101091	DCA	210	88.4521178888818
400	33.3333333333333	80.9987852731547	0	80.9987852731547	DCA	0	80.9987852731547
414.285714285714	33.3333333333333	80.8803500356186	0	80.8803500356186	DCA	140	91.8139392804886
428.571428571429	33.3333333333333	81.5248298736653	0	81.5248298736653	DCA	140	92.4584191185353
442.857142857143	33.3333333333333	78.9738111106202	0	78.9738111106202	DCA	280	85.9581709621383
457.142857142857	33.3333333333333	76.4268377517903	0	76.4268377517903	DCA	280	83.4111976033085
471.428571428571	33.3333333333333	75.553001305383	0	75.553001305383	DCA	70	82.8801482575958
485.714285714286	33.3333333333333	73.1723531263367	0	73.1723531263367	DCA	0	73.1723531263367
500	33.3333333333333	77.3338313787821	0	77.3338313787821	DCA	210	88.153158256754
514.285714285714	33.3333333333333	76.5952897546906	24.6	101.195289754691	DCA	140	123.838478999561
528.571428571429	33.3333333333333	76.6200192540648	24.6	101.220019254065	DCA	210	129.603746132037
542.857142857143	33.3333333333333	76.7585105773537	24.6	101.358510577354	DCA	70	114.540457529566
557.142857142857	33.3333333333333	77.529777550403	24.6	102.129777550403	DCA	210	130.513504428375
571.428571428571	33.3333333333333	78.5038092647648	24.6	103.103809264765	DCA	210	131.487536142737
585.714285714286	33.3333333333333	80.7524703860471	24.6	105.352470386047	DCA	210	133.736197264019
600	33.3333333333333	80.5793394325764	24.6	105.179339432576	DCA	0	105.179339432576
614.285714285714	33.3333333333333	83.5172199853147	24.6	108.117219985315	DCA	210	136.500946863287
628.571428571429	33.3333333333333	80.1417661471023	24.6	104.741766147102	DCA	140	127.384955391972
642.857142857143	33.3333333333333	77.8969381761251	24.6	102.496938176125	DCA	70	115.678885128338
657.142857142857	33.3333333333333	75.2383099454692	24.6	99.8383099454692	DCA	280	130.241869796987
671.428571428571	33.3333333333333	76.2195588891495	24.6	100.81955888915	DCA	0	100.81955888915
685.714285714286	33.3333333333333	76.3943880019942	24.6	100.994388001994	DCA	210	129.378114879966
700	33.3333333333333	78.6999797440751	24.6	103.299979744075	DCA	140	125.943168988945
714.285714285714	33.3333333333333	81.1372033673296	24.6	105.73720336733	DCA	210	134.120930245301
728.571428571429	33.3333333333333	80.4332854381981	24.6	105.033285438198	DCA	210	133.41701231617
742.857142857143	33.3333333333333	81.5334748843555	24.6	106.133474884355	DCA	140	128.776664129226
757.142857142857	33.3333333333333	79.6891426957396	24.6	104.28914269574	DCA	70	117.471089647952
771.428571428571	33.3333333333333	78.511985641404	24.6	103.111985641404	DCA	210	131.495712519376
785.714285714286	33.3333333333333	77.3213005239922	24.6	101.921300523992	DCA	70	115.103247476205
800	33.3333333333333	78.590817866626	24.6	103.190817866626	DCA	210	131.574544744598
814.285714285714	33.3333333333333	79.1567407842557	24.6	103.756740784256	DCA	70	116.938687736468
828.571428571429	33.3333333333333	79.3427151614219	24.6	103.942715161422	DCA	280	134.34627501294
842.857142857143	33.3333333333333	79.3214287809712	24.6	103.921428780971	DCA	140	126.564618025841
857.142857142857	33.3333333333333	80.1627996773051	24.6	104.762799677305	DCA	210	133.146526555277
871.428571428571	33.3333333333333	78.5285379623938	24.6	103.128537962394	DCA	140	125.771727207264
885.714285714286	33.3333333333333	80.1538088005866	24.6	104.753808800587	DCA	70	117.935755752799
900	33.3333333333333	79.0502196308969	24.6	103.650219630897	DCA	210	132.033946508869
914.285714285714	33.3333333333333	82.6342979273644	24.6	107.234297927364	DCA	70	120.416244879577
928.571428571429	33.3333333333333	82.3211762595398	24.6	106.92117625954	DCA	0	106.92117625954
942.857142857143	33.3333333333333	80.2423730180785	24.6	104.842373018079	DCA	0	104.842373018079
957.142857142857	33.3333333333333	81.7403547236789	24.6	106.340354723679	DCA	70	119.522301675892
971.428571428571	33.3333333333333	79.2887624623338	24.6	103.888762462334	DCA	70	117.070709414547
985.714285714286	33.3333333333333	82.1669972273913	24.6	106.766997227391	DCA	0	106.766997227391
1000	33.3333333333333	77.6086291611216	24.6	102.208629161122	DCA	70	115.390576113334
0	66.6666666666667	81.9832005441244	0	81.9832005441244	DCA	140	92.9167897889944
14.2857142857143	66.6666666666667	82.7306502267217	0	82.7306502267217	DCA	210	93.5499771046935
28.5714285714286	66.6666666666667	81.5544809761955	0	81.5544809761955	DCA	0	81.5544809761955
42.8571428571429	66.6666666666667	78.3728483793576	0	78.3728483793576	DCA	280	85.3572082308757
57.1428571428571	66.6666666666667	79.3034188103956	0	79.3034188103956	DCA	140	90.2370080552656
71.4285714285714	66.6666666666667	76.6420138271483	0	76.6420138271483	DCA	0	76.6420138271483
85.7142857142857	66.6666666666667	80.0488674658188	0	80.0488674658188	DCA	280	87.033227317337
100	66.6666666666667	80.7400221178202	0	80.7400221178202	DCA	70	88.0671690700329
114.285714285714	66.6666666666667	81.0714874965388	0	81.0714874965388	DCA	0	81.0714874965388
128.571428571429	66.6666666666667	78.0077500713852	0	78.0077500713852	DCA	210	88.827076949357
142.857142857143	66.6666666666667	76.7993189703261	0	76.7993189703261	DCA	70	84.1264659225389
157.142857142857	66.6666666666667	77.4783009784373	0	77.4783009784373	DCA	210	88.2976278564091
171.428571428571	66.6666666666667	74.9932897079409	0	74.9932897079409	DCA	280	81.9776495594591
185.714285714286	66.6666666666667	79.4933696692205	0	79.4933696692205	DCA	140	90.4269589140906
200	66.6666666666667	79.800920114367	0	79.800920114367	DCA	140	90.734509359237
214.285714285714	66.6666666666667	78.6643374407863	0	78.6643374407863	DCA	280	85.6486972923045
228.571428571429	66.6666666666667	79.1277642824218	0	79.1277642824218	DCA	280	86.11212413394
242.857142857143	66.6666666666667	81.9418404485076	0	81.9418404485076	DCA	140	92.8754296933776
257.142857142857	66.6666666666667	83.6748082397575	0	83.6748082397575	DCA	140	94.6083974846275
271.428571428571	66.6666666666667	80.2386839595087	0	80.2386839595087	DCA	0	80.2386839595087
285.714285714286	66.6666666666667	78.9480245259324	0	78.9480245259324	DCA	280	85.9323843774505
300	66.6666666666667	79.18201351751	0	79.18201351751	DCA	280	86.1663733690281
314.285714285714	66.6666666666667	79.3811181601816	0	79.3811181601816	DCA	70	86.7082651123943
328.571428571429	66.6666666666667	81.2655482718483	0	81.2655482718483	DCA	0	81.2655482718483
342.857142857143	66.6666666666667	81.493440429898	0	81.493440429898	DCA	0	81.493440429898
357.142857142857	66.6666666666667	78.82971139999	0	78.82971139999	DCA	210	89.6490382779619
371.428571428571	66.6666666666667	78.9119744621608	0	78.9119744621608	DCA	0	78.9119744621608
385.714285714286	66.6666666666667	75.3153577649707	0	75.3153577649707	DCA	70	82.6425047171835
400	66.6666666666667	77.0019062181377	0	77.0019062181377	DCA	140	87.9354954630078
414.285714285714	66.6666666666667	80.1557566152727	0	80.1557566152727	DCA	280	87.1401164667909
428.571428571429	66.6666666666667	74.3539259110954	0	74.3539259110954	DCA	210	85.1732527890673
442.857142857143	66.6666666666667	77.7936286862275	0	77.7936286862275	DCA	140	88.7272179310976
457.142857142857	66.6666666666667	80.2367245261638	0	80.2367245261638	DCA	0	80.2367245261638
471.428571428571	66.6666666666667	80.1516548407322	0	80.1516548407322	DCA	280	87.1360146922503
485.714285714286	66.6666666666667	80.3841638436433	0	80.3841638436433	DCA	140	91.3177530885134
500	66.6666666666667	82.3470839207112	0	82.3470839207112	DCA	0	82.3470839207112
514.285714285714	66.6666666666667	77.7403709007047	24.6	102.340370900705	DCA	70	115.522317852918
528.571428571429	66.6666666666667	79.2977097623603	24.6	103.89770976236	DCA	280	134.301269613878
542.857142857143	66.6666666666667	78.7538401399745	24.6	103.353840139974	DCA	70	116.535787092187
557.142857142857	66.6666666666667	80.1134735848149	24.6	104.713473584815	DCA	280	135.117033436333
571.428571428571	66.6666666666667	80.842370221821	24.6	105.442370221821	DCA	0	105.442370221821
585.714285714286	66.6666666666667	80.6297489548932	24.6	105.229748954893	DCA	70	118.411695907106
600	66.6666666666667	80.5213114011317	24.6	105.121311401132	DCA	210	133.505038279104
614.285714285714	66.6666666666667	79.3271834568834	24.6	103.927183456883	DCA	210	132.310910334855
628.571428571429	66.6666666666667	78.3111317402478	24.6	102.911131740248	DCA	0	102.911131740248
642.857142857143	66.6666666666667	81.9233478880541	24.6	106.523347888054	DCA	280	136.926907739572
657.142857142857	66.6666666666667	78.2032378392064	24.6	102.803237839206	DCA	280	133.206797690725
671.428571428571	66.6666666666667	78.2336073046214	24.6	102.833607304621	DCA	70	116.015554256834
685.714285714286	66.6666666666667	77.3587912235802	24.6	101.95879122358	DCA	70	115.140738175793
700	66.6666666666667	80.7392551870751	24.6	105.339255187075	DCA	140	127.982444431945
714.285714285714	66.6666666666667	81.0954434731875	24.6	105.695443473187	DCA	0	105.695443473187
728.571428571429	66.6666666666667	81.7896590015035	24.6	106.389659001503	DCA	0	106.389659001503
742.857142857143	66.6666666666667	84.1070540798497	24.6	108.70705407985	DCA	70	121.889001032062
757.142857142857	66.6666666666667	80.1824233046418	24.6	104.782423304642	DCA	0	104.782423304642
771.428571428571	66.6666666666667	78.294075458919	24.6	102.894075458919	DCA	70	116.076022411132
785.714285714286	66.6666666666667	76.3922652572776	24.6	100.992265257278	DCA	210	129.375992135249
800	66.6666666666667	79.5032339145124	24.6	104.103233914512	DCA	280	134.506793766031
814.285714285714	66.6666666666667	74.5825872540852	24.6	99.1825872540852	DCA	210	127.566314132057
828.571428571429	66.6666666666667	75.1543539083169	24.6	99.7543539083169	DCA	280	130.157913759835
842.857142857143	66.6666666666667	79.270612254135	24.6	103.870612254135	DCA	280	134.274172105653
857.142857142857	66.6666666666667	77.7751026059445	24.6	102.375102605944	DCA	280	132.778662457463
871.428571428571	66.6666666666667	78.9552363282234	24.6	103.555236328223	DCA	210	131.938963206195
885.714285714286	66.6666666666667	77.8022171475878	24.6	102.402217147588	DCA	280	132.805776999106
900	66.6666666666667	77.8343811422846	24.6	102.434381142285	DCA	0	102.434381142285
914.285714285714	66.6666666666667	81.8272325836639	24.6	106.427232583664	DCA	210	134.810959461636
928.571428571429	66.6666666666667	84.3119363828112	24.6	108.911936382811	DCA	140	131.555125627681
942.857142857143	66.6666666666667	86.0232442912911	24.6	110.623244291291	DCA	210	139.006971169263
957.142857142857	66.6666666666667	82.0049750238502	24.6	106.60497502385	DCA	70	119.786921976063
971.428571428571	66.6666666666667	80.3019102616152	24.6	104.901910261615	DCA	70	118.083857213828
985.714285714286	66.6666666666667	79.6667506465105	24.6	104.26675064651	DCA	140	126.909939891381
1000	66.6666666666667	79.5962069631619	24.6	104.196206963162	DCA	280	134.59976681468
0	100	78.9244180820977	0	78.9244180820977	DCA	0	78.9244180820977
14.2857142857143	100	78.3287776148359	0	78.3287776148359	DCA	210	89.1481044928077
28.5714285714286	100	77.1410233204323	0	77.1410233204323	DCA	280	84.1253831719505
42.8571428571429	100	80.9625296113105	0	80.9625296113105	DCA	210	91.7818564892823
57.1428571428571	100	79.586013486182	0	79.586013486182	DCA	0	79.586013486182
71.4285714285714	100	80.517590824958	0	80.517590824958	DCA	210	91.3369177029299
85.7142857142857	100	82.0209288261451	0	82.0209288261451	DCA	0	82.0209288261451
100	100	81.3470085226638	0	81.3470085226638	DCA	70	88.6741554748766
114.285714285714	100	84.4251789477846	0	84.4251789477846	DCA	280	91.4095387993028
128.571428571429	100	81.3305147050201	0	81.3305147050201	DCA	280	88.3148745565382
142.857142857143	100	81.2349790346207	0	81.2349790346207	DCA	0	81.2349790346207
157.142857142857	100	80.7593165992719	0	80.7593165992719	DCA	280	87.74367645079
171.428571428571	100	74.8720707791861	0	74.8720707791861	DCA	0	74.8720707791861
185.714285714286	100	77.7604920257527	0	77.7604920257527	DCA	0	77.7604920257527
200	100	77.8613613085032	0	77.8613613085032	DCA	210	88.680688186475
214.285714285714	100	80.1117599326112	0	80.1117599326112	DCA	280	87.0961197841294
228.571428571429	100	76.3851196603691	0	76.3851196603691	DCA	280	83.3694795118873
242.857142857143	100	78.6396796629938	0	78.6396796629938	DCA	0	78.6396796629938
257.142857142857	100	82.0797464967463	0	82.0797464967463	DCA	280	89.0641063482644
271.428571428571	100	77.5953397907906	0	77.5953397907906	DCA	0	77.5953397907906
285.714285714286	100	80.7842940496333	0	80.7842940496333	DCA	70	88.1114410018461
300	100	79.0960628626122	0	79.0960628626122	DCA	70	86.4232098148249
314.285714285714	100	82.2335558741508	0	82.2335558741508	DCA	140	93.1671451190209
328.571428571429	100	79.8572928169048	0	79.8572928169048	DCA	210	90.6766196948767
342.857142857143	100	80.7567737037074	0	80.7567737037074	DCA	0	80.7567737037074
357.142857142857	100	80.6942350375007	0	80.6942350375007	DCA	70	88.0213819897135
371.428571428571	100	79.9412669420498	0	79.9412669420498	DCA	70	87.2684138942626
385.714285714286	100	77.6473936509754	0	77.6473936509754	DCA	210	88.4667205289472
400	100	79.2334793120751	0	79.2334793120751	DCA	70	86.5606262642879
414.285714285714	100	75.6725621858787	0	75.6725621858787	DCA	280	82.6569220373969
428.571428571429	100	80.7119318425039	0	80.7119318425039	DCA	70	88.0390787947167
442.857142857143	100	81.5108383187797	0	81.5108383187797	DCA	140	92.4444275636498
457.142857142857	100	82.0915816062886	0	82.0915816062886	DCA	140	93.0251708511587
471.428571428571	100	80.2751973433203	0	80.2751973433203	DCA	210	91.0945242212921
485.714285714286	100	80.0827361672624	0	80.0827361672624	DCA	210	90.9020630452342
500	100	80.1004050283929	0	80.1004050283929	DCA	0	80.1004050283929
514.285714285714	100	79.9131943078395	24.6	104.513194307839	DCA	0	104.513194307839
528.571428571429	100	78.7422516290764	24.6	103.342251629076	DCA	210	131.725978507048
542.857142857143	100	78.4819999731217	24.6	103.081999973122	DCA	70	116.263946925334
557.142857142857	100	79.767939255662	24.6	104.367939255662	DCA	0	104.367939255662
571.428571428571	100	82.7419335387891	24.6	107.341933538789	DCA	210	135.725660416761
585.714285714286	100	83.3249182744352	24.6	107.924918274435	DCA	70	121.106865226648
600	100	83.6030552812439	24.6	108.203055281244	DCA	210	136.586782159216
614.285714285714	100	80.3092394751363	24.6	104.909239475136	DCA	210	133.292966353108
628.571428571429	100	81.9915779985041	24.6	106.591577998504	DCA	70	119.773524950717
642.857142857143	100	82.5440818465503	24.6	107.14408184655	DCA	70	120.326028798763
657.142857142857	100	79.2803261997627	24.6	103.880326199763	DCA	280	134.283886051281
671.428571428571	100	78.6710901060635	24.6	103.271090106064	DCA	280	133.674649957582
685.714285714286	100	76.7665283299133	24.6	101.366528329913	DCA	70	114.548475282126
700	100	83.2586150727598	24.6	107.85861507276	DCA	140	130.50180431763
714.285714285714	100	81.2154840019632	24.6	105.815484001963	DCA	210	134.199210879935
728.571428571429	100	82.4551261788674	24.6	107.055126178867	DCA	0	107.055126178867
742.857142857143	100	79.9464643568105	24.6	104.546464356811	DCA	0	104.546464356811
757.142857142857	100	83.9754423562733	24.6	108.575442356273	DCA	210	136.959169234245
771.428571428571	100	84.8062427033707	24.6	109.406242703371	DCA	140	132.049431948241
785.714285714286	100	80.8255466477142	24.6	105.425546647714	DCA	210	133.809273525686
800	100	81.2452478349836	24.6	105.845247834984	DCA	0	105.845247834984
814.285714285714	100	80.7233498594595	24.6	105.32334985946	DCA	0	105.32334985946
828.571428571429	100	77.3467457729152	24.6	101.946745772915	DCA	280	132.350305624433
842.857142857143	100	77.4287034082722	24.6	102.028703408272	DCA	280	132.43226325979
857.142857142857	100	80.1312697843148	24.6	104.731269784315	DCA	210	133.114996662287
871.428571428571	100	83.1695779711639	24.6	107.769577971164	DCA	0	107.769577971164
885.714285714286	100	78.1841333930937	24.6	102.784133393094	DCA	0	102.784133393094
900	100	79.9457352063895	24.6	104.545735206389	DCA	70	117.727682158602
914.285714285714	100	79.0357846579882	24.6	103.635784657988	DCA	70	116.817731610201
928.571428571429	100	78.4689742018739	24.6	103.068974201874	DCA	0	103.068974201874
942.857142857143	100	80.4085371020417	24.6	105.008537102042	DCA	140	127.651726346912
957.142857142857	100	79.5123051683667	24.6	104.112305168367	DCA	210	132.496032046338
971.428571428571	100	79.7656029025087	24.6	104.365602902509	DCA	280	134.769162754027
985.714285714286	100	82.1931099382726	24.6	106.793109938273	DCA	70	119.975056890485
1000	100	77.9282195933766	24.6	102.528219593377	DCA	70	115.710166545589
0	133.333333333333	78.7365548231889	0	78.7365548231889	DCA	70	86.0637017754017
14.2857142857143	133.333333333333	78.9969489196967	0	78.9969489196967	DCA	70	86.3240958719095
28.5714285714286	133.333333333333	81.6253342850965	0	81.6253342850965	DCA	140	92.5589235299666
42.8571428571429	133.333333333333	81.2128300789067	0	81.2128300789067	DCA	0	81.2128300789067
57.1428571428571	133.333333333333	83.0716660602575	0	83.0716660602575	DCA	280	90.0560259117757
71.4285714285714	133.333333333333	83.2273502549059	0	83.2273502549059	DCA	210	94.0466771328778
85.7142857142857	133.333333333333	86.1156601748612	0	86.1156601748612	DCA	210	96.9349870528331
100	133.333333333333	81.9209172207607	0	81.9209172207607	DCA	0	81.9209172207607
114.285714285714	133.333333333333	83.6448223962333	0	83.6448223962333	DCA	280	90.6291822477514
128.571428571429	133.333333333333	82.2272554993817	0	82.2272554993817	DCA	0	82.2272554993817
142.857142857143	133.333333333333	84.0264093504571	0	84.0264093504571	DCA	70	91.3535563026699
157.142857142857	133.333333333333	79.1325350102337	0	79.1325350102337	DCA	70	86.4596819624464
171.428571428571	133.333333333333	79.2729488414967	0	79.2729488414967	DCA	140	90.2065380863667
185.714285714286	133.333333333333	81.4712866079457	0	81.4712866079457	DCA	210	92.2906134859175
200	133.333333333333	79.3298306248972	0	79.3298306248972	DCA	210	90.1491575028691
214.285714285714	133.333333333333	80.0017294158872	0	80.0017294158872	DCA	280	86.9860892674054
228.571428571429	133.333333333333	79.5741041791351	0	79.5741041791351	DCA	210	90.3934310571069
242.857142857143	133.333333333333	79.3309009475112	0	79.3309009475112	DCA	0	79.3309009475112
257.142857142857	133.333333333333	81.8545552101104	0	81.8545552101104	DCA	210	92.6738820880823
271.428571428571	133.333333333333	79.3506767349988	0	79.3506767349988	DCA	140	90.2842659798688
285.714285714286	133.333333333333	79.77917235193	0	79.77917235193	DCA	0	79.77917235193
300	133.333333333333	78.8191266639228	0	78.8191266639228	DCA	140	89.7527159087929
314.285714285714	133.333333333333	79.1512378137644	0	79.1512378137644	DCA	280	86.1355976652826
328.571428571429	133.333333333333	81.2832355211034	0	81.2832355211034	DCA	210	92.1025623990753
342.857142857143	133.333333333333	80.7495578707677	0	80.7495578707677	DCA	280	87.7339177222858
357.142857142857	133.333333333333	81.3390928129668	0	81.3390928129668	DCA	140	92.2726820578368
371.428571428571	133.333333333333	80.5698669256257	0	80.5698669256257	DCA	280	87.5542267771439
385.714285714286	133.333333333333	83.5371096320554	0	83.5371096320554	DCA	140	94.4706988769254
400	133.333333333333	80.7994323480013	0	80.7994323480013	DCA	140	91.7330215928713
414.285714285714	133.333333333333	81.7600661386629	0	81.7600661386629	DCA	70	89.0872130908757
428.571428571429	133.333333333333	81.3588851849041	0	81.3588851849041	DCA	70	88.6860321371168
442.857142857143	133.333333333333	76.2084075984392	0	76.2084075984392	DCA	210	87.027734476411
457.142857142857	133.333333333333	75.7025261584605	0	75.7025261584605	DCA	140	86.6361154033305
471.428571428571	133.333333333333	78.5213942941767	0	78.5213942941767	DCA	140	89.4549835390467
485.714285714286	133.333333333333	76.0694006648495	0	76.0694006648495	DCA	280	83.0537605163676
500	133.333333333333	76.2636829217054	0	76.2636829217054	DCA	210	87.0830097996773
514.285714285714	133.333333333333	75.8583303098577	24.6	100.458330309858	DCA	210	128.84205718783
528.571428571429	133.333333333333	76.5194411879905	24.6	101.119441187991	DCA	70	114.301388140203
542.857142857143	133.333333333333	80.081858391065	24.6	104.681858391065	DCA	0	104.681858391065
557.142857142857	133.333333333333	73.0672534218816	24.6	97.6672534218816	DCA	70	110.849200374094
571.428571428571	133.333333333333	79.3556065381001	24.6	103.9556065381	DCA	70	117.137553490313
585.714285714286	133.333333333333	77.986494413545	24.6	102.586494413545	DCA	280	132.990054265063
600	133.333333333333	79.6424779875208	24.6	104.242477987521	DCA	140	126.885667232391
614.285714285714	133.333333333333	78.6975467292796	24.6	103.29754672928	DCA	280	133.701106580798
628.571428571429	133.333333333333	77.8030876991945	24.6	102.403087699194	DCA	70	115.585034651407
642.857142857143	133.333333333333	78.1303026637826	24.6	102.730302663783	DCA	210	131.114029541754
657.142857142857	133.333333333333	79.3041222643831	24.6	103.904122264383	DCA	0	103.904122264383
671.428571428571	133.333333333333	79.4652013191316	24.6	104.065201319132	DCA	140	126.708390564002
685.714285714286	133.333333333333	79.1854771241961	24.6	103.785477124196	DCA	140	126.428666369066
700	133.333333333333	78.5222913530302	24.6	103.12229135303	DCA	0	103.12229135303
714.285714285714	133.333333333333	80.3117847660638	24.6	104.911784766064	DCA	70	118.093731718277
728.571428571429	133.333333333333	81.0346799357379	24.6	105.634679935738	DCA	280	136.038239787256
742.857142857143	133.333333333333	84.0979883739942	24.6	108.697988373994	DCA	70	121.879935326207
757.142857142857	133.333333333333	80.674406890715	24.6	105.274406890715	DCA	0	105.274406890715
771.428571428571	133.333333333333	86.4422914746239	24.6	111.042291474624	DCA	280	141.445851326142
785.714285714286	133.333333333333	82.5658413259734	24.6	107.165841325973	DCA	0	107.165841325973
800	133.333333333333	81.2357759710748	24.6	105.835775971075	DCA	0	105.835775971075
814.285714285714	133.333333333333	76.9459455744654	24.6	101.545945574465	DCA	140	124.189134819335
828.571428571429	133.333333333333	76.37435513679	24.6	100.97435513679	DCA	140	123.61754438166
842.857142857143	133.333333333333	76.6613885820459	24.6	101.261388582046	DCA	210	129.645115460018
857.142857142857	133.333333333333	76.6825195134404	24.6	101.28251951344	DCA	140	123.92570875831
871.428571428571	133.333333333333	74.7019069788572	24.6	99.3019069788572	DCA	140	121.945096223727
885.714285714286	133.333333333333	78.1041919911674	24.6	102.704191991167	DCA	210	131.087918869139
900	133.333333333333	76.9277306067204	24.6	101.52773060672	DCA	280	131.931290458238
914.285714285714	133.333333333333	78.77569812941	24.6	103.37569812941	DCA	70	116.557645081623
928.571428571429	133.333333333333	76.5223041966984	24.6	101.122304196698	DCA	210	129.50603107467
942.857142857143	133.333333333333	77.5387002703782	24.6	102.138700270378	DCA	280	132.542260121896
957.142857142857	133.333333333333	79.3711064641041	24.6	103.971106464104	DCA	70	117.153053416317
971.428571428571	133.333333333333	80.3510771866487	24.6	104.951077186649	DCA	70	118.133024138862
985.714285714286	133.333333333333	81.3550813532439	24.6	105.955081353244	DCA	280	136.358641204762
1000	133.333333333333	77.0697937714647	24.6	101.669793771465	DCA	140	124.312983016335
0	166.666666666667	80.9863854249137	0	80.9863854249137	DCA	280	87.9707452764318
14.2857142857143	166.666666666667	77.9918869136939	0	77.9918869136939	DCA	70	85.3190338659066
28.5714285714286	166.666666666667	80.5720386768579	0	80.5720386768579	DCA	140	91.5056279217279
42.8571428571429	166.666666666667	84.3553968119968	0	84.3553968119968	DCA	70	91.6825437642096
57.1428571428571	166.666666666667	82.4578782667409	0	82.4578782667409	DCA	210	93.2772051447127
71.4285714285714	166.666666666667	80.7567576560666	0	80.7567576560666	DCA	140	91.6903469009367
85.7142857142857	166.666666666667	83.5996772418292	0	83.5996772418292	DCA	140	94.5332664866992
100	166.666666666667	87.1785518318885	0	87.1785518318885	DCA	70	94.5056987841013
114.285714285714	166.666666666667	87.9991915094016	0	87.9991915094016	DCA	70	95.3263384616143
128.571428571429	166.666666666667	81.7183625822178	0	81.7183625822178	DCA	70	89.0455095344306
142.857142857143	166.666666666667	80.1502377986892	0	80.1502377986892	DCA	0	80.1502377986892
157.142857142857	166.666666666667	78.9469002828858	0	78.9469002828858	DCA	210	89.7662271608576
171.428571428571	166.666666666667	78.6548581797451	0	78.6548581797451	DCA	140	89.5884474246151
185.714285714286	166.666666666667	79.1397283842626	0	79.1397283842626	DCA	210	89.9590552622345
200	166.666666666667	79.0456313781549	0	79.0456313781549	DCA	280	86.029991229673
214.285714285714	166.666666666667	79.9723132988296	0	79.9723132988296	DCA	0	79.9723132988296
228.571428571429	166.666666666667	81.7358539677064	0	81.7358539677064	DCA	210	92.5551808456782
242.857142857143	166.666666666667	84.204916323175	0	84.204916323175	DCA	280	91.1892761746931
257.142857142857	166.666666666667	83.6615163218911	0	83.6615163218911	DCA	0	83.6615163218911
271.428571428571	166.666666666667	81.2642759698664	0	81.2642759698664	DCA	280	88.2486358213845
285.714285714286	166.666666666667	83.4640812041481	0	83.4640812041481	DCA	210	94.28340808212
300	166.666666666667	78.4989627826476	0	78.4989627826476	DCA	0	78.4989627826476
314.285714285714	166.666666666667	80.3624945905468	0	80.3624945905468	DCA	210	91.1818214685187
328.571428571429	166.666666666667	80.8153231605291	0	80.8153231605291	DCA	70	88.1424701127419
342.857142857143	166.666666666667	79.6459177842332	0	79.6459177842332	DCA	140	90.5795070291033
357.142857142857	166.666666666667	79.3568537835996	0	79.3568537835996	DCA	0	79.3568537835996
371.428571428571	166.666666666667	79.7779171369515	0	79.7779171369515	DCA	0	79.7779171369515
385.714285714286	166.666666666667	78.8576577223276	0	78.8576577223276	DCA	140	89.7912469671977
400	166.666666666667	75.5637154379388	0	75.5637154379388	DCA	280	82.548075289457
414.285714285714	166.666666666667	80.5998842119148	0	80.5998842119148	DCA	280	87.584244063433
428.571428571429	166.666666666667	78.2715965026261	0	78.2715965026261	DCA	140	89.2051857474961
442.857142857143	166.666666666667	80.2366349426011	0	80.2366349426011	DCA	280	87.2209947941193
457.142857142857	166.666666666667	78.3817844280475	0	78.3817844280475	DCA	280	85.3661442795657
471.428571428571	166.666666666667	80.5593635630703	0	80.5593635630703	DCA	70	87.8865105152831
485.714285714286	166.666666666667	74.4292075426877	0	74.4292075426877	DCA	210	85.2485344206595
500	166.666666666667	79.286296677684	0	79.286296677684	DCA	140	90.2198859225541
514.285714285714	166.666666666667	77.4951267033658	24.6	102.095126703366	DCA	70	115.277073655579
528.571428571429	166.666666666667	77.0811414917145	24.6	101.681141491715	DCA	70	114.863088443927
542.857142857143	166.666666666667	80.22195685507	24.6	104.82195685507	DCA	140	127.46514609994
557.142857142857	166.666666666667	77.7062987594048	24.6	102.306298759405	DCA	280	132.709858610923
571.428571428571	166.666666666667	78.6337745225425	24.6	103.233774522542	DCA	70	116.415721474755
585.714285714286	166.666666666667	80.1008619549839	24.6	104.700861954984	DCA	70	117.882808907197
600	166.666666666667	77.6692805556124	24.6	102.269280555612	DCA	280	132.672840407131
614.285714285714	166.666666666667	78.9171673413398	24.6	103.51716734134	DCA	140	126.16035658621
628.571428571429	166.666666666667	77.2462286283703	24.6	101.84622862837	DCA	0	101.84622862837
642.857142857143	166.666666666667	75.8692931070159	24.6	100.469293107016	DCA	70	113.651240059229
657.142857142857	166.666666666667	76.3730589632266	24.6	100.973058963227	DCA	70	114.155005915439
671.428571428571	166.666666666667	79.3297392992489	24.6	103.929739299249	DCA	0	103.929739299249
685.714285714286	166.666666666667	78.5147346113094	24.6	103.114734611309	DCA	0	103.114734611309
700	166.666666666667	79.6081729097007	24.6	104.208172909701	DCA	70	117.390119861913
714.285714285714	166.666666666667	82.6248577467715	24.6	107.224857746771	DCA	0	107.224857746771
728.571428571429	166.666666666667	80.4313694321975	24.6	105.031369432198	DCA	280	135.434929283716
742.857142857143	166.666666666667	80.5304939024278	24.6	105.130493902428	DCA	210	133.5142207804
757.142857142857	166.666666666667	80.0293316195451	24.6	104.629331619545	DCA	280	135.032891471063
771.428571428571	166.666666666667	77.3559928398022	24.6	101.955992839802	DCA	140	124.599182084672
785.714285714286	166.666666666667	74.5674209201008	24.6	99.1674209201008	DCA	210	127.551147798073
800	166.666666666667	81.058064845684	24.6	105.658064845684	DCA	70	118.840011797897
814.285714285714	166.666666666667	76.4174674441268	24.6	101.017467444127	DCA	280	131.421027295645
828.571428571429	166.666666666667	75.3590894662457	24.6	99.9590894662457	DCA	280	130.362649317764
842.857142857143	166.666666666667	74.6232710723941	24.6	99.2232710723941	DCA	210	127.606997950366
857.142857142857	166.666666666667	73.8289266182467	24.6	98.4289266182467	DCA	210	126.812653496219
871.428571428571	166.666666666667	76.821417092585	24.6	101.421417092585	DCA	210	129.805143970557
885.714285714286	166.666666666667	73.5105237182596	24.6	98.1105237182596	DCA	280	128.514083569778
900	166.666666666667	78.5579562053671	24.6	103.157956205367	DCA	70	116.33990315758
914.285714285714	166.666666666667	79.6058650034226	24.6	104.205865003423	DCA	140	126.849054248293
928.571428571429	166.666666666667	79.2389053845317	24.6	103.838905384532	DCA	280	134.24246523605
942.857142857143	166.666666666667	80.1567486719366	24.6	104.756748671937	DCA	0	104.756748671937
957.142857142857	166.666666666667	79.3266008029375	24.6	103.926600802938	DCA	280	134.330160654456
971.428571428571	166.666666666667	79.6326196774073	24.6	104.232619677407	DCA	140	126.875808922277
985.714285714286	166.666666666667	78.5703399033495	24.6	103.170339903349	DCA	0	103.170339903349
1000	166.666666666667	77.4629435902333	24.6	102.062943590233	DCA	280	132.466503441751
0	200	80.2039242581949	0	80.2039242581949	DCA	210	91.0232511361668
14.2857142857143	200	81.3534660859798	0	81.3534660859798	DCA	210	92.1727929639517
28.5714285714286	200	85.7000110189318	0	85.7000110189318	DCA	140	96.6336002638018
42.8571428571429	200	87.7112988955163	0	87.7112988955163	DCA	140	98.6448881403864
57.1428571428571	200	81.5257135815887	0	81.5257135815887	DCA	0	81.5257135815887
71.4285714285714	200	81.0817177078829	0	81.0817177078829	DCA	210	91.9010445858548
85.7142857142857	200	85.0468405134953	0	85.0468405134953	DCA	0	85.0468405134953
100	200	83.7922347343408	0	83.7922347343408	DCA	210	94.6115616123126
114.285714285714	200	83.0235060251442	0	83.0235060251442	DCA	140	93.9570952700142
128.571428571429	200	80.8386074535871	0	80.8386074535871	DCA	210	91.6579343315589
142.857142857143	200	80.6219465582251	0	80.6219465582251	DCA	140	91.5555358030952
157.142857142857	200	80.9526165454218	0	80.9526165454218	DCA	140	91.8862057902919
171.428571428571	200	81.6239451958325	0	81.6239451958325	DCA	140	92.5575344407025
185.714285714286	200	83.7811306497994	0	83.7811306497994	DCA	210	94.6004575277712
200	200	83.2632438593148	0	83.2632438593148	DCA	0	83.2632438593148
214.285714285714	200	82.8284347194038	0	82.8284347194038	DCA	0	82.8284347194038
228.571428571429	200	81.228365793329	0	81.228365793329	DCA	210	92.0476926713009
242.857142857143	200	80.6884802434254	0	80.6884802434254	DCA	140	91.6220694882954
257.142857142857	200	84.4847816384907	0	84.4847816384907	DCA	140	95.4183708833607
271.428571428571	200	80.9660799632735	0	80.9660799632735	DCA	210	91.7854068412454
285.714285714286	200	81.49041766385	0	81.49041766385	DCA	210	92.3097445418218
300	200	84.8973815287481	0	84.8973815287481	DCA	0	84.8973815287481
314.285714285714	200	85.3329864400489	0	85.3329864400489	DCA	280	92.3173462915671
328.571428571429	200	80.3107633683531	0	80.3107633683531	DCA	140	91.2443526132232
342.857142857143	200	78.3928397358395	0	78.3928397358395	DCA	210	89.2121666138113
357.142857142857	200	79.2930499030808	0	79.2930499030808	DCA	280	86.2774097545989
371.428571428571	200	77.4951445686022	0	77.4951445686022	DCA	0	77.4951445686022
385.714285714286	200	80.0145241785812	0	80.0145241785812	DCA	210	90.833851056553
400	200	78.4320434359504	0	78.4320434359504	DCA	280	85.4164032874685
414.285714285714	200	75.691227723407	0	75.691227723407	DCA	70	83.0183746756198
428.571428571429	200	75.4503411078981	0	75.4503411078981	DCA	0	75.4503411078981
442.857142857143	200	76.7124096903155	0	76.7124096903155	DCA	70	84.0395566425282
457.142857142857	200	75.1621364786266	0	75.1621364786266	DCA	280	82.1464963301448
471.428571428571	200	77.7852757999721	0	77.7852757999721	DCA	280	84.7696356514902
485.714285714286	200	79.1610243770733	0	79.1610243770733	DCA	210	89.9803512550452
500	200	78.4389464074286	0	78.4389464074286	DCA	0	78.4389464074286
514.285714285714	200	79.5598333172129	24.6	104.159833317213	DCA	0	104.159833317213
528.571428571429	200	80.2161625237891	24.6	104.816162523789	DCA	140	127.459351768659
542.857142857143	200	78.4040432340578	24.6	103.004043234058	DCA	210	131.38777011203
557.142857142857	200	77.3838010557681	24.6	101.983801055768	DCA	70	115.165748007981
571.428571428571	200	80.5155195289506	24.6	105.115519528951	DCA	70	118.297466481163
585.714285714286	200	79.5763665216049	24.6	104.176366521605	DCA	210	132.560093399577
600	200	78.3238759501427	24.6	102.923875950143	DCA	210	131.307602828115
614.285714285714	200	80.3169657631356	24.6	104.916965763136	DCA	70	118.098912715348
628.571428571429	200	79.1874691628038	24.6	103.787469162804	DCA	140	126.430658407674
642.857142857143	200	77.1945642371167	24.6	101.794564237117	DCA	0	101.794564237117
657.142857142857	200	80.5531329858364	24.6	105.153132985836	DCA	70	118.335079938049
671.428571428571	200	80.0974968443983	24.6	104.697496844398	DCA	280	135.101056695916
685.714285714286	200	81.4004547884582	24.6	106.000454788458	DCA	210	134.38418166643
700	200	77.7069223652436	24.6	102.306922365244	DCA	70	115.488869317456
714.285714285714	200	79.1960107840735	24.6	103.796010784073	DCA	210	132.179737662045
728.571428571429	200	80.1679452911978	24.6	104.767945291198	DCA	140	127.411134536068
742.857142857143	200	77.3875073259794	24.6	101.987507325979	DCA	0	101.987507325979
757.142857142857	200	79.4581806551605	24.6	104.058180655161	DCA	140	126.701369900031
771.428571428571	200	82.307005470381	24.6	106.907005470381	DCA	70	120.088952422594
785.714285714286	200	82.1522567618254	24.6	106.752256761825	DCA	140	129.395446006695
800	200	80.6126498786626	24.6	105.212649878663	DCA	280	135.616209730181
814.285714285714	200	76.6336878033574	24.6	101.233687803357	DCA	140	123.876877048227
828.571428571429	200	77.2611515693044	24.6	101.861151569304	DCA	210	130.244878447276
842.857142857143	200	74.5064005388446	24.6	99.1064005388446	DCA	280	129.509960390363
857.142857142857	200	77.7288056479809	24.6	102.328805647981	DCA	70	115.510752600194
871.428571428571	200	77.6649415707442	24.6	102.264941570744	DCA	0	102.264941570744
885.714285714286	200	75.7725042772151	24.6	100.372504277215	DCA	0	100.372504277215
900	200	78.0800227220231	24.6	102.680022722023	DCA	210	131.063749599995
914.285714285714	200	77.9843186724092	24.6	102.584318672409	DCA	0	102.584318672409
928.571428571429	200	81.0014837648916	24.6	105.601483764892	DCA	0	105.601483764892
942.857142857143	200	81.6961091358313	24.6	106.296109135831	DCA	280	136.699668987349
957.142857142857	200	82.1759897991388	24.6	106.775989799139	DCA	280	137.179549650657
971.428571428571	200	82.5445867781341	24.6	107.144586778134	DCA	280	137.548146629652
985.714285714286	200	76.080373246715	24.6	100.680373246715	DCA	280	131.083933098233
1000	200	76.9012832553675	24.6	101.501283255367	DCA	0	101.501283255367
0	233.333333333333	83.6658196083926	0	83.6658196083926	DCA	140	94.5994088532626
14.2857142857143	233.333333333333	85.9472629567188	0	85.9472629567188	DCA	0	85.9472629567188
28.5714285714286	233.333333333333	86.9345995837719	0	86.9345995837719	DCA	70	94.2617465359846
42.8571428571429	233.333333333333	84.746867763996	0	84.746867763996	DCA	70	92.0740147162087
57.1428571428571	233.333333333333	85.3587648127411	0	85.3587648127411	DCA	140	96.2923540576112
71.4285714285714	233.333333333333	85.814352618205	0	85.814352618205	DCA	280	92.7987124697232
85.7142857142857	233.333333333333	82.3385367677474	0	82.3385367677474	DCA	140	93.2721260126175
100	233.333333333333	81.5120286729104	0	81.5120286729104	DCA	210	92.3313555508823
114.285714285714	233.333333333333	82.6610784764069	0	82.6610784764069	DCA	210	93.4804053543788
128.571428571429	233.333333333333	81.0053521903363	0	81.0053521903363	DCA	0	81.0053521903363
142.857142857143	233.333333333333	82.3267440957858	0	82.3267440957858	DCA	70	89.6538910479986
157.142857142857	233.333333333333	82.3921809910139	0	82.3921809910139	DCA	280	89.376540842532
171.428571428571	233.333333333333	82.5665740388296	0	82.5665740388296	DCA	210	93.3859009168015
185.714285714286	233.333333333333	79.1911157885729	0	79.1911157885729	DCA	210	90.0104426665447
200	233.333333333333	83.9975558008155	0	83.9975558008155	DCA	140	94.9311450456855
214.285714285714	233.333333333333	80.1162634014121	0	80.1162634014121	DCA	140	91.0498526462821
228.571428571429	233.333333333333	79.6362483888375	0	79.6362483888375	DCA	0	79.6362483888375
242.857142857143	233.333333333333	79.3390529955266	0	79.3390529955266	DCA	70	86.6661999477394
257.142857142857	233.333333333333	81.5444972094972	0	81.5444972094972	DCA	210	92.363824087469
271.428571428571	233.333333333333	83.2697793165758	0	83.2697793165758	DCA	280	90.2541391680939
285.714285714286	233.333333333333	79.6514842606405	0	79.6514842606405	DCA	70	86.9786312128533
300	233.333333333333	84.9911168122188	0	84.9911168122188	DCA	140	95.9247060570888
314.285714285714	233.333333333333	85.035396912994	0	85.035396912994	DCA	70	92.3625438652068
328.571428571429	233.333333333333	82.5878343334077	0	82.5878343334077	DCA	70	89.9149812856205
342.857142857143	233.333333333333	79.4417063486538	0	79.4417063486538	DCA	280	86.426066200172
357.142857142857	233.333333333333	77.3719583549804	0	77.3719583549804	DCA	280	84.3563182064986
371.428571428571	233.333333333333	79.7022490156916	0	79.7022490156916	DCA	280	86.6866088672098
385.714285714286	233.333333333333	77.2242834133413	0	77.2242834133413	DCA	280	84.2086432648594
400	233.333333333333	80.0877513123009	0	80.0877513123009	DCA	70	87.4148982645136
414.285714285714	233.333333333333	80.8048806388567	0	80.8048806388567	DCA	280	87.7892404903748
428.571428571429	233.333333333333	81.8087916922757	0	81.8087916922757	DCA	280	88.7931515437939
442.857142857143	233.333333333333	80.7509363144928	0	80.7509363144928	DCA	210	91.5702631924646
457.142857142857	233.333333333333	80.2506921803842	0	80.2506921803842	DCA	140	91.1842814252543
471.428571428571	233.333333333333	78.6143823692669	0	78.6143823692669	DCA	280	85.598742220785
485.714285714286	233.333333333333	79.9544987563463	0	79.9544987563463	DCA	0	79.9544987563463
500	233.333333333333	78.9135517860695	0	78.9135517860695	DCA	0	78.9135517860695
514.285714285714	233.333333333333	81.0263322491848	24.6	105.626332249185	DCA	140	128.269521494055
528.571428571429	233.333333333333	78.7394859710297	24.6	103.33948597103	DCA	70	116.521432923243
542.857142857143	233.333333333333	78.8733120652765	24.6	103.473312065276	DCA	70	116.655259017489
557.142857142857	233.333333333333	81.1546529095853	24.6	105.754652909585	DCA	280	136.158212761103
571.428571428571	233.333333333333	77.8727630844087	24.6	102.472763084409	DCA	140	125.115952329279
585.714285714286	233.333333333333	78.9579586465325	24.6	103.557958646532	DCA	140	126.201147891403
600	233.333333333333	78.5714268325754	24.6	103.171426832575	DCA	70	116.353373784788
614.285714285714	233.333333333333	76.0756751540324	24.6	100.675675154032	DCA	140	123.318864398902
628.571428571429	233.333333333333	78.183941714868	24.6	102.783941714868	DCA	210	131.16766859284
642.857142857143	233.333333333333	78.4764419354558	24.6	103.076441935456	DCA	0	103.076441935456
657.142857142857	233.333333333333	81.914458682272	24.6	106.514458682272	DCA	210	134.898185560244
671.428571428571	233.333333333333	83.0266028373392	24.6	107.626602837339	DCA	210	136.010329715311
685.714285714286	233.333333333333	80.1438481709894	24.6	104.743848170989	DCA	210	133.127575048961
700	233.333333333333	77.2660540230885	24.6	101.866054023088	DCA	140	124.509243267959
714.285714285714	233.333333333333	77.8498192764601	24.6	102.44981927646	DCA	210	130.833546154432
728.571428571429	233.333333333333	76.9306604872622	24.6	101.530660487262	DCA	280	131.93422033878
742.857142857143	233.333333333333	81.4887037282519	24.6	106.088703728252	DCA	0	106.088703728252
757.142857142857	233.333333333333	81.2318502095819	24.6	105.831850209582	DCA	280	136.2354100611
771.428571428571	233.333333333333	80.4068279999037	24.6	105.006827999904	DCA	280	135.410387851422
785.714285714286	233.333333333333	82.0489251552141	24.6	106.648925155214	DCA	0	106.648925155214
800	233.333333333333	78.507835561198	24.6	103.107835561198	DCA	0	103.107835561198
814.285714285714	233.333333333333	77.5637440058079	24.6	102.163744005808	DCA	140	124.806933250678
828.571428571429	233.333333333333	79.0073700555749	24.6	103.607370055575	DCA	210	131.991096933547
842.857142857143	233.333333333333	76.3416814566565	24.6	100.941681456657	DCA	280	131.345241308175
857.142857142857	233.333333333333	78.937348719083	24.6	103.537348719083	DCA	0	103.537348719083
871.428571428571	233.333333333333	80.7936595077198	24.6	105.39365950772	DCA	140	128.03684875259
885.714285714286	233.333333333333	78.6696505710213	24.6	103.269650571021	DCA	140	125.912839815891
900	233.333333333333	80.0882381981058	24.6	104.688238198106	DCA	0	104.688238198106
914.285714285714	233.333333333333	77.4632018547781	24.6	102.063201854778	DCA	70	115.245148806991
928.571428571429	233.333333333333	75.769003788517	24.6	100.369003788517	DCA	280	130.772563640035
942.857142857143	233.333333333333	81.8769502015722	24.6	106.476950201572	DCA	210	134.860677079544
957.142857142857	233.333333333333	80.0342108900426	24.6	104.634210890043	DCA	0	104.634210890043
971.428571428571	233.333333333333	79.7326134483447	24.6	104.332613448345	DCA	140	126.975802693215
985.714285714286	233.333333333333	76.8523830790009	24.6	101.452383079001	DCA	0	101.452383079001
1000	233.333333333333	78.0624871107684	24.6	102.662487110768	DCA	280	133.066046962287
0	266.666666666667	84.7353176605178	0	84.7353176605178	DCA	280	91.7196775120359
14.2857142857143	266.666666666667	85.321166275028	0	85.321166275028	DCA	0	85.321166275028
28.5714285714286	266.666666666667	83.6144415117066	0	83.6144415117066	DCA	140	94.5480307565767
42.8571428571429	266.666666666667	85.232240022308	0	85.232240022308	DCA	280	92.2165998738261
57.1428571428571	266.666666666667	78.1456889309192	0	78.1456889309192	DCA	70	85.472835883132
71.4285714285714	266.666666666667	81.4446097821328	0	81.4446097821328	DCA	70	88.7717567343456
85.7142857142857	266.666666666667	81.5540329254985	0	81.5540329254985	DCA	0	81.5540329254985
100	266.666666666667	81.5448827292169	0	81.5448827292169	DCA	210	92.3642096071887
114.285714285714	266.666666666667	80.6052648141654	0	80.6052648141654	DCA	0	80.6052648141654
128.571428571429	266.666666666667	78.7667675636826	0	78.7667675636826	DCA	140	89.7003568085526
142.857142857143	266.666666666667	79.7198827443928	0	79.7198827443928	DCA	280	86.704242595911
157.142857142857	266.666666666667	79.9335650593516	0	79.9335650593516	DCA	210	90.7528919373235
171.428571428571	266.666666666667	81.223265235653	0	81.223265235653	DCA	210	92.0425921136249
185.714285714286	266.666666666667	81.6925776347881	0	81.6925776347881	DCA	280	88.6769374863063
200	266.666666666667	82.2692316655974	0	82.2692316655974	DCA	0	82.2692316655974
214.285714285714	266.666666666667	80.5917809367194	0	80.5917809367194	DCA	210	91.4111078146912
228.571428571429	266.666666666667	76.8018250685699	0	76.8018250685699	DCA	280	83.786184920088
242.857142857143	266.666666666667	77.9697619635278	0	77.9697619635278	DCA	140	88.9033512083978
257.142857142857	266.666666666667	78.3650367415921	0	78.3650367415921	DCA	140	89.2986259864621
271.428571428571	266.666666666667	76.326804700411	0	76.326804700411	DCA	70	83.6539516526238
285.714285714286	266.666666666667	79.9091777959824	0	79.9091777959824	DCA	280	86.8935376475005
300	266.666666666667	77.6015590696292	0	77.6015590696292	DCA	0	77.6015590696292
314.285714285714	266.666666666667	81.2195182960012	0	81.2195182960012	DCA	140	92.1531075408713
328.571428571429	266.666666666667	79.6553269340168	0	79.6553269340168	DCA	280	86.6396867855349
342.857142857143	266.666666666667	77.4333230113688	0	77.4333230113688	DCA	140	88.3669122562388
357.142857142857	266.666666666667	80.3898922926491	0	80.3898922926491	DCA	0	80.3898922926491
371.428571428571	266.666666666667	80.8963934860166	0	80.8963934860166	DCA	280	87.8807533375347
385.714285714286	266.666666666667	79.3640979256038	0	79.3640979256038	DCA	0	79.3640979256038
400	266.666666666667	85.1320856103887	0	85.1320856103887	DCA	70	92.4592325626015
414.285714285714	266.666666666667	81.8617670314438	0	81.8617670314438	DCA	140	92.7953562763138
428.571428571429	266.666666666667	80.1506665127705	0	80.1506665127705	DCA	70	87.4778134649833
442.857142857143	266.666666666667	78.771463123068	0	78.771463123068	DCA	0	78.771463123068
457.142857142857	266.666666666667	81.9716769383405	0	81.9716769383405	DCA	280	88.9560367898586
471.428571428571	266.666666666667	79.9870472901135	0	79.9870472901135	DCA	280	86.9714071416316
485.714285714286	266.666666666667	79.0150456754915	0	79.0150456754915	DCA	140	89.9486349203615
500	266.666666666667	77.740780393037	0	77.740780393037	DCA	140	88.6743696379071
514.285714285714	266.666666666667	76.4919586209161	24.6	101.091958620916	DCA	140	123.735147865786
528.571428571429	266.666666666667	76.0255798793017	24.6	100.625579879302	DCA	280	131.02913973082
542.857142857143	266.666666666667	75.517939602485	24.6	100.117939602485	DCA	70	113.299886554698
557.142857142857	266.666666666667	75.7599801231798	24.6	100.35998012318	DCA	210	128.743707001152
571.428571428571	266.666666666667	76.3428506464399	24.6	100.94285064644	DCA	140	123.58603989131
585.714285714286	266.666666666667	75.4011986647196	24.6	100.00119866472	DCA	0	100.00119866472
600	266.666666666667	77.0007982478853	24.6	101.600798247885	DCA	140	124.243987492755
614.285714285714	266.666666666667	79.4375276431615	24.6	104.037527643161	DCA	0	104.037527643161
628.571428571429	266.666666666667	78.9582891389855	24.6	103.558289138986	DCA	140	126.201478383856
642.857142857143	266.666666666667	82.1424659406081	24.6	106.742465940608	DCA	210	135.12619281858
657.142857142857	266.666666666667	79.0181334398373	24.6	103.618133439837	DCA	210	132.001860317809
671.428571428571	266.666666666667	79.7481097593804	24.6	104.34810975938	DCA	0	104.34810975938
685.714285714286	266.666666666667	81.2198263338275	24.6	105.819826333828	DCA	140	128.463015578698
700	266.666666666667	82.7517591778485	24.6	107.351759177848	DCA	210	135.73548605582
714.285714285714	266.666666666667	79.5855507242711	24.6	104.185550724271	DCA	70	117.367497676484
728.571428571429	266.666666666667	80.8378549525507	24.6	105.437854952551	DCA	70	118.619801904764
742.857142857143	266.666666666667	80.8304724707914	24.6	105.430472470791	DCA	280	135.83403232231
757.142857142857	266.666666666667	81.2724864853442	24.6	105.872486485344	DCA	140	128.515675730214
771.428571428571	266.666666666667	81.6402757379963	24.6	106.240275737996	DCA	210	134.624002615968
785.714285714286	266.666666666667	81.5624316489866	24.6	106.162431648987	DCA	210	134.546158526958
800	266.666666666667	84.0560177019408	24.6	108.656017701941	DCA	280	139.059577553459
814.285714285714	266.666666666667	81.3481666164015	24.6	105.948166616402	DCA	0	105.948166616402
828.571428571429	266.666666666667	80.2750915898219	24.6	104.875091589822	DCA	280	135.27865144134
842.857142857143	266.666666666667	81.7962491946012	24.6	106.396249194601	DCA	70	119.578196146814
857.142857142857	266.666666666667	81.3374357152453	24.6	105.937435715245	DCA	0	105.937435715245
871.428571428571	266.666666666667	81.1334565036552	24.6	105.733456503655	DCA	280	136.137016355173
885.714285714286	266.666666666667	82.7199325366097	24.6	107.31993253661	DCA	140	129.96312178148
900	266.666666666667	83.2458274838657	24.6	107.845827483866	DCA	70	121.027774436078
914.285714285714	266.666666666667	80.7878664894937	24.6	105.387866489494	DCA	280	135.791426341012
928.571428571429	266.666666666667	81.2778656265807	24.6	105.877865626581	DCA	70	119.059812578793
942.857142857143	266.666666666667	81.5787708608786	24.6	106.178770860879	DCA	70	119.360717813091
957.142857142857	266.666666666667	76.962836513765	24.6	101.562836513765	DCA	0	101.562836513765
971.428571428571	266.666666666667	76.7732621497935	24.6	101.373262149794	DCA	0	101.373262149794
985.714285714286	266.666666666667	78.0423659418183	24.6	102.642365941818	DCA	210	131.02609281979
1000	266.666666666667	78.642519190355	24.6	103.242519190355	DCA	70	116.424466142568
0	300	81.5232945922852	0	81.5232945922852	DCA	140	92.4568838371552
14.2857142857143	300	82.6245954201622	0	82.6245954201622	DCA	210	93.4439222981341
28.5714285714286	300	85.973187709603	0	85.973187709603	DCA	280	92.9575475611211
42.8571428571429	300	85.3115616354583	0	85.3115616354583	DCA	0	85.3115616354583
57.1428571428571	300	84.7761228607231	0	84.7761228607231	DCA	280	91.7604827122413
71.4285714285714	300	88.0042730103644	0	88.0042730103644	DCA	140	98.9378622552345
85.7142857142857	300	86.0834025807699	0	86.0834025807699	DCA	140	97.01699182564
100	300	83.2546357367596	0	83.2546357367596	DCA	140	94.1882249816296
114.285714285714	300	86.1197636725752	0	86.1197636725752	DCA	70	93.446910624788
128.571428571429	300	84.0104264890523	0	84.0104264890523	DCA	70	91.3375734412651
142.857142857143	300	82.9606256516434	0	82.9606256516434	DCA	0	82.9606256516434
157.142857142857	300	82.041387605548	0	82.041387605548	DCA	0	82.041387605548
171.428571428571	300	80.205945908861	0	80.205945908861	DCA	70	87.5330928610738
185.714285714286	300	77.3712907771006	0	77.3712907771006	DCA	280	84.3556506286187
200	300	74.7549605872513	0	74.7549605872513	DCA	70	82.0821075394641
214.285714285714	300	77.5955292871636	0	77.5955292871636	DCA	70	84.9226762393764
228.571428571429	300	78.5297547823354	0	78.5297547823354	DCA	0	78.5297547823354
242.857142857143	300	76.7147726562559	0	76.7147726562559	DCA	280	83.6991325077741
257.142857142857	300	77.1902402979415	0	77.1902402979415	DCA	70	84.5173872501542
271.428571428571	300	81.1735739553567	0	81.1735739553567	DCA	70	88.5007209075695
285.714285714286	300	81.0151644485564	0	81.0151644485564	DCA	280	87.9995243000746
300	300	82.1104737004699	0	82.1104737004699	DCA	280	89.0948335519881
314.285714285714	300	81.9527279151548	0	81.9527279151548	DCA	0	81.9527279151548
328.571428571429	300	78.960166463841	0	78.960166463841	DCA	70	86.2873134160538
342.857142857143	300	78.2704245738924	0	78.2704245738924	DCA	210	89.0897514518642
357.142857142857	300	77.5529918854075	0	77.5529918854075	DCA	0	77.5529918854075
371.428571428571	300	77.2877160915569	0	77.2877160915569	DCA	140	88.221305336427
385.714285714286	300	77.992927625377	0	77.992927625377	DCA	280	84.9772874768951
400	300	80.9431915374782	0	80.9431915374782	DCA	280	87.9275513889964
414.285714285714	300	78.0351533800829	0	78.0351533800829	DCA	140	88.9687426249529
428.571428571429	300	77.4526967385053	0	77.4526967385053	DCA	70	84.7798436907181
442.857142857143	300	79.7437443091667	0	79.7437443091667	DCA	280	86.7281041606848
457.142857142857	300	82.3354793114351	0	82.3354793114351	DCA	0	82.3354793114351
471.428571428571	300	77.2126377552309	0	77.2126377552309	DCA	280	84.1969976067491
485.714285714286	300	78.4123879888201	0	78.4123879888201	DCA	210	89.231714866792
500	300	76.0528861375631	0	76.0528861375631	DCA	210	86.872213015535
514.285714285714	300	79.7393643519467	24.6	104.339364351947	DCA	0	104.339364351947
528.571428571429	300	81.118937877694	24.6	105.718937877694	DCA	140	128.362127122564
542.857142857143	300	75.2969010896969	24.6	99.8969010896969	DCA	0	99.8969010896969
557.142857142857	300	73.4354747312145	24.6	98.0354747312145	DCA	70	111.217421683427
571.428571428571	300	75.3392838467468	24.6	99.9392838467468	DCA	280	130.342843698265
585.714285714286	300	83.2753193063375	24.6	107.875319306338	DCA	280	138.278879157856
600	300	81.1333481227438	24.6	105.733348122744	DCA	0	105.733348122744
614.285714285714	300	83.0649036841823	24.6	107.664903684182	DCA	70	120.846850636395
628.571428571429	300	83.9833457122651	24.6	108.583345712265	DCA	70	121.765292664478
642.857142857143	300	86.124077724796	24.6	110.724077724796	DCA	140	133.367266969666
657.142857142857	300	85.6533365962367	24.6	110.253336596237	DCA	140	132.896525841107
671.428571428571	300	81.1347673242296	24.6	105.73476732423	DCA	0	105.73476732423
685.714285714286	300	81.0432072838104	24.6	105.64320728381	DCA	70	118.825154236023
700	300	86.3269852273948	24.6	110.926985227395	DCA	70	124.108932179608
714.285714285714	300	83.1499363081169	24.6	107.749936308117	DCA	0	107.749936308117
728.571428571429	300	78.9411457410415	24.6	103.541145741041	DCA	0	103.541145741041
742.857142857143	300	79.6473680833807	24.6	104.247368083381	DCA	280	134.650927934899
757.142857142857	300	81.4088232361193	24.6	106.008823236119	DCA	210	134.392550114091
771.428571428571	300	76.262972607505	24.6	100.862972607505	DCA	140	123.506161852375
785.714285714286	300	82.0322653913043	24.6	106.632265391304	DCA	210	135.015992269276
800	300	82.5136069065428	24.6	107.113606906543	DCA	280	137.517166758061
814.285714285714	300	82.1870655198118	24.6	106.787065519812	DCA	70	119.969012472025
828.571428571429	300	80.9309763232769	24.6	105.530976323277	DCA	70	118.71292327549
842.857142857143	300	80.8880648220674	24.6	105.488064822067	DCA	70	118.67001177428
857.142857142857	300	80.2633434955666	24.6	104.863343495567	DCA	140	127.506532740437
871.428571428571	300	82.5692369978853	24.6	107.169236997885	DCA	140	129.812426242755
885.714285714286	300	82.337320204085	24.6	106.937320204085	DCA	70	120.119267156298
900	300	87.2621295055229	24.6	111.862129505523	DCA	210	140.245856383495
914.285714285714	300	77.1389442765653	24.6	101.738944276565	DCA	280	132.142504128083
928.571428571429	300	79.6607448185795	24.6	104.26074481858	DCA	140	126.90393406345
942.857142857143	300	79.786404414712	24.6	104.386404414712	DCA	0	104.386404414712
957.142857142857	300	76.3788594744511	24.6	100.978859474451	DCA	280	131.382419325969
971.428571428571	300	76.6151805552234	24.6	101.215180555223	DCA	70	114.397127507436
985.714285714286	300	79.3124169011184	24.6	103.912416901118	DCA	210	132.29614377909
1000	300	77.6943236427464	24.6	102.294323642746	DCA	140	124.937512887616
