x	y	variable1	Zona	ErrorConEfecto	Disenio	AsigTrat	MiRto
0	0	80.4703158353606	0	80.4703158353606	DCA	210	85.2877121644076
14.2857142857143	0	84.9321984538408	0	84.9321984538408	DCA	70	91.1212005937094
28.5714285714286	0	82.1793240818641	0	82.1793240818641	DCA	70	88.3683262217327
42.8571428571429	0	81.9549183560269	0	81.9549183560269	DCA	0	81.9549183560269
57.1428571428571	0	79.7959503452221	0	79.7959503452221	DCA	210	84.6133466742692
71.4285714285714	0	78.9661810556606	0	78.9661810556606	DCA	0	78.9661810556606
85.7142857142857	0	80.6670571517841	0	80.6670571517841	DCA	0	80.6670571517841
100	0	81.952428961112	0	81.952428961112	DCA	280	79.2092173394689
114.285714285714	0	81.2962095739279	0	81.2962095739279	DCA	70	87.4852117137964
128.571428571429	0	79.7090069156323	0	79.7090069156323	DCA	210	84.5264032446793
142.857142857143	0	81.8458816320502	0	81.8458816320502	DCA	140	89.6406825482678
157.142857142857	0	80.5734764398972	0	80.5734764398972	DCA	210	85.3908727689442
171.428571428571	0	83.7524261773089	0	83.7524261773089	DCA	70	89.9414283171775
185.714285714286	0	82.3977153416264	0	82.3977153416264	DCA	140	90.192516257844
200	0	79.128028207747	0	79.128028207747	DCA	280	76.384816586104
214.285714285714	0	81.6002608809006	0	81.6002608809006	DCA	210	86.4176572099477
228.571428571429	0	82.4866563750364	0	82.4866563750364	DCA	210	87.3040527040835
242.857142857143	0	83.1715210297485	0	83.1715210297485	DCA	210	87.9889173587955
257.142857142857	0	85.8214398707891	0	85.8214398707891	DCA	0	85.8214398707891
271.428571428571	0	84.5133115680346	0	84.5133115680346	DCA	280	81.7700999463915
285.714285714286	0	84.6472548943254	0	84.6472548943254	DCA	70	90.836257034194
300	0	82.9419348021763	0	82.9419348021763	DCA	0	82.9419348021763
314.285714285714	0	82.9398494156635	0	82.9398494156635	DCA	140	90.7346503318811
328.571428571429	0	85.7630056228718	0	85.7630056228718	DCA	140	93.5578065390894
342.857142857143	0	82.7154536142544	0	82.7154536142544	DCA	70	88.9044557541229
357.142857142857	0	83.1995110188377	0	83.1995110188377	DCA	70	89.3885131587063
371.428571428571	0	81.6935323847066	0	81.6935323847066	DCA	210	86.5109287137536
385.714285714286	0	80.8397834946417	0	80.8397834946417	DCA	280	78.0965718729987
400	0	83.9305760704695	0	83.9305760704695	DCA	0	83.9305760704695
414.285714285714	0	82.613713336537	0	82.613713336537	DCA	280	79.8705017148939
428.571428571429	0	82.4679579498407	0	82.4679579498407	DCA	210	87.2853542788878
442.857142857143	0	79.5357307932377	0	79.5357307932377	DCA	210	84.3531271222847
457.142857142857	0	79.6778433854175	0	79.6778433854175	DCA	0	79.6778433854175
471.428571428571	0	79.2780331706757	0	79.2780331706757	DCA	210	84.0954294997227
485.714285714286	0	77.9849464827736	0	77.9849464827736	DCA	0	77.9849464827736
500	0	76.4492329361382	0	76.4492329361382	DCA	280	73.7060213144951
514.285714285714	0	79.036588668467	24.6	103.636588668467	DCA	280	124.312577046824
528.571428571429	0	81.2192963963591	24.6	105.819296396359	DCA	140	125.323697312577
542.857142857143	0	78.1250230723969	24.6	102.725023072397	DCA	0	102.725023072397
557.142857142857	0	79.622386939033	24.6	104.222386939033	DCA	70	116.266189078902
571.428571428571	0	82.2580672938647	24.6	106.858067293865	DCA	0	106.858067293865
585.714285714286	0	80.4518077518824	24.6	105.051807751882	DCA	210	127.433604080929
600	0	79.7513413155874	24.6	104.351341315587	DCA	70	116.395143455456
614.285714285714	0	81.1440597924268	24.6	105.744059792427	DCA	70	117.787861932295
628.571428571429	0	78.5803515078405	24.6	103.180351507841	DCA	210	125.562147836888
642.857142857143	0	81.6286402534826	24.6	106.228640253483	DCA	0	106.228640253483
657.142857142857	0	81.6575645316646	24.6	106.257564531665	DCA	0	106.257564531665
671.428571428571	0	80.5074707386153	24.6	105.107470738615	DCA	210	127.489267067662
685.714285714286	0	81.5428412562158	24.6	106.142841256216	DCA	0	106.142841256216
700	0	79.1382303909979	24.6	103.738230390998	DCA	0	103.738230390998
714.285714285714	0	83.2887080378526	24.6	107.888708037853	DCA	210	130.2705043669
728.571428571429	0	85.512851406591	24.6	110.112851406591	DCA	210	132.494647735638
742.857142857143	0	83.1656860807559	24.6	107.765686080756	DCA	280	128.441674459113
757.142857142857	0	82.2543562177154	24.6	106.854356217715	DCA	280	127.530344596072
771.428571428571	0	81.9353904990937	24.6	106.535390499094	DCA	70	118.579192638962
785.714285714286	0	78.9844607368101	24.6	103.58446073681	DCA	70	115.628262876679
800	0	79.2029543495133	24.6	103.802954349513	DCA	0	103.802954349513
814.285714285714	0	76.5385375866881	24.6	101.138537586688	DCA	280	121.814525965045
828.571428571429	0	77.4301662646225	24.6	102.030166264622	DCA	140	121.53456718084
842.857142857143	0	79.4605252287411	24.6	104.060525228741	DCA	210	126.442321557788
857.142857142857	0	79.6224405217894	24.6	104.222440521789	DCA	140	123.726841438007
871.428571428571	0	81.1949456467279	24.6	105.794945646728	DCA	140	125.299346562946
885.714285714286	0	81.5704927781529	24.6	106.170492778153	DCA	140	125.674893694371
900	0	77.3352398950569	24.6	101.935239895057	DCA	70	113.979042034925
914.285714285714	0	78.5535209024339	24.6	103.153520902434	DCA	140	122.657921818651
928.571428571429	0	81.7396089652415	24.6	106.339608965242	DCA	70	118.38341110511
942.857142857143	0	83.777042206014	24.6	108.377042206014	DCA	210	130.758838535061
957.142857142857	0	82.7717811812615	24.6	107.371781181262	DCA	210	129.753577510309
971.428571428571	0	81.2433283860759	24.6	105.843328386076	DCA	70	117.887130525944
985.714285714286	0	82.1250165611309	24.6	106.725016561131	DCA	280	127.401004939488
1000	0	84.694847137751	24.6	109.294847137751	DCA	140	128.799248053969
0	33.3333333333333	85.0474284517141	0	85.0474284517141	DCA	140	92.8422293679317
14.2857142857143	33.3333333333333	85.7260593063608	0	85.7260593063608	DCA	210	90.5434556354078
28.5714285714286	33.3333333333333	84.2115668982618	0	84.2115668982618	DCA	140	92.0063678144794
42.8571428571429	33.3333333333333	81.6580504498848	0	81.6580504498848	DCA	280	78.9148388282418
57.1428571428571	33.3333333333333	83.3588352934124	0	83.3588352934124	DCA	70	89.547837433281
71.4285714285714	33.3333333333333	83.6840907300912	0	83.6840907300912	DCA	70	89.8730928699598
85.7142857142857	33.3333333333333	82.5795564101877	0	82.5795564101877	DCA	70	88.7685585500563
100	33.3333333333333	81.9327817230999	0	81.9327817230999	DCA	70	88.1217838629685
114.285714285714	33.3333333333333	82.0673788481462	0	82.0673788481462	DCA	140	89.8621797643638
128.571428571429	33.3333333333333	81.8218741554711	0	81.8218741554711	DCA	0	81.8218741554711
142.857142857143	33.3333333333333	80.7093886947081	0	80.7093886947081	DCA	70	86.8983908345767
157.142857142857	33.3333333333333	80.0101010144192	0	80.0101010144192	DCA	210	84.8274973434663
171.428571428571	33.3333333333333	84.2715034999538	0	84.2715034999538	DCA	280	81.5282918783107
185.714285714286	33.3333333333333	86.2895193043812	0	86.2895193043812	DCA	0	86.2895193043812
200	33.3333333333333	86.4855249622437	0	86.4855249622437	DCA	210	91.3029212912908
214.285714285714	33.3333333333333	85.403579748866	0	85.403579748866	DCA	210	90.2209760779131
228.571428571429	33.3333333333333	86.9597260477495	0	86.9597260477495	DCA	70	93.1487281876181
242.857142857143	33.3333333333333	84.994234011324	0	84.994234011324	DCA	140	92.7890349275416
257.142857142857	33.3333333333333	86.0672638799312	0	86.0672638799312	DCA	70	92.2562660197998
271.428571428571	33.3333333333333	83.3403036631021	0	83.3403036631021	DCA	140	91.1351045793197
285.714285714286	33.3333333333333	80.1807865937369	0	80.1807865937369	DCA	210	84.998182922784
300	33.3333333333333	82.3658973362496	0	82.3658973362496	DCA	280	79.6226857146065
314.285714285714	33.3333333333333	80.1041265295136	0	80.1041265295136	DCA	140	87.8989274457313
328.571428571429	33.3333333333333	82.2765947594206	0	82.2765947594206	DCA	140	90.0713956756382
342.857142857143	33.3333333333333	76.9936496325615	0	76.9936496325615	DCA	0	76.9936496325615
357.142857142857	33.3333333333333	75.775581104181	0	75.775581104181	DCA	70	81.9645832440496
371.428571428571	33.3333333333333	78.9514131240549	0	78.9514131240549	DCA	0	78.9514131240549
385.714285714286	33.3333333333333	77.9866969881848	0	77.9866969881848	DCA	140	85.7814979044025
400	33.3333333333333	79.2065438835883	0	79.2065438835883	DCA	70	85.3955460234569
414.285714285714	33.3333333333333	81.5398640541213	0	81.5398640541213	DCA	70	87.7288661939899
428.571428571429	33.3333333333333	81.7609297946998	0	81.7609297946998	DCA	0	81.7609297946998
442.857142857143	33.3333333333333	85.0674438115511	0	85.0674438115511	DCA	70	91.2564459514197
457.142857142857	33.3333333333333	86.0126751463434	0	86.0126751463434	DCA	70	92.201677286212
471.428571428571	33.3333333333333	78.8310039833001	0	78.8310039833001	DCA	210	83.6484003123471
485.714285714286	33.3333333333333	80.0967049207868	0	80.0967049207868	DCA	280	77.3534932991437
500	33.3333333333333	76.6056923052083	0	76.6056923052083	DCA	280	73.8624806835652
514.285714285714	33.3333333333333	77.4702980699874	24.6	102.070298069987	DCA	140	121.574698986205
528.571428571429	33.3333333333333	76.8111368883734	24.6	101.411136888373	DCA	280	122.08712526673
542.857142857143	33.3333333333333	77.6153437611984	24.6	102.215343761198	DCA	140	121.719744677416
557.142857142857	33.3333333333333	81.4386953781964	24.6	106.038695378196	DCA	70	118.082497518065
571.428571428571	33.3333333333333	80.8348839842342	24.6	105.434883984234	DCA	0	105.434883984234
585.714285714286	33.3333333333333	77.3101999071708	24.6	101.910199907171	DCA	210	124.291996236218
600	33.3333333333333	82.776963649625	24.6	107.376963649625	DCA	0	107.376963649625
614.285714285714	33.3333333333333	75.2362230503726	24.6	99.8362230503726	DCA	210	122.21801937942
628.571428571429	33.3333333333333	80.4417796945787	24.6	105.041779694579	DCA	70	117.085581834447
642.857142857143	33.3333333333333	82.2060085968586	24.6	106.806008596859	DCA	140	126.310409513076
657.142857142857	33.3333333333333	81.6075823030347	24.6	106.207582303035	DCA	140	125.711983219252
671.428571428571	33.3333333333333	80.1673437674404	24.6	104.76734376744	DCA	0	104.76734376744
685.714285714286	33.3333333333333	79.8087942838994	24.6	104.408794283899	DCA	0	104.408794283899
700	33.3333333333333	84.9171597979911	24.6	109.517159797991	DCA	140	129.021560714209
714.285714285714	33.3333333333333	84.1466282544319	24.6	108.746628254432	DCA	70	120.790430394301
728.571428571429	33.3333333333333	83.6598409398994	24.6	108.259840939899	DCA	70	120.303643079768
742.857142857143	33.3333333333333	83.4767410798071	24.6	108.076741079807	DCA	0	108.076741079807
757.142857142857	33.3333333333333	83.8472972067941	24.6	108.447297206794	DCA	0	108.447297206794
771.428571428571	33.3333333333333	81.7170114211137	24.6	106.317011421114	DCA	70	118.360813560982
785.714285714286	33.3333333333333	80.8015023054326	24.6	105.401502305433	DCA	70	117.445304445301
800	33.3333333333333	78.5840874815365	24.6	103.184087481537	DCA	210	125.565883810584
814.285714285714	33.3333333333333	77.4693788580774	24.6	102.069378858077	DCA	140	121.573779774295
828.571428571429	33.3333333333333	79.6754397171574	24.6	104.275439717157	DCA	210	126.657236046204
842.857142857143	33.3333333333333	79.2832936953478	24.6	103.883293695348	DCA	280	124.559282073705
857.142857142857	33.3333333333333	80.2612293103444	24.6	104.861229310344	DCA	70	116.905031450213
871.428571428571	33.3333333333333	81.3550667050435	24.6	105.955066705044	DCA	70	117.998868844912
885.714285714286	33.3333333333333	82.6825529435543	24.6	107.282552943554	DCA	140	126.786953859772
900	33.3333333333333	79.5935298024657	24.6	104.193529802466	DCA	280	124.869518180823
914.285714285714	33.3333333333333	77.8289029192079	24.6	102.428902919208	DCA	0	102.428902919208
928.571428571429	33.3333333333333	80.1843530749622	24.6	104.784353074962	DCA	70	116.828155214831
942.857142857143	33.3333333333333	79.252842844065	24.6	103.852842844065	DCA	70	115.896644983934
957.142857142857	33.3333333333333	80.2180529707384	24.6	104.818052970738	DCA	140	124.322453886956
971.428571428571	33.3333333333333	81.9868764246763	24.6	106.586876424676	DCA	140	126.091277340894
985.714285714286	33.3333333333333	81.5384813746554	24.6	106.138481374655	DCA	70	118.182283514524
1000	33.3333333333333	78.8012156095992	24.6	103.401215609599	DCA	280	124.077203987956
0	66.6666666666667	79.5245968369295	0	79.5245968369295	DCA	280	76.7813852152864
14.2857142857143	66.6666666666667	81.6450368538013	0	81.6450368538013	DCA	210	86.4624331828483
28.5714285714286	66.6666666666667	82.7137236245079	0	82.7137236245079	DCA	140	90.5085245407255
42.8571428571429	66.6666666666667	85.4674618200608	0	85.4674618200608	DCA	280	82.7242501984178
57.1428571428571	66.6666666666667	86.1199997839539	0	86.1199997839539	DCA	210	90.937396113001
71.4285714285714	66.6666666666667	83.9584748684493	0	83.9584748684493	DCA	140	91.753275784667
85.7142857142857	66.6666666666667	80.4706400044009	0	80.4706400044009	DCA	70	86.6596421442695
100	66.6666666666667	81.2603949205952	0	81.2603949205952	DCA	70	87.4493970604638
114.285714285714	66.6666666666667	81.2249397187156	0	81.2249397187156	DCA	140	89.0197406349332
128.571428571429	66.6666666666667	78.7506408998132	0	78.7506408998132	DCA	70	84.9396430396818
142.857142857143	66.6666666666667	79.5744059589997	0	79.5744059589997	DCA	0	79.5744059589997
157.142857142857	66.6666666666667	84.5839503700429	0	84.5839503700429	DCA	280	81.8407387483999
171.428571428571	66.6666666666667	83.445139185535	0	83.445139185535	DCA	280	80.7019275638919
185.714285714286	66.6666666666667	85.4317488635387	0	85.4317488635387	DCA	210	90.2491451925858
200	66.6666666666667	88.5081390336869	0	88.5081390336869	DCA	0	88.5081390336869
214.285714285714	66.6666666666667	91.4547612441547	0	91.4547612441547	DCA	0	91.4547612441547
228.571428571429	66.6666666666667	93.2624838071165	0	93.2624838071165	DCA	140	101.057284723334
242.857142857143	66.6666666666667	90.5541228612314	0	90.5541228612314	DCA	70	96.7431250011
257.142857142857	66.6666666666667	86.7723641046577	0	86.7723641046577	DCA	0	86.7723641046577
271.428571428571	66.6666666666667	81.8913572981018	0	81.8913572981018	DCA	0	81.8913572981018
285.714285714286	66.6666666666667	80.1566108823666	0	80.1566108823666	DCA	280	77.4133992607236
300	66.6666666666667	80.6963907776043	0	80.6963907776043	DCA	140	88.4911916938219
314.285714285714	66.6666666666667	82.809804682589	0	82.809804682589	DCA	280	80.066593060946
328.571428571429	66.6666666666667	80.9675333259479	0	80.9675333259479	DCA	210	85.784929654995
342.857142857143	66.6666666666667	77.3080103732885	0	77.3080103732885	DCA	210	82.1254067023356
357.142857142857	66.6666666666667	77.4760921841319	0	77.4760921841319	DCA	70	83.6650943240004
371.428571428571	66.6666666666667	76.0654935898015	0	76.0654935898015	DCA	0	76.0654935898015
385.714285714286	66.6666666666667	78.1238530855912	0	78.1238530855912	DCA	70	84.3128552254598
400	66.6666666666667	79.8162528403648	0	79.8162528403648	DCA	140	87.6110537565824
414.285714285714	66.6666666666667	77.5734007240595	0	77.5734007240595	DCA	210	82.3907970531065
428.571428571429	66.6666666666667	78.6072392962651	0	78.6072392962651	DCA	70	84.7962414361337
442.857142857143	66.6666666666667	82.4964639293413	0	82.4964639293413	DCA	70	88.6854660692099
457.142857142857	66.6666666666667	85.5775214973843	0	85.5775214973843	DCA	280	82.8343098757412
471.428571428571	66.6666666666667	82.3363801567214	0	82.3363801567214	DCA	140	90.131181072939
485.714285714286	66.6666666666667	85.4838081507401	0	85.4838081507401	DCA	70	91.6728102906087
500	66.6666666666667	80.1350884763521	0	80.1350884763521	DCA	210	84.9524848053992
514.285714285714	66.6666666666667	82.3764880278605	24.6	106.976488027861	DCA	280	127.652476406217
528.571428571429	66.6666666666667	84.0212719790422	24.6	108.621271979042	DCA	280	129.297260357399
542.857142857143	66.6666666666667	81.7329373178828	24.6	106.332937317883	DCA	280	127.00892569624
557.142857142857	66.6666666666667	79.1366813731156	24.6	103.736681373116	DCA	210	126.118477702163
571.428571428571	66.6666666666667	81.9582371821787	24.6	106.558237182179	DCA	70	118.602039322047
585.714285714286	66.6666666666667	81.6089775714955	24.6	106.208977571496	DCA	210	128.590773900543
600	66.6666666666667	83.6569884657042	24.6	108.256988465704	DCA	210	130.638784794751
614.285714285714	66.6666666666667	79.5322320010004	24.6	104.132232001	DCA	280	124.808220379357
628.571428571429	66.6666666666667	78.2445918162033	24.6	102.844591816203	DCA	140	122.348992732421
642.857142857143	66.6666666666667	79.5893178102196	24.6	104.18931781022	DCA	280	124.865306188577
657.142857142857	66.6666666666667	81.6254234699143	24.6	106.225423469914	DCA	280	126.901411848271
671.428571428571	66.6666666666667	78.9869155405334	24.6	103.586915540533	DCA	210	125.96871186958
685.714285714286	66.6666666666667	83.4839869917884	24.6	108.083986991788	DCA	280	128.759975370145
700	66.6666666666667	82.4103617828187	24.6	107.010361782819	DCA	280	127.686350161176
714.285714285714	66.6666666666667	84.6109663575892	24.6	109.210966357589	DCA	140	128.715367273807
728.571428571429	66.6666666666667	84.2425548139051	24.6	108.842554813905	DCA	280	129.518543192262
742.857142857143	66.6666666666667	83.8147653015365	24.6	108.414765301536	DCA	280	129.090753679893
757.142857142857	66.6666666666667	85.5424359839188	24.6	110.142435983919	DCA	140	129.646836900136
771.428571428571	66.6666666666667	83.761183982994	24.6	108.361183982994	DCA	140	127.865584899212
785.714285714286	66.6666666666667	77.4997897637125	24.6	102.099789763712	DCA	0	102.099789763712
800	66.6666666666667	76.9914945280002	24.6	101.591494528	DCA	280	122.267482906357
814.285714285714	66.6666666666667	75.4093103451876	24.6	100.009310345188	DCA	210	122.391106674235
828.571428571429	66.6666666666667	75.7475228089957	24.6	100.347522808996	DCA	0	100.347522808996
842.857142857143	66.6666666666667	74.1830981845932	24.6	98.7830981845932	DCA	280	119.45908656295
857.142857142857	66.6666666666667	73.2872449262109	24.6	97.8872449262109	DCA	0	97.8872449262109
871.428571428571	66.6666666666667	76.2990087225832	24.6	100.899008722583	DCA	280	121.57499710094
885.714285714286	66.6666666666667	76.6635948933739	24.6	101.263594893374	DCA	280	121.939583271731
900	66.6666666666667	80.747586829561	24.6	105.347586829561	DCA	0	105.347586829561
914.285714285714	66.6666666666667	77.340680924043	24.6	101.940680924043	DCA	280	122.6166693024
928.571428571429	66.6666666666667	79.3934968391462	24.6	103.993496839146	DCA	210	126.375293168193
942.857142857143	66.6666666666667	80.921503864607	24.6	105.521503864607	DCA	280	126.197492242964
957.142857142857	66.6666666666667	80.1095012462789	24.6	104.709501246279	DCA	210	127.091297575326
971.428571428571	66.6666666666667	81.2660242511421	24.6	105.866024251142	DCA	0	105.866024251142
985.714285714286	66.6666666666667	81.0245607566561	24.6	105.624560756656	DCA	140	125.128961672874
1000	66.6666666666667	78.2327871914836	24.6	102.832787191484	DCA	210	125.214583520531
0	100	85.2283733634484	0	85.2283733634484	DCA	210	90.0457696924954
14.2857142857143	100	83.2592200771668	0	83.2592200771668	DCA	280	80.5160084555238
28.5714285714286	100	83.2087789672738	0	83.2087789672738	DCA	280	80.4655673456308
42.8571428571429	100	82.4178400171512	0	82.4178400171512	DCA	210	87.2352363461983
57.1428571428571	100	85.9323300402365	0	85.9323300402365	DCA	70	92.121332180105
71.4285714285714	100	85.8127018418548	0	85.8127018418548	DCA	280	83.0694902202117
85.7142857142857	100	86.9141200093865	0	86.9141200093865	DCA	280	84.1709083877434
100	100	81.8419598937118	0	81.8419598937118	DCA	0	81.8419598937118
114.285714285714	100	79.9773306621871	0	79.9773306621871	DCA	210	84.7947269912341
128.571428571429	100	80.8891460830479	0	80.8891460830479	DCA	280	78.1459344614049
142.857142857143	100	80.3942028048411	0	80.3942028048411	DCA	280	77.650991183198
157.142857142857	100	80.9967967497039	0	80.9967967497039	DCA	280	78.2535851280608
171.428571428571	100	83.0221293228013	0	83.0221293228013	DCA	70	89.2111314626699
185.714285714286	100	83.4227064263822	0	83.4227064263822	DCA	0	83.4227064263822
200	100	88.7806066212673	0	88.7806066212673	DCA	280	86.0373949996242
214.285714285714	100	90.5765115223447	0	90.5765115223447	DCA	140	98.3713124385623
228.571428571429	100	87.6415360432659	0	87.6415360432659	DCA	140	95.4363369594835
242.857142857143	100	85.6484270656135	0	85.6484270656135	DCA	140	93.4432279818311
257.142857142857	100	87.011211392874	0	87.011211392874	DCA	140	94.8060123090916
271.428571428571	100	81.725733577208	0	81.725733577208	DCA	280	78.982521955565
285.714285714286	100	81.3134581184877	0	81.3134581184877	DCA	280	78.5702464968447
300	100	78.5549900005993	0	78.5549900005993	DCA	140	86.3497909168169
314.285714285714	100	79.0367466991802	0	79.0367466991802	DCA	70	85.2257488390488
328.571428571429	100	78.5813234107882	0	78.5813234107882	DCA	280	75.8381117891452
342.857142857143	100	79.0471014487912	0	79.0471014487912	DCA	70	85.2361035886598
357.142857142857	100	80.6464207512723	0	80.6464207512723	DCA	0	80.6464207512723
371.428571428571	100	82.3220009245102	0	82.3220009245102	DCA	0	82.3220009245102
385.714285714286	100	78.9848892432402	0	78.9848892432402	DCA	70	85.1738913831088
400	100	82.4885766128107	0	82.4885766128107	DCA	70	88.6775787526793
414.285714285714	100	82.0153838192235	0	82.0153838192235	DCA	70	88.2043859590921
428.571428571429	100	79.9305499000692	0	79.9305499000692	DCA	210	84.7479462291163
442.857142857143	100	83.0172451223378	0	83.0172451223378	DCA	0	83.0172451223378
457.142857142857	100	83.7566149620526	0	83.7566149620526	DCA	140	91.5514158782702
471.428571428571	100	81.7738344499943	0	81.7738344499943	DCA	140	89.5686353662119
485.714285714286	100	82.4917036153893	0	82.4917036153893	DCA	70	88.6807057552578
500	100	85.7002224993694	0	85.7002224993694	DCA	280	82.9570108777264
514.285714285714	100	86.7211295286508	24.6	111.321129528651	DCA	280	131.997117907008
528.571428571429	100	87.2702590568752	24.6	111.870259056875	DCA	210	134.252055385922
542.857142857143	100	86.6353990136917	24.6	111.235399013692	DCA	210	133.617195342739
557.142857142857	100	85.7984323401778	24.6	110.398432340178	DCA	70	122.442234480046
571.428571428571	100	80.8122738462557	24.6	105.412273846256	DCA	0	105.412273846256
585.714285714286	100	82.0465331315411	24.6	106.646533131541	DCA	210	129.028329460588
600	100	79.8537541856111	24.6	104.453754185611	DCA	0	104.453754185611
614.285714285714	100	82.7021693099415	24.6	107.302169309942	DCA	280	127.978157688298
628.571428571429	100	77.4532535626375	24.6	102.053253562637	DCA	70	114.097055702506
642.857142857143	100	76.8521644784856	24.6	101.452164478486	DCA	280	122.128152856843
657.142857142857	100	79.0765317043329	24.6	103.676531704333	DCA	0	103.676531704333
671.428571428571	100	81.1137719287322	24.6	105.713771928732	DCA	280	126.389760307089
685.714285714286	100	82.9482850459497	24.6	107.54828504595	DCA	280	128.224273424307
700	100	85.6722228324303	24.6	110.27222283243	DCA	70	122.316024972299
714.285714285714	100	84.4833905895987	24.6	109.083390589599	DCA	0	109.083390589599
728.571428571429	100	84.9712930037643	24.6	109.571293003764	DCA	140	129.075693919982
742.857142857143	100	84.1961554270384	24.6	108.796155427038	DCA	140	128.300556343256
757.142857142857	100	83.4581624727836	24.6	108.058162472784	DCA	0	108.058162472784
771.428571428571	100	81.7249411154671	24.6	106.324941115467	DCA	0	106.324941115467
785.714285714286	100	80.4876763830435	24.6	105.087676383044	DCA	140	124.592077299261
800	100	79.9879411753644	24.6	104.587941175364	DCA	0	104.587941175364
814.285714285714	100	76.2601682781395	24.6	100.860168278139	DCA	0	100.860168278139
828.571428571429	100	77.3861335226715	24.6	101.986133522671	DCA	280	122.662121901028
842.857142857143	100	76.9306113465029	24.6	101.530611346503	DCA	210	123.91240767555
857.142857142857	100	76.7015822242943	24.6	101.301582224294	DCA	70	113.345384364163
871.428571428571	100	81.4867350305778	24.6	106.086735030578	DCA	210	128.468531359625
885.714285714286	100	80.0387924735185	24.6	104.638792473518	DCA	70	116.682594613387
900	100	82.9527528471394	24.6	107.552752847139	DCA	70	119.596554987008
914.285714285714	100	81.2029612708746	24.6	105.802961270875	DCA	140	125.307362187092
928.571428571429	100	79.3175337827383	24.6	103.917533782738	DCA	70	115.961335922607
942.857142857143	100	77.1974706907281	24.6	101.797470690728	DCA	210	124.179267019775
957.142857142857	100	81.1466143805529	24.6	105.746614380553	DCA	140	125.251015296771
971.428571428571	100	81.8060316314552	24.6	106.406031631455	DCA	140	125.910432547673
985.714285714286	100	79.6106084287865	24.6	104.210608428787	DCA	210	126.592404757834
1000	100	78.6641499666044	24.6	103.264149966604	DCA	0	103.264149966604
0	133.333333333333	79.2580919426264	0	79.2580919426264	DCA	0	79.2580919426264
14.2857142857143	133.333333333333	82.153419126954	0	82.153419126954	DCA	70	88.3424212668226
28.5714285714286	133.333333333333	83.9959809562594	0	83.9959809562594	DCA	70	90.184983096128
42.8571428571429	133.333333333333	84.2076830479825	0	84.2076830479825	DCA	140	92.0024839642002
57.1428571428571	133.333333333333	81.1887242770169	0	81.1887242770169	DCA	210	86.006120606064
71.4285714285714	133.333333333333	83.7094479023725	0	83.7094479023725	DCA	210	88.5268442314196
85.7142857142857	133.333333333333	82.237988743642	0	82.237988743642	DCA	280	79.4947771219989
100	133.333333333333	84.0468901943121	0	84.0468901943121	DCA	70	90.2358923341807
114.285714285714	133.333333333333	81.0863021514694	0	81.0863021514694	DCA	280	78.3430905298263
128.571428571429	133.333333333333	82.0574892481749	0	82.0574892481749	DCA	70	88.2464913880435
142.857142857143	133.333333333333	80.2552608080689	0	80.2552608080689	DCA	280	77.5120491864258
157.142857142857	133.333333333333	81.6351294334076	0	81.6351294334076	DCA	0	81.6351294334076
171.428571428571	133.333333333333	81.6748479787936	0	81.6748479787936	DCA	140	89.4696488950112
185.714285714286	133.333333333333	82.8657989920547	0	82.8657989920547	DCA	210	87.6831953211018
200	133.333333333333	83.6954381102711	0	83.6954381102711	DCA	70	89.8844402501397
214.285714285714	133.333333333333	82.1954919222933	0	82.1954919222933	DCA	280	79.4522803006502
228.571428571429	133.333333333333	83.7567495118885	0	83.7567495118885	DCA	280	81.0135378902455
242.857142857143	133.333333333333	84.9118076188563	0	84.9118076188563	DCA	210	89.7292039479034
257.142857142857	133.333333333333	83.2326071359511	0	83.2326071359511	DCA	210	88.0500034649981
271.428571428571	133.333333333333	80.2260364209499	0	80.2260364209499	DCA	0	80.2260364209499
285.714285714286	133.333333333333	81.0484920239597	0	81.0484920239597	DCA	140	88.8432929401773
300	133.333333333333	78.9677829987611	0	78.9677829987611	DCA	70	85.1567851386297
314.285714285714	133.333333333333	75.8748618210735	0	75.8748618210735	DCA	70	82.063863960942
328.571428571429	133.333333333333	75.8421054129957	0	75.8421054129957	DCA	210	80.6595017420428
342.857142857143	133.333333333333	75.4740797559203	0	75.4740797559203	DCA	210	80.2914760849673
357.142857142857	133.333333333333	76.8585292536842	0	76.8585292536842	DCA	280	74.1153176320412
371.428571428571	133.333333333333	75.9383031948172	0	75.9383031948172	DCA	70	82.1273053346858
385.714285714286	133.333333333333	76.770059662803	0	76.770059662803	DCA	280	74.02684804116
400	133.333333333333	79.2862583926714	0	79.2862583926714	DCA	140	87.081059308889
414.285714285714	133.333333333333	77.9210879280726	0	77.9210879280726	DCA	70	84.1100900679412
428.571428571429	133.333333333333	81.7252751941568	0	81.7252751941568	DCA	280	78.9820635725137
442.857142857143	133.333333333333	79.9820388754449	0	79.9820388754449	DCA	210	84.7994352044919
457.142857142857	133.333333333333	84.177245618803	0	84.177245618803	DCA	70	90.3662477586716
471.428571428571	133.333333333333	86.5519860022184	0	86.5519860022184	DCA	280	83.8087743805753
485.714285714286	133.333333333333	82.821777097436	0	82.821777097436	DCA	280	80.0785654757929
500	133.333333333333	86.7020059010242	0	86.7020059010242	DCA	0	86.7020059010242
514.285714285714	133.333333333333	84.5533979594831	24.6	109.153397959483	DCA	280	129.82938633784
528.571428571429	133.333333333333	80.8566299396034	24.6	105.456629939603	DCA	0	105.456629939603
542.857142857143	133.333333333333	81.6010617926493	24.6	106.201061792649	DCA	210	128.582858121696
557.142857142857	133.333333333333	82.9371934380092	24.6	107.537193438009	DCA	0	107.537193438009
571.428571428571	133.333333333333	81.742955821779	24.6	106.342955821779	DCA	210	128.724752150826
585.714285714286	133.333333333333	82.2304172508127	24.6	106.830417250813	DCA	210	129.21221357986
600	133.333333333333	78.7764298755462	24.6	103.376429875546	DCA	70	115.420232015415
614.285714285714	133.333333333333	77.3346778004905	24.6	101.93467780049	DCA	0	101.93467780049
628.571428571429	133.333333333333	79.8597300205925	24.6	104.459730020592	DCA	140	123.96413093681
642.857142857143	133.333333333333	77.8897401136756	24.6	102.489740113676	DCA	210	124.871536442723
657.142857142857	133.333333333333	80.83321766331	24.6	105.43321766331	DCA	140	124.937618579528
671.428571428571	133.333333333333	80.3039413195852	24.6	104.903941319585	DCA	140	124.408342235803
685.714285714286	133.333333333333	83.9949439629614	24.6	108.594943962961	DCA	280	129.270932341318
700	133.333333333333	85.0722833665886	24.6	109.672283366589	DCA	210	132.054079695636
714.285714285714	133.333333333333	87.420864296645	24.6	112.020864296645	DCA	70	124.064666436514
728.571428571429	133.333333333333	87.9055775048114	24.6	112.505577504811	DCA	280	133.181565883168
742.857142857143	133.333333333333	87.8910925379183	24.6	112.491092537918	DCA	280	133.167080916275
757.142857142857	133.333333333333	85.3327647749068	24.6	109.932764774907	DCA	0	109.932764774907
771.428571428571	133.333333333333	77.4237896817082	24.6	102.023789681708	DCA	70	114.067591821577
785.714285714286	133.333333333333	78.4428315479796	24.6	103.04283154798	DCA	70	115.086633687848
800	133.333333333333	76.1726844640196	24.6	100.77268446402	DCA	280	121.448672842377
814.285714285714	133.333333333333	79.6416178799227	24.6	104.241617879923	DCA	140	123.74601879614
828.571428571429	133.333333333333	80.153634947633	24.6	104.753634947633	DCA	140	124.258035863851
842.857142857143	133.333333333333	76.7145318012585	24.6	101.314531801258	DCA	140	120.818932717476
857.142857142857	133.333333333333	78.3661133624945	24.6	102.966113362494	DCA	140	122.470514278712
871.428571428571	133.333333333333	84.1119386267647	24.6	108.711938626765	DCA	140	128.216339542982
885.714285714286	133.333333333333	80.7790905028477	24.6	105.379090502848	DCA	70	117.422892642716
900	133.333333333333	84.5446250495131	24.6	109.144625049513	DCA	0	109.144625049513
914.285714285714	133.333333333333	81.5057085873094	24.6	106.105708587309	DCA	70	118.149510727178
928.571428571429	133.333333333333	77.7146403080813	24.6	102.314640308081	DCA	210	124.696436637128
942.857142857143	133.333333333333	79.3551898714026	24.6	103.955189871403	DCA	280	124.63117824976
957.142857142857	133.333333333333	82.0921844035478	24.6	106.692184403548	DCA	280	127.368172781905
971.428571428571	133.333333333333	83.0271904489126	24.6	107.627190448913	DCA	0	107.627190448913
985.714285714286	133.333333333333	83.919349223746	24.6	108.519349223746	DCA	0	108.519349223746
1000	133.333333333333	81.6520803735044	24.6	106.252080373504	DCA	0	106.252080373504
0	166.666666666667	86.975609245675	0	86.975609245675	DCA	140	94.7704101618926
14.2857142857143	166.666666666667	85.257317850259	0	85.257317850259	DCA	210	90.074714179306
28.5714285714286	166.666666666667	83.6306943540964	0	83.6306943540964	DCA	70	89.819696493965
42.8571428571429	166.666666666667	84.23829585232	0	84.23829585232	DCA	0	84.23829585232
57.1428571428571	166.666666666667	83.244133285681	0	83.244133285681	DCA	70	89.4331354255496
71.4285714285714	166.666666666667	81.8314972477523	0	81.8314972477523	DCA	70	88.0204993876209
85.7142857142857	166.666666666667	83.7747376746422	0	83.7747376746422	DCA	280	81.0315260529991
100	166.666666666667	82.3729796498453	0	82.3729796498453	DCA	140	90.1677805660629
114.285714285714	166.666666666667	79.4059756672839	0	79.4059756672839	DCA	140	87.2007765835015
128.571428571429	166.666666666667	80.0584138327266	0	80.0584138327266	DCA	0	80.0584138327266
142.857142857143	166.666666666667	83.7099698226856	0	83.7099698226856	DCA	70	89.8989719625542
157.142857142857	166.666666666667	82.2132167546744	0	82.2132167546744	DCA	0	82.2132167546744
171.428571428571	166.666666666667	80.4954441665597	0	80.4954441665597	DCA	70	86.6844463064283
185.714285714286	166.666666666667	80.9204231694141	0	80.9204231694141	DCA	0	80.9204231694141
200	166.666666666667	83.5974252041294	0	83.5974252041294	DCA	280	80.8542135824864
214.285714285714	166.666666666667	83.3447652326267	0	83.3447652326267	DCA	140	91.1395661488443
228.571428571429	166.666666666667	85.3819159776364	0	85.3819159776364	DCA	70	91.570918117505
242.857142857143	166.666666666667	83.7246630610503	0	83.7246630610503	DCA	210	88.5420593900974
257.142857142857	166.666666666667	81.2740238020884	0	81.2740238020884	DCA	0	81.2740238020884
271.428571428571	166.666666666667	75.318523095735	0	75.318523095735	DCA	0	75.318523095735
285.714285714286	166.666666666667	77.41336259893	0	77.41336259893	DCA	210	82.230758927977
300	166.666666666667	80.9036343782846	0	80.9036343782846	DCA	280	78.1604227566415
314.285714285714	166.666666666667	78.3718506913701	0	78.3718506913701	DCA	70	84.5608528312387
328.571428571429	166.666666666667	76.6707510531491	0	76.6707510531491	DCA	70	82.8597531930177
342.857142857143	166.666666666667	75.2747294108948	0	75.2747294108948	DCA	70	81.4637315507634
357.142857142857	166.666666666667	78.1643475610274	0	78.1643475610274	DCA	210	82.9817438900745
371.428571428571	166.666666666667	76.441443529702	0	76.441443529702	DCA	140	84.2362444459196
385.714285714286	166.666666666667	79.448259886995	0	79.448259886995	DCA	140	87.2430608032126
400	166.666666666667	81.259037127043	0	81.259037127043	DCA	140	89.0538380432607
414.285714285714	166.666666666667	81.8919172799895	0	81.8919172799895	DCA	140	89.6867181962071
428.571428571429	166.666666666667	78.7330489056129	0	78.7330489056129	DCA	140	86.5278498218305
442.857142857143	166.666666666667	80.2357157170324	0	80.2357157170324	DCA	140	88.03051663325
457.142857142857	166.666666666667	83.077456514829	0	83.077456514829	DCA	210	87.894852843876
471.428571428571	166.666666666667	82.3949520230398	0	82.3949520230398	DCA	140	90.1897529392574
485.714285714286	166.666666666667	83.2762572612079	0	83.2762572612079	DCA	140	91.0710581774256
500	166.666666666667	84.3043840233733	0	84.3043840233733	DCA	210	89.1217803524204
514.285714285714	166.666666666667	82.1314063848537	24.6	106.731406384854	DCA	280	127.407394763211
528.571428571429	166.666666666667	83.8474405872585	24.6	108.447440587259	DCA	140	127.951841503476
542.857142857143	166.666666666667	80.0691247880561	24.6	104.669124788056	DCA	0	104.669124788056
557.142857142857	166.666666666667	79.7717294525382	24.6	104.371729452538	DCA	280	125.047717830895
571.428571428571	166.666666666667	79.7930052847866	24.6	104.393005284787	DCA	140	123.897406201004
585.714285714286	166.666666666667	81.8660577419533	24.6	106.466057741953	DCA	0	106.466057741953
600	166.666666666667	77.8452481182655	24.6	102.445248118266	DCA	0	102.445248118266
614.285714285714	166.666666666667	81.6151257953238	24.6	106.215125795324	DCA	280	126.891114173681
628.571428571429	166.666666666667	83.3837916140684	24.6	107.983791614068	DCA	140	127.488192530286
642.857142857143	166.666666666667	79.9791944509024	24.6	104.579194450902	DCA	140	124.08359536712
657.142857142857	166.666666666667	82.5497190928945	24.6	107.149719092894	DCA	140	126.654120009112
671.428571428571	166.666666666667	85.5594529879389	24.6	110.159452987939	DCA	210	132.541249316986
685.714285714286	166.666666666667	83.2980141392355	24.6	107.898014139235	DCA	70	119.941816279104
700	166.666666666667	87.08591910495	24.6	111.68591910495	DCA	0	111.68591910495
714.285714285714	166.666666666667	86.6144571346823	24.6	111.214457134682	DCA	70	123.258259274551
728.571428571429	166.666666666667	85.9485698248728	24.6	110.548569824873	DCA	140	130.05297074109
742.857142857143	166.666666666667	86.5260153813925	24.6	111.126015381392	DCA	0	111.126015381392
757.142857142857	166.666666666667	78.1381411679398	24.6	102.73814116794	DCA	0	102.73814116794
771.428571428571	166.666666666667	80.7671566825942	24.6	105.367156682594	DCA	210	127.748953011641
785.714285714286	166.666666666667	77.5878833371065	24.6	102.187883337106	DCA	210	124.569679666154
800	166.666666666667	79.5727382760516	24.6	104.172738276052	DCA	140	123.677139192269
814.285714285714	166.666666666667	76.4759090490716	24.6	101.075909049072	DCA	70	113.11971118894
828.571428571429	166.666666666667	77.2928125253143	24.6	101.892812525314	DCA	140	121.397213441532
842.857142857143	166.666666666667	77.3528911870662	24.6	101.952891187066	DCA	210	124.334687516113
857.142857142857	166.666666666667	80.406988357111	24.6	105.006988357111	DCA	0	105.006988357111
871.428571428571	166.666666666667	78.6222779394157	24.6	103.222277939416	DCA	280	123.898266317773
885.714285714286	166.666666666667	82.5357674083775	24.6	107.135767408377	DCA	210	129.517563737425
900	166.666666666667	82.3755449334792	24.6	106.975544933479	DCA	210	129.357341262526
914.285714285714	166.666666666667	83.8020249617096	24.6	108.40202496171	DCA	280	129.078013340066
928.571428571429	166.666666666667	84.4253763891016	24.6	109.025376389102	DCA	140	128.529777305319
942.857142857143	166.666666666667	83.0531934905591	24.6	107.653193490559	DCA	280	128.329181868916
957.142857142857	166.666666666667	82.9850562070269	24.6	107.585056207027	DCA	210	129.966852536074
971.428571428571	166.666666666667	81.0688258546046	24.6	105.668825854605	DCA	70	117.712627994473
985.714285714286	166.666666666667	82.7316779493517	24.6	107.331677949352	DCA	0	107.331677949352
1000	166.666666666667	74.8420331487811	24.6	99.4420331487811	DCA	140	118.946434064999
0	200	83.0526681756194	0	83.0526681756194	DCA	280	80.3094565539764
14.2857142857143	200	82.432854801791	0	82.432854801791	DCA	140	90.2276557180086
28.5714285714286	200	82.8031802061665	0	82.8031802061665	DCA	140	90.5979811223842
42.8571428571429	200	84.0900207663217	0	84.0900207663217	DCA	140	91.8848216825393
57.1428571428571	200	83.2198218895698	0	83.2198218895698	DCA	210	88.0372182186168
71.4285714285714	200	80.6559482039278	0	80.6559482039278	DCA	0	80.6559482039278
85.7142857142857	200	79.1342596784808	0	79.1342596784808	DCA	280	76.3910480568377
100	200	75.9576261472101	0	75.9576261472101	DCA	210	80.7750224762572
114.285714285714	200	76.0898621535677	0	76.0898621535677	DCA	210	80.9072584826147
128.571428571429	200	79.5548455923574	0	79.5548455923574	DCA	280	76.8116339707144
142.857142857143	200	79.1774197172042	0	79.1774197172042	DCA	140	86.9722206334218
157.142857142857	200	81.137594757991	0	81.137594757991	DCA	0	81.137594757991
171.428571428571	200	80.5127586650728	0	80.5127586650728	DCA	210	85.3301549941198
185.714285714286	200	82.1867740920069	0	82.1867740920069	DCA	70	88.3757762318755
200	200	81.4297822184265	0	81.4297822184265	DCA	210	86.2471785474735
214.285714285714	200	82.5941811111685	0	82.5941811111685	DCA	140	90.3889820273861
228.571428571429	200	81.074413972149	0	81.074413972149	DCA	0	81.074413972149
242.857142857143	200	78.1716683372088	0	78.1716683372088	DCA	70	84.3606704770774
257.142857142857	200	79.897392479927	0	79.897392479927	DCA	210	84.714788808974
271.428571428571	200	77.6595254125084	0	77.6595254125084	DCA	280	74.9163137908653
285.714285714286	200	75.0329740739078	0	75.0329740739078	DCA	280	72.2897624522648
300	200	75.0501067984143	0	75.0501067984143	DCA	140	82.8449077146319
314.285714285714	200	79.5542825997251	0	79.5542825997251	DCA	210	84.3716789287722
328.571428571429	200	78.4100911560504	0	78.4100911560504	DCA	280	75.6668795344073
342.857142857143	200	79.4704037470491	0	79.4704037470491	DCA	140	87.2652046632667
357.142857142857	200	80.8340456972217	0	80.8340456972217	DCA	140	88.6288466134393
371.428571428571	200	83.92489551369	0	83.92489551369	DCA	210	88.7422918427371
385.714285714286	200	81.6216533072715	0	81.6216533072715	DCA	70	87.8106554471401
400	200	85.4824673623878	0	85.4824673623878	DCA	210	90.2998636914349
414.285714285714	200	83.9390813509601	0	83.9390813509601	DCA	70	90.1280834908286
428.571428571429	200	81.4327327266107	0	81.4327327266107	DCA	0	81.4327327266107
442.857142857143	200	84.7220632316578	0	84.7220632316578	DCA	0	84.7220632316578
457.142857142857	200	84.0406920117591	0	84.0406920117591	DCA	70	90.2296941516277
471.428571428571	200	83.2178015775883	0	83.2178015775883	DCA	140	91.0126024938059
485.714285714286	200	81.5925587788201	0	81.5925587788201	DCA	210	86.4099551078671
500	200	78.9707564329591	0	78.9707564329591	DCA	0	78.9707564329591
514.285714285714	200	81.440465157578	24.6	106.040465157578	DCA	70	118.084267297447
528.571428571429	200	77.8181757581996	24.6	102.4181757582	DCA	210	124.799972087247
542.857142857143	200	79.4483584318498	24.6	104.04835843185	DCA	70	116.092160571718
557.142857142857	200	82.2323601352944	24.6	106.832360135294	DCA	280	127.508348513651
571.428571428571	200	83.4828436712822	24.6	108.082843671282	DCA	280	128.758832049639
585.714285714286	200	78.2637669570678	24.6	102.863766957068	DCA	70	114.907569096936
600	200	82.6075174695441	24.6	107.207517469544	DCA	210	129.589313798591
614.285714285714	200	80.3366114650765	24.6	104.936611465076	DCA	210	127.318407794124
628.571428571429	200	79.0335360322881	24.6	103.633536032288	DCA	280	124.309524410645
642.857142857143	200	76.9419737301706	24.6	101.541973730171	DCA	280	122.217962108528
657.142857142857	200	79.4714566116545	24.6	104.071456611654	DCA	0	104.071456611654
671.428571428571	200	82.8565953477829	24.6	107.456595347783	DCA	280	128.13258372614
685.714285714286	200	84.5337453730979	24.6	109.133745373098	DCA	280	129.809733751455
700	200	84.5070926963457	24.6	109.107092696346	DCA	210	131.488889025393
714.285714285714	200	84.2328263642771	24.6	108.832826364277	DCA	280	129.508814742634
728.571428571429	200	82.307342347272	24.6	106.907342347272	DCA	140	126.41174326349
742.857142857143	200	82.7452235011448	24.6	107.345223501145	DCA	280	128.021211879502
757.142857142857	200	86.2507272849028	24.6	110.850727284903	DCA	280	131.52671566326
771.428571428571	200	84.0832906544933	24.6	108.683290654493	DCA	210	131.06508698354
785.714285714286	200	81.869148341781	24.6	106.469148341781	DCA	280	127.145136720138
800	200	78.047915266844	24.6	102.647915266844	DCA	280	123.323903645201
814.285714285714	200	80.6730632696182	24.6	105.273063269618	DCA	210	127.654859598665
828.571428571429	200	79.5174684480606	24.6	104.117468448061	DCA	140	123.621869364278
842.857142857143	200	83.0936943917435	24.6	107.693694391743	DCA	210	130.07549072079
857.142857142857	200	82.4254898634727	24.6	107.025489863473	DCA	70	119.069292003341
871.428571428571	200	81.3884778336681	24.6	105.988477833668	DCA	70	118.032279973537
885.714285714286	200	82.3908559096324	24.6	106.990855909632	DCA	70	119.034658049501
900	200	80.8011958719485	24.6	105.401195871948	DCA	280	126.077184250305
914.285714285714	200	80.8523839982723	24.6	105.452383998272	DCA	210	127.834180327319
928.571428571429	200	81.1442429553001	24.6	105.7442429553	DCA	140	125.248643871518
942.857142857143	200	80.8692647794464	24.6	105.469264779446	DCA	210	127.851061108493
957.142857142857	200	76.8871351461323	24.6	101.487135146132	DCA	280	122.163123524489
971.428571428571	200	81.4134841743133	24.6	106.013484174313	DCA	70	118.057286314182
985.714285714286	200	80.8382021527931	24.6	105.438202152793	DCA	140	124.942603069011
1000	200	80.5184544118077	24.6	105.118454411808	DCA	0	105.118454411808
0	233.333333333333	79.5621522470443	0	79.5621522470443	DCA	210	84.3795485760914
14.2857142857143	233.333333333333	79.0582729096824	0	79.0582729096824	DCA	0	79.0582729096824
28.5714285714286	233.333333333333	77.0053393623283	0	77.0053393623283	DCA	210	81.8227356913754
42.8571428571429	233.333333333333	83.4367572548292	0	83.4367572548292	DCA	210	88.2541535838762
57.1428571428571	233.333333333333	79.8861073264643	0	79.8861073264643	DCA	140	87.6809082426819
71.4285714285714	233.333333333333	81.0238075237121	0	81.0238075237121	DCA	0	81.0238075237121
85.7142857142857	233.333333333333	79.6364334543857	0	79.6364334543857	DCA	140	87.4312343706033
100	233.333333333333	75.2951707112431	0	75.2951707112431	DCA	280	72.5519590896
114.285714285714	233.333333333333	76.1045750075346	0	76.1045750075346	DCA	140	83.8993759237522
128.571428571429	233.333333333333	75.9906652791617	0	75.9906652791617	DCA	0	75.9906652791617
142.857142857143	233.333333333333	78.2660877841812	0	78.2660877841812	DCA	0	78.2660877841812
157.142857142857	233.333333333333	80.6686040380418	0	80.6686040380418	DCA	280	77.9253924163987
171.428571428571	233.333333333333	81.800592539064	0	81.800592539064	DCA	140	89.5953934552817
185.714285714286	233.333333333333	80.9634208289457	0	80.9634208289457	DCA	210	85.7808171579928
200	233.333333333333	83.0047085285099	0	83.0047085285099	DCA	140	90.7995094447275
214.285714285714	233.333333333333	79.9178255909564	0	79.9178255909564	DCA	140	87.712626507174
228.571428571429	233.333333333333	77.2541805974579	0	77.2541805974579	DCA	0	77.2541805974579
242.857142857143	233.333333333333	77.4823069995633	0	77.4823069995633	DCA	210	82.2997033286103
257.142857142857	233.333333333333	80.9017961438917	0	80.9017961438917	DCA	0	80.9017961438917
271.428571428571	233.333333333333	84.9139033290812	0	84.9139033290812	DCA	210	89.7312996581283
285.714285714286	233.333333333333	84.593982319129	0	84.593982319129	DCA	0	84.593982319129
300	233.333333333333	85.5402129856035	0	85.5402129856035	DCA	0	85.5402129856035
314.285714285714	233.333333333333	83.6269789919659	0	83.6269789919659	DCA	210	88.4443753210129
328.571428571429	233.333333333333	82.1615531775992	0	82.1615531775992	DCA	0	82.1615531775992
342.857142857143	233.333333333333	82.9637346283328	0	82.9637346283328	DCA	280	80.2205230066897
357.142857142857	233.333333333333	81.786303900095	0	81.786303900095	DCA	0	81.786303900095
371.428571428571	233.333333333333	82.2432152985787	0	82.2432152985787	DCA	280	79.5000036769357
385.714285714286	233.333333333333	79.7485324409402	0	79.7485324409402	DCA	280	77.0053208192971
400	233.333333333333	82.5965404181226	0	82.5965404181226	DCA	0	82.5965404181226
414.285714285714	233.333333333333	84.4425570004506	0	84.4425570004506	DCA	0	84.4425570004506
428.571428571429	233.333333333333	84.5509307092801	0	84.5509307092801	DCA	280	81.8077190876371
442.857142857143	233.333333333333	87.560829523758	0	87.560829523758	DCA	210	92.3782258528051
457.142857142857	233.333333333333	86.5509749995914	0	86.5509749995914	DCA	140	94.345775915809
471.428571428571	233.333333333333	82.0030563910326	0	82.0030563910326	DCA	280	79.2598447693896
485.714285714286	233.333333333333	79.689719851433	0	79.689719851433	DCA	70	85.8787219913016
500	233.333333333333	82.8807493700139	0	82.8807493700139	DCA	280	80.1375377483708
514.285714285714	233.333333333333	81.2109854441763	24.6	105.810985444176	DCA	210	128.192781773223
528.571428571429	233.333333333333	79.8191790998682	24.6	104.419179099868	DCA	280	125.095167478225
542.857142857143	233.333333333333	80.3140733448604	24.6	104.91407334486	DCA	70	116.957875484729
557.142857142857	233.333333333333	80.0599103135343	24.6	104.659910313534	DCA	280	125.335898691891
571.428571428571	233.333333333333	82.9727287373003	24.6	107.5727287373	DCA	210	129.954525066347
585.714285714286	233.333333333333	81.2057841082433	24.6	105.805784108243	DCA	140	125.310185024461
600	233.333333333333	83.2187521878299	24.6	107.81875218783	DCA	70	119.862554327698
614.285714285714	233.333333333333	85.380226807633	24.6	109.980226807633	DCA	70	122.024028947502
628.571428571429	233.333333333333	79.018403585433	24.6	103.618403585433	DCA	70	115.662205725302
642.857142857143	233.333333333333	80.5637228503693	24.6	105.163722850369	DCA	0	105.163722850369
657.142857142857	233.333333333333	82.9491647495519	24.6	107.549164749552	DCA	0	107.549164749552
671.428571428571	233.333333333333	81.1848802781812	24.6	105.784880278181	DCA	210	128.166676607228
685.714285714286	233.333333333333	82.8641629356425	24.6	107.464162935643	DCA	0	107.464162935643
700	233.333333333333	86.387049101051	24.6	110.987049101051	DCA	0	110.987049101051
714.285714285714	233.333333333333	79.13066263824	24.6	103.73066263824	DCA	210	126.112458967287
728.571428571429	233.333333333333	81.9006530491716	24.6	106.500653049172	DCA	210	128.882449378219
742.857142857143	233.333333333333	81.0460737949963	24.6	105.646073794996	DCA	140	125.150474711214
757.142857142857	233.333333333333	77.9760297618103	24.6	102.57602976181	DCA	210	124.957826090857
771.428571428571	233.333333333333	84.4674804656882	24.6	109.067480465688	DCA	140	128.571881381906
785.714285714286	233.333333333333	81.4306740923189	24.6	106.030674092319	DCA	280	126.706662470676
800	233.333333333333	80.9872009399849	24.6	105.587200939985	DCA	280	126.263189318342
814.285714285714	233.333333333333	80.1071021451577	24.6	104.707102145158	DCA	0	104.707102145158
828.571428571429	233.333333333333	79.3577262144913	24.6	103.957726214491	DCA	210	126.339522543538
842.857142857143	233.333333333333	83.2885190331993	24.6	107.888519033199	DCA	70	119.932321173068
857.142857142857	233.333333333333	79.0835280621104	24.6	103.68352806211	DCA	0	103.68352806211
871.428571428571	233.333333333333	81.4970154836606	24.6	106.097015483661	DCA	0	106.097015483661
885.714285714286	233.333333333333	85.4618655061491	24.6	110.061865506149	DCA	280	130.737853884506
900	233.333333333333	83.2297914259131	24.6	107.829791425913	DCA	70	119.873593565782
914.285714285714	233.333333333333	81.8004009016281	24.6	106.400400901628	DCA	210	128.782197230675
928.571428571429	233.333333333333	79.6757591985821	24.6	104.275759198582	DCA	210	126.657555527629
942.857142857143	233.333333333333	79.4483949803016	24.6	104.048394980302	DCA	0	104.048394980302
957.142857142857	233.333333333333	77.6915839399029	24.6	102.291583939903	DCA	0	102.291583939903
971.428571428571	233.333333333333	78.0301800636524	24.6	102.630180063652	DCA	0	102.630180063652
985.714285714286	233.333333333333	79.3636361081799	24.6	103.96363610818	DCA	140	123.468037024398
1000	233.333333333333	79.888703632786	24.6	104.488703632786	DCA	280	125.164692011143
0	266.666666666667	78.4314111242099	0	78.4314111242099	DCA	140	86.2262120404275
14.2857142857143	266.666666666667	78.5671281425002	0	78.5671281425002	DCA	140	86.3619290587178
28.5714285714286	266.666666666667	81.7644061335817	0	81.7644061335817	DCA	210	86.5818024626288
42.8571428571429	266.666666666667	82.1651172863305	0	82.1651172863305	DCA	280	79.4219056646874
57.1428571428571	266.666666666667	77.1418916314951	0	77.1418916314951	DCA	140	84.9366925477127
71.4285714285714	266.666666666667	76.3848719696577	0	76.3848719696577	DCA	210	81.2022682987048
85.7142857142857	266.666666666667	72.9340445094234	0	72.9340445094234	DCA	280	70.1908328877803
100	266.666666666667	75.6014847213078	0	75.6014847213078	DCA	0	75.6014847213078
114.285714285714	266.666666666667	76.8033950246927	0	76.8033950246927	DCA	140	84.5981959409103
128.571428571429	266.666666666667	78.9915716859834	0	78.9915716859834	DCA	210	83.8089680150304
142.857142857143	266.666666666667	78.4945052677476	0	78.4945052677476	DCA	70	84.6835074076162
157.142857142857	266.666666666667	83.0668927232852	0	83.0668927232852	DCA	280	80.3236811016421
171.428571428571	266.666666666667	83.5286686282436	0	83.5286686282436	DCA	280	80.7854570066005
185.714285714286	266.666666666667	80.1797633052504	0	80.1797633052504	DCA	70	86.368765445119
200	266.666666666667	79.3397073411673	0	79.3397073411673	DCA	70	85.5287094810359
214.285714285714	266.666666666667	77.5945307005004	0	77.5945307005004	DCA	280	74.8513190788573
228.571428571429	266.666666666667	81.1587536425534	0	81.1587536425534	DCA	70	87.347755782422
242.857142857143	266.666666666667	82.645084178079	0	82.645084178079	DCA	280	79.901872556436
257.142857142857	266.666666666667	84.4061815087528	0	84.4061815087528	DCA	140	92.2009824249704
271.428571428571	266.666666666667	83.0701056512928	0	83.0701056512928	DCA	210	87.8875019803399
285.714285714286	266.666666666667	82.4856078815275	0	82.4856078815275	DCA	210	87.3030042105745
300	266.666666666667	80.3286291411418	0	80.3286291411418	DCA	70	86.5176312810104
314.285714285714	266.666666666667	83.5375039828855	0	83.5375039828855	DCA	140	91.3323048991031
328.571428571429	266.666666666667	84.866874422087	0	84.866874422087	DCA	0	84.866874422087
342.857142857143	266.666666666667	84.5813172542621	0	84.5813172542621	DCA	210	89.3987135833091
357.142857142857	266.666666666667	81.8276118665303	0	81.8276118665303	DCA	0	81.8276118665303
371.428571428571	266.666666666667	78.5646875661991	0	78.5646875661991	DCA	0	78.5646875661991
385.714285714286	266.666666666667	79.0665678045082	0	79.0665678045082	DCA	210	83.8839641335553
400	266.666666666667	78.6995920490796	0	78.6995920490796	DCA	70	84.8885941889482
414.285714285714	266.666666666667	84.1234075787636	0	84.1234075787636	DCA	70	90.3124097186322
428.571428571429	266.666666666667	82.30748683632	0	82.30748683632	DCA	280	79.5642752146769
442.857142857143	266.666666666667	81.2298131955948	0	81.2298131955948	DCA	280	78.4866015739518
457.142857142857	266.666666666667	81.3404072450364	0	81.3404072450364	DCA	140	89.135208161254
471.428571428571	266.666666666667	80.685342368986	0	80.685342368986	DCA	70	86.8743445088546
485.714285714286	266.666666666667	82.3062661086914	0	82.3062661086914	DCA	280	79.5630544870484
500	266.666666666667	81.3237533035033	0	81.3237533035033	DCA	210	86.1411496325503
514.285714285714	266.666666666667	83.2280500628079	24.6	107.828050062808	DCA	70	119.871852202676
528.571428571429	266.666666666667	77.4541009765457	24.6	102.054100976546	DCA	210	124.435897305593
542.857142857143	266.666666666667	82.2331343933013	24.6	106.833134393301	DCA	280	127.509122771658
557.142857142857	266.666666666667	80.2206034787835	24.6	104.820603478783	DCA	0	104.820603478783
571.428571428571	266.666666666667	81.8280486566434	24.6	106.428048656643	DCA	0	106.428048656643
585.714285714286	266.666666666667	82.0257529892069	24.6	106.625752989207	DCA	0	106.625752989207
600	266.666666666667	83.8031151692707	24.6	108.403115169271	DCA	70	120.446917309139
614.285714285714	266.666666666667	83.4030408645392	24.6	108.003040864539	DCA	140	127.507441780757
628.571428571429	266.666666666667	80.7640031932981	24.6	105.364003193298	DCA	0	105.364003193298
642.857142857143	266.666666666667	79.6514538589388	24.6	104.251453858939	DCA	140	123.755854775156
657.142857142857	266.666666666667	82.8452156614062	24.6	107.445215661406	DCA	140	126.949616577624
671.428571428571	266.666666666667	84.8487764059323	24.6	109.448776405932	DCA	210	131.830572734979
685.714285714286	266.666666666667	82.4612153151829	24.6	107.061215315183	DCA	140	126.5656162314
700	266.666666666667	81.2329900844675	24.6	105.832990084467	DCA	70	117.876792224336
714.285714285714	266.666666666667	80.9132177861998	24.6	105.5132177862	DCA	70	117.557019926068
728.571428571429	266.666666666667	81.2224735339504	24.6	105.82247353395	DCA	70	117.866275673819
742.857142857143	266.666666666667	79.2834458023673	24.6	103.883445802367	DCA	70	115.927247942236
757.142857142857	266.666666666667	79.9246832228118	24.6	104.524683222812	DCA	70	116.56848536268
771.428571428571	266.666666666667	80.3149698305611	24.6	104.914969830561	DCA	140	124.419370746779
785.714285714286	266.666666666667	83.4761500826606	24.6	108.076150082661	DCA	280	128.752138461018
800	266.666666666667	80.4493740175517	24.6	105.049374017552	DCA	70	117.09317615742
814.285714285714	266.666666666667	80.5988319654218	24.6	105.198831965422	DCA	0	105.198831965422
828.571428571429	266.666666666667	83.805415810179	24.6	108.405415810179	DCA	140	127.909816726397
842.857142857143	266.666666666667	84.1933996505866	24.6	108.793399650587	DCA	0	108.793399650587
857.142857142857	266.666666666667	82.6713521857763	24.6	107.271352185776	DCA	0	107.271352185776
871.428571428571	266.666666666667	83.940987116122	24.6	108.540987116122	DCA	140	128.04538803234
885.714285714286	266.666666666667	82.7894882666349	24.6	107.389488266635	DCA	140	126.893889182853
900	266.666666666667	80.3778402529398	24.6	104.97784025294	DCA	140	124.482241169157
914.285714285714	266.666666666667	82.1556435090448	24.6	106.755643509045	DCA	210	129.137439838092
928.571428571429	266.666666666667	82.2121196415117	24.6	106.812119641512	DCA	70	118.85592178138
942.857142857143	266.666666666667	83.3027657154086	24.6	107.902765715409	DCA	140	127.407166631626
957.142857142857	266.666666666667	81.7996826730548	24.6	106.399682673055	DCA	140	125.904083589272
971.428571428571	266.666666666667	81.3594121257311	24.6	105.959412125731	DCA	280	126.635400504088
985.714285714286	266.666666666667	82.1631309023642	24.6	106.763130902364	DCA	140	126.267531818582
1000	266.666666666667	82.33111785441	24.6	106.93111785441	DCA	0	106.93111785441
0	300	76.4785745571617	0	76.4785745571617	DCA	70	82.6675766970303
14.2857142857143	300	78.221425087464	0	78.221425087464	DCA	0	78.221425087464
28.5714285714286	300	78.294576254086	0	78.294576254086	DCA	0	78.294576254086
42.8571428571429	300	79.2258940271442	0	79.2258940271442	DCA	280	76.4826824055011
57.1428571428571	300	78.3108869827172	0	78.3108869827172	DCA	70	84.4998891225858
71.4285714285714	300	80.5588514597047	0	80.5588514597047	DCA	0	80.5588514597047
85.7142857142857	300	80.8499814995162	0	80.8499814995162	DCA	70	87.0389836393848
100	300	80.3933270858293	0	80.3933270858293	DCA	210	85.2107234148763
114.285714285714	300	81.0189137073363	0	81.0189137073363	DCA	70	87.2079158472049
128.571428571429	300	82.0911393455099	0	82.0911393455099	DCA	0	82.0911393455099
142.857142857143	300	87.9278508784439	0	87.9278508784439	DCA	210	92.745247207491
157.142857142857	300	84.7000693397053	0	84.7000693397053	DCA	280	81.9568577180622
171.428571428571	300	83.7662668960511	0	83.7662668960511	DCA	70	89.9552690359197
185.714285714286	300	86.5695203034237	0	86.5695203034237	DCA	0	86.5695203034237
200	300	84.1840447796958	0	84.1840447796958	DCA	0	84.1840447796958
214.285714285714	300	81.1651769025686	0	81.1651769025686	DCA	210	85.9825732316157
228.571428571429	300	82.1388449681976	0	82.1388449681976	DCA	0	82.1388449681976
242.857142857143	300	81.7666243771389	0	81.7666243771389	DCA	0	81.7666243771389
257.142857142857	300	82.065575322826	0	82.065575322826	DCA	140	89.8603762390437
271.428571428571	300	80.2764938767326	0	80.2764938767326	DCA	0	80.2764938767326
285.714285714286	300	78.2414569577223	0	78.2414569577223	DCA	0	78.2414569577223
300	300	75.8809285892734	0	75.8809285892734	DCA	140	83.675729505491
314.285714285714	300	81.8250760638276	0	81.8250760638276	DCA	0	81.8250760638276
328.571428571429	300	81.2901899714044	0	81.2901899714044	DCA	0	81.2901899714044
342.857142857143	300	80.5701309551042	0	80.5701309551042	DCA	140	88.3649318713218
357.142857142857	300	76.8505226234072	0	76.8505226234072	DCA	0	76.8505226234072
371.428571428571	300	80.7290335482913	0	80.7290335482913	DCA	0	80.7290335482913
385.714285714286	300	80.4139089326513	0	80.4139089326513	DCA	0	80.4139089326513
400	300	79.2713391420482	0	79.2713391420482	DCA	140	87.0661400582658
414.285714285714	300	77.0578146186532	0	77.0578146186532	DCA	140	84.8526155348708
428.571428571429	300	80.2865161789872	0	80.2865161789872	DCA	70	86.4755183188558
442.857142857143	300	77.955191082224	0	77.955191082224	DCA	70	84.1441932220926
457.142857142857	300	76.6563843102503	0	76.6563843102503	DCA	0	76.6563843102503
471.428571428571	300	78.35842093091	0	78.35842093091	DCA	0	78.35842093091
485.714285714286	300	77.8380214605725	0	77.8380214605725	DCA	210	82.6554177896196
500	300	81.5477505428539	0	81.5477505428539	DCA	70	87.7367526827225
514.285714285714	300	77.142082630161	24.6	101.742082630161	DCA	140	121.246483546379
528.571428571429	300	78.3786294752715	24.6	102.978629475271	DCA	0	102.978629475271
542.857142857143	300	79.7587269344988	24.6	104.358726934499	DCA	280	125.034715312856
557.142857142857	300	80.758080688569	24.6	105.358080688569	DCA	70	117.401882828438
571.428571428571	300	82.2098809542278	24.6	106.809880954228	DCA	280	127.485869332585
585.714285714286	300	82.7953962491503	24.6	107.39539624915	DCA	140	126.899797165368
600	300	83.142380924993	24.6	107.742380924993	DCA	210	130.12417725404
614.285714285714	300	85.2694956994627	24.6	109.869495699463	DCA	70	121.913297839331
628.571428571429	300	82.3873838649892	24.6	106.987383864989	DCA	70	119.031186004858
642.857142857143	300	80.0797797819683	24.6	104.679779781968	DCA	280	125.355768160325
657.142857142857	300	80.7066406675007	24.6	105.306640667501	DCA	0	105.306640667501
671.428571428571	300	81.5622589990931	24.6	106.162258999093	DCA	0	106.162258999093
685.714285714286	300	82.0950628602637	24.6	106.695062860264	DCA	210	129.076859189311
700	300	82.6267544745871	24.6	107.226754474587	DCA	210	129.608550803634
714.285714285714	300	79.3832053885761	24.6	103.983205388576	DCA	210	126.365001717623
728.571428571429	300	78.6569565778499	24.6	103.25695657785	DCA	140	122.761357494068
742.857142857143	300	77.9581149022407	24.6	102.558114902241	DCA	70	114.601917042109
757.142857142857	300	75.4126331199017	24.6	100.012633119902	DCA	70	112.05643525977
771.428571428571	300	74.8807894109437	24.6	99.4807894109437	DCA	280	120.156777789301
785.714285714286	300	75.6630682414287	24.6	100.263068241429	DCA	140	119.767469157646
800	300	81.4891781238503	24.6	106.08917812385	DCA	210	128.470974452897
814.285714285714	300	84.6574471517167	24.6	109.257447151717	DCA	210	131.639243480764
828.571428571429	300	86.1729655317272	24.6	110.772965531727	DCA	140	130.277366447945
842.857142857143	300	86.252939742686	24.6	110.852939742686	DCA	0	110.852939742686
857.142857142857	300	84.8957881833303	24.6	109.49578818333	DCA	280	130.171776561687
871.428571428571	300	85.483166683796	24.6	110.083166683796	DCA	140	129.587567600014
885.714285714286	300	84.1420969291348	24.6	108.742096929135	DCA	0	108.742096929135
900	300	85.573582664405	24.6	110.173582664405	DCA	210	132.555378993452
914.285714285714	300	82.0724751279038	24.6	106.672475127904	DCA	280	127.348463506261
928.571428571429	300	83.2290864659105	24.6	107.82908646591	DCA	70	119.872888605779
942.857142857143	300	86.4944855803798	24.6	111.09448558038	DCA	210	133.476281909427
957.142857142857	300	86.830238050141	24.6	111.430238050141	DCA	280	132.106226428498
971.428571428571	300	86.7990430128705	24.6	111.39904301287	DCA	210	133.780839341918
985.714285714286	300	83.0760870562095	24.6	107.67608705621	DCA	280	128.352075434566
1000	300	81.7861802194481	24.6	106.386180219448	DCA	140	125.890581135666
