x	y	variable1	Zona	ErrorConEfecto	Disenio	AsigTrat	MiRto
0	0	77.6576267797978	0	77.6576267797978	DCA	210	79.6376026423358
14.2857142857143	0	79.0494835810762	0	79.0494835810762	DCA	70	85.1896096856362
28.5714285714286	0	82.6496367377762	0	82.6496367377762	DCA	0	82.6496367377762
42.8571428571429	0	76.983650558995	0	76.983650558995	DCA	210	78.963626421533
57.1428571428571	0	79.5840697139877	0	79.5840697139877	DCA	210	81.5640455765257
71.4285714285714	0	77.5666793706134	0	77.5666793706134	DCA	140	84.3667974293527
85.7142857142857	0	78.8655459564398	0	78.8655459564398	DCA	210	80.8455218189778
100	0	82.2593167031998	0	82.2593167031998	DCA	0	82.2593167031998
114.285714285714	0	82.2029028640642	0	82.2029028640642	DCA	0	82.2029028640642
128.571428571429	0	81.5926698923499	0	81.5926698923499	DCA	70	87.7327959969098
142.857142857143	0	83.6178461089357	0	83.6178461089357	DCA	0	83.6178461089357
157.142857142857	0	85.0818222744485	0	85.0818222744485	DCA	140	91.8819403331878
171.428571428571	0	80.8703069908598	0	80.8703069908598	DCA	280	72.5500065068159
185.714285714286	0	82.7351863447951	0	82.7351863447951	DCA	280	74.4148858607513
200	0	82.5445175668486	0	82.5445175668486	DCA	210	84.5244934293866
214.285714285714	0	85.2442268570148	0	85.2442268570148	DCA	0	85.2442268570148
228.571428571429	0	80.6555033124018	0	80.6555033124018	DCA	140	87.4556213711411
242.857142857143	0	77.9164260295507	0	77.9164260295507	DCA	70	84.0565521341107
257.142857142857	0	85.6649053586952	0	85.6649053586952	DCA	140	92.4650234174345
271.428571428571	0	83.178401142203	0	83.178401142203	DCA	0	83.178401142203
285.714285714286	0	81.7564359796634	0	81.7564359796634	DCA	70	87.8965620842234
300	0	80.575430153079	0	80.575430153079	DCA	0	80.575430153079
314.285714285714	0	81.9863818100914	0	81.9863818100914	DCA	70	88.1265079146513
328.571428571429	0	79.5542901025495	0	79.5542901025495	DCA	210	81.5342659650875
342.857142857143	0	75.5991704042003	0	75.5991704042003	DCA	210	77.5791462667383
357.142857142857	0	79.0949124515918	0	79.0949124515918	DCA	210	81.0748883141299
371.428571428571	0	77.0744892131819	0	77.0744892131819	DCA	0	77.0744892131819
385.714285714286	0	79.2636604670501	0	79.2636604670501	DCA	210	81.2436363295882
400	0	80.5325377340353	0	80.5325377340353	DCA	70	86.6726638385953
414.285714285714	0	80.0067481780847	0	80.0067481780847	DCA	140	86.806866236824
428.571428571429	0	83.605003137264	0	83.605003137264	DCA	70	89.7451292418239
442.857142857143	0	78.3660051410599	0	78.3660051410599	DCA	0	78.3660051410599
457.142857142857	0	81.1945645653607	0	81.1945645653607	DCA	70	87.3346906699206
471.428571428571	0	77.5592115868267	0	77.5592115868267	DCA	70	83.6993376913867
485.714285714286	0	77.5045858176092	0	77.5045858176092	DCA	70	83.6447119221692
500	0	78.4378938183366	0	78.4378938183366	DCA	140	85.2380118770759
514.285714285714	0	81.0933573276295	24.6	105.69335732763	DCA	210	125.237733190168
528.571428571429	0	83.276930572426	24.6	107.876930572426	DCA	210	127.421306434964
542.857142857143	0	83.3906517609427	24.6	107.990651760943	DCA	140	126.500369819682
557.142857142857	0	80.6508246132329	24.6	105.250824613233	DCA	280	120.349724129189
571.428571428571	0	81.1504302533172	24.6	105.750430253317	DCA	0	105.750430253317
585.714285714286	0	78.9706147730448	24.6	103.570614773045	DCA	140	122.080332831784
600	0	76.5997574646578	24.6	101.199757464658	DCA	70	113.194683569218
614.285714285714	0	77.8794918656127	24.6	102.479491865613	DCA	280	117.578391381569
628.571428571429	0	79.4962247840648	24.6	104.096224784065	DCA	0	104.096224784065
642.857142857143	0	79.9222682762731	24.6	104.522268276273	DCA	210	124.066644138811
657.142857142857	0	81.4230736133916	24.6	106.023073613392	DCA	70	118.017999717952
671.428571428571	0	82.5328111200006	24.6	107.132811120001	DCA	70	119.127737224561
685.714285714286	0	83.8372616146066	24.6	108.437261614607	DCA	280	123.536161130563
700	0	82.6220606491764	24.6	107.222060649176	DCA	210	126.766436511714
714.285714285714	0	78.6374112034949	24.6	103.237411203495	DCA	140	121.747129262234
728.571428571429	0	83.9772676856685	24.6	108.577267685669	DCA	210	128.121643548207
742.857142857143	0	80.5609126544475	24.6	105.160912654447	DCA	0	105.160912654447
757.142857142857	0	76.110786537384	24.6	100.710786537384	DCA	140	119.220504596123
771.428571428571	0	80.8006962635955	24.6	105.400696263596	DCA	140	123.910414322335
785.714285714286	0	77.5249755696318	24.6	102.124975569632	DCA	210	121.66935143217
800	0	80.2648881634274	24.6	104.864888163427	DCA	70	116.859814267987
814.285714285714	0	81.4750856502714	24.6	106.075085650271	DCA	140	124.584803709011
828.571428571429	0	82.3549682887851	24.6	106.954968288785	DCA	280	122.053867804741
842.857142857143	0	76.6506867790954	24.6	101.250686779095	DCA	210	120.795062641633
857.142857142857	0	76.0010409967235	24.6	100.601040996723	DCA	0	100.601040996723
871.428571428571	0	81.1993123713482	24.6	105.799312371348	DCA	70	117.794238475908
885.714285714286	0	75.1599043494605	24.6	99.7599043494605	DCA	0	99.7599043494605
900	0	80.3577621776863	24.6	104.957762177686	DCA	280	120.056661693642
914.285714285714	0	78.5206314167821	24.6	103.120631416782	DCA	210	122.66500727932
928.571428571429	0	78.5719251345816	24.6	103.171925134582	DCA	210	122.71630099712
942.857142857143	0	75.9053220475667	24.6	100.505322047567	DCA	210	120.049697910105
957.142857142857	0	78.7045923479577	24.6	103.304592347958	DCA	210	122.848968210496
971.428571428571	0	79.780585495557	24.6	104.380585495557	DCA	210	123.924961358095
985.714285714286	0	80.9217403943894	24.6	105.521740394389	DCA	140	124.031458453129
1000	0	81.2226536512709	24.6	105.822653651271	DCA	210	125.367029513809
0	33.3333333333333	76.6368363100197	0	76.6368363100197	DCA	210	78.6168121725577
14.2857142857143	33.3333333333333	79.9882132642554	0	79.9882132642554	DCA	70	86.1283393688154
28.5714285714286	33.3333333333333	80.5365939830075	0	80.5365939830075	DCA	140	87.3367120417468
42.8571428571429	33.3333333333333	81.4820158024769	0	81.4820158024769	DCA	70	87.6221419070369
57.1428571428571	33.3333333333333	80.004102058494	0	80.004102058494	DCA	140	86.8042201172333
71.4285714285714	33.3333333333333	79.202045632794	0	79.202045632794	DCA	0	79.202045632794
85.7142857142857	33.3333333333333	80.7828565960859	0	80.7828565960859	DCA	70	86.9229827006458
100	33.3333333333333	82.7649105880654	0	82.7649105880654	DCA	70	88.9050366926254
114.285714285714	33.3333333333333	85.6042976734354	0	85.6042976734354	DCA	70	91.7444237779954
128.571428571429	33.3333333333333	83.5783882331547	0	83.5783882331547	DCA	280	75.2580877491109
142.857142857143	33.3333333333333	81.0635643579118	0	81.0635643579118	DCA	210	83.0435402204499
157.142857142857	33.3333333333333	82.1052703258316	0	82.1052703258316	DCA	0	82.1052703258316
171.428571428571	33.3333333333333	80.8691720304058	0	80.8691720304058	DCA	210	82.8491478929439
185.714285714286	33.3333333333333	79.9392943759397	0	79.9392943759397	DCA	70	86.0794204804996
200	33.3333333333333	81.7810650332891	0	81.7810650332891	DCA	140	88.5811830920284
214.285714285714	33.3333333333333	83.9870470102211	0	83.9870470102211	DCA	280	75.6667465261773
228.571428571429	33.3333333333333	87.7587805987379	0	87.7587805987379	DCA	0	87.7587805987379
242.857142857143	33.3333333333333	81.9529040974802	0	81.9529040974802	DCA	0	81.9529040974802
257.142857142857	33.3333333333333	85.2247769895011	0	85.2247769895011	DCA	210	87.2047528520391
271.428571428571	33.3333333333333	81.2607979373298	0	81.2607979373298	DCA	0	81.2607979373298
285.714285714286	33.3333333333333	83.0925833043796	0	83.0925833043796	DCA	280	74.7722828203357
300	33.3333333333333	78.9093669809485	0	78.9093669809485	DCA	280	70.5890664969046
314.285714285714	33.3333333333333	81.2066218866385	0	81.2066218866385	DCA	70	87.3467479911985
328.571428571429	33.3333333333333	84.1949379827205	0	84.1949379827205	DCA	0	84.1949379827205
342.857142857143	33.3333333333333	80.3046959007848	0	80.3046959007848	DCA	70	86.4448220053447
357.142857142857	33.3333333333333	81.3929320387349	0	81.3929320387349	DCA	70	87.5330581432948
371.428571428571	33.3333333333333	79.5540521717923	0	79.5540521717923	DCA	140	86.3541702305315
385.714285714286	33.3333333333333	83.2935328054096	0	83.2935328054096	DCA	140	90.0936508641489
400	33.3333333333333	82.0133400076395	0	82.0133400076395	DCA	280	73.6930395235956
414.285714285714	33.3333333333333	81.1638598605687	0	81.1638598605687	DCA	0	81.1638598605687
428.571428571429	33.3333333333333	79.0816204008958	0	79.0816204008958	DCA	0	79.0816204008958
442.857142857143	33.3333333333333	82.9357424154959	0	82.9357424154959	DCA	70	89.0758685200558
457.142857142857	33.3333333333333	78.9580823503128	0	78.9580823503128	DCA	70	85.0982084548727
471.428571428571	33.3333333333333	79.9953255207165	0	79.9953255207165	DCA	70	86.1354516252765
485.714285714286	33.3333333333333	77.8853918204214	0	77.8853918204214	DCA	0	77.8853918204214
500	33.3333333333333	79.4024456423556	0	79.4024456423556	DCA	0	79.4024456423556
514.285714285714	33.3333333333333	78.4428237963536	24.6	103.042823796354	DCA	210	122.587199658892
528.571428571429	33.3333333333333	82.6841518295188	24.6	107.284151829519	DCA	70	119.279077934079
542.857142857143	33.3333333333333	80.9578819461819	24.6	105.557881946182	DCA	280	120.656781462138
557.142857142857	33.3333333333333	79.2007331270853	24.6	103.800733127085	DCA	140	122.310451185825
571.428571428571	33.3333333333333	78.3763610344205	24.6	102.97636103442	DCA	140	121.48607909316
585.714285714286	33.3333333333333	79.1910129159512	24.6	103.791012915951	DCA	280	118.889912431907
600	33.3333333333333	82.5166077508094	24.6	107.116607750809	DCA	70	119.111533855369
614.285714285714	33.3333333333333	77.8137411504976	24.6	102.413741150498	DCA	210	121.958117013036
628.571428571429	33.3333333333333	77.2326213118328	24.6	101.832621311833	DCA	140	120.342339370572
642.857142857143	33.3333333333333	76.9118608481025	24.6	101.511860848103	DCA	280	116.610760364059
657.142857142857	33.3333333333333	76.2215115462739	24.6	100.821511546274	DCA	140	119.331229605013
671.428571428571	33.3333333333333	78.3997942113323	24.6	102.999794211332	DCA	280	118.098693727288
685.714285714286	33.3333333333333	76.6782372911543	24.6	101.278237291154	DCA	210	120.822613153692
700	33.3333333333333	73.8946315298374	24.6	98.4946315298374	DCA	210	118.039007392375
714.285714285714	33.3333333333333	76.9620040622175	24.6	101.562004062217	DCA	140	120.071722120957
728.571428571429	33.3333333333333	77.4034691055149	24.6	102.003469105515	DCA	140	120.513187164254
742.857142857143	33.3333333333333	75.7206056108501	24.6	100.32060561085	DCA	140	118.830323669589
757.142857142857	33.3333333333333	77.324798290294	24.6	101.924798290294	DCA	0	101.924798290294
771.428571428571	33.3333333333333	79.3454240227726	24.6	103.945424022773	DCA	0	103.945424022773
785.714285714286	33.3333333333333	76.6020591541871	24.6	101.202059154187	DCA	210	120.746435016725
800	33.3333333333333	77.4018722430994	24.6	102.001872243099	DCA	70	113.996798347659
814.285714285714	33.3333333333333	78.7920465650524	24.6	103.392046565052	DCA	0	103.392046565052
828.571428571429	33.3333333333333	79.4712301817963	24.6	104.071230181796	DCA	210	123.615606044334
842.857142857143	33.3333333333333	81.8803869328637	24.6	106.480386932864	DCA	70	118.475313037424
857.142857142857	33.3333333333333	79.6687247716119	24.6	104.268724771612	DCA	210	123.81310063415
871.428571428571	33.3333333333333	76.2747265502986	24.6	100.874726550299	DCA	0	100.874726550299
885.714285714286	33.3333333333333	75.9812315171946	24.6	100.581231517195	DCA	0	100.581231517195
900	33.3333333333333	79.7390047383784	24.6	104.339004738378	DCA	0	104.339004738378
914.285714285714	33.3333333333333	81.9565425794478	24.6	106.556542579448	DCA	70	118.551468684008
928.571428571429	33.3333333333333	81.1641586292542	24.6	105.764158629254	DCA	0	105.764158629254
942.857142857143	33.3333333333333	80.4697827873698	24.6	105.06978278737	DCA	70	117.06470889193
957.142857142857	33.3333333333333	80.679303307257	24.6	105.279303307257	DCA	70	117.274229411817
971.428571428571	33.3333333333333	80.848137025617	24.6	105.448137025617	DCA	140	123.957855084356
985.714285714286	33.3333333333333	84.6001313771365	24.6	109.200131377136	DCA	210	128.744507239675
1000	33.3333333333333	81.3689907265321	24.6	105.968990726532	DCA	280	121.067890242488
0	66.6666666666667	77.7918905934746	0	77.7918905934746	DCA	210	79.7718664560126
14.2857142857143	66.6666666666667	78.3697992144502	0	78.3697992144502	DCA	140	85.1699172731895
28.5714285714286	66.6666666666667	77.1603882269518	0	77.1603882269518	DCA	70	83.3005143315118
42.8571428571429	66.6666666666667	78.4371732968126	0	78.4371732968126	DCA	140	85.2372913555518
57.1428571428571	66.6666666666667	78.9052474248336	0	78.9052474248336	DCA	210	80.8852232873716
71.4285714285714	66.6666666666667	83.1638655710939	0	83.1638655710939	DCA	140	89.9639836298332
85.7142857142857	66.6666666666667	84.1472583486428	0	84.1472583486428	DCA	140	90.9473764073821
100	66.6666666666667	81.6599079911751	0	81.6599079911751	DCA	210	83.6398838537131
114.285714285714	66.6666666666667	79.6085877145368	0	79.6085877145368	DCA	140	86.4087057732761
128.571428571429	66.6666666666667	83.0765985625546	0	83.0765985625546	DCA	210	85.0565744250926
142.857142857143	66.6666666666667	83.7384228307508	0	83.7384228307508	DCA	0	83.7384228307508
157.142857142857	66.6666666666667	79.5676197191935	0	79.5676197191935	DCA	280	71.2473192351497
171.428571428571	66.6666666666667	78.6431953043729	0	78.6431953043729	DCA	280	70.3228948203291
185.714285714286	66.6666666666667	80.1333001769492	0	80.1333001769492	DCA	140	86.9334182356885
200	66.6666666666667	84.0206485610167	0	84.0206485610167	DCA	280	75.7003480769728
214.285714285714	66.6666666666667	81.4173174725922	0	81.4173174725922	DCA	140	88.2174355313314
228.571428571429	66.6666666666667	80.0286766467742	0	80.0286766467742	DCA	210	82.0086525093123
242.857142857143	66.6666666666667	83.331578046131	0	83.331578046131	DCA	140	90.1316961048703
257.142857142857	66.6666666666667	83.5349230973873	0	83.5349230973873	DCA	210	85.5148989599254
271.428571428571	66.6666666666667	85.1267768724719	0	85.1267768724719	DCA	280	76.806476388428
285.714285714286	66.6666666666667	85.4386446635344	0	85.4386446635344	DCA	140	92.2387627222737
300	66.6666666666667	81.7701185955528	0	81.7701185955528	DCA	280	73.449818111509
314.285714285714	66.6666666666667	87.8503479507776	0	87.8503479507776	DCA	70	93.9904740553376
328.571428571429	66.6666666666667	86.6102370039354	0	86.6102370039354	DCA	280	78.2899365198915
342.857142857143	66.6666666666667	87.3590503385591	0	87.3590503385591	DCA	280	79.0387498545152
357.142857142857	66.6666666666667	82.5794492750661	0	82.5794492750661	DCA	140	89.3795673338054
371.428571428571	66.6666666666667	77.8463888039344	0	77.8463888039344	DCA	70	83.9865149084943
385.714285714286	66.6666666666667	81.9764231793219	0	81.9764231793219	DCA	210	83.95639904186
400	66.6666666666667	80.1916995897707	0	80.1916995897707	DCA	0	80.1916995897707
414.285714285714	66.6666666666667	81.2504222659078	0	81.2504222659078	DCA	280	72.930121781864
428.571428571429	66.6666666666667	80.8606948337441	0	80.8606948337441	DCA	210	82.8406706962822
442.857142857143	66.6666666666667	74.8019040596975	0	74.8019040596975	DCA	0	74.8019040596975
457.142857142857	66.6666666666667	78.6963675884751	0	78.6963675884751	DCA	140	85.4964856472144
471.428571428571	66.6666666666667	78.2810957532792	0	78.2810957532792	DCA	0	78.2810957532792
485.714285714286	66.6666666666667	79.7369366435814	0	79.7369366435814	DCA	70	85.8770627481413
500	66.6666666666667	81.5896204165029	0	81.5896204165029	DCA	70	87.7297465210628
514.285714285714	66.6666666666667	80.0650588957437	24.6	104.665058895744	DCA	70	116.659985000304
528.571428571429	66.6666666666667	79.3103610548268	24.6	103.910361054827	DCA	210	123.454736917365
542.857142857143	66.6666666666667	79.5174197280432	24.6	104.117419728043	DCA	0	104.117419728043
557.142857142857	66.6666666666667	79.7893988535121	24.6	104.389398853512	DCA	70	116.384324958072
571.428571428571	66.6666666666667	76.8991006978917	24.6	101.499100697892	DCA	280	116.598000213848
585.714285714286	66.6666666666667	77.3148259182135	24.6	101.914825918213	DCA	140	120.424543976953
600	66.6666666666667	84.2402179343204	24.6	108.84021793432	DCA	70	120.83514403888
614.285714285714	66.6666666666667	83.4481930072026	24.6	108.048193007203	DCA	0	108.048193007203
628.571428571429	66.6666666666667	82.0527219318451	24.6	106.652721931845	DCA	70	118.647648036405
642.857142857143	66.6666666666667	81.0682965994718	24.6	105.668296599472	DCA	0	105.668296599472
657.142857142857	66.6666666666667	75.0971289053242	24.6	99.6971289053242	DCA	140	118.206846964064
671.428571428571	66.6666666666667	73.8284983452042	24.6	98.4284983452042	DCA	0	98.4284983452042
685.714285714286	66.6666666666667	77.9938947460395	24.6	102.59389474604	DCA	70	114.588820850599
700	66.6666666666667	74.0968679931673	24.6	98.6968679931673	DCA	210	118.241243855705
714.285714285714	66.6666666666667	71.245848508879	24.6	95.845848508879	DCA	70	107.840774613439
728.571428571429	66.6666666666667	73.3505602830813	24.6	97.9505602830813	DCA	0	97.9505602830813
742.857142857143	66.6666666666667	75.7972243095125	24.6	100.397224309513	DCA	280	115.496123825469
757.142857142857	66.6666666666667	74.9873633953447	24.6	99.5873633953447	DCA	140	118.097081454084
771.428571428571	66.6666666666667	73.6707054691159	24.6	98.2707054691159	DCA	280	113.369604985072
785.714285714286	66.6666666666667	76.2401163394721	24.6	100.840116339472	DCA	280	115.939015855428
800	66.6666666666667	78.7747250007512	24.6	103.374725000751	DCA	280	118.473624516707
814.285714285714	66.6666666666667	80.3053268150851	24.6	104.905326815085	DCA	210	124.449702677623
828.571428571429	66.6666666666667	79.8047149570794	24.6	104.404714957079	DCA	280	119.503614473036
842.857142857143	66.6666666666667	78.8059534617406	24.6	103.405953461741	DCA	280	118.504852977697
857.142857142857	66.6666666666667	78.7559457776777	24.6	103.355945777678	DCA	280	118.454845293634
871.428571428571	66.6666666666667	76.6216738779518	24.6	101.221673877952	DCA	0	101.221673877952
885.714285714286	66.6666666666667	75.568940978849	24.6	100.168940978849	DCA	140	118.678659037588
900	66.6666666666667	74.6447041989141	24.6	99.2447041989141	DCA	70	111.239630303474
914.285714285714	66.6666666666667	82.2412514904241	24.6	106.841251490424	DCA	210	126.385627352962
928.571428571429	66.6666666666667	85.8140917944221	24.6	110.414091794422	DCA	70	122.409017898982
942.857142857143	66.6666666666667	79.439307420924	24.6	104.039307420924	DCA	280	119.13820693688
957.142857142857	66.6666666666667	82.9350202046552	24.6	107.535020204655	DCA	140	126.044738263394
971.428571428571	66.6666666666667	82.0068473650757	24.6	106.606847365076	DCA	70	118.601773469636
985.714285714286	66.6666666666667	80.0300692963166	24.6	104.630069296317	DCA	140	123.139787355056
1000	66.6666666666667	79.9669617865879	24.6	104.566961786588	DCA	140	123.076679845327
0	100	77.6794865383742	0	77.6794865383742	DCA	280	69.3591860543303
14.2857142857143	100	83.6491287287515	0	83.6491287287515	DCA	0	83.6491287287515
28.5714285714286	100	79.044481024799	0	79.044481024799	DCA	210	81.024456887337
42.8571428571429	100	74.6390064773098	0	74.6390064773098	DCA	140	81.4391245360491
57.1428571428571	100	72.0328922151589	0	72.0328922151589	DCA	140	78.8330102738982
71.4285714285714	100	79.8876761204324	0	79.8876761204324	DCA	140	86.6877941791717
85.7142857142857	100	80.6274475099509	0	80.6274475099509	DCA	210	82.6074233724889
100	100	82.1070827415203	0	82.1070827415203	DCA	140	88.9072008002595
114.285714285714	100	81.9675750109133	0	81.9675750109133	DCA	210	83.9475508734513
128.571428571429	100	83.7643749031155	0	83.7643749031155	DCA	210	85.7443507656536
142.857142857143	100	82.4003161434419	0	82.4003161434419	DCA	0	82.4003161434419
157.142857142857	100	83.6568380600908	0	83.6568380600908	DCA	280	75.3365375760469
171.428571428571	100	82.6240597526835	0	82.6240597526835	DCA	210	84.6040356152215
185.714285714286	100	81.3658143586663	0	81.3658143586663	DCA	140	88.1659324174055
200	100	82.5279968507735	0	82.5279968507735	DCA	140	89.3281149095128
214.285714285714	100	80.3401694841697	0	80.3401694841697	DCA	280	72.0198690001258
228.571428571429	100	81.2926131790831	0	81.2926131790831	DCA	140	88.0927312378224
242.857142857143	100	82.5495016101072	0	82.5495016101072	DCA	210	84.5294774726453
257.142857142857	100	83.3742805594379	0	83.3742805594379	DCA	140	90.1743986181772
271.428571428571	100	85.1567640645884	0	85.1567640645884	DCA	140	91.9568821233277
285.714285714286	100	86.6634026142395	0	86.6634026142395	DCA	0	86.6634026142395
300	100	84.1248856894446	0	84.1248856894446	DCA	280	75.8045852054007
314.285714285714	100	86.146485536434	0	86.146485536434	DCA	0	86.146485536434
328.571428571429	100	84.1370132771615	0	84.1370132771615	DCA	280	75.8167127931176
342.857142857143	100	85.4488402558421	0	85.4488402558421	DCA	210	87.4288161183802
357.142857142857	100	86.7037912751399	0	86.7037912751399	DCA	70	92.8439173796998
371.428571428571	100	84.9659192093685	0	84.9659192093685	DCA	0	84.9659192093685
385.714285714286	100	79.3287077678015	0	79.3287077678015	DCA	140	86.1288258265408
400	100	79.9253589618688	0	79.9253589618688	DCA	210	81.9053348244068
414.285714285714	100	76.5625378224058	0	76.5625378224058	DCA	210	78.5425136849439
428.571428571429	100	77.7006538049277	0	77.7006538049277	DCA	0	77.7006538049277
442.857142857143	100	78.8637132270878	0	78.8637132270878	DCA	70	85.0038393316477
457.142857142857	100	78.996329680206	0	78.996329680206	DCA	70	85.136455784766
471.428571428571	100	78.0755143308521	0	78.0755143308521	DCA	210	80.0554901933901
485.714285714286	100	79.4739704791285	0	79.4739704791285	DCA	210	81.4539463416665
500	100	80.381080325842	0	80.381080325842	DCA	140	87.1811983845813
514.285714285714	100	81.0415556859894	24.6	105.641555685989	DCA	140	124.151273744729
528.571428571429	100	78.12068552011	24.6	102.72068552011	DCA	210	122.265061382648
542.857142857143	100	77.8530594440511	24.6	102.453059444051	DCA	0	102.453059444051
557.142857142857	100	83.9949506772937	24.6	108.594950677294	DCA	0	108.594950677294
571.428571428571	100	82.3208792988998	24.6	106.9208792989	DCA	70	118.91580540346
585.714285714286	100	80.9571092442551	24.6	105.557109244255	DCA	70	117.552035348815
600	100	83.06361932079	24.6	107.66361932079	DCA	280	122.762518836746
614.285714285714	100	81.6906583176697	24.6	106.29065831767	DCA	210	125.835034180208
628.571428571429	100	76.6306287246001	24.6	101.2306287246	DCA	140	119.740346783339
642.857142857143	100	80.0802017494226	24.6	104.680201749423	DCA	280	119.779101265379
657.142857142857	100	79.0268424173567	24.6	103.626842417357	DCA	210	123.171218279895
671.428571428571	100	78.8055531256056	24.6	103.405553125606	DCA	280	118.504452641562
685.714285714286	100	79.428161203367	24.6	104.028161203367	DCA	70	116.023087307927
700	100	75.2354392488936	24.6	99.8354392488936	DCA	0	99.8354392488936
714.285714285714	100	70.5270426722311	24.6	95.1270426722311	DCA	140	113.63676073097
728.571428571429	100	69.3669599572194	24.6	93.9669599572194	DCA	210	113.511335819757
742.857142857143	100	74.2868363224477	24.6	98.8868363224477	DCA	70	110.881762427008
757.142857142857	100	73.8280361652575	24.6	98.4280361652575	DCA	280	113.526935681214
771.428571428571	100	73.0196146743813	24.6	97.6196146743813	DCA	140	116.129332733121
785.714285714286	100	69.6117914143776	24.6	94.2117914143776	DCA	140	112.721509473117
800	100	75.0962180757096	24.6	99.6962180757096	DCA	280	114.795117591666
814.285714285714	100	76.0643324881274	24.6	100.664332488127	DCA	70	112.659258592687
828.571428571429	100	73.8910210124364	24.6	98.4910210124364	DCA	140	117.000739071176
842.857142857143	100	77.0125751282843	24.6	101.612575128284	DCA	280	116.71147464424
857.142857142857	100	81.3872447397441	24.6	105.987244739744	DCA	140	124.496962798483
871.428571428571	100	80.6907791789485	24.6	105.290779178949	DCA	0	105.290779178949
885.714285714286	100	79.3730293971597	24.6	103.97302939716	DCA	280	119.071928913116
900	100	82.2589964999439	24.6	106.858996499944	DCA	70	118.853922604504
914.285714285714	100	78.6091867492067	24.6	103.209186749207	DCA	140	121.718904807946
928.571428571429	100	79.6814379527259	24.6	104.281437952726	DCA	210	123.825813815264
942.857142857143	100	83.9149856598386	24.6	108.514985659839	DCA	280	123.613885175795
957.142857142857	100	81.0336829715754	24.6	105.633682971575	DCA	140	124.143401030315
971.428571428571	100	82.2894079312524	24.6	106.889407931252	DCA	0	106.889407931252
985.714285714286	100	83.3336331394074	24.6	107.933633139407	DCA	140	126.443351198147
1000	100	79.8004474309492	24.6	104.400447430949	DCA	280	119.499346946905
0	133.333333333333	80.9370778179539	0	80.9370778179539	DCA	0	80.9370778179539
14.2857142857143	133.333333333333	76.8044936799883	0	76.8044936799883	DCA	140	83.6046117387276
28.5714285714286	133.333333333333	79.5861199213505	0	79.5861199213505	DCA	0	79.5861199213505
42.8571428571429	133.333333333333	79.2294050137343	0	79.2294050137343	DCA	210	81.2093808762723
57.1428571428571	133.333333333333	77.8024817544628	0	77.8024817544628	DCA	0	77.8024817544628
71.4285714285714	133.333333333333	82.4568606163275	0	82.4568606163275	DCA	70	88.5969867208875
85.7142857142857	133.333333333333	82.0021310192419	0	82.0021310192419	DCA	280	73.6818305351981
100	133.333333333333	82.7736928130165	0	82.7736928130165	DCA	140	89.5738108717558
114.285714285714	133.333333333333	78.9419229076852	0	78.9419229076852	DCA	280	70.6216224236413
128.571428571429	133.333333333333	80.0631556341916	0	80.0631556341916	DCA	140	86.8632736929309
142.857142857143	133.333333333333	76.9409414519138	0	76.9409414519138	DCA	280	68.6206409678699
157.142857142857	133.333333333333	80.9717641116034	0	80.9717641116034	DCA	210	82.9517399741415
171.428571428571	133.333333333333	81.0591107226132	0	81.0591107226132	DCA	0	81.0591107226132
185.714285714286	133.333333333333	82.2821451155559	0	82.2821451155559	DCA	210	84.2621209780939
200	133.333333333333	80.5863354593713	0	80.5863354593713	DCA	70	86.7264615639313
214.285714285714	133.333333333333	80.8460984523016	0	80.8460984523016	DCA	140	87.6462165110409
228.571428571429	133.333333333333	79.1594409836052	0	79.1594409836052	DCA	280	70.8391404995613
242.857142857143	133.333333333333	81.4616182238653	0	81.4616182238653	DCA	70	87.6017443284253
257.142857142857	133.333333333333	80.0849843767409	0	80.0849843767409	DCA	0	80.0849843767409
271.428571428571	133.333333333333	79.9782155424437	0	79.9782155424437	DCA	70	86.1183416470037
285.714285714286	133.333333333333	80.6953554139839	0	80.6953554139839	DCA	210	82.6753312765219
300	133.333333333333	80.9031480888171	0	80.9031480888171	DCA	280	72.5828476047733
314.285714285714	133.333333333333	83.8367503091081	0	83.8367503091081	DCA	280	75.5164498250643
328.571428571429	133.333333333333	80.2039094531763	0	80.2039094531763	DCA	140	87.0040275119156
342.857142857143	133.333333333333	81.4468663959005	0	81.4468663959005	DCA	280	73.1265659118567
357.142857142857	133.333333333333	82.0016210086	0	82.0016210086	DCA	280	73.6813205245562
371.428571428571	133.333333333333	78.796762629457	0	78.796762629457	DCA	0	78.796762629457
385.714285714286	133.333333333333	81.5236283959806	0	81.5236283959806	DCA	280	73.2033279119367
400	133.333333333333	73.023101097771	0	73.023101097771	DCA	210	75.003076960309
414.285714285714	133.333333333333	73.7957676989223	0	73.7957676989223	DCA	280	65.4754672148785
428.571428571429	133.333333333333	73.8394169686037	0	73.8394169686037	DCA	210	75.8193928311417
442.857142857143	133.333333333333	74.447576771846	0	74.447576771846	DCA	0	74.447576771846
457.142857142857	133.333333333333	73.5428416396952	0	73.5428416396952	DCA	70	79.6829677442552
471.428571428571	133.333333333333	74.2635289191692	0	74.2635289191692	DCA	140	81.0636469779085
485.714285714286	133.333333333333	77.9699862055417	0	77.9699862055417	DCA	0	77.9699862055417
500	133.333333333333	80.33349335334	0	80.33349335334	DCA	70	86.4736194579
514.285714285714	133.333333333333	79.8438988943187	24.6	104.443898894319	DCA	210	123.988274756857
528.571428571429	133.333333333333	78.6486883460251	24.6	103.248688346025	DCA	0	103.248688346025
542.857142857143	133.333333333333	79.3398609536303	24.6	103.93986095363	DCA	210	123.484236816168
557.142857142857	133.333333333333	79.0226257215746	24.6	103.622625721575	DCA	70	115.617551826135
571.428571428571	133.333333333333	81.1610261739075	24.6	105.761026173907	DCA	140	124.270744232647
585.714285714286	133.333333333333	77.5913369787961	24.6	102.191336978796	DCA	140	120.701055037535
600	133.333333333333	77.3389179865803	24.6	101.93891798658	DCA	210	121.483293849118
614.285714285714	133.333333333333	81.8095734365064	24.6	106.409573436506	DCA	280	121.508472952463
628.571428571429	133.333333333333	81.6213582707847	24.6	106.221358270785	DCA	140	124.731076329524
642.857142857143	133.333333333333	81.8904519095472	24.6	106.490451909547	DCA	0	106.490451909547
657.142857142857	133.333333333333	80.7383666201941	24.6	105.338366620194	DCA	210	124.882742482732
671.428571428571	133.333333333333	79.5791006503411	24.6	104.179100650341	DCA	140	122.68881870908
685.714285714286	133.333333333333	78.2067032706546	24.6	102.806703270655	DCA	280	117.905602786611
700	133.333333333333	79.4951713186498	24.6	104.09517131865	DCA	140	122.604889377389
714.285714285714	133.333333333333	79.4463116956642	24.6	104.046311695664	DCA	280	119.14521121162
728.571428571429	133.333333333333	75.5115083814877	24.6	100.111508381488	DCA	70	112.106434486048
742.857142857143	133.333333333333	75.9726847824598	24.6	100.57268478246	DCA	70	112.56761088702
757.142857142857	133.333333333333	74.8960733047093	24.6	99.4960733047093	DCA	210	119.040449167247
771.428571428571	133.333333333333	75.3997143695485	24.6	99.9997143695485	DCA	0	99.9997143695485
785.714285714286	133.333333333333	75.7386893640533	24.6	100.338689364053	DCA	0	100.338689364053
800	133.333333333333	76.9041585718844	24.6	101.504158571884	DCA	140	120.013876630624
814.285714285714	133.333333333333	77.5698968845905	24.6	102.169896884591	DCA	70	114.16482298915
828.571428571429	133.333333333333	79.0920907709024	24.6	103.692090770902	DCA	140	122.201808829642
842.857142857143	133.333333333333	77.9361394096604	24.6	102.53613940966	DCA	210	122.080515272198
857.142857142857	133.333333333333	81.2517043627929	24.6	105.851704362793	DCA	210	125.396080225331
871.428571428571	133.333333333333	81.6104370476147	24.6	106.210437047615	DCA	280	121.309336563571
885.714285714286	133.333333333333	82.0886734206991	24.6	106.688673420699	DCA	140	125.198391479438
900	133.333333333333	80.3216673127368	24.6	104.921667312737	DCA	280	120.020566828693
914.285714285714	133.333333333333	80.6940972542993	24.6	105.294097254299	DCA	280	120.392996770255
928.571428571429	133.333333333333	78.3471285643938	24.6	102.947128564394	DCA	210	122.491504426932
942.857142857143	133.333333333333	79.4707796936337	24.6	104.070779693634	DCA	210	123.615155556172
957.142857142857	133.333333333333	76.1694064608943	24.6	100.769406460894	DCA	140	119.279124519634
971.428571428571	133.333333333333	76.775779654136	24.6	101.375779654136	DCA	210	120.920155516674
985.714285714286	133.333333333333	78.4384286413855	24.6	103.038428641386	DCA	210	122.582804503924
1000	133.333333333333	78.0775997410249	24.6	102.677599741025	DCA	280	117.776499256981
0	166.666666666667	78.1274247295545	0	78.1274247295545	DCA	140	84.9275427882938
14.2857142857143	166.666666666667	78.3285558266347	0	78.3285558266347	DCA	280	70.0082553425908
28.5714285714286	166.666666666667	79.1525522312646	0	79.1525522312646	DCA	0	79.1525522312646
42.8571428571429	166.666666666667	78.7079788845172	0	78.7079788845172	DCA	70	84.8481049890772
57.1428571428571	166.666666666667	76.4155640353026	0	76.4155640353026	DCA	70	82.5556901398625
71.4285714285714	166.666666666667	78.3274300975688	0	78.3274300975688	DCA	70	84.4675562021287
85.7142857142857	166.666666666667	81.193258085985	0	81.193258085985	DCA	280	72.8729576019412
100	166.666666666667	79.0318223186943	0	79.0318223186943	DCA	280	70.7115218346505
114.285714285714	166.666666666667	78.5577637105935	0	78.5577637105935	DCA	70	84.6978898151535
128.571428571429	166.666666666667	77.2305389927682	0	77.2305389927682	DCA	70	83.3706650973281
142.857142857143	166.666666666667	78.0389849274477	0	78.0389849274477	DCA	140	84.8391029861869
157.142857142857	166.666666666667	75.8699158684339	0	75.8699158684339	DCA	0	75.8699158684339
171.428571428571	166.666666666667	76.9434140259182	0	76.9434140259182	DCA	280	68.6231135418743
185.714285714286	166.666666666667	78.999947090312	0	78.999947090312	DCA	280	70.6796466062681
200	166.666666666667	80.3518816498942	0	80.3518816498942	DCA	0	80.3518816498942
214.285714285714	166.666666666667	78.1565012526358	0	78.1565012526358	DCA	210	80.1364771151739
228.571428571429	166.666666666667	79.1182485519276	0	79.1182485519276	DCA	70	85.2583746564876
242.857142857143	166.666666666667	78.6657785586929	0	78.6657785586929	DCA	140	85.4658966174322
257.142857142857	166.666666666667	79.9245704498705	0	79.9245704498705	DCA	70	86.0646965544305
271.428571428571	166.666666666667	77.4979143729362	0	77.4979143729362	DCA	140	84.2980324316755
285.714285714286	166.666666666667	79.8920847393752	0	79.8920847393752	DCA	140	86.6922027981145
300	166.666666666667	77.8732737397325	0	77.8732737397325	DCA	280	69.5529732556886
314.285714285714	166.666666666667	79.0607035841129	0	79.0607035841129	DCA	70	85.2008296886729
328.571428571429	166.666666666667	78.8504419822943	0	78.8504419822943	DCA	210	80.8304178448323
342.857142857143	166.666666666667	80.245619457308	0	80.245619457308	DCA	70	86.385745561868
357.142857142857	166.666666666667	78.5573597716225	0	78.5573597716225	DCA	0	78.5573597716225
371.428571428571	166.666666666667	77.4461840512658	0	77.4461840512658	DCA	0	77.4461840512658
385.714285714286	166.666666666667	78.1378931830992	0	78.1378931830992	DCA	140	84.9380112418385
400	166.666666666667	76.2023948778677	0	76.2023948778677	DCA	210	78.1823707404057
414.285714285714	166.666666666667	77.4924155953059	0	77.4924155953059	DCA	210	79.4723914578439
428.571428571429	166.666666666667	77.1366194689995	0	77.1366194689995	DCA	70	83.2767455735594
442.857142857143	166.666666666667	76.5541553962596	0	76.5541553962596	DCA	210	78.5341312587976
457.142857142857	166.666666666667	76.8477876717822	0	76.8477876717822	DCA	0	76.8477876717822
471.428571428571	166.666666666667	74.7487295949716	0	74.7487295949716	DCA	280	66.4284291109277
485.714285714286	166.666666666667	78.4813786463933	0	78.4813786463933	DCA	210	80.4613545089313
500	166.666666666667	78.0246257681838	0	78.0246257681838	DCA	280	69.70432528414
514.285714285714	166.666666666667	76.0315899706498	24.6	100.63158997065	DCA	140	119.141308029389
528.571428571429	166.666666666667	76.5422479977231	24.6	101.142247997723	DCA	140	119.651966056462
542.857142857143	166.666666666667	79.2650167800021	24.6	103.865016780002	DCA	210	123.40939264254
557.142857142857	166.666666666667	78.1511264212504	24.6	102.75112642125	DCA	140	121.26084447999
571.428571428571	166.666666666667	76.732234636268	24.6	101.332234636268	DCA	140	119.841952695007
585.714285714286	166.666666666667	76.2935897924794	24.6	100.893589792479	DCA	0	100.893589792479
600	166.666666666667	76.31559721699	24.6	100.91559721699	DCA	0	100.91559721699
614.285714285714	166.666666666667	77.2444343723637	24.6	101.844434372364	DCA	0	101.844434372364
628.571428571429	166.666666666667	77.2987899545593	24.6	101.898789954559	DCA	0	101.898789954559
642.857142857143	166.666666666667	78.0257525918488	24.6	102.625752591849	DCA	280	117.724652107805
657.142857142857	166.666666666667	81.1402916819728	24.6	105.740291681973	DCA	0	105.740291681973
671.428571428571	166.666666666667	79.9787090265069	24.6	104.578709026507	DCA	280	119.677608542463
685.714285714286	166.666666666667	79.5301698067472	24.6	104.130169806747	DCA	0	104.130169806747
700	166.666666666667	80.4967297810777	24.6	105.096729781078	DCA	0	105.096729781078
714.285714285714	166.666666666667	81.6023289073006	24.6	106.202328907301	DCA	140	124.71204696604
728.571428571429	166.666666666667	78.9585311884761	24.6	103.558531188476	DCA	0	103.558531188476
742.857142857143	166.666666666667	78.5578795842819	24.6	103.157879584282	DCA	210	122.70225544682
757.142857142857	166.666666666667	77.3683671591141	24.6	101.968367159114	DCA	0	101.968367159114
771.428571428571	166.666666666667	78.3904566491134	24.6	102.990456649113	DCA	210	122.534832511651
785.714285714286	166.666666666667	79.4307896241	24.6	104.0307896241	DCA	140	122.540507682839
800	166.666666666667	80.3780698828655	24.6	104.978069882866	DCA	280	120.076969398822
814.285714285714	166.666666666667	81.9078023841632	24.6	106.507802384163	DCA	0	106.507802384163
828.571428571429	166.666666666667	82.1686003035206	24.6	106.768600303521	DCA	0	106.768600303521
842.857142857143	166.666666666667	83.3347348143726	24.6	107.934734814373	DCA	280	123.033634330329
857.142857142857	166.666666666667	85.5147008640756	24.6	110.114700864076	DCA	140	128.624418922815
871.428571428571	166.666666666667	83.4968486009337	24.6	108.096848600934	DCA	210	127.641224463472
885.714285714286	166.666666666667	78.9079200244035	24.6	103.507920024404	DCA	280	118.60681954036
900	166.666666666667	77.4197497007796	24.6	102.01974970078	DCA	0	102.01974970078
914.285714285714	166.666666666667	83.6060279026891	24.6	108.206027902689	DCA	280	123.304927418645
928.571428571429	166.666666666667	79.6237648391233	24.6	104.223764839123	DCA	0	104.223764839123
942.857142857143	166.666666666667	77.2043303407825	24.6	101.804330340782	DCA	70	113.799256445342
957.142857142857	166.666666666667	77.9011417595864	24.6	102.501141759586	DCA	0	102.501141759586
971.428571428571	166.666666666667	78.9284582592167	24.6	103.528458259217	DCA	70	115.523384363777
985.714285714286	166.666666666667	79.1592196728738	24.6	103.759219672874	DCA	70	115.754145777434
1000	166.666666666667	82.4714069498413	24.6	107.071406949841	DCA	280	122.170306465797
0	200	79.2597240009262	0	79.2597240009262	DCA	280	70.9394235168823
14.2857142857143	200	76.4812963202889	0	76.4812963202889	DCA	70	82.6214224248488
28.5714285714286	200	80.1048104540966	0	80.1048104540966	DCA	140	86.9049285128359
42.8571428571429	200	81.7647311568581	0	81.7647311568581	DCA	140	88.5648492155974
57.1428571428571	200	79.4693701959433	0	79.4693701959433	DCA	280	71.1490697118994
71.4285714285714	200	77.6964764384226	0	77.6964764384226	DCA	210	79.6764523009606
85.7142857142857	200	79.0584543124449	0	79.0584543124449	DCA	140	85.8585723711842
100	200	73.4762512461026	0	73.4762512461026	DCA	70	79.6163773506625
114.285714285714	200	79.3452320437943	0	79.3452320437943	DCA	140	86.1453501025336
128.571428571429	200	77.3962587719759	0	77.3962587719759	DCA	70	83.5363848765358
142.857142857143	200	76.0652211585591	0	76.0652211585591	DCA	140	82.8653392172984
157.142857142857	200	76.7355081134759	0	76.7355081134759	DCA	210	78.7154839760139
171.428571428571	200	77.4847186525414	0	77.4847186525414	DCA	140	84.2848367112807
185.714285714286	200	76.6699660266716	0	76.6699660266716	DCA	70	82.8100921312315
200	200	80.3993750470413	0	80.3993750470413	DCA	70	86.5395011516012
214.285714285714	200	80.0047847959864	0	80.0047847959864	DCA	280	71.6844843119425
228.571428571429	200	79.9581166091334	0	79.9581166091334	DCA	140	86.7582346678727
242.857142857143	200	80.9301796660831	0	80.9301796660831	DCA	210	82.9101555286211
257.142857142857	200	80.2958797759021	0	80.2958797759021	DCA	70	86.436005880462
271.428571428571	200	77.5596819094793	0	77.5596819094793	DCA	70	83.6998080140393
285.714285714286	200	79.9764811898943	0	79.9764811898943	DCA	140	86.7765992486335
300	200	79.8604002233186	0	79.8604002233186	DCA	280	71.5400997392747
314.285714285714	200	80.3525876034302	0	80.3525876034302	DCA	70	86.4927137079901
328.571428571429	200	79.7966971242983	0	79.7966971242983	DCA	70	85.9368232288582
342.857142857143	200	80.6284690756446	0	80.6284690756446	DCA	140	87.4285871343839
357.142857142857	200	75.6466464599902	0	75.6466464599902	DCA	70	81.7867725645502
371.428571428571	200	79.9587792199443	0	79.9587792199443	DCA	280	71.6384787359005
385.714285714286	200	79.7210960733784	0	79.7210960733784	DCA	70	85.8612221779384
400	200	78.839345788858	0	78.839345788858	DCA	70	84.979471893418
414.285714285714	200	81.4433279829799	0	81.4433279829799	DCA	210	83.4233038455179
428.571428571429	200	80.3242966301297	0	80.3242966301297	DCA	140	87.124414688869
442.857142857143	200	80.2802045747019	0	80.2802045747019	DCA	280	71.9599040906581
457.142857142857	200	78.2535614773366	0	78.2535614773366	DCA	210	80.2335373398746
471.428571428571	200	79.2557368385549	0	79.2557368385549	DCA	210	81.2357127010929
485.714285714286	200	79.4673738869632	0	79.4673738869632	DCA	140	86.2674919457025
500	200	80.3284534211427	0	80.3284534211427	DCA	280	72.0081529370988
514.285714285714	200	77.6214975237058	24.6	102.221497523706	DCA	0	102.221497523706
528.571428571429	200	78.4379953360568	24.6	103.037995336057	DCA	210	122.582371198595
542.857142857143	200	78.1378194127542	24.6	102.737819412754	DCA	70	114.732745517314
557.142857142857	200	75.4560769450387	24.6	100.056076945039	DCA	280	115.154976460995
571.428571428571	200	75.0814130553255	24.6	99.6814130553255	DCA	140	118.191131114065
585.714285714286	200	74.4840405998987	24.6	99.0840405998987	DCA	0	99.0840405998987
600	200	76.4884659999138	24.6	101.088465999914	DCA	210	120.632841862452
614.285714285714	200	75.4701298534447	24.6	100.070129853445	DCA	70	112.065055958005
628.571428571429	200	77.3171533833123	24.6	101.917153383312	DCA	70	113.912079487872
642.857142857143	200	81.6130858803486	24.6	106.213085880349	DCA	210	125.757461742887
657.142857142857	200	84.4589415085653	24.6	109.058941508565	DCA	210	128.603317371103
671.428571428571	200	81.032729052268	24.6	105.632729052268	DCA	280	120.731628568224
685.714285714286	200	80.2247226073251	24.6	104.824722607325	DCA	70	116.819648711885
700	200	79.432623010404	24.6	104.032623010404	DCA	210	123.576998872942
714.285714285714	200	79.0480545782085	24.6	103.648054578209	DCA	280	118.746954094165
728.571428571429	200	79.0753566208925	24.6	103.675356620892	DCA	70	115.670282725452
742.857142857143	200	79.0467499874596	24.6	103.64674998746	DCA	140	122.156468046199
757.142857142857	200	81.916128231139	24.6	106.516128231139	DCA	0	106.516128231139
771.428571428571	200	79.6258338863176	24.6	104.225833886318	DCA	210	123.770209748856
785.714285714286	200	78.9369065001901	24.6	103.53690650019	DCA	140	122.046624558929
800	200	80.6509366303393	24.6	105.250936630339	DCA	70	117.245862734899
814.285714285714	200	82.8134119212132	24.6	107.413411921213	DCA	70	119.408338025773
828.571428571429	200	81.7070920435783	24.6	106.307092043578	DCA	140	124.816810102318
842.857142857143	200	82.2287351477121	24.6	106.828735147712	DCA	210	126.37311101025
857.142857142857	200	80.0274428669268	24.6	104.627442866927	DCA	280	119.726342382883
871.428571428571	200	84.1754536893499	24.6	108.77545368935	DCA	280	123.874353205306
885.714285714286	200	84.7366806497997	24.6	109.3366806498	DCA	280	124.435580165756
900	200	83.4757506881996	24.6	108.0757506882	DCA	210	127.620126550738
914.285714285714	200	81.2644624251864	24.6	105.864462425186	DCA	280	120.963361941143
928.571428571429	200	83.1660928553455	24.6	107.766092855345	DCA	140	126.275810914085
942.857142857143	200	80.0452272632439	24.6	104.645227263244	DCA	140	123.154945321983
957.142857142857	200	78.8103467918671	24.6	103.410346791867	DCA	140	121.920064850606
971.428571428571	200	83.854638036501	24.6	108.454638036501	DCA	280	123.553537552457
985.714285714286	200	80.8364526770574	24.6	105.436452677057	DCA	0	105.436452677057
1000	200	77.4825809761373	24.6	102.082580976137	DCA	280	117.181480492093
0	233.333333333333	80.6948111207713	0	80.6948111207713	DCA	0	80.6948111207713
14.2857142857143	233.333333333333	81.693456512837	0	81.693456512837	DCA	0	81.693456512837
28.5714285714286	233.333333333333	81.1715305405117	0	81.1715305405117	DCA	70	87.3116566450717
42.8571428571429	233.333333333333	76.4239071140702	0	76.4239071140702	DCA	210	78.4038829766083
57.1428571428571	233.333333333333	82.4825631078411	0	82.4825631078411	DCA	210	84.4625389703791
71.4285714285714	233.333333333333	77.9829860274339	0	77.9829860274339	DCA	280	69.66268554339
85.7142857142857	233.333333333333	76.7303383615095	0	76.7303383615095	DCA	210	78.7103142240476
100	233.333333333333	75.0426278734873	0	75.0426278734873	DCA	140	81.8427459322266
114.285714285714	233.333333333333	82.285698137772	0	82.285698137772	DCA	70	88.425824242332
128.571428571429	233.333333333333	78.8287599453377	0	78.8287599453377	DCA	0	78.8287599453377
142.857142857143	233.333333333333	83.5087707436975	0	83.5087707436975	DCA	280	75.1884702596537
157.142857142857	233.333333333333	84.5629634219751	0	84.5629634219751	DCA	140	91.3630814807144
171.428571428571	233.333333333333	83.9469448047195	0	83.9469448047195	DCA	70	90.0870709092795
185.714285714286	233.333333333333	82.0881177632639	0	82.0881177632639	DCA	70	88.2282438678239
200	233.333333333333	80.0511645782284	0	80.0511645782284	DCA	140	86.8512826369677
214.285714285714	233.333333333333	77.6373828059495	0	77.6373828059495	DCA	0	77.6373828059495
228.571428571429	233.333333333333	77.5033184657825	0	77.5033184657825	DCA	0	77.5033184657825
242.857142857143	233.333333333333	77.9633740733313	0	77.9633740733313	DCA	140	84.7634921320706
257.142857142857	233.333333333333	79.9047051244921	0	79.9047051244921	DCA	70	86.0448312290521
271.428571428571	233.333333333333	76.8028912297347	0	76.8028912297347	DCA	70	82.9430173342947
285.714285714286	233.333333333333	80.0407874793515	0	80.0407874793515	DCA	0	80.0407874793515
300	233.333333333333	81.9558749276424	0	81.9558749276424	DCA	0	81.9558749276424
314.285714285714	233.333333333333	85.1285044158585	0	85.1285044158585	DCA	0	85.1285044158585
328.571428571429	233.333333333333	84.8466827836754	0	84.8466827836754	DCA	70	90.9868088882354
342.857142857143	233.333333333333	81.1419757206425	0	81.1419757206425	DCA	280	72.8216752365987
357.142857142857	233.333333333333	80.2652422797228	0	80.2652422797228	DCA	140	87.0653603384621
371.428571428571	233.333333333333	82.0923658776894	0	82.0923658776894	DCA	0	82.0923658776894
385.714285714286	233.333333333333	79.5818343412281	0	79.5818343412281	DCA	0	79.5818343412281
400	233.333333333333	79.0674225927714	0	79.0674225927714	DCA	280	70.7471221087276
414.285714285714	233.333333333333	83.1823078743343	0	83.1823078743343	DCA	280	74.8620073902905
428.571428571429	233.333333333333	80.550305269454	0	80.550305269454	DCA	140	87.3504233281933
442.857142857143	233.333333333333	84.8026750979977	0	84.8026750979977	DCA	70	90.9428012025577
457.142857142857	233.333333333333	77.7285691021089	0	77.7285691021089	DCA	210	79.7085449646469
471.428571428571	233.333333333333	76.6419059586421	0	76.6419059586421	DCA	210	78.6218818211801
485.714285714286	233.333333333333	75.3533480685963	0	75.3533480685963	DCA	70	81.4934741731563
500	233.333333333333	78.002228676068	0	78.002228676068	DCA	0	78.002228676068
514.285714285714	233.333333333333	76.9203834719899	24.6	101.52038347199	DCA	0	101.52038347199
528.571428571429	233.333333333333	79.0524238690204	24.6	103.65242386902	DCA	0	103.65242386902
542.857142857143	233.333333333333	76.5729427344184	24.6	101.172942734418	DCA	0	101.172942734418
557.142857142857	233.333333333333	76.1384934398564	24.6	100.738493439856	DCA	0	100.738493439856
571.428571428571	233.333333333333	77.245256790413	24.6	101.845256790413	DCA	0	101.845256790413
585.714285714286	233.333333333333	78.8740877844534	24.6	103.474087784453	DCA	0	103.474087784453
600	233.333333333333	82.5961923663486	24.6	107.196192366349	DCA	280	122.295091882305
614.285714285714	233.333333333333	79.5033342508676	24.6	104.103334250868	DCA	0	104.103334250868
628.571428571429	233.333333333333	79.643005610413	24.6	104.243005610413	DCA	280	119.341905126369
642.857142857143	233.333333333333	81.6021679997128	24.6	106.202167999713	DCA	210	125.746543862251
657.142857142857	233.333333333333	81.2861058756908	24.6	105.886105875691	DCA	140	124.39582393443
671.428571428571	233.333333333333	82.651579570931	24.6	107.251579570931	DCA	280	122.350479086887
685.714285714286	233.333333333333	77.9582808566803	24.6	102.55828085668	DCA	0	102.55828085668
700	233.333333333333	77.0730380829466	24.6	101.673038082947	DCA	0	101.673038082947
714.285714285714	233.333333333333	77.294521098375	24.6	101.894521098375	DCA	210	121.438896960913
728.571428571429	233.333333333333	81.1264357812552	24.6	105.726435781255	DCA	70	117.721361885815
742.857142857143	233.333333333333	81.9170692384836	24.6	106.517069238484	DCA	140	125.026787297223
757.142857142857	233.333333333333	84.2113702328984	24.6	108.811370232898	DCA	280	123.910269748855
771.428571428571	233.333333333333	81.5373681485511	24.6	106.137368148551	DCA	70	118.132294253111
785.714285714286	233.333333333333	80.9205174359357	24.6	105.520517435936	DCA	210	125.064893298474
800	233.333333333333	85.6985740560495	24.6	110.298574056049	DCA	0	110.298574056049
814.285714285714	233.333333333333	80.4395412184129	24.6	105.039541218413	DCA	70	117.034467322973
828.571428571429	233.333333333333	81.4592281150363	24.6	106.059228115036	DCA	140	124.568946173776
842.857142857143	233.333333333333	80.6434753582954	24.6	105.243475358295	DCA	0	105.243475358295
857.142857142857	233.333333333333	82.8879258998541	24.6	107.487925899854	DCA	140	125.997643958593
871.428571428571	233.333333333333	81.6467791440429	24.6	106.246779144043	DCA	70	118.241705248603
885.714285714286	233.333333333333	84.2029016220114	24.6	108.802901622011	DCA	280	123.901801137968
900	233.333333333333	81.9171178486807	24.6	106.517117848681	DCA	140	125.02683590742
914.285714285714	233.333333333333	84.084857790353	24.6	108.684857790353	DCA	210	128.229233652891
928.571428571429	233.333333333333	84.2660852971115	24.6	108.866085297112	DCA	0	108.866085297112
942.857142857143	233.333333333333	81.1495741418392	24.6	105.749574141839	DCA	140	124.259292200578
957.142857142857	233.333333333333	82.2087167054896	24.6	106.80871670549	DCA	0	106.80871670549
971.428571428571	233.333333333333	80.8900032469902	24.6	105.49000324699	DCA	0	105.49000324699
985.714285714286	233.333333333333	82.6694956583087	24.6	107.269495658309	DCA	0	107.269495658309
1000	233.333333333333	77.899355822429	24.6	102.499355822429	DCA	70	114.494281926989
0	266.666666666667	79.2609302711534	0	79.2609302711534	DCA	140	86.0610483298926
14.2857142857143	266.666666666667	78.7611522624969	0	78.7611522624969	DCA	140	85.5612703212362
28.5714285714286	266.666666666667	78.2510346984948	0	78.2510346984948	DCA	140	85.051152757234
42.8571428571429	266.666666666667	80.2710547397889	0	80.2710547397889	DCA	280	71.9507542557451
57.1428571428571	266.666666666667	78.0881063079999	0	78.0881063079999	DCA	70	84.2282324125599
71.4285714285714	266.666666666667	78.8606012880979	0	78.8606012880979	DCA	210	80.8405771506359
85.7142857142857	266.666666666667	80.5931935096806	0	80.5931935096806	DCA	210	82.5731693722186
100	266.666666666667	78.9986780090162	0	78.9986780090162	DCA	210	80.9786538715542
114.285714285714	266.666666666667	78.429254761176	0	78.429254761176	DCA	140	85.2293728199153
128.571428571429	266.666666666667	77.7975460676648	0	77.7975460676648	DCA	140	84.5976641264041
142.857142857143	266.666666666667	80.4704046027699	0	80.4704046027699	DCA	210	82.4503804653079
157.142857142857	266.666666666667	82.0880844068903	0	82.0880844068903	DCA	210	84.0680602694283
171.428571428571	266.666666666667	84.2240033625462	0	84.2240033625462	DCA	210	86.2039792250842
185.714285714286	266.666666666667	80.3380237503415	0	80.3380237503415	DCA	140	87.1381418090808
200	266.666666666667	77.6462178997633	0	77.6462178997633	DCA	70	83.7863440043232
214.285714285714	266.666666666667	77.2905232942536	0	77.2905232942536	DCA	140	84.0906413529929
228.571428571429	266.666666666667	79.309597638385	0	79.309597638385	DCA	0	79.309597638385
242.857142857143	266.666666666667	81.8450912533258	0	81.8450912533258	DCA	0	81.8450912533258
257.142857142857	266.666666666667	79.2801375720258	0	79.2801375720258	DCA	280	70.9598370879819
271.428571428571	266.666666666667	83.5876651845389	0	83.5876651845389	DCA	70	89.7277912890989
285.714285714286	266.666666666667	78.2023867315413	0	78.2023867315413	DCA	280	69.8820862474974
300	266.666666666667	80.9461765521279	0	80.9461765521279	DCA	0	80.9461765521279
314.285714285714	266.666666666667	83.1197617307464	0	83.1197617307464	DCA	70	89.2598878353063
328.571428571429	266.666666666667	83.0018492082897	0	83.0018492082897	DCA	70	89.1419753128496
342.857142857143	266.666666666667	80.3621772643494	0	80.3621772643494	DCA	0	80.3621772643494
357.142857142857	266.666666666667	84.2201159632883	0	84.2201159632883	DCA	280	75.8998154792445
371.428571428571	266.666666666667	81.569263285064	0	81.569263285064	DCA	210	83.549239147602
385.714285714286	266.666666666667	80.2722242130977	0	80.2722242130977	DCA	280	71.9519237290538
400	266.666666666667	80.5662721429191	0	80.5662721429191	DCA	280	72.2459716588753
414.285714285714	266.666666666667	80.3659197523021	0	80.3659197523021	DCA	0	80.3659197523021
428.571428571429	266.666666666667	77.7551210601546	0	77.7551210601546	DCA	70	83.8952471647146
442.857142857143	266.666666666667	76.4368479075069	0	76.4368479075069	DCA	280	68.1165474234631
457.142857142857	266.666666666667	75.7919675324531	0	75.7919675324531	DCA	0	75.7919675324531
471.428571428571	266.666666666667	74.5200258147918	0	74.5200258147918	DCA	140	81.3201438735311
485.714285714286	266.666666666667	80.5230028732699	0	80.5230028732699	DCA	280	72.202702389226
500	266.666666666667	76.1433176833011	0	76.1433176833011	DCA	70	82.283443787861
514.285714285714	266.666666666667	78.2156026973119	24.6	102.815602697312	DCA	280	117.914502213268
528.571428571429	266.666666666667	79.602750179586	24.6	104.202750179586	DCA	280	119.301649695542
542.857142857143	266.666666666667	77.6143976779665	24.6	102.214397677966	DCA	70	114.209323782526
557.142857142857	266.666666666667	78.8334398834779	24.6	103.433439883478	DCA	0	103.433439883478
571.428571428571	266.666666666667	76.6204318022444	24.6	101.220431802244	DCA	70	113.215357906804
585.714285714286	266.666666666667	79.508700512721	24.6	104.108700512721	DCA	0	104.108700512721
600	266.666666666667	79.6956531455481	24.6	104.295653145548	DCA	0	104.295653145548
614.285714285714	266.666666666667	78.1254626715687	24.6	102.725462671569	DCA	0	102.725462671569
628.571428571429	266.666666666667	82.6239452606015	24.6	107.223945260601	DCA	210	126.768321123139
642.857142857143	266.666666666667	78.8892312429338	24.6	103.489231242934	DCA	70	115.484157347494
657.142857142857	266.666666666667	84.0407749197361	24.6	108.640774919736	DCA	210	128.185150782274
671.428571428571	266.666666666667	82.8966850559519	24.6	107.496685055952	DCA	70	119.491611160512
685.714285714286	266.666666666667	82.1115384263001	24.6	106.7115384263	DCA	210	126.255914288838
700	266.666666666667	79.5855277230899	24.6	104.18552772309	DCA	70	116.18045382765
714.285714285714	266.666666666667	80.1207538037289	24.6	104.720753803729	DCA	0	104.720753803729
728.571428571429	266.666666666667	78.8164282554511	24.6	103.416428255451	DCA	210	122.960804117989
742.857142857143	266.666666666667	79.5470655667683	24.6	104.147065566768	DCA	70	116.141991671328
757.142857142857	266.666666666667	81.347770713537	24.6	105.947770713537	DCA	280	121.046670229493
771.428571428571	266.666666666667	84.3776126580562	24.6	108.977612658056	DCA	0	108.977612658056
785.714285714286	266.666666666667	83.6682429331262	24.6	108.268242933126	DCA	140	126.777960991865
800	266.666666666667	84.444004350072	24.6	109.044004350072	DCA	0	109.044004350072
814.285714285714	266.666666666667	83.2759310559536	24.6	107.875931055954	DCA	140	126.385649114693
828.571428571429	266.666666666667	83.673866457211	24.6	108.273866457211	DCA	210	127.818242319749
842.857142857143	266.666666666667	83.5984128615533	24.6	108.198412861553	DCA	210	127.742788724091
857.142857142857	266.666666666667	82.4868781227839	24.6	107.086878122784	DCA	70	119.081804227344
871.428571428571	266.666666666667	84.4721406751001	24.6	109.0721406751	DCA	70	121.06706677966
885.714285714286	266.666666666667	82.4934424329294	24.6	107.093442432929	DCA	140	125.603160491669
900	266.666666666667	81.6834216958196	24.6	106.28342169582	DCA	280	121.382321211776
914.285714285714	266.666666666667	85.2194767703951	24.6	109.819476770395	DCA	280	124.918376286351
928.571428571429	266.666666666667	84.2254155237584	24.6	108.825415523758	DCA	280	123.924315039715
942.857142857143	266.666666666667	83.3606120019624	24.6	107.960612001962	DCA	70	119.955538106522
957.142857142857	266.666666666667	83.0784872548144	24.6	107.678487254814	DCA	280	122.777386770771
971.428571428571	266.666666666667	83.3711051105629	24.6	107.971105110563	DCA	210	127.515480973101
985.714285714286	266.666666666667	78.5809876642405	24.6	103.180987664241	DCA	280	118.279887180197
1000	266.666666666667	76.3627625633091	24.6	100.962762563309	DCA	70	112.957688667869
0	300	77.8993415732359	0	77.8993415732359	DCA	280	69.579041089192
14.2857142857143	300	78.5302600656899	0	78.5302600656899	DCA	280	70.2099595816461
28.5714285714286	300	81.2811909258889	0	81.2811909258889	DCA	210	83.2611667884269
42.8571428571429	300	81.9249097392523	0	81.9249097392523	DCA	280	73.6046092552084
57.1428571428571	300	81.6905678084742	0	81.6905678084742	DCA	0	81.6905678084742
71.4285714285714	300	81.4851948144453	0	81.4851948144453	DCA	140	88.2853128731845
85.7142857142857	300	77.0279326488031	0	77.0279326488031	DCA	70	83.168058753363
100	300	79.9855451496298	0	79.9855451496298	DCA	210	81.9655210121678
114.285714285714	300	84.0405025850926	0	84.0405025850926	DCA	210	86.0204784476307
128.571428571429	300	84.1171226408739	0	84.1171226408739	DCA	280	75.79682215683
142.857142857143	300	82.9291405670743	0	82.9291405670743	DCA	210	84.9091164296123
157.142857142857	300	78.4775677437637	0	78.4775677437637	DCA	210	80.4575436063018
171.428571428571	300	77.0423643185409	0	77.0423643185409	DCA	70	83.1824904231009
185.714285714286	300	82.0533230795829	0	82.0533230795829	DCA	210	84.033298942121
200	300	82.185415796786	0	82.185415796786	DCA	280	73.8651153127421
214.285714285714	300	83.0168517292548	0	83.0168517292548	DCA	0	83.0168517292548
228.571428571429	300	81.0427093205669	0	81.0427093205669	DCA	280	72.722408836523
242.857142857143	300	80.6813037973197	0	80.6813037973197	DCA	140	87.481421856059
257.142857142857	300	79.7953112379282	0	79.7953112379282	DCA	210	81.7752871004662
271.428571428571	300	83.5240944594087	0	83.5240944594087	DCA	210	85.5040703219468
285.714285714286	300	83.6436954216238	0	83.6436954216238	DCA	280	75.3233949375799
300	300	79.2148043164094	0	79.2148043164094	DCA	70	85.3549304209693
314.285714285714	300	80.9461326691001	0	80.9461326691001	DCA	70	87.08625877366
328.571428571429	300	79.0040142642044	0	79.0040142642044	DCA	210	80.9839901267424
342.857142857143	300	82.7628904145674	0	82.7628904145674	DCA	140	89.5630084733067
357.142857142857	300	77.2146635030728	0	77.2146635030728	DCA	70	83.3547896076328
371.428571428571	300	78.9794552740058	0	78.9794552740058	DCA	0	78.9794552740058
385.714285714286	300	79.8264847270361	0	79.8264847270361	DCA	280	71.5061842429923
400	300	80.5599631701198	0	80.5599631701198	DCA	280	72.2396626860759
414.285714285714	300	78.1697327409873	0	78.1697327409873	DCA	280	69.8494322569435
428.571428571429	300	76.183093538111	0	76.183093538111	DCA	210	78.1630694006491
442.857142857143	300	77.4700930916796	0	77.4700930916796	DCA	210	79.4500689542176
457.142857142857	300	79.8794553421896	0	79.8794553421896	DCA	280	71.5591548581457
471.428571428571	300	76.3980836491182	0	76.3980836491182	DCA	280	68.0777831650744
485.714285714286	300	78.5843970956288	0	78.5843970956288	DCA	280	70.2640966115849
500	300	79.6560114588657	0	79.6560114588657	DCA	210	81.6359873214037
514.285714285714	300	77.4402194302546	24.6	102.040219430255	DCA	0	102.040219430255
528.571428571429	300	77.2551512529843	24.6	101.855151252984	DCA	0	101.855151252984
542.857142857143	300	77.31749281014	24.6	101.91749281014	DCA	140	120.427210868879
557.142857142857	300	76.5281302028129	24.6	101.128130202813	DCA	0	101.128130202813
571.428571428571	300	79.026888635505	24.6	103.626888635505	DCA	0	103.626888635505
585.714285714286	300	77.8060687994571	24.6	102.406068799457	DCA	280	117.504968315413
600	300	81.7767704056455	24.6	106.376770405646	DCA	280	121.475669921602
614.285714285714	300	81.7007476004556	24.6	106.300747600456	DCA	0	106.300747600456
628.571428571429	300	79.5551753893402	24.6	104.15517538934	DCA	70	116.1501014939
642.857142857143	300	76.9623149149238	24.6	101.562314914924	DCA	0	101.562314914924
657.142857142857	300	75.1691816139916	24.6	99.7691816139916	DCA	280	114.868081129948
671.428571428571	300	80.1369518806812	24.6	104.736951880681	DCA	70	116.731877985241
685.714285714286	300	81.8037269235602	24.6	106.40372692356	DCA	70	118.39865302812
700	300	82.0494038785818	24.6	106.649403878582	DCA	70	118.644329983142
714.285714285714	300	81.928952084423	24.6	106.528952084423	DCA	140	125.038670143162
728.571428571429	300	80.7179069875551	24.6	105.317906987555	DCA	0	105.317906987555
742.857142857143	300	82.0686646422191	24.6	106.668664642219	DCA	70	118.663590746779
757.142857142857	300	84.3206869830036	24.6	108.920686983004	DCA	280	124.01958649896
771.428571428571	300	87.5364467365246	24.6	112.136446736525	DCA	210	131.680822599063
785.714285714286	300	88.6161429201901	24.6	113.21614292019	DCA	210	132.760518782728
800	300	85.48458499549	24.6	110.08458499549	DCA	140	128.594303054229
814.285714285714	300	82.8740593366603	24.6	107.47405933666	DCA	280	122.572958852616
828.571428571429	300	82.4141127234885	24.6	107.014112723488	DCA	70	119.009038828048
842.857142857143	300	77.4653547261074	24.6	102.065354726107	DCA	140	120.575072784847
857.142857142857	300	81.5835202742127	24.6	106.183520274213	DCA	70	118.178446378773
871.428571428571	300	84.4896455498405	24.6	109.089645549841	DCA	210	128.634021412379
885.714285714286	300	79.8556283383411	24.6	104.455628338341	DCA	0	104.455628338341
900	300	83.040827401898	24.6	107.640827401898	DCA	0	107.640827401898
914.285714285714	300	79.5818428102142	24.6	104.181842810214	DCA	280	119.28074232617
928.571428571429	300	84.2209070503986	24.6	108.820907050399	DCA	210	128.365282912937
942.857142857143	300	87.3792273896077	24.6	111.979227389608	DCA	140	130.488945448347
957.142857142857	300	86.2314493467829	24.6	110.831449346783	DCA	0	110.831449346783
971.428571428571	300	84.8036561731938	24.6	109.403656173194	DCA	0	109.403656173194
985.714285714286	300	81.7134097673688	24.6	106.313409767369	DCA	280	121.412309283325
1000	300	77.5823767850096	24.6	102.18237678501	DCA	0	102.18237678501
