x	y	variable1	Zona	ErrorConEfecto	Disenio	AsigTrat	MiRto
0	0	82.7577576177023	0	82.7577576177023	DCA	210	92.9439693538815
14.2857142857143	0	82.6587512897394	0	82.6587512897394	DCA	280	89.8743708578925
28.5714285714286	0	83.2820419973739	0	83.2820419973739	DCA	280	90.497661565527
42.8571428571429	0	82.160701147435	0	82.160701147435	DCA	70	88.7391030995377
57.1428571428571	0	84.5788428528745	0	84.5788428528745	DCA	70	91.1572448049772
71.4285714285714	0	82.6730317813543	0	82.6730317813543	DCA	140	92.6468376455167
85.7142857142857	0	82.2730425740905	0	82.2730425740905	DCA	140	92.2468484382529
100	0	82.7895308803409	0	82.7895308803409	DCA	0	82.7895308803409
114.285714285714	0	84.0553251409964	0	84.0553251409964	DCA	140	94.0291310051589
128.571428571429	0	86.8767533555456	0	86.8767533555456	DCA	280	94.0923729236986
142.857142857143	0	83.8547593133552	0	83.8547593133552	DCA	280	91.0703788815083
157.142857142857	0	83.5686074496585	0	83.5686074496585	DCA	140	93.5424133138209
171.428571428571	0	81.5457629667753	0	81.5457629667753	DCA	70	88.124164918878
185.714285714286	0	80.1451374147191	0	80.1451374147191	DCA	210	90.3313491508983
200	0	81.7793618865601	0	81.7793618865601	DCA	280	88.9949814547132
214.285714285714	0	80.0823986736023	0	80.0823986736023	DCA	280	87.2980182417553
228.571428571429	0	78.7694233268302	0	78.7694233268302	DCA	280	85.9850428949832
242.857142857143	0	79.5423702840753	0	79.5423702840753	DCA	210	89.7285820202545
257.142857142857	0	79.1588635283713	0	79.1588635283713	DCA	140	89.1326693925337
271.428571428571	0	81.9066456319477	0	81.9066456319477	DCA	0	81.9066456319477
285.714285714286	0	85.1385211655868	0	85.1385211655868	DCA	140	95.1123270297492
300	0	84.8935802279587	0	84.8935802279587	DCA	280	92.1091997961117
314.285714285714	0	83.1300164063489	0	83.1300164063489	DCA	70	89.7084183584515
328.571428571429	0	83.6293779281699	0	83.6293779281699	DCA	280	90.844997496323
342.857142857143	0	80.8165412183436	0	80.8165412183436	DCA	280	88.0321607864966
357.142857142857	0	78.157720804295	0	78.157720804295	DCA	70	84.7361227563977
371.428571428571	0	80.1504160395953	0	80.1504160395953	DCA	280	87.3660356077483
385.714285714286	0	75.910372693288	0	75.910372693288	DCA	210	86.0965844294672
400	0	75.4851490112179	0	75.4851490112179	DCA	140	85.4589548753803
414.285714285714	0	74.5328122444935	0	74.5328122444935	DCA	210	84.7190239806727
428.571428571429	0	75.1311767543018	0	75.1311767543018	DCA	280	82.3467963224548
442.857142857143	0	75.6349682543951	0	75.6349682543951	DCA	70	82.2133702064978
457.142857142857	0	77.0450066871137	0	77.0450066871137	DCA	0	77.0450066871137
471.428571428571	0	78.4746357524207	0	78.4746357524207	DCA	0	78.4746357524207
485.714285714286	0	80.577386221698	0	80.577386221698	DCA	140	90.5511920858604
500	0	79.6487886136563	0	79.6487886136563	DCA	280	86.8644081818093
514.285714285714	0	78.7534975738861	24.6	103.353497573886	DCA	0	103.353497573886
528.571428571429	0	80.8883905634529	24.6	105.488390563453	DCA	0	105.488390563453
542.857142857143	0	80.2364645580492	24.6	104.836464558049	DCA	0	104.836464558049
557.142857142857	0	77.9013612854744	24.6	102.501361285474	DCA	210	130.251973021654
571.428571428571	0	81.8595083130755	24.6	106.459508313075	DCA	70	118.892710265178
585.714285714286	0	80.8976632570763	24.6	105.497663257076	DCA	0	105.497663257076
600	0	77.17748055292	24.6	101.77748055292	DCA	140	123.460886417082
614.285714285714	0	79.761132147051	24.6	104.361132147051	DCA	0	104.361132147051
628.571428571429	0	81.5661387501728	24.6	106.166138750173	DCA	210	133.916750486352
642.857142857143	0	81.3632791145606	24.6	105.963279114561	DCA	70	118.396481066663
657.142857142857	0	81.1600066025819	24.6	105.760006602582	DCA	140	127.443412466744
671.428571428571	0	82.2832098384622	24.6	106.883209838462	DCA	210	134.633821574641
685.714285714286	0	77.328179206614	24.6	101.928179206614	DCA	0	101.928179206614
700	0	79.1518614898507	24.6	103.751861489851	DCA	280	134.386681058004
714.285714285714	0	78.6446257433421	24.6	103.244625743342	DCA	140	124.928031607505
728.571428571429	0	79.7403397834907	24.6	104.340339783491	DCA	70	116.773541735593
742.857142857143	0	72.7468112199557	24.6	97.3468112199557	DCA	210	125.097422956135
757.142857142857	0	76.0637249793059	24.6	100.663724979306	DCA	210	128.414336715485
771.428571428571	0	74.094539130564	24.6	98.694539130564	DCA	0	98.694539130564
785.714285714286	0	74.7208598266055	24.6	99.3208598266055	DCA	0	99.3208598266055
800	0	72.2114221579899	24.6	96.8114221579899	DCA	70	109.244624110093
814.285714285714	0	77.5352193106478	24.6	102.135219310648	DCA	70	114.56842126275
828.571428571429	0	80.6018823754429	24.6	105.201882375443	DCA	280	135.836701943596
842.857142857143	0	78.3752451883	24.6	102.9752451883	DCA	210	130.725856924479
857.142857142857	0	78.4794542025887	24.6	103.079454202589	DCA	210	130.830065938768
871.428571428571	0	78.9296502746081	24.6	103.529650274608	DCA	210	131.280262010787
885.714285714286	0	79.2116842112844	24.6	103.811684211284	DCA	280	134.446503779437
900	0	78.9221983375345	24.6	103.522198337534	DCA	210	131.272810073714
914.285714285714	0	78.6849779621633	24.6	103.284977962163	DCA	210	131.035589698342
928.571428571429	0	79.7433441656679	24.6	104.343344165668	DCA	210	132.093955901847
942.857142857143	0	79.8623520217089	24.6	104.462352021709	DCA	140	126.145757885871
957.142857142857	0	78.7059753393673	24.6	103.305975339367	DCA	140	124.98938120353
971.428571428571	0	77.7431691821653	24.6	102.343169182165	DCA	70	114.776371134268
985.714285714286	0	79.5087539533064	24.6	104.108753953306	DCA	140	125.792159817469
1000	0	80.4016639467208	24.6	105.001663946721	DCA	210	132.7522756829
0	33.3333333333333	79.9469213183515	0	79.9469213183515	DCA	280	87.1625408865045
14.2857142857143	33.3333333333333	82.4319205237327	0	82.4319205237327	DCA	280	89.6475400918857
28.5714285714286	33.3333333333333	82.5146777119689	0	82.5146777119689	DCA	210	92.7008894481481
42.8571428571429	33.3333333333333	80.877857687739	0	80.877857687739	DCA	70	87.4562596398417
57.1428571428571	33.3333333333333	78.274987616989	0	78.274987616989	DCA	0	78.274987616989
71.4285714285714	33.3333333333333	75.1253450441132	0	75.1253450441132	DCA	70	81.7037469962159
85.7142857142857	33.3333333333333	75.2648270284216	0	75.2648270284216	DCA	280	82.4804465965747
100	33.3333333333333	72.4161842969536	0	72.4161842969536	DCA	210	82.6023960331328
114.285714285714	33.3333333333333	80.0829544026639	0	80.0829544026639	DCA	70	86.6613563547666
128.571428571429	33.3333333333333	81.2173683115833	0	81.2173683115833	DCA	0	81.2173683115833
142.857142857143	33.3333333333333	82.7813006058323	0	82.7813006058323	DCA	0	82.7813006058323
157.142857142857	33.3333333333333	81.5434177019189	0	81.5434177019189	DCA	280	88.7590372700719
171.428571428571	33.3333333333333	83.512774195094	0	83.512774195094	DCA	280	90.728393763247
185.714285714286	33.3333333333333	84.7560088210335	0	84.7560088210335	DCA	280	91.9716283891866
200	33.3333333333333	79.6763592665652	0	79.6763592665652	DCA	140	89.6501651307277
214.285714285714	33.3333333333333	76.1281852777993	0	76.1281852777993	DCA	70	82.706587229902
228.571428571429	33.3333333333333	81.1242521666689	0	81.1242521666689	DCA	280	88.339871734822
242.857142857143	33.3333333333333	79.8497644643223	0	79.8497644643223	DCA	70	86.428166416425
257.142857142857	33.3333333333333	82.9663528088268	0	82.9663528088268	DCA	210	93.152564545006
271.428571428571	33.3333333333333	84.6294548377159	0	84.6294548377159	DCA	210	94.8156665738951
285.714285714286	33.3333333333333	82.0030455939263	0	82.0030455939263	DCA	210	92.1892573301055
300	33.3333333333333	82.7659061429765	0	82.7659061429765	DCA	70	89.3443080950792
314.285714285714	33.3333333333333	83.3375845725467	0	83.3375845725467	DCA	210	93.5237963087259
328.571428571429	33.3333333333333	83.8462689854054	0	83.8462689854054	DCA	70	90.4246709375081
342.857142857143	33.3333333333333	81.4542639833228	0	81.4542639833228	DCA	70	88.0326659354255
357.142857142857	33.3333333333333	80.2238242594435	0	80.2238242594435	DCA	140	90.1976301236059
371.428571428571	33.3333333333333	77.4025503514098	0	77.4025503514098	DCA	280	84.6181699195628
385.714285714286	33.3333333333333	77.0239211356628	0	77.0239211356628	DCA	140	86.9977269998252
400	33.3333333333333	76.8438236156978	0	76.8438236156978	DCA	210	87.030035351877
414.285714285714	33.3333333333333	78.2530601420325	0	78.2530601420325	DCA	0	78.2530601420325
428.571428571429	33.3333333333333	79.3145667124527	0	79.3145667124527	DCA	140	89.2883725766151
442.857142857143	33.3333333333333	81.9813623458635	0	81.9813623458635	DCA	210	92.1675740820427
457.142857142857	33.3333333333333	81.1028040387174	0	81.1028040387174	DCA	0	81.1028040387174
471.428571428571	33.3333333333333	80.4882196432278	0	80.4882196432278	DCA	0	80.4882196432278
485.714285714286	33.3333333333333	80.9798385624351	0	80.9798385624351	DCA	280	88.1954581305881
500	33.3333333333333	87.1228525505574	0	87.1228525505574	DCA	280	94.3384721187104
514.285714285714	33.3333333333333	87.0724863587736	24.6	111.672486358774	DCA	0	111.672486358774
528.571428571429	33.3333333333333	80.8668877421679	24.6	105.466887742168	DCA	280	136.101707310321
542.857142857143	33.3333333333333	82.3380437183487	24.6	106.938043718349	DCA	280	137.572863286502
557.142857142857	33.3333333333333	81.4499621260517	24.6	106.049962126052	DCA	280	136.684781694205
571.428571428571	33.3333333333333	83.0748801582676	24.6	107.674880158268	DCA	280	138.309699726421
585.714285714286	33.3333333333333	82.5935428597821	24.6	107.193542859782	DCA	70	119.626744811885
600	33.3333333333333	78.7075099589059	24.6	103.307509958906	DCA	210	131.058121695085
614.285714285714	33.3333333333333	80.7485563446448	24.6	105.348556344645	DCA	280	135.983375912798
628.571428571429	33.3333333333333	79.2419793927	24.6	103.8419793927	DCA	280	134.476798960853
642.857142857143	33.3333333333333	78.9265174856363	24.6	103.526517485636	DCA	140	125.209923349799
657.142857142857	33.3333333333333	79.0014234226753	24.6	103.601423422675	DCA	0	103.601423422675
671.428571428571	33.3333333333333	79.3572452958498	24.6	103.95724529585	DCA	280	134.592064864003
685.714285714286	33.3333333333333	78.4461969007175	24.6	103.046196900717	DCA	210	130.796808636897
700	33.3333333333333	80.2623010624029	24.6	104.862301062403	DCA	70	117.295503014506
714.285714285714	33.3333333333333	83.9502415563487	24.6	108.550241556349	DCA	0	108.550241556349
728.571428571429	33.3333333333333	80.2676729346709	24.6	104.867672934671	DCA	280	135.502492502824
742.857142857143	33.3333333333333	76.7970337491083	24.6	101.397033749108	DCA	280	132.031853317261
757.142857142857	33.3333333333333	80.2539498694667	24.6	104.853949869467	DCA	70	117.287151821569
771.428571428571	33.3333333333333	77.1303080331215	24.6	101.730308033122	DCA	0	101.730308033122
785.714285714286	33.3333333333333	76.885747788566	24.6	101.485747788566	DCA	70	113.918949740669
800	33.3333333333333	79.3223314038954	24.6	103.922331403895	DCA	140	125.605737268058
814.285714285714	33.3333333333333	77.3998149030254	24.6	101.999814903025	DCA	0	101.999814903025
828.571428571429	33.3333333333333	80.6096221608182	24.6	105.209622160818	DCA	210	132.960233896997
842.857142857143	33.3333333333333	81.6344778092364	24.6	106.234477809236	DCA	70	118.667679761339
857.142857142857	33.3333333333333	83.4625298490851	24.6	108.062529849085	DCA	280	138.697349417238
871.428571428571	33.3333333333333	79.9349542406776	24.6	104.534954240678	DCA	70	116.96815619278
885.714285714286	33.3333333333333	79.8038630492521	24.6	104.403863049252	DCA	140	126.087268913414
900	33.3333333333333	78.7095552310834	24.6	103.309555231083	DCA	210	131.060166967263
914.285714285714	33.3333333333333	79.5672193927352	24.6	104.167219392735	DCA	280	134.802038960888
928.571428571429	33.3333333333333	77.4873462517229	24.6	102.087346251723	DCA	140	123.770752115885
942.857142857143	33.3333333333333	79.8487541898547	24.6	104.448754189855	DCA	210	132.199365926034
957.142857142857	33.3333333333333	80.5594372887039	24.6	105.159437288704	DCA	70	117.592639240807
971.428571428571	33.3333333333333	82.497781650618	24.6	107.097781650618	DCA	210	134.848393386797
985.714285714286	33.3333333333333	78.7677477878892	24.6	103.367747787889	DCA	140	125.051153652052
1000	33.3333333333333	75.2909641996295	24.6	99.8909641996295	DCA	0	99.8909641996295
0	66.6666666666667	80.0834467244339	0	80.0834467244339	DCA	70	86.6618486765366
14.2857142857143	66.6666666666667	82.4286015144317	0	82.4286015144317	DCA	280	89.6442210825848
28.5714285714286	66.6666666666667	82.5595383213506	0	82.5595383213506	DCA	210	92.7457500575298
42.8571428571429	66.6666666666667	81.8367011984117	0	81.8367011984117	DCA	280	89.0523207665647
57.1428571428571	66.6666666666667	80.6968037309934	0	80.6968037309934	DCA	140	90.6706095951558
71.4285714285714	66.6666666666667	79.33179021083	0	79.33179021083	DCA	280	86.547409778983
85.7142857142857	66.6666666666667	77.7085909809585	0	77.7085909809585	DCA	70	84.2869929330611
100	66.6666666666667	73.5866390513544	0	73.5866390513544	DCA	280	80.8022586195075
114.285714285714	66.6666666666667	77.9238228973254	0	77.9238228973254	DCA	0	77.9238228973254
128.571428571429	66.6666666666667	76.8165150051899	0	76.8165150051899	DCA	210	87.0027267413691
142.857142857143	66.6666666666667	80.1339764004052	0	80.1339764004052	DCA	70	86.7123783525078
157.142857142857	66.6666666666667	78.3494400154824	0	78.3494400154824	DCA	0	78.3494400154824
171.428571428571	66.6666666666667	80.1977162481513	0	80.1977162481513	DCA	0	80.1977162481513
185.714285714286	66.6666666666667	76.1095553365264	0	76.1095553365264	DCA	0	76.1095553365264
200	66.6666666666667	82.0141835694623	0	82.0141835694623	DCA	70	88.592585521565
214.285714285714	66.6666666666667	78.6796280947527	0	78.6796280947527	DCA	70	85.2580300468554
228.571428571429	66.6666666666667	81.9494502721762	0	81.9494502721762	DCA	140	91.9232561363386
242.857142857143	66.6666666666667	81.7242091085949	0	81.7242091085949	DCA	140	91.6980149727573
257.142857142857	66.6666666666667	84.508634452986	0	84.508634452986	DCA	70	91.0870364050887
271.428571428571	66.6666666666667	81.7724952057039	0	81.7724952057039	DCA	280	88.9881147738569
285.714285714286	66.6666666666667	82.1707910314107	0	82.1707910314107	DCA	280	89.3864105995637
300	66.6666666666667	81.2058924368021	0	81.2058924368021	DCA	210	91.3921041729813
314.285714285714	66.6666666666667	81.0376207035897	0	81.0376207035897	DCA	70	87.6160226556924
328.571428571429	66.6666666666667	86.1439193140552	0	86.1439193140552	DCA	140	96.1177251782176
342.857142857143	66.6666666666667	81.2709477747969	0	81.2709477747969	DCA	280	88.4865673429499
357.142857142857	66.6666666666667	79.6807470750674	0	79.6807470750674	DCA	0	79.6807470750674
371.428571428571	66.6666666666667	78.6813975749423	0	78.6813975749423	DCA	210	88.8676093111215
385.714285714286	66.6666666666667	79.5210202422425	0	79.5210202422425	DCA	140	89.4948261064049
400	66.6666666666667	79.7831604172427	0	79.7831604172427	DCA	280	86.9987799853957
414.285714285714	66.6666666666667	76.6087421640506	0	76.6087421640506	DCA	210	86.7949539002298
428.571428571429	66.6666666666667	79.9930644423556	0	79.9930644423556	DCA	0	79.9930644423556
442.857142857143	66.6666666666667	79.5342500926728	0	79.5342500926728	DCA	280	86.7498696608258
457.142857142857	66.6666666666667	78.5002001008125	0	78.5002001008125	DCA	140	88.4740059649749
471.428571428571	66.6666666666667	78.867836534448	0	78.867836534448	DCA	280	86.083456102601
485.714285714286	66.6666666666667	77.4667984802256	0	77.4667984802256	DCA	210	87.6530102164048
500	66.6666666666667	81.8801684642456	0	81.8801684642456	DCA	70	88.4585704163483
514.285714285714	66.6666666666667	81.416624999667	24.6	106.016624999667	DCA	280	136.65144456782
528.571428571429	66.6666666666667	85.1365163344426	24.6	109.736516334443	DCA	210	137.487128070622
542.857142857143	66.6666666666667	82.8853472794707	24.6	107.485347279471	DCA	280	138.120166847624
557.142857142857	66.6666666666667	81.4300083076626	24.6	106.030008307663	DCA	70	118.463210259765
571.428571428571	66.6666666666667	80.0309426470584	24.6	104.630942647058	DCA	70	117.064144599161
585.714285714286	66.6666666666667	79.9926810410373	24.6	104.592681041037	DCA	0	104.592681041037
600	66.6666666666667	80.804940377599	24.6	105.404940377599	DCA	0	105.404940377599
614.285714285714	66.6666666666667	79.9638390921722	24.6	104.563839092172	DCA	210	132.314450828351
628.571428571429	66.6666666666667	82.8449518530847	24.6	107.444951853085	DCA	70	119.878153805187
642.857142857143	66.6666666666667	78.8669776447012	24.6	103.466977644701	DCA	210	131.21758938088
657.142857142857	66.6666666666667	79.0617015315022	24.6	103.661701531502	DCA	280	134.296521099655
671.428571428571	66.6666666666667	79.5740864814286	24.6	104.174086481429	DCA	280	134.808906049582
685.714285714286	66.6666666666667	80.8188019664973	24.6	105.418801966497	DCA	0	105.418801966497
700	66.6666666666667	76.4798490132019	24.6	101.079849013202	DCA	210	128.830460749381
714.285714285714	66.6666666666667	77.6097185838703	24.6	102.20971858387	DCA	70	114.642920535973
728.571428571429	66.6666666666667	78.6190868063577	24.6	103.219086806358	DCA	0	103.219086806358
742.857142857143	66.6666666666667	76.810302568434	24.6	101.410302568434	DCA	280	132.045122136587
757.142857142857	66.6666666666667	78.9412501544485	24.6	103.541250154448	DCA	140	125.224656018611
771.428571428571	66.6666666666667	76.7249660975451	24.6	101.324966097545	DCA	70	113.758168049648
785.714285714286	66.6666666666667	75.217341495758	24.6	99.817341495758	DCA	210	127.567953231937
800	66.6666666666667	78.791401231326	24.6	103.391401231326	DCA	140	125.074807095488
814.285714285714	66.6666666666667	81.0783670434564	24.6	105.678367043456	DCA	70	118.111568995559
828.571428571429	66.6666666666667	81.1347710369229	24.6	105.734771036923	DCA	70	118.167972989026
842.857142857143	66.6666666666667	77.8131664712562	24.6	102.413166471256	DCA	140	124.096572335419
857.142857142857	66.6666666666667	77.1609352366726	24.6	101.760935236673	DCA	210	129.511546972852
871.428571428571	66.6666666666667	84.2709376332533	24.6	108.870937633253	DCA	0	108.870937633253
885.714285714286	66.6666666666667	80.2699303928411	24.6	104.869930392841	DCA	210	132.62054212902
900	66.6666666666667	82.0819849692174	24.6	106.681984969217	DCA	140	128.36539083338
914.285714285714	66.6666666666667	85.3054996254246	24.6	109.905499625425	DCA	140	131.588905489587
928.571428571429	66.6666666666667	81.845347965585	24.6	106.445347965585	DCA	280	137.080167533738
942.857142857143	66.6666666666667	83.1074315727505	24.6	107.707431572751	DCA	210	135.45804330893
957.142857142857	66.6666666666667	80.5822662902377	24.6	105.182266290238	DCA	0	105.182266290238
971.428571428571	66.6666666666667	82.7566827458936	24.6	107.356682745894	DCA	0	107.356682745894
985.714285714286	66.6666666666667	80.7241585510046	24.6	105.324158551005	DCA	70	117.757360503107
1000	66.6666666666667	80.5072348940999	24.6	105.1072348941	DCA	0	105.1072348941
0	100	81.4297948632845	0	81.4297948632845	DCA	0	81.4297948632845
14.2857142857143	100	82.3794442898155	0	82.3794442898155	DCA	70	88.9578462419181
28.5714285714286	100	79.5730680317351	0	79.5730680317351	DCA	140	89.5468738958975
42.8571428571429	100	82.5056141052164	0	82.5056141052164	DCA	280	89.7212336733695
57.1428571428571	100	83.5020709225885	0	83.5020709225885	DCA	70	90.0804728746912
71.4285714285714	100	86.2314404107509	0	86.2314404107509	DCA	0	86.2314404107509
85.7142857142857	100	85.3042697510924	0	85.3042697510924	DCA	0	85.3042697510924
100	100	83.1543783013407	0	83.1543783013407	DCA	140	93.1281841655031
114.285714285714	100	81.4454791601936	0	81.4454791601936	DCA	140	91.419285024356
128.571428571429	100	81.3425198881192	0	81.3425198881192	DCA	70	87.9209218402219
142.857142857143	100	82.9933954402673	0	82.9933954402673	DCA	70	89.5717973923699
157.142857142857	100	77.3978469590332	0	77.3978469590332	DCA	70	83.9762489111358
171.428571428571	100	77.4488639613742	0	77.4488639613742	DCA	70	84.0272659134769
185.714285714286	100	81.1700088367862	0	81.1700088367862	DCA	70	87.7484107888888
200	100	79.7276993963105	0	79.7276993963105	DCA	0	79.7276993963105
214.285714285714	100	82.8477022680281	0	82.8477022680281	DCA	0	82.8477022680281
228.571428571429	100	80.8934859033624	0	80.8934859033624	DCA	280	88.1091054715155
242.857142857143	100	82.4701837235207	0	82.4701837235207	DCA	280	89.6858032916737
257.142857142857	100	82.8035912955394	0	82.8035912955394	DCA	70	89.3819932476421
271.428571428571	100	82.6355072903716	0	82.6355072903716	DCA	140	92.609313154534
285.714285714286	100	81.443568902833	0	81.443568902833	DCA	70	88.0219708549357
300	100	83.4553219322487	0	83.4553219322487	DCA	210	93.6415336684279
314.285714285714	100	81.445094561893	0	81.445094561893	DCA	70	88.0234965139957
328.571428571429	100	81.6034023758113	0	81.6034023758113	DCA	210	91.7896141119905
342.857142857143	100	81.5904791611374	0	81.5904791611374	DCA	0	81.5904791611374
357.142857142857	100	81.2560720774729	0	81.2560720774729	DCA	210	91.4422838136521
371.428571428571	100	81.4930505318501	0	81.4930505318501	DCA	210	91.6792622680293
385.714285714286	100	80.1642837617919	0	80.1642837617919	DCA	70	86.7426857138946
400	100	77.7883559145532	0	77.7883559145532	DCA	140	87.7621617787156
414.285714285714	100	81.5495995720692	0	81.5495995720692	DCA	0	81.5495995720692
428.571428571429	100	79.5033626396712	0	79.5033626396712	DCA	210	89.6895743758504
442.857142857143	100	83.660892608284	0	83.660892608284	DCA	210	93.8471043444632
457.142857142857	100	78.6863495596015	0	78.6863495596015	DCA	0	78.6863495596015
471.428571428571	100	78.2221796856346	0	78.2221796856346	DCA	210	88.4083914218138
485.714285714286	100	85.069321072824	0	85.069321072824	DCA	0	85.069321072824
500	100	83.3488389124118	0	83.3488389124118	DCA	210	93.5350506485911
514.285714285714	100	84.1805284615206	24.6	108.780528461521	DCA	70	121.213730413623
528.571428571429	100	83.0989022186101	24.6	107.69890221861	DCA	140	129.382308082772
542.857142857143	100	83.9015408626612	24.6	108.501540862661	DCA	140	130.184946726824
557.142857142857	100	79.6148868895158	24.6	104.214886889516	DCA	210	131.965498625695
571.428571428571	100	82.7834298711058	24.6	107.383429871106	DCA	210	135.134041607285
585.714285714286	100	82.0384841629898	24.6	106.63848416299	DCA	0	106.63848416299
600	100	82.2682950484123	24.6	106.868295048412	DCA	210	134.618906784591
614.285714285714	100	82.6374068321048	24.6	107.237406832105	DCA	210	134.988018568284
628.571428571429	100	81.3002938955097	24.6	105.90029389551	DCA	70	118.333495847612
642.857142857143	100	79.1681906712432	24.6	103.768190671243	DCA	210	131.518802407422
657.142857142857	100	81.4201267064352	24.6	106.020126706435	DCA	280	136.654946274588
671.428571428571	100	80.0287287044301	24.6	104.62872870443	DCA	210	132.379340440609
685.714285714286	100	81.7405813258353	24.6	106.340581325835	DCA	70	118.773783277938
700	100	81.647850667278	24.6	106.247850667278	DCA	140	127.93125653144
714.285714285714	100	76.6250283303526	24.6	101.225028330353	DCA	70	113.658230282455
728.571428571429	100	77.4380473383042	24.6	102.038047338304	DCA	70	114.471249290407
742.857142857143	100	83.6075644480306	24.6	108.207564448031	DCA	0	108.207564448031
757.142857142857	100	79.524698320711	24.6	104.124698320711	DCA	280	134.759517888864
771.428571428571	100	77.5261826854422	24.6	102.126182685442	DCA	140	123.809588549605
785.714285714286	100	79.9097054696105	24.6	104.50970546961	DCA	210	132.26031720579
800	100	76.5313632808951	24.6	101.131363280895	DCA	210	128.881975017074
814.285714285714	100	78.8667242953299	24.6	103.46672429533	DCA	0	103.46672429533
828.571428571429	100	82.6679089123786	24.6	107.267908912379	DCA	280	137.902728480532
842.857142857143	100	81.8682117946082	24.6	106.468211794608	DCA	140	128.151617658771
857.142857142857	100	81.5614791339494	24.6	106.161479133949	DCA	210	133.912090870129
871.428571428571	100	83.2657533149154	24.6	107.865753314915	DCA	140	129.549159179078
885.714285714286	100	84.5797479154904	24.6	109.17974791549	DCA	280	139.814567483643
900	100	81.2201712509593	24.6	105.820171250959	DCA	140	127.503577115122
914.285714285714	100	81.4234522064285	24.6	106.023452206428	DCA	210	133.774063942608
928.571428571429	100	79.5151385320019	24.6	104.115138532002	DCA	210	131.865750268181
942.857142857143	100	77.108809905126	24.6	101.708809905126	DCA	0	101.708809905126
957.142857142857	100	75.7099597017088	24.6	100.309959701709	DCA	70	112.743161653811
971.428571428571	100	81.9452439866365	24.6	106.545243986636	DCA	70	118.978445938739
985.714285714286	100	81.7274935043794	24.6	106.327493504379	DCA	70	118.760695456482
1000	100	79.4597812658808	24.6	104.059781265881	DCA	140	125.743187130043
0	133.333333333333	80.9145886902526	0	80.9145886902526	DCA	140	90.888394554415
14.2857142857143	133.333333333333	81.5101795472854	0	81.5101795472854	DCA	140	91.4839854114478
28.5714285714286	133.333333333333	78.4242367218694	0	78.4242367218694	DCA	140	88.3980425860319
42.8571428571429	133.333333333333	81.0557038050425	0	81.0557038050425	DCA	0	81.0557038050425
57.1428571428571	133.333333333333	80.8039545335663	0	80.8039545335663	DCA	280	88.0195741017193
71.4285714285714	133.333333333333	84.2805962138472	0	84.2805962138472	DCA	140	94.2544020780096
85.7142857142857	133.333333333333	86.0401286827147	0	86.0401286827147	DCA	280	93.2557482508677
100	133.333333333333	87.2596994893332	0	87.2596994893332	DCA	0	87.2596994893332
114.285714285714	133.333333333333	90.0033790545032	0	90.0033790545032	DCA	0	90.0033790545032
128.571428571429	133.333333333333	85.3193377880862	0	85.3193377880862	DCA	280	92.5349573562392
142.857142857143	133.333333333333	84.8560896154013	0	84.8560896154013	DCA	0	84.8560896154013
157.142857142857	133.333333333333	84.4495985511097	0	84.4495985511097	DCA	140	94.4234044152721
171.428571428571	133.333333333333	82.5231463972715	0	82.5231463972715	DCA	140	92.4969522614339
185.714285714286	133.333333333333	83.0049632899441	0	83.0049632899441	DCA	70	89.5833652420468
200	133.333333333333	80.7139921844304	0	80.7139921844304	DCA	280	87.9296117525834
214.285714285714	133.333333333333	77.8873136772766	0	77.8873136772766	DCA	210	88.0735254134558
228.571428571429	133.333333333333	78.8134046232487	0	78.8134046232487	DCA	70	85.3918065753513
242.857142857143	133.333333333333	85.3398402804805	0	85.3398402804805	DCA	0	85.3398402804805
257.142857142857	133.333333333333	82.6146354857119	0	82.6146354857119	DCA	280	89.8302550538649
271.428571428571	133.333333333333	81.3253628673084	0	81.3253628673084	DCA	0	81.3253628673084
285.714285714286	133.333333333333	79.7582368442408	0	79.7582368442408	DCA	280	86.9738564123938
300	133.333333333333	80.4897367704438	0	80.4897367704438	DCA	0	80.4897367704438
314.285714285714	133.333333333333	81.6487752625032	0	81.6487752625032	DCA	0	81.6487752625032
328.571428571429	133.333333333333	79.5120796953266	0	79.5120796953266	DCA	210	89.6982914315058
342.857142857143	133.333333333333	81.8373116196838	0	81.8373116196838	DCA	70	88.4157135717865
357.142857142857	133.333333333333	80.3451631301624	0	80.3451631301624	DCA	70	86.9235650822651
371.428571428571	133.333333333333	76.3999231098774	0	76.3999231098774	DCA	280	83.6155426780305
385.714285714286	133.333333333333	78.4361896696046	0	78.4361896696046	DCA	140	88.409995533767
400	133.333333333333	76.9929300929677	0	76.9929300929677	DCA	70	83.5713320450704
414.285714285714	133.333333333333	80.2539953939465	0	80.2539953939465	DCA	140	90.2278012581089
428.571428571429	133.333333333333	76.2021018275655	0	76.2021018275655	DCA	280	83.4177213957186
442.857142857143	133.333333333333	82.7972318487432	0	82.7972318487432	DCA	140	92.7710377129056
457.142857142857	133.333333333333	84.0986768678076	0	84.0986768678076	DCA	0	84.0986768678076
471.428571428571	133.333333333333	85.4007634079643	0	85.4007634079643	DCA	0	85.4007634079643
485.714285714286	133.333333333333	84.0542266450196	0	84.0542266450196	DCA	280	91.2698462131727
500	133.333333333333	87.0049366113729	0	87.0049366113729	DCA	0	87.0049366113729
514.285714285714	133.333333333333	83.7821257936672	24.6	108.382125793667	DCA	140	130.06553165783
528.571428571429	133.333333333333	85.8971466684758	24.6	110.497146668476	DCA	140	132.180552532638
542.857142857143	133.333333333333	82.0479066462556	24.6	106.647906646256	DCA	210	134.398518382435
557.142857142857	133.333333333333	80.6551284269742	24.6	105.255128426974	DCA	70	117.688330379077
571.428571428571	133.333333333333	84.5392117859939	24.6	109.139211785994	DCA	280	139.774031354147
585.714285714286	133.333333333333	84.4099754876243	24.6	109.009975487624	DCA	70	121.443177439727
600	133.333333333333	87.8469211564663	24.6	112.446921156466	DCA	70	124.880123108569
614.285714285714	133.333333333333	84.993378496232	24.6	109.593378496232	DCA	280	140.228198064385
628.571428571429	133.333333333333	79.3484759664851	24.6	103.948475966485	DCA	210	131.699087702664
642.857142857143	133.333333333333	78.9930301374081	24.6	103.593030137408	DCA	140	125.276436001571
657.142857142857	133.333333333333	81.5363599062894	24.6	106.136359906289	DCA	210	133.886971642469
671.428571428571	133.333333333333	79.7764818649916	24.6	104.376481864992	DCA	140	126.059887729154
685.714285714286	133.333333333333	81.7662291198426	24.6	106.366229119843	DCA	210	134.116840856022
700	133.333333333333	82.6630243399583	24.6	107.263024339958	DCA	140	128.946430204121
714.285714285714	133.333333333333	80.4155129153661	24.6	105.015512915366	DCA	70	117.448714867469
728.571428571429	133.333333333333	83.4220639618085	24.6	108.022063961809	DCA	0	108.022063961809
742.857142857143	133.333333333333	77.8376426163321	24.6	102.437642616332	DCA	0	102.437642616332
757.142857142857	133.333333333333	80.5247380587202	24.6	105.12473805872	DCA	140	126.808143922883
771.428571428571	133.333333333333	81.970654990507	24.6	106.570654990507	DCA	0	106.570654990507
785.714285714286	133.333333333333	80.6721008060948	24.6	105.272100806095	DCA	210	133.022712542274
800	133.333333333333	76.8744911949672	24.6	101.474491194967	DCA	140	123.15789705913
814.285714285714	133.333333333333	77.8611876672803	24.6	102.46118766728	DCA	280	133.096007235433
828.571428571429	133.333333333333	76.7796960257704	24.6	101.37969602577	DCA	0	101.37969602577
842.857142857143	133.333333333333	80.6412240167355	24.6	105.241224016736	DCA	70	117.674425968838
857.142857142857	133.333333333333	82.025512035058	24.6	106.625512035058	DCA	140	128.30891789922
871.428571428571	133.333333333333	83.4228443430608	24.6	108.022844343061	DCA	0	108.022844343061
885.714285714286	133.333333333333	82.3671214834503	24.6	106.96712148345	DCA	210	134.717733219629
900	133.333333333333	78.8718554693038	24.6	103.471855469304	DCA	140	125.155261333466
914.285714285714	133.333333333333	82.0140781773276	24.6	106.614078177328	DCA	280	137.248897745481
928.571428571429	133.333333333333	83.8432260310351	24.6	108.443226031035	DCA	140	130.126631895197
942.857142857143	133.333333333333	79.1454966538135	24.6	103.745496653814	DCA	210	131.496108389993
957.142857142857	133.333333333333	80.8339731273035	24.6	105.433973127304	DCA	70	117.867175079406
971.428571428571	133.333333333333	82.0541720302542	24.6	106.654172030254	DCA	0	106.654172030254
985.714285714286	133.333333333333	81.1536564011722	24.6	105.753656401172	DCA	210	133.504268137351
1000	133.333333333333	78.1781840417272	24.6	102.778184041727	DCA	0	102.778184041727
0	166.666666666667	82.9880542097416	0	82.9880542097416	DCA	140	92.961860073904
14.2857142857143	166.666666666667	82.32750275563	0	82.32750275563	DCA	210	92.5137144918092
28.5714285714286	166.666666666667	82.9858320612244	0	82.9858320612244	DCA	0	82.9858320612244
42.8571428571429	166.666666666667	82.8947695704865	0	82.8947695704865	DCA	70	89.4731715225892
57.1428571428571	166.666666666667	84.2652205178848	0	84.2652205178848	DCA	210	94.451432254064
71.4285714285714	166.666666666667	82.587411510567	0	82.587411510567	DCA	280	89.80303107872
85.7142857142857	166.666666666667	85.2863000483301	0	85.2863000483301	DCA	210	95.4725117845094
100	166.666666666667	84.4990832796087	0	84.4990832796087	DCA	210	94.6852950157879
114.285714285714	166.666666666667	86.5085213137557	0	86.5085213137557	DCA	210	96.6947330499349
128.571428571429	166.666666666667	88.6531403808501	0	88.6531403808501	DCA	70	95.2315423329528
142.857142857143	166.666666666667	87.9478396477253	0	87.9478396477253	DCA	210	98.1340513839045
157.142857142857	166.666666666667	82.8658231368507	0	82.8658231368507	DCA	210	93.0520348730299
171.428571428571	166.666666666667	85.6442912352097	0	85.6442912352097	DCA	210	95.8305029713889
185.714285714286	166.666666666667	83.7979633648238	0	83.7979633648238	DCA	140	93.7717692289862
200	166.666666666667	85.0047440812948	0	85.0047440812948	DCA	70	91.5831460333975
214.285714285714	166.666666666667	80.2886473158771	0	80.2886473158771	DCA	280	87.5042668840301
228.571428571429	166.666666666667	83.1183958487546	0	83.1183958487546	DCA	140	93.092201712917
242.857142857143	166.666666666667	81.227804257627	0	81.227804257627	DCA	280	88.44342382578
257.142857142857	166.666666666667	85.0882915567675	0	85.0882915567675	DCA	140	95.0620974209299
271.428571428571	166.666666666667	81.6126604765064	0	81.6126604765064	DCA	280	88.8282800446595
285.714285714286	166.666666666667	80.7267084049073	0	80.7267084049073	DCA	70	87.30511035701
300	166.666666666667	79.8026834085753	0	79.8026834085753	DCA	70	86.381085360678
314.285714285714	166.666666666667	77.6588776360798	0	77.6588776360798	DCA	210	87.845089372259
328.571428571429	166.666666666667	80.6910082810754	0	80.6910082810754	DCA	0	80.6910082810754
342.857142857143	166.666666666667	81.3468749565998	0	81.3468749565998	DCA	140	91.3206808207622
357.142857142857	166.666666666667	79.9605983431574	0	79.9605983431574	DCA	210	90.1468100793366
371.428571428571	166.666666666667	78.1581919423915	0	78.1581919423915	DCA	210	88.3444036785707
385.714285714286	166.666666666667	79.9576342154456	0	79.9576342154456	DCA	280	87.1732537835986
400	166.666666666667	79.1433245523862	0	79.1433245523862	DCA	210	89.3295362885654
414.285714285714	166.666666666667	80.8350171502024	0	80.8350171502024	DCA	210	91.0212288863816
428.571428571429	166.666666666667	75.8892872259714	0	75.8892872259714	DCA	140	85.8630930901338
442.857142857143	166.666666666667	80.5736738791256	0	80.5736738791256	DCA	140	90.547479743288
457.142857142857	166.666666666667	82.8151075720008	0	82.8151075720008	DCA	70	89.3935095241035
471.428571428571	166.666666666667	82.1168476311612	0	82.1168476311612	DCA	140	92.0906534953236
485.714285714286	166.666666666667	81.7359799021504	0	81.7359799021504	DCA	70	88.3143818542531
500	166.666666666667	78.927093057992	0	78.927093057992	DCA	280	86.1427126261451
514.285714285714	166.666666666667	82.178640856528	24.6	106.778640856528	DCA	0	106.778640856528
528.571428571429	166.666666666667	82.1434838128662	24.6	106.743483812866	DCA	140	128.426889677029
542.857142857143	166.666666666667	83.2744796140712	24.6	107.874479614071	DCA	280	138.509299182224
557.142857142857	166.666666666667	82.2303289177802	24.6	106.83032891778	DCA	140	128.513734781943
571.428571428571	166.666666666667	81.3943823774227	24.6	105.994382377423	DCA	70	118.427584329525
585.714285714286	166.666666666667	79.507945349869	24.6	104.107945349869	DCA	0	104.107945349869
600	166.666666666667	84.9575020315541	24.6	109.557502031554	DCA	210	137.308113767733
614.285714285714	166.666666666667	80.3980343283939	24.6	104.998034328394	DCA	70	117.431236280497
628.571428571429	166.666666666667	83.189695417262	24.6	107.789695417262	DCA	280	138.424514985415
642.857142857143	166.666666666667	85.1295113078223	24.6	109.729511307822	DCA	140	131.412917171985
657.142857142857	166.666666666667	89.4279618148292	24.6	114.027961814829	DCA	0	114.027961814829
671.428571428571	166.666666666667	82.7720197457383	24.6	107.372019745738	DCA	0	107.372019745738
685.714285714286	166.666666666667	85.0729756999334	24.6	109.672975699933	DCA	210	137.423587436113
700	166.666666666667	86.3125693445499	24.6	110.91256934455	DCA	0	110.91256934455
714.285714285714	166.666666666667	82.9263312278886	24.6	107.526331227889	DCA	140	129.209737092051
728.571428571429	166.666666666667	81.2725582007931	24.6	105.872558200793	DCA	280	136.507377768946
742.857142857143	166.666666666667	84.3612903469685	24.6	108.961290346969	DCA	140	130.644696211131
757.142857142857	166.666666666667	78.0072774970238	24.6	102.607277497024	DCA	210	130.357889233203
771.428571428571	166.666666666667	83.388379495587	24.6	107.988379495587	DCA	140	129.671785359749
785.714285714286	166.666666666667	82.4296168768305	24.6	107.029616876831	DCA	280	137.664436444984
800	166.666666666667	82.1455866918468	24.6	106.745586691847	DCA	140	128.428992556009
814.285714285714	166.666666666667	79.987062368978	24.6	104.587062368978	DCA	280	135.221881937131
828.571428571429	166.666666666667	81.2235031152486	24.6	105.823503115249	DCA	140	127.506908979411
842.857142857143	166.666666666667	82.8269702226794	24.6	107.426970222679	DCA	140	129.110376086842
857.142857142857	166.666666666667	82.5867947623012	24.6	107.186794762301	DCA	70	119.619996714404
871.428571428571	166.666666666667	79.6953992430536	24.6	104.295399243054	DCA	280	134.930218811207
885.714285714286	166.666666666667	79.4787117893627	24.6	104.078711789363	DCA	210	131.829323525542
900	166.666666666667	80.7722950952837	24.6	105.372295095284	DCA	70	117.805497047386
914.285714285714	166.666666666667	80.1400858355793	24.6	104.740085835579	DCA	140	126.423491699742
928.571428571429	166.666666666667	79.3896870484907	24.6	103.989687048491	DCA	210	131.74029878467
942.857142857143	166.666666666667	81.6700967012039	24.6	106.270096701204	DCA	210	134.020708437383
957.142857142857	166.666666666667	82.9050412172126	24.6	107.505041217213	DCA	140	129.188447081375
971.428571428571	166.666666666667	83.273195766724	24.6	107.873195766724	DCA	210	135.623807502903
985.714285714286	166.666666666667	79.0266599687647	24.6	103.626659968765	DCA	280	134.261479536918
1000	166.666666666667	80.0404296238436	24.6	104.640429623844	DCA	70	117.073631575946
0	200	81.7356071922581	0	81.7356071922581	DCA	140	91.7094130564205
14.2857142857143	200	82.1278466915381	0	82.1278466915381	DCA	280	89.3434662596912
28.5714285714286	200	85.3642110851429	0	85.3642110851429	DCA	140	95.3380169493053
42.8571428571429	200	82.0856924014799	0	82.0856924014799	DCA	210	92.2719041376591
57.1428571428571	200	83.2223832615894	0	83.2223832615894	DCA	280	90.4380028297424
71.4285714285714	200	83.8072272282587	0	83.8072272282587	DCA	0	83.8072272282587
85.7142857142857	200	83.1599942387972	0	83.1599942387972	DCA	210	93.3462059749764
100	200	83.7937651859146	0	83.7937651859146	DCA	0	83.7937651859146
114.285714285714	200	85.4146564591832	0	85.4146564591832	DCA	280	92.6302760273363
128.571428571429	200	82.2593044466748	0	82.2593044466748	DCA	210	92.445516182854
142.857142857143	200	81.0360771270309	0	81.0360771270309	DCA	140	91.0098829911934
157.142857142857	200	85.8292214334472	0	85.8292214334472	DCA	280	93.0448410016003
171.428571428571	200	86.8869272518926	0	86.8869272518926	DCA	210	97.0731389880718
185.714285714286	200	83.588829021511	0	83.588829021511	DCA	280	90.804448589664
200	200	84.5807271485988	0	84.5807271485988	DCA	140	94.5545330127612
214.285714285714	200	81.1473407037285	0	81.1473407037285	DCA	210	91.3335524399077
228.571428571429	200	79.3224892064193	0	79.3224892064193	DCA	70	85.9008911585219
242.857142857143	200	77.2630968067379	0	77.2630968067379	DCA	140	87.2369026709003
257.142857142857	200	80.7390871135493	0	80.7390871135493	DCA	280	87.9547066817023
271.428571428571	200	84.1636431654873	0	84.1636431654873	DCA	70	90.74204511759
285.714285714286	200	83.8798212437343	0	83.8798212437343	DCA	0	83.8798212437343
300	200	82.8288464664066	0	82.8288464664066	DCA	280	90.0444660345597
314.285714285714	200	84.8544938601233	0	84.8544938601233	DCA	210	95.0407055963025
328.571428571429	200	83.1737954671802	0	83.1737954671802	DCA	140	93.1476013313426
342.857142857143	200	82.9247473632785	0	82.9247473632785	DCA	210	93.1109590994577
357.142857142857	200	82.2685789327968	0	82.2685789327968	DCA	0	82.2685789327968
371.428571428571	200	80.0228505673191	0	80.0228505673191	DCA	0	80.0228505673191
385.714285714286	200	78.3961623296064	0	78.3961623296064	DCA	280	85.6117818977594
400	200	78.7494444188113	0	78.7494444188113	DCA	0	78.7494444188113
414.285714285714	200	78.2882782848757	0	78.2882782848757	DCA	140	88.2620841490381
428.571428571429	200	80.0446850701461	0	80.0446850701461	DCA	280	87.2603046382992
442.857142857143	200	81.3044136775367	0	81.3044136775367	DCA	140	91.2782195416991
457.142857142857	200	79.6948277917034	0	79.6948277917034	DCA	210	89.8810395278826
471.428571428571	200	79.5094019168319	0	79.5094019168319	DCA	0	79.5094019168319
485.714285714286	200	78.8179132014534	0	78.8179132014534	DCA	70	85.3963151535561
500	200	77.4119483134941	0	77.4119483134941	DCA	70	83.9903502655968
514.285714285714	200	80.4598584240033	24.6	105.059858424003	DCA	0	105.059858424003
528.571428571429	200	82.7007816059473	24.6	107.300781605947	DCA	280	137.9356011741
542.857142857143	200	77.6537659499048	24.6	102.253765949905	DCA	280	132.888585518058
557.142857142857	200	77.5419353272771	24.6	102.141935327277	DCA	280	132.77675489543
571.428571428571	200	77.8729316492471	24.6	102.472931649247	DCA	140	124.15633751341
585.714285714286	200	80.0511181170625	24.6	104.651118117062	DCA	140	126.334523981225
600	200	80.4264100772951	24.6	105.026410077295	DCA	140	126.709815941457
614.285714285714	200	81.9397401271176	24.6	106.539740127118	DCA	140	128.22314599128
628.571428571429	200	85.7511806347183	24.6	110.351180634718	DCA	280	140.986000202871
642.857142857143	200	83.851544789661	24.6	108.451544789661	DCA	0	108.451544789661
657.142857142857	200	82.4861744287808	24.6	107.086174428781	DCA	0	107.086174428781
671.428571428571	200	89.2996747846347	24.6	113.899674784635	DCA	280	144.534494352788
685.714285714286	200	86.0334938889214	24.6	110.633493888921	DCA	280	141.268313457074
700	200	87.2168866626219	24.6	111.816886662622	DCA	140	133.500292526784
714.285714285714	200	88.9033059301138	24.6	113.503305930114	DCA	0	113.503305930114
728.571428571429	200	84.0631552909262	24.6	108.663155290926	DCA	210	136.413767027105
742.857142857143	200	85.5349235813972	24.6	110.134923581397	DCA	0	110.134923581397
757.142857142857	200	82.5718834802152	24.6	107.171883480215	DCA	140	128.855289344378
771.428571428571	200	83.7245142322531	24.6	108.324514232253	DCA	280	138.959333800406
785.714285714286	200	82.9042884170352	24.6	107.504288417035	DCA	0	107.504288417035
800	200	83.1034964344374	24.6	107.703496434437	DCA	140	129.3869022986
814.285714285714	200	78.7649975290319	24.6	103.364997529032	DCA	70	115.798199481135
828.571428571429	200	81.2208351105645	24.6	105.820835110564	DCA	70	118.254037062667
842.857142857143	200	81.7382752656607	24.6	106.338275265661	DCA	70	118.771477217763
857.142857142857	200	80.3390226043544	24.6	104.939022604354	DCA	70	117.372224556457
871.428571428571	200	78.870090140963	24.6	103.470090140963	DCA	0	103.470090140963
885.714285714286	200	81.6721946404629	24.6	106.272194640463	DCA	0	106.272194640463
900	200	78.9146643995611	24.6	103.514664399561	DCA	0	103.514664399561
914.285714285714	200	77.4663628182581	24.6	102.066362818258	DCA	210	129.816974554437
928.571428571429	200	79.7530346069655	24.6	104.353034606966	DCA	70	116.786236559068
942.857142857143	200	78.9794507747869	24.6	103.579450774787	DCA	140	125.262856638949
957.142857142857	200	78.8823683627073	24.6	103.482368362707	DCA	140	125.16577422687
971.428571428571	200	77.304461430573	24.6	101.904461430573	DCA	140	123.587867294735
985.714285714286	200	82.7460228934753	24.6	107.346022893475	DCA	140	129.029428757638
1000	200	78.881173422905	24.6	103.481173422905	DCA	280	134.115992991058
0	233.333333333333	83.1295630296849	0	83.1295630296849	DCA	0	83.1295630296849
14.2857142857143	233.333333333333	87.9488704701569	0	87.9488704701569	DCA	210	98.1350822063362
28.5714285714286	233.333333333333	84.2981568946195	0	84.2981568946195	DCA	0	84.2981568946195
42.8571428571429	233.333333333333	83.7007200519016	0	83.7007200519016	DCA	210	93.8869317880808
57.1428571428571	233.333333333333	80.5980763807589	0	80.5980763807589	DCA	140	90.5718822449213
71.4285714285714	233.333333333333	81.4410015564077	0	81.4410015564077	DCA	70	88.0194035085104
85.7142857142857	233.333333333333	78.2469237954004	0	78.2469237954004	DCA	70	84.8253257475031
100	233.333333333333	83.9404410039375	0	83.9404410039375	DCA	0	83.9404410039375
114.285714285714	233.333333333333	83.1286187265803	0	83.1286187265803	DCA	210	93.3148304627595
128.571428571429	233.333333333333	83.1033351712379	0	83.1033351712379	DCA	70	89.6817371233406
142.857142857143	233.333333333333	79.1593337534032	0	79.1593337534032	DCA	0	79.1593337534032
157.142857142857	233.333333333333	81.8560174109906	0	81.8560174109906	DCA	280	89.0716369791436
171.428571428571	233.333333333333	81.4775870273668	0	81.4775870273668	DCA	210	91.663798763546
185.714285714286	233.333333333333	81.0999999853478	0	81.0999999853478	DCA	140	91.0738058495102
200	233.333333333333	80.8529900080797	0	80.8529900080797	DCA	0	80.8529900080797
214.285714285714	233.333333333333	79.8134168546853	0	79.8134168546853	DCA	210	89.9996285908645
228.571428571429	233.333333333333	81.3760276483132	0	81.3760276483132	DCA	280	88.5916472164662
242.857142857143	233.333333333333	79.389453755427	0	79.389453755427	DCA	0	79.389453755427
257.142857142857	233.333333333333	79.5104082522262	0	79.5104082522262	DCA	210	89.6966199884054
271.428571428571	233.333333333333	83.9190814798404	0	83.9190814798404	DCA	280	91.1347010479934
285.714285714286	233.333333333333	84.8082510080314	0	84.8082510080314	DCA	70	91.3866529601341
300	233.333333333333	86.1363418398381	0	86.1363418398381	DCA	140	96.1101477040005
314.285714285714	233.333333333333	80.3461919593101	0	80.3461919593101	DCA	210	90.5324036954893
328.571428571429	233.333333333333	84.3716874720588	0	84.3716874720588	DCA	140	94.3454933362212
342.857142857143	233.333333333333	86.078000643692	0	86.078000643692	DCA	0	86.078000643692
357.142857142857	233.333333333333	86.8849373562182	0	86.8849373562182	DCA	140	96.8587432203806
371.428571428571	233.333333333333	84.6828480372909	0	84.6828480372909	DCA	210	94.8690597734701
385.714285714286	233.333333333333	81.0742621823772	0	81.0742621823772	DCA	210	91.2604739185564
400	233.333333333333	83.121272731717	0	83.121272731717	DCA	0	83.121272731717
414.285714285714	233.333333333333	81.6333492275938	0	81.6333492275938	DCA	140	91.6071550917562
428.571428571429	233.333333333333	79.814215734086	0	79.814215734086	DCA	140	89.7880215982485
442.857142857143	233.333333333333	77.2541680141806	0	77.2541680141806	DCA	280	84.4697875823336
457.142857142857	233.333333333333	73.6102404853361	0	73.6102404853361	DCA	0	73.6102404853361
471.428571428571	233.333333333333	74.167532758971	0	74.167532758971	DCA	210	84.3537444951502
485.714285714286	233.333333333333	74.6782015028668	0	74.6782015028668	DCA	140	84.6520073670292
500	233.333333333333	76.1983694662684	0	76.1983694662684	DCA	280	83.4139890344214
514.285714285714	233.333333333333	74.9137297994004	24.6	99.5137297994004	DCA	280	130.148549367553
528.571428571429	233.333333333333	78.8250958338931	24.6	103.425095833893	DCA	70	115.858297785996
542.857142857143	233.333333333333	77.8141938424074	24.6	102.414193842407	DCA	210	130.164805578587
557.142857142857	233.333333333333	79.1988895345505	24.6	103.79888953455	DCA	280	134.433709102704
571.428571428571	233.333333333333	78.5342880860041	24.6	103.134288086004	DCA	0	103.134288086004
585.714285714286	233.333333333333	80.5556436617553	24.6	105.155643661755	DCA	70	117.588845613858
600	233.333333333333	83.144181115874	24.6	107.744181115874	DCA	0	107.744181115874
614.285714285714	233.333333333333	81.7519283286541	24.6	106.351928328654	DCA	280	136.986747896807
628.571428571429	233.333333333333	82.1895952297302	24.6	106.78959522973	DCA	210	134.540206965909
642.857142857143	233.333333333333	85.122452100448	24.6	109.722452100448	DCA	70	122.155654052551
657.142857142857	233.333333333333	84.1278254667857	24.6	108.727825466786	DCA	210	136.478437202965
671.428571428571	233.333333333333	82.8798691761531	24.6	107.479869176153	DCA	140	129.163275040316
685.714285714286	233.333333333333	84.0021044559293	24.6	108.602104455929	DCA	280	139.236924024082
700	233.333333333333	82.1992348359701	24.6	106.79923483597	DCA	0	106.79923483597
714.285714285714	233.333333333333	83.7861691033871	24.6	108.386169103387	DCA	70	120.81937105549
728.571428571429	233.333333333333	86.3969329795978	24.6	110.996932979598	DCA	210	138.747544715777
742.857142857143	233.333333333333	87.0482776551275	24.6	111.648277655127	DCA	0	111.648277655127
757.142857142857	233.333333333333	85.5529685748441	24.6	110.152968574844	DCA	140	131.836374439007
771.428571428571	233.333333333333	85.3367694156719	24.6	109.936769415672	DCA	0	109.936769415672
785.714285714286	233.333333333333	85.4404177507296	24.6	110.04041775073	DCA	210	137.791029486909
800	233.333333333333	82.5365345728516	24.6	107.136534572852	DCA	70	119.569736524954
814.285714285714	233.333333333333	85.3131974570205	24.6	109.91319745702	DCA	0	109.91319745702
828.571428571429	233.333333333333	80.3880711815907	24.6	104.988071181591	DCA	140	126.671477045753
842.857142857143	233.333333333333	82.6770521210083	24.6	107.277052121008	DCA	70	119.710254073111
857.142857142857	233.333333333333	83.1575772297851	24.6	107.757577229785	DCA	140	129.440983093948
871.428571428571	233.333333333333	78.0830521576255	24.6	102.683052157626	DCA	140	124.366458021788
885.714285714286	233.333333333333	77.0134103373431	24.6	101.613410337343	DCA	140	123.296816201505
900	233.333333333333	77.4420310288842	24.6	102.042031028884	DCA	70	114.475232980987
914.285714285714	233.333333333333	77.9010969845928	24.6	102.501096984593	DCA	280	133.135916552746
928.571428571429	233.333333333333	78.9539918549846	24.6	103.553991854985	DCA	280	134.188811423138
942.857142857143	233.333333333333	79.9133003684547	24.6	104.513300368455	DCA	280	135.148119936608
957.142857142857	233.333333333333	79.1740864353887	24.6	103.774086435389	DCA	70	116.207288387491
971.428571428571	233.333333333333	81.4111312579447	24.6	106.011131257945	DCA	210	133.761742994124
985.714285714286	233.333333333333	78.822364961182	24.6	103.422364961182	DCA	210	131.172976697361
1000	233.333333333333	80.5264780035892	24.6	105.126478003589	DCA	280	135.761297571742
0	266.666666666667	79.0682189228305	0	79.0682189228305	DCA	70	85.6466208749332
14.2857142857143	266.666666666667	81.601146471757	0	81.601146471757	DCA	70	88.1795484238597
28.5714285714286	266.666666666667	82.6974562693982	0	82.6974562693982	DCA	0	82.6974562693982
42.8571428571429	266.666666666667	81.6460167491943	0	81.6460167491943	DCA	210	91.8322284853735
57.1428571428571	266.666666666667	82.9034602246767	0	82.9034602246767	DCA	210	93.0896719608559
71.4285714285714	266.666666666667	83.0390649601993	0	83.0390649601993	DCA	0	83.0390649601993
85.7142857142857	266.666666666667	78.9658410062891	0	78.9658410062891	DCA	70	85.5442429583918
100	266.666666666667	79.3578977821031	0	79.3578977821031	DCA	140	89.3317036462655
114.285714285714	266.666666666667	79.9848350891096	0	79.9848350891096	DCA	0	79.9848350891096
128.571428571429	266.666666666667	82.6809039116236	0	82.6809039116236	DCA	140	92.654709775786
142.857142857143	266.666666666667	79.8987575449972	0	79.8987575449972	DCA	70	86.4771594970999
157.142857142857	266.666666666667	80.7122892241515	0	80.7122892241515	DCA	280	87.9279087923045
171.428571428571	266.666666666667	83.4852411149044	0	83.4852411149044	DCA	140	93.4590469790668
185.714285714286	266.666666666667	81.9666215437728	0	81.9666215437728	DCA	280	89.1822411119259
200	266.666666666667	76.8807878758	0	76.8807878758	DCA	140	86.8545937399624
214.285714285714	266.666666666667	77.6068787459784	0	77.6068787459784	DCA	70	84.1852806980811
228.571428571429	266.666666666667	82.2016524386784	0	82.2016524386784	DCA	280	89.4172720068314
242.857142857143	266.666666666667	78.3679691487647	0	78.3679691487647	DCA	140	88.3417750129271
257.142857142857	266.666666666667	82.798057925693	0	82.798057925693	DCA	70	89.3764598777957
271.428571428571	266.666666666667	80.8591993235354	0	80.8591993235354	DCA	280	88.0748188916884
285.714285714286	266.666666666667	82.1157981857268	0	82.1157981857268	DCA	70	88.6942001378295
300	266.666666666667	79.1084774934634	0	79.1084774934634	DCA	70	85.686879445566
314.285714285714	266.666666666667	80.0313099482125	0	80.0313099482125	DCA	140	90.0051158123749
328.571428571429	266.666666666667	78.6577715549608	0	78.6577715549608	DCA	0	78.6577715549608
342.857142857143	266.666666666667	81.1653021892688	0	81.1653021892688	DCA	70	87.7437041413715
357.142857142857	266.666666666667	80.3796814888223	0	80.3796814888223	DCA	210	90.5658932250015
371.428571428571	266.666666666667	81.7418381575828	0	81.7418381575828	DCA	0	81.7418381575828
385.714285714286	266.666666666667	84.7996344886224	0	84.7996344886224	DCA	140	94.7734403527848
400	266.666666666667	83.999460241613	0	83.999460241613	DCA	70	90.5778621937157
414.285714285714	266.666666666667	80.8052617500759	0	80.8052617500759	DCA	280	88.0208813182289
428.571428571429	266.666666666667	78.6044507289039	0	78.6044507289039	DCA	70	85.1828526810066
442.857142857143	266.666666666667	75.5410885537254	0	75.5410885537254	DCA	0	75.5410885537254
457.142857142857	266.666666666667	72.6796027674406	0	72.6796027674406	DCA	70	79.2580047195433
471.428571428571	266.666666666667	74.5391121121669	0	74.5391121121669	DCA	70	81.1175140642696
485.714285714286	266.666666666667	76.7647764005641	0	76.7647764005641	DCA	210	86.9509881367433
500	266.666666666667	75.294982035023	0	75.294982035023	DCA	0	75.294982035023
514.285714285714	266.666666666667	75.5435345427976	24.6	100.143534542798	DCA	0	100.143534542798
528.571428571429	266.666666666667	76.6322267451084	24.6	101.232226745108	DCA	280	131.867046313261
542.857142857143	266.666666666667	77.846038922044	24.6	102.446038922044	DCA	280	133.080858490197
557.142857142857	266.666666666667	78.4716614694692	24.6	103.071661469469	DCA	0	103.071661469469
571.428571428571	266.666666666667	78.3483812854164	24.6	102.948381285416	DCA	70	115.381583237519
585.714285714286	266.666666666667	80.1451023649184	24.6	104.745102364918	DCA	70	117.178304317021
600	266.666666666667	81.8273123956851	24.6	106.427312395685	DCA	140	128.110718259847
614.285714285714	266.666666666667	82.9085516807202	24.6	107.50855168072	DCA	70	119.941753632823
628.571428571429	266.666666666667	83.7444738762212	24.6	108.344473876221	DCA	140	130.027879740384
642.857142857143	266.666666666667	84.4599904904817	24.6	109.059990490482	DCA	140	130.743396354644
657.142857142857	266.666666666667	82.0020290550084	24.6	106.602029055008	DCA	0	106.602029055008
671.428571428571	266.666666666667	85.0569717146242	24.6	109.656971714624	DCA	210	137.407583450803
685.714285714286	266.666666666667	85.4421960865868	24.6	110.042196086587	DCA	70	122.475398038689
700	266.666666666667	80.1736118406805	24.6	104.773611840681	DCA	70	117.206813792783
714.285714285714	266.666666666667	83.8165045374433	24.6	108.416504537443	DCA	140	130.099910401606
728.571428571429	266.666666666667	81.3205089901837	24.6	105.920508990184	DCA	70	118.353710942286
742.857142857143	266.666666666667	82.7759853890853	24.6	107.375985389085	DCA	280	138.010804957238
757.142857142857	266.666666666667	81.247337471622	24.6	105.847337471622	DCA	210	133.597949207801
771.428571428571	266.666666666667	77.7205925535553	24.6	102.320592553555	DCA	210	130.071204289734
785.714285714286	266.666666666667	76.0939360804347	24.6	100.693936080435	DCA	0	100.693936080435
800	266.666666666667	77.4950298660551	24.6	102.095029866055	DCA	0	102.095029866055
814.285714285714	266.666666666667	80.0434362832334	24.6	104.643436283233	DCA	210	132.394048019413
828.571428571429	266.666666666667	79.4805841303998	24.6	104.0805841304	DCA	70	116.513786082502
842.857142857143	266.666666666667	84.2045611551445	24.6	108.804561155144	DCA	70	121.237763107247
857.142857142857	266.666666666667	83.3435106268527	24.6	107.943510626853	DCA	140	129.626916491015
871.428571428571	266.666666666667	82.4301086625936	24.6	107.030108662594	DCA	0	107.030108662594
885.714285714286	266.666666666667	79.9574145914726	24.6	104.557414591473	DCA	210	132.308026327652
900	266.666666666667	80.7737095368326	24.6	105.373709536833	DCA	280	136.008529104986
914.285714285714	266.666666666667	78.0467928803237	24.6	102.646792880324	DCA	0	102.646792880324
928.571428571429	266.666666666667	79.4069381718683	24.6	104.006938171868	DCA	280	134.641757740021
942.857142857143	266.666666666667	83.2284710489521	24.6	107.828471048952	DCA	210	135.579082785131
957.142857142857	266.666666666667	82.613768357917	24.6	107.213768357917	DCA	280	137.84858792607
971.428571428571	266.666666666667	77.8790121195789	24.6	102.479012119579	DCA	280	133.113831687732
985.714285714286	266.666666666667	84.1219383383529	24.6	108.721938338353	DCA	70	121.155140290456
1000	266.666666666667	82.3858592731238	24.6	106.985859273124	DCA	210	134.736471009303
0	300	76.6108109847304	0	76.6108109847304	DCA	0	76.6108109847304
14.2857142857143	300	79.82589609869	0	79.82589609869	DCA	280	87.0415156668431
28.5714285714286	300	83.2943393755454	0	83.2943393755454	DCA	280	90.5099589436984
42.8571428571429	300	82.761289056639	0	82.761289056639	DCA	70	89.3396910087417
57.1428571428571	300	83.9568211881487	0	83.9568211881487	DCA	0	83.9568211881487
71.4285714285714	300	84.0346304012733	0	84.0346304012733	DCA	0	84.0346304012733
85.7142857142857	300	82.2514413035997	0	82.2514413035997	DCA	70	88.8298432557024
100	300	86.3002853780184	0	86.3002853780184	DCA	0	86.3002853780184
114.285714285714	300	83.516864481711	0	83.516864481711	DCA	0	83.516864481711
128.571428571429	300	80.5729218908866	0	80.5729218908866	DCA	140	90.546727755049
142.857142857143	300	78.9344180767025	0	78.9344180767025	DCA	280	86.1500376448556
157.142857142857	300	82.6681512429732	0	82.6681512429732	DCA	0	82.6681512429732
171.428571428571	300	78.0065783765959	0	78.0065783765959	DCA	70	84.5849803286986
185.714285714286	300	80.5472612066691	0	80.5472612066691	DCA	70	87.1256631587718
200	300	81.48847236168	0	81.48847236168	DCA	0	81.48847236168
214.285714285714	300	79.9660940817052	0	79.9660940817052	DCA	280	87.1817136498583
228.571428571429	300	78.2589468819455	0	78.2589468819455	DCA	140	88.2327527461079
242.857142857143	300	81.8600239249506	0	81.8600239249506	DCA	280	89.0756434931036
257.142857142857	300	82.8875027808154	0	82.8875027808154	DCA	0	82.8875027808154
271.428571428571	300	83.7210349469206	0	83.7210349469206	DCA	280	90.9366545150736
285.714285714286	300	83.7244011235729	0	83.7244011235729	DCA	140	93.6982069877353
300	300	80.3910769839481	0	80.3910769839481	DCA	140	90.3648828481105
314.285714285714	300	83.8979752808903	0	83.8979752808903	DCA	70	90.476377232993
328.571428571429	300	82.9448281624885	0	82.9448281624885	DCA	210	93.1310398986677
342.857142857143	300	80.2051036740271	0	80.2051036740271	DCA	280	87.4207232421802
357.142857142857	300	84.7981964595656	0	84.7981964595656	DCA	280	92.0138160277187
371.428571428571	300	83.4760667658238	0	83.4760667658238	DCA	70	90.0544687179265
385.714285714286	300	84.5660868459916	0	84.5660868459916	DCA	140	94.539892710154
400	300	84.3227397888773	0	84.3227397888773	DCA	140	94.2965456530397
414.285714285714	300	80.5707937614057	0	80.5707937614057	DCA	210	90.7570054975849
428.571428571429	300	80.9949904783786	0	80.9949904783786	DCA	210	91.1812022145578
442.857142857143	300	77.4559122959639	0	77.4559122959639	DCA	70	84.0343142480666
457.142857142857	300	80.8847497142615	0	80.8847497142615	DCA	210	91.0709614504407
471.428571428571	300	76.2549323721394	0	76.2549323721394	DCA	280	83.4705519402924
485.714285714286	300	79.0974293696072	0	79.0974293696072	DCA	70	85.6758313217099
500	300	78.9970735250729	0	78.9970735250729	DCA	0	78.9970735250729
514.285714285714	300	81.7087414934184	24.6	106.308741493418	DCA	280	136.943561061571
528.571428571429	300	83.4538479101607	24.6	108.053847910161	DCA	140	129.737253774323
542.857142857143	300	81.6166520621609	24.6	106.216652062161	DCA	0	106.216652062161
557.142857142857	300	81.8813635154425	24.6	106.481363515442	DCA	0	106.481363515442
571.428571428571	300	83.5273331042577	24.6	108.127333104258	DCA	0	108.127333104258
585.714285714286	300	84.5533994074678	24.6	109.153399407468	DCA	0	109.153399407468
600	300	79.1612665687135	24.6	103.761266568714	DCA	70	116.194468520816
614.285714285714	300	83.7563506910659	24.6	108.356350691066	DCA	0	108.356350691066
628.571428571429	300	83.6235642552607	24.6	108.223564255261	DCA	70	120.656766207363
642.857142857143	300	84.204199776229	24.6	108.804199776229	DCA	140	130.487605640391
657.142857142857	300	83.18004553564	24.6	107.78004553564	DCA	0	107.78004553564
671.428571428571	300	82.9154696741694	24.6	107.515469674169	DCA	140	129.198875538332
685.714285714286	300	85.8944659003675	24.6	110.494465900368	DCA	210	138.245077636547
700	300	82.1358197968776	24.6	106.735819796878	DCA	70	119.16902174898
714.285714285714	300	80.8774686555579	24.6	105.477468655558	DCA	0	105.477468655558
728.571428571429	300	87.1349858910498	24.6	111.73498589105	DCA	140	133.418391755212
742.857142857143	300	82.7401956197171	24.6	107.340195619717	DCA	0	107.340195619717
757.142857142857	300	77.5163613321408	24.6	102.116361332141	DCA	0	102.116361332141
771.428571428571	300	81.6957860383337	24.6	106.295786038334	DCA	210	134.046397774513
785.714285714286	300	76.7993659467983	24.6	101.399365946798	DCA	70	113.832567898901
800	300	78.5831151602676	24.6	103.183115160268	DCA	70	115.61631711237
814.285714285714	300	78.3384072258054	24.6	102.938407225805	DCA	210	130.689018961985
828.571428571429	300	79.999881599681	24.6	104.599881599681	DCA	210	132.35049333586
842.857142857143	300	82.8639707091154	24.6	107.463970709115	DCA	140	129.147376573278
857.142857142857	300	84.5504181033726	24.6	109.150418103373	DCA	210	136.901029839552
871.428571428571	300	80.5788784377569	24.6	105.178878437757	DCA	0	105.178878437757
885.714285714286	300	78.846082639662	24.6	103.446082639662	DCA	280	134.080902207815
900	300	81.2442299235492	24.6	105.844229923549	DCA	0	105.844229923549
914.285714285714	300	78.0954677248928	24.6	102.695467724893	DCA	0	102.695467724893
928.571428571429	300	82.2422863417743	24.6	106.842286341774	DCA	280	137.477105909927
942.857142857143	300	83.1523182285478	24.6	107.752318228548	DCA	280	138.387137796701
957.142857142857	300	85.4640929577154	24.6	110.064092957715	DCA	70	122.497294909818
971.428571428571	300	81.6149578821017	24.6	106.214957882102	DCA	280	136.849777450255
985.714285714286	300	80.7620269515254	24.6	105.362026951525	DCA	140	127.045432815688
1000	300	82.1992598395011	24.6	106.799259839501	DCA	210	134.54987157568
