x	y	variable1	Zona	ErrorConEfecto	Disenio	AsigTrat	MiRto
0	0	80.170923064021	0	80.170923064021	DCA	280	71.2549241053629
14.2857142857143	0	78.0189421655335	0	78.0189421655335	DCA	0	78.0189421655335
28.5714285714286	0	82.3671605361405	0	82.3671605361405	DCA	0	82.3671605361405
42.8571428571429	0	78.6728366753315	0	78.6728366753315	DCA	70	84.8879235302212
57.1428571428571	0	80.7753903864511	0	80.7753903864511	DCA	70	86.9904772413407
71.4285714285714	0	80.3357549012829	0	80.3357549012829	DCA	280	71.4197559426248
85.7142857142857	0	81.7252902840255	0	81.7252902840255	DCA	280	72.8092913253675
100	0	83.0443871612916	0	83.0443871612916	DCA	140	89.8451698080348
114.285714285714	0	84.5306454082507	0	84.5306454082507	DCA	0	84.5306454082507
128.571428571429	0	85.0421134178231	0	85.0421134178231	DCA	140	91.8428960645663
142.857142857143	0	76.8516907981785	0	76.8516907981785	DCA	210	78.6087781737391
157.142857142857	0	78.757045888292	0	78.757045888292	DCA	0	78.757045888292
171.428571428571	0	80.9785643488698	0	80.9785643488698	DCA	140	87.779346995613
185.714285714286	0	77.9344459753217	0	77.9344459753217	DCA	70	84.1495328302114
200	0	85.0122238469393	0	85.0122238469393	DCA	0	85.0122238469393
214.285714285714	0	86.0269031608287	0	86.0269031608287	DCA	70	92.2419900157183
228.571428571429	0	83.5028888662129	0	83.5028888662129	DCA	280	74.5868899075548
242.857142857143	0	86.1126757270478	0	86.1126757270478	DCA	140	92.913458373791
257.142857142857	0	83.2321980872316	0	83.2321980872316	DCA	210	84.9892854627922
271.428571428571	0	85.0045381711658	0	85.0045381711658	DCA	210	86.7616255467264
285.714285714286	0	84.9091741764405	0	84.9091741764405	DCA	280	75.9931752177824
300	0	85.5099897818828	0	85.5099897818828	DCA	0	85.5099897818828
314.285714285714	0	85.198438365828	0	85.198438365828	DCA	280	76.2824394071699
328.571428571429	0	79.3319486707566	0	79.3319486707566	DCA	0	79.3319486707566
342.857142857143	0	83.2170520675203	0	83.2170520675203	DCA	140	90.0178347142635
357.142857142857	0	83.646244205629	0	83.646244205629	DCA	70	89.8613310605187
371.428571428571	0	79.2102662755236	0	79.2102662755236	DCA	280	70.2942673168655
385.714285714286	0	83.1049544060849	0	83.1049544060849	DCA	280	74.1889554474268
400	0	83.6388607058335	0	83.6388607058335	DCA	140	90.4396433525766
414.285714285714	0	80.4952271349463	0	80.4952271349463	DCA	280	71.5792281762882
428.571428571429	0	82.129350795367	0	82.129350795367	DCA	140	88.9301334421102
442.857142857143	0	78.4516802237327	0	78.4516802237327	DCA	280	69.5356812650746
457.142857142857	0	79.2497376108678	0	79.2497376108678	DCA	280	70.3337386522097
471.428571428571	0	78.6804369605562	0	78.6804369605562	DCA	70	84.8955238154459
485.714285714286	0	80.8951221974234	0	80.8951221974234	DCA	210	82.652209572984
500	0	80.9014647954843	0	80.9014647954843	DCA	280	71.9854658368262
514.285714285714	0	77.8229603868966	24.6	102.422960386897	DCA	280	116.926161428238
528.571428571429	0	84.6663884778105	24.6	109.266388477811	DCA	70	121.3362753327
542.857142857143	0	85.3186885917992	24.6	109.918688591799	DCA	70	121.988575446689
557.142857142857	0	83.7281692346208	24.6	108.328169234621	DCA	0	108.328169234621
571.428571428571	0	83.1736810809808	24.6	107.773681080981	DCA	0	107.773681080981
585.714285714286	0	82.5362072264415	24.6	107.136207226442	DCA	0	107.136207226442
600	0	85.5048990232246	24.6	110.104899023225	DCA	140	128.615281669968
614.285714285714	0	79.7012996420678	24.6	104.301299642068	DCA	280	118.80450068341
628.571428571429	0	77.3351905877137	24.6	101.935190587714	DCA	140	120.445573234457
642.857142857143	0	80.0958136574825	24.6	104.695813657482	DCA	70	116.765700512372
657.142857142857	0	81.2043383589503	24.6	105.80433835895	DCA	210	125.125825734511
671.428571428571	0	81.6673439676219	24.6	106.267343967622	DCA	70	118.337230822512
685.714285714286	0	82.1607013622698	24.6	106.76070136227	DCA	0	106.76070136227
700	0	81.9332646375524	24.6	106.533264637552	DCA	0	106.533264637552
714.285714285714	0	80.2895187921639	24.6	104.889518792164	DCA	0	104.889518792164
728.571428571429	0	79.1148260892087	24.6	103.714826089209	DCA	70	115.784712944098
742.857142857143	0	78.9120167147389	24.6	103.512016714739	DCA	0	103.512016714739
757.142857142857	0	78.2662577503015	24.6	102.866257750301	DCA	70	114.936144605191
771.428571428571	0	80.6381143683599	24.6	105.23811436836	DCA	140	123.748497015103
785.714285714286	0	73.9937595917944	24.6	98.5937595917944	DCA	70	110.663646446684
800	0	76.1199228076536	24.6	100.719922807654	DCA	70	112.789809662543
814.285714285714	0	77.3316657392161	24.6	101.931665739216	DCA	0	101.931665739216
828.571428571429	0	80.6887858183398	24.6	105.28878581834	DCA	140	123.799168465083
842.857142857143	0	81.6932195071647	24.6	106.293219507165	DCA	70	118.363106362054
857.142857142857	0	80.2767797935903	24.6	104.87677979359	DCA	210	124.198267169151
871.428571428571	0	77.1352163357895	24.6	101.735216335789	DCA	210	121.05670371135
885.714285714286	0	75.9104943507309	24.6	100.510494350731	DCA	140	119.020876997474
900	0	74.6598346290437	24.6	99.2598346290437	DCA	0	99.2598346290437
914.285714285714	0	72.6452335746132	24.6	97.2452335746132	DCA	0	97.2452335746132
928.571428571429	0	74.2115346026239	24.6	98.8115346026239	DCA	70	110.881421457514
942.857142857143	0	76.6816861959383	24.6	101.281686195938	DCA	0	101.281686195938
957.142857142857	0	79.0760004201346	24.6	103.676000420135	DCA	140	122.186383066878
971.428571428571	0	78.7607112436108	24.6	103.360711243611	DCA	140	121.871093890354
985.714285714286	0	78.0079146855214	24.6	102.607914685521	DCA	140	121.118297332265
1000	0	81.4270108599917	24.6	106.027010859992	DCA	210	125.348498235552
0	33.3333333333333	80.5055229866449	0	80.5055229866449	DCA	0	80.5055229866449
14.2857142857143	33.3333333333333	79.5023204735168	0	79.5023204735168	DCA	140	86.30310312026
28.5714285714286	33.3333333333333	81.5693047429169	0	81.5693047429169	DCA	280	72.6533057842589
42.8571428571429	33.3333333333333	75.3599688506384	0	75.3599688506384	DCA	210	77.1170562261991
57.1428571428571	33.3333333333333	75.568231306946	0	75.568231306946	DCA	70	81.7833181618357
71.4285714285714	33.3333333333333	74.4782537797419	0	74.4782537797419	DCA	140	81.2790364264851
85.7142857142857	33.3333333333333	79.5495321142477	0	79.5495321142477	DCA	70	85.7646189691373
100	33.3333333333333	81.7758785876548	0	81.7758785876548	DCA	70	87.9909654425445
114.285714285714	33.3333333333333	85.0795622635587	0	85.0795622635587	DCA	280	76.1635633049007
128.571428571429	33.3333333333333	83.4747818804253	0	83.4747818804253	DCA	140	90.2755645271685
142.857142857143	33.3333333333333	82.8875736584722	0	82.8875736584722	DCA	140	89.6883563052154
157.142857142857	33.3333333333333	82.0003604377489	0	82.0003604377489	DCA	0	82.0003604377489
171.428571428571	33.3333333333333	80.5704779336705	0	80.5704779336705	DCA	0	80.5704779336705
185.714285714286	33.3333333333333	84.8152723199908	0	84.8152723199908	DCA	140	91.616054966734
200	33.3333333333333	85.0642679955443	0	85.0642679955443	DCA	280	76.1482690368862
214.285714285714	33.3333333333333	84.5340964602157	0	84.5340964602157	DCA	70	90.7491833151054
228.571428571429	33.3333333333333	82.3970242827522	0	82.3970242827522	DCA	210	84.1541116583128
242.857142857143	33.3333333333333	83.9545211086095	0	83.9545211086095	DCA	210	85.7116084841701
257.142857142857	33.3333333333333	81.5095940369777	0	81.5095940369777	DCA	210	83.2666814125383
271.428571428571	33.3333333333333	85.5119115852244	0	85.5119115852244	DCA	70	91.7269984401141
285.714285714286	33.3333333333333	86.9245313991206	0	86.9245313991206	DCA	0	86.9245313991206
300	33.3333333333333	84.0081929840728	0	84.0081929840728	DCA	280	75.0921940254147
314.285714285714	33.3333333333333	86.4808514156222	0	86.4808514156222	DCA	0	86.4808514156222
328.571428571429	33.3333333333333	83.9257627732758	0	83.9257627732758	DCA	0	83.9257627732758
342.857142857143	33.3333333333333	86.4860088430085	0	86.4860088430085	DCA	140	93.2867914897517
357.142857142857	33.3333333333333	82.8961842766735	0	82.8961842766735	DCA	70	89.1112711315632
371.428571428571	33.3333333333333	82.1169934645119	0	82.1169934645119	DCA	0	82.1169934645119
385.714285714286	33.3333333333333	82.4028024134167	0	82.4028024134167	DCA	70	88.6178892683063
400	33.3333333333333	82.1558931126002	0	82.1558931126002	DCA	0	82.1558931126002
414.285714285714	33.3333333333333	81.7433783033155	0	81.7433783033155	DCA	70	87.9584651582051
428.571428571429	33.3333333333333	82.1949045864109	0	82.1949045864109	DCA	210	83.9519919619715
442.857142857143	33.3333333333333	83.4751837613358	0	83.4751837613358	DCA	140	90.275966408079
457.142857142857	33.3333333333333	82.3027697095264	0	82.3027697095264	DCA	280	73.3867707508683
471.428571428571	33.3333333333333	81.9638772202597	0	81.9638772202597	DCA	210	83.7209645958203
485.714285714286	33.3333333333333	82.638007526475	0	82.638007526475	DCA	70	88.8530943813646
500	33.3333333333333	82.8882294222689	0	82.8882294222689	DCA	140	89.689012069012
514.285714285714	33.3333333333333	81.455306871204	24.6	106.055306871204	DCA	280	120.558507912546
528.571428571429	33.3333333333333	84.1696970857944	24.6	108.769697085794	DCA	70	120.839583940684
542.857142857143	33.3333333333333	86.0075711543885	24.6	110.607571154388	DCA	0	110.607571154388
557.142857142857	33.3333333333333	82.6819258331724	24.6	107.281925833172	DCA	0	107.281925833172
571.428571428571	33.3333333333333	82.3303268403189	24.6	106.930326840319	DCA	0	106.930326840319
585.714285714286	33.3333333333333	80.2670908760491	24.6	104.867090876049	DCA	140	123.377473522792
600	33.3333333333333	81.3318192045786	24.6	105.931819204579	DCA	0	105.931819204579
614.285714285714	33.3333333333333	81.5028620517708	24.6	106.102862051771	DCA	280	120.606063093113
628.571428571429	33.3333333333333	81.946964469973	24.6	106.546964469973	DCA	140	125.057347116716
642.857142857143	33.3333333333333	82.2397217139778	24.6	106.839721713978	DCA	210	126.161209089538
657.142857142857	33.3333333333333	80.8442062708588	24.6	105.444206270859	DCA	210	124.765693646419
671.428571428571	33.3333333333333	76.9229654745251	24.6	101.522965474525	DCA	0	101.522965474525
685.714285714286	33.3333333333333	78.2583497751795	24.6	102.858349775179	DCA	210	122.17983715074
700	33.3333333333333	78.7222656785915	24.6	103.322265678592	DCA	210	122.643753054152
714.285714285714	33.3333333333333	79.4356019325535	24.6	104.035601932553	DCA	70	116.105488787443
728.571428571429	33.3333333333333	82.8332951745949	24.6	107.433295174595	DCA	280	121.936496215937
742.857142857143	33.3333333333333	82.0815660172652	24.6	106.681566017265	DCA	70	118.751452872155
757.142857142857	33.3333333333333	84.4445229253865	24.6	109.044522925387	DCA	0	109.044522925387
771.428571428571	33.3333333333333	79.950881272817	24.6	104.550881272817	DCA	0	104.550881272817
785.714285714286	33.3333333333333	75.7377479906594	24.6	100.337747990659	DCA	140	118.848130637403
800	33.3333333333333	76.3068856668116	24.6	100.906885666812	DCA	70	112.976772521701
814.285714285714	33.3333333333333	79.5494270686798	24.6	104.14942706868	DCA	280	118.652628110022
828.571428571429	33.3333333333333	75.8028418069916	24.6	100.402841806992	DCA	70	112.472728661881
842.857142857143	33.3333333333333	76.5992910978871	24.6	101.199291097887	DCA	0	101.199291097887
857.142857142857	33.3333333333333	79.2779371106305	24.6	103.87793711063	DCA	140	122.388319757374
871.428571428571	33.3333333333333	81.1090419580909	24.6	105.709041958091	DCA	140	124.219424604834
885.714285714286	33.3333333333333	81.5728771970692	24.6	106.172877197069	DCA	280	120.676078238411
900	33.3333333333333	83.3503549070878	24.6	107.950354907088	DCA	0	107.950354907088
914.285714285714	33.3333333333333	78.8407375738293	24.6	103.440737573829	DCA	280	117.943938615171
928.571428571429	33.3333333333333	78.7297882968763	24.6	103.329788296876	DCA	0	103.329788296876
942.857142857143	33.3333333333333	76.2422767979904	24.6	100.84227679799	DCA	140	119.352659444734
957.142857142857	33.3333333333333	78.7115525146223	24.6	103.311552514622	DCA	210	122.633039890183
971.428571428571	33.3333333333333	74.6534388421749	24.6	99.2534388421749	DCA	0	99.2534388421749
985.714285714286	33.3333333333333	75.8303049840609	24.6	100.430304984061	DCA	0	100.430304984061
1000	33.3333333333333	78.3807441769418	24.6	102.980744176942	DCA	0	102.980744176942
0	66.6666666666667	76.9633783357563	0	76.9633783357563	DCA	140	83.7641609824995
14.2857142857143	66.6666666666667	76.5489238689825	0	76.5489238689825	DCA	210	78.3060112445431
28.5714285714286	66.6666666666667	77.9804807167535	0	77.9804807167535	DCA	140	84.7812633634967
42.8571428571429	66.6666666666667	77.9785134904742	0	77.9785134904742	DCA	280	69.0625145318161
57.1428571428571	66.6666666666667	77.6697865547774	0	77.6697865547774	DCA	70	83.884873409667
71.4285714285714	66.6666666666667	78.7901864351311	0	78.7901864351311	DCA	280	69.874187476473
85.7142857142857	66.6666666666667	77.7401329383937	0	77.7401329383937	DCA	70	83.9552197932833
100	66.6666666666667	80.1395160417333	0	80.1395160417333	DCA	280	71.2235170830752
114.285714285714	66.6666666666667	76.9749785972375	0	76.9749785972375	DCA	0	76.9749785972375
128.571428571429	66.6666666666667	77.5616684082041	0	77.5616684082041	DCA	70	83.7767552630938
142.857142857143	66.6666666666667	81.6703083794899	0	81.6703083794899	DCA	210	83.4273957550505
157.142857142857	66.6666666666667	79.4138964554404	0	79.4138964554404	DCA	140	86.2146791021836
171.428571428571	66.6666666666667	85.4935866776492	0	85.4935866776492	DCA	280	76.5775877189912
185.714285714286	66.6666666666667	82.4744815320803	0	82.4744815320803	DCA	0	82.4744815320803
200	66.6666666666667	82.0271361808062	0	82.0271361808062	DCA	0	82.0271361808062
214.285714285714	66.6666666666667	79.9394441276349	0	79.9394441276349	DCA	70	86.1545309825245
228.571428571429	66.6666666666667	78.9010033251882	0	78.9010033251882	DCA	70	85.1160901800778
242.857142857143	66.6666666666667	77.3657952324829	0	77.3657952324829	DCA	0	77.3657952324829
257.142857142857	66.6666666666667	78.1580269251658	0	78.1580269251658	DCA	140	84.958809571909
271.428571428571	66.6666666666667	79.0285295820601	0	79.0285295820601	DCA	210	80.7856169576207
285.714285714286	66.6666666666667	81.2436229928769	0	81.2436229928769	DCA	280	72.3276240342188
300	66.6666666666667	82.5775108315624	0	82.5775108315624	DCA	0	82.5775108315624
314.285714285714	66.6666666666667	80.9682620890829	0	80.9682620890829	DCA	70	87.1833489439725
328.571428571429	66.6666666666667	86.0459915467757	0	86.0459915467757	DCA	280	77.1299925881176
342.857142857143	66.6666666666667	83.0824865328113	0	83.0824865328113	DCA	210	84.8395739083719
357.142857142857	66.6666666666667	82.5452535083486	0	82.5452535083486	DCA	210	84.3023408839092
371.428571428571	66.6666666666667	78.6669449042853	0	78.6669449042853	DCA	0	78.6669449042853
385.714285714286	66.6666666666667	84.0617892758878	0	84.0617892758878	DCA	140	90.8625719226309
400	66.6666666666667	84.4212562117906	0	84.4212562117906	DCA	140	91.2220388585338
414.285714285714	66.6666666666667	85.8482673191583	0	85.8482673191583	DCA	70	92.0633541740479
428.571428571429	66.6666666666667	85.4457638580017	0	85.4457638580017	DCA	140	92.2465465047449
442.857142857143	66.6666666666667	82.0572102900546	0	82.0572102900546	DCA	210	83.8142976656152
457.142857142857	66.6666666666667	86.4328533113412	0	86.4328533113412	DCA	210	88.1899406869018
471.428571428571	66.6666666666667	83.6826970297099	0	83.6826970297099	DCA	70	89.8977838845995
485.714285714286	66.6666666666667	83.9958069149424	0	83.9958069149424	DCA	280	75.0798079562843
500	66.6666666666667	80.9356847743179	0	80.9356847743179	DCA	140	87.7364674210611
514.285714285714	66.6666666666667	85.7880971369661	24.6	110.388097136966	DCA	70	122.457983991856
528.571428571429	66.6666666666667	85.4647007392152	24.6	110.064700739215	DCA	210	129.386188114776
542.857142857143	66.6666666666667	82.701902983292	24.6	107.301902983292	DCA	280	121.805104024634
557.142857142857	66.6666666666667	79.9481455750619	24.6	104.548145575062	DCA	210	123.869632950622
571.428571428571	66.6666666666667	78.484812525693	24.6	103.084812525693	DCA	70	115.154699380583
585.714285714286	66.6666666666667	83.1267184601723	24.6	107.726718460172	DCA	210	127.048205835733
600	66.6666666666667	82.997164599119	24.6	107.597164599119	DCA	0	107.597164599119
614.285714285714	66.6666666666667	81.8420279857042	24.6	106.442027985704	DCA	210	125.763515361265
628.571428571429	66.6666666666667	79.8129679894402	24.6	104.41296798944	DCA	210	123.734455365001
642.857142857143	66.6666666666667	80.8473197273882	24.6	105.447319727388	DCA	280	119.95052076873
657.142857142857	66.6666666666667	81.463242560732	24.6	106.063242560732	DCA	0	106.063242560732
671.428571428571	66.6666666666667	79.6172343678531	24.6	104.217234367853	DCA	210	123.538721743414
685.714285714286	66.6666666666667	77.685936534806	24.6	102.285936534806	DCA	140	120.796319181549
700	66.6666666666667	78.0097630384776	24.6	102.609763038478	DCA	140	121.120145685221
714.285714285714	66.6666666666667	81.0662638187052	24.6	105.666263818705	DCA	210	124.987751194266
728.571428571429	66.6666666666667	80.8645884203763	24.6	105.464588420376	DCA	210	124.786075795937
742.857142857143	66.6666666666667	79.8516720648169	24.6	104.451672064817	DCA	140	122.96205471156
757.142857142857	66.6666666666667	85.5171922636612	24.6	110.117192263661	DCA	210	129.438679639222
771.428571428571	66.6666666666667	85.4470150453813	24.6	110.047015045381	DCA	70	122.116901900271
785.714285714286	66.6666666666667	84.2689337209398	24.6	108.86893372094	DCA	70	120.938820575829
800	66.6666666666667	83.372242230444	24.6	107.972242230444	DCA	70	120.042129085334
814.285714285714	66.6666666666667	81.0978366450511	24.6	105.697836645051	DCA	280	120.201037686393
828.571428571429	66.6666666666667	78.8506307229469	24.6	103.450630722947	DCA	280	117.953831764289
842.857142857143	66.6666666666667	80.3836074031546	24.6	104.983607403155	DCA	70	117.053494258044
857.142857142857	66.6666666666667	76.4792264778396	24.6	101.07922647784	DCA	280	115.582427519182
871.428571428571	66.6666666666667	79.3653614654233	24.6	103.965361465423	DCA	280	118.468562506765
885.714285714286	66.6666666666667	77.5747973800781	24.6	102.174797380078	DCA	210	121.496284755639
900	66.6666666666667	75.1332382638961	24.6	99.7332382638961	DCA	140	118.243620910639
914.285714285714	66.6666666666667	80.9988117548847	24.6	105.598811754885	DCA	140	124.109194401628
928.571428571429	66.6666666666667	80.6265339044145	24.6	105.226533904414	DCA	140	123.736916551158
942.857142857143	66.6666666666667	78.0580512516889	24.6	102.658051251689	DCA	140	121.168433898432
957.142857142857	66.6666666666667	78.4105246228963	24.6	103.010524622896	DCA	140	121.520907269639
971.428571428571	66.6666666666667	74.0607837790572	24.6	98.6607837790572	DCA	210	117.982271154618
985.714285714286	66.6666666666667	75.6639537612026	24.6	100.263953761203	DCA	210	119.585441136763
1000	66.6666666666667	73.2734419083607	24.6	97.8734419083607	DCA	70	109.94332876325
0	100	78.5220234415941	0	78.5220234415941	DCA	210	80.2791108171547
14.2857142857143	100	79.0941224093894	0	79.0941224093894	DCA	70	85.309209264279
28.5714285714286	100	77.3223815289166	0	77.3223815289166	DCA	140	84.1231641756598
42.8571428571429	100	76.2483939351019	0	76.2483939351019	DCA	280	67.3323949764438
57.1428571428571	100	79.8069405841241	0	79.8069405841241	DCA	210	81.5640279596847
71.4285714285714	100	77.4240243654394	0	77.4240243654394	DCA	70	83.639111220329
85.7142857142857	100	82.686740159293	0	82.686740159293	DCA	140	89.4875228060362
100	100	80.7465256834657	0	80.7465256834657	DCA	0	80.7465256834657
114.285714285714	100	81.4173591723605	0	81.4173591723605	DCA	210	83.1744465479211
128.571428571429	100	84.4489982380859	0	84.4489982380859	DCA	0	84.4489982380859
142.857142857143	100	82.7700019931129	0	82.7700019931129	DCA	140	89.5707846398561
157.142857142857	100	84.4505190887534	0	84.4505190887534	DCA	140	91.2513017354966
171.428571428571	100	82.2218631743254	0	82.2218631743254	DCA	210	83.978950549886
185.714285714286	100	80.3611881135263	0	80.3611881135263	DCA	210	82.118275489087
200	100	78.7520398741577	0	78.7520398741577	DCA	140	85.5528225209009
214.285714285714	100	81.1519746867556	0	81.1519746867556	DCA	140	87.9527573334988
228.571428571429	100	83.3677822609283	0	83.3677822609283	DCA	0	83.3677822609283
242.857142857143	100	80.1320559887011	0	80.1320559887011	DCA	210	81.8891433642618
257.142857142857	100	78.0561899085966	0	78.0561899085966	DCA	70	84.2712767634863
271.428571428571	100	79.1282778562389	0	79.1282778562389	DCA	140	85.9290605029821
285.714285714286	100	76.8858773657581	0	76.8858773657581	DCA	70	83.1009642206478
300	100	78.7248459077838	0	78.7248459077838	DCA	280	69.8088469491257
314.285714285714	100	81.6299175311679	0	81.6299175311679	DCA	70	87.8450043860576
328.571428571429	100	82.7091387645818	0	82.7091387645818	DCA	280	73.7931398059238
342.857142857143	100	80.795560654002	0	80.795560654002	DCA	70	87.0106475088917
357.142857142857	100	82.1623469051369	0	82.1623469051369	DCA	0	82.1623469051369
371.428571428571	100	81.1438414717345	0	81.1438414717345	DCA	0	81.1438414717345
385.714285714286	100	84.2063440052709	0	84.2063440052709	DCA	140	91.007126652014
400	100	84.242333722163	0	84.242333722163	DCA	140	91.0431163689062
414.285714285714	100	84.1628795735646	0	84.1628795735646	DCA	280	75.2468806149066
428.571428571429	100	82.2345935390278	0	82.2345935390278	DCA	70	88.4496803939174
442.857142857143	100	82.8646401375516	0	82.8646401375516	DCA	210	84.6217275131122
457.142857142857	100	83.5387329516983	0	83.5387329516983	DCA	140	90.3395155984414
471.428571428571	100	83.0104035984321	0	83.0104035984321	DCA	70	89.2254904533218
485.714285714286	100	82.5536568760705	0	82.5536568760705	DCA	70	88.7687437309601
500	100	84.2835458521926	0	84.2835458521926	DCA	0	84.2835458521926
514.285714285714	100	81.1143365852702	24.6	105.71433658527	DCA	140	124.224719232013
528.571428571429	100	84.6608635573907	24.6	109.260863557391	DCA	210	128.582350932951
542.857142857143	100	81.9209902620225	24.6	106.520990262022	DCA	210	125.842477637583
557.142857142857	100	78.4663801501806	24.6	103.066380150181	DCA	0	103.066380150181
571.428571428571	100	79.2081834575217	24.6	103.808183457522	DCA	210	123.129670833082
585.714285714286	100	80.2806556066896	24.6	104.88065560669	DCA	70	116.950542461579
600	100	79.999228365447	24.6	104.599228365447	DCA	140	123.10961101219
614.285714285714	100	84.5525332141308	24.6	109.152533214131	DCA	0	109.152533214131
628.571428571429	100	80.4622543810407	24.6	105.062254381041	DCA	140	123.572637027784
642.857142857143	100	78.7825734415213	24.6	103.382573441521	DCA	280	117.885774482863
657.142857142857	100	77.7843877698073	24.6	102.384387769807	DCA	210	121.705875145368
671.428571428571	100	78.3758999913465	24.6	102.975899991347	DCA	0	102.975899991347
685.714285714286	100	78.6311001159471	24.6	103.231100115947	DCA	0	103.231100115947
700	100	79.1711126884001	24.6	103.7711126884	DCA	210	123.092600063961
714.285714285714	100	81.1992216094434	24.6	105.799221609443	DCA	140	124.309604256187
728.571428571429	100	83.7321923919316	24.6	108.332192391932	DCA	0	108.332192391932
742.857142857143	100	83.3888230198886	24.6	107.988823019889	DCA	280	122.492024061231
757.142857142857	100	89.6051816713245	24.6	114.205181671324	DCA	0	114.205181671324
771.428571428571	100	91.2628755903526	24.6	115.862875590353	DCA	0	115.862875590353
785.714285714286	100	87.7401950580086	24.6	112.340195058009	DCA	210	131.661682433569
800	100	84.7502887983339	24.6	109.350288798334	DCA	70	121.420175653224
814.285714285714	100	84.1599420022042	24.6	108.759942002204	DCA	0	108.759942002204
828.571428571429	100	80.995392667527	24.6	105.595392667527	DCA	210	124.916880043088
842.857142857143	100	79.7713983377131	24.6	104.371398337713	DCA	140	122.881780984456
857.142857142857	100	79.2077573959044	24.6	103.807757395904	DCA	140	122.318140042648
871.428571428571	100	82.9967402612274	24.6	107.596740261227	DCA	140	126.107122907971
885.714285714286	100	78.0566399424949	24.6	102.656639942495	DCA	70	114.726526797385
900	100	77.3686621959351	24.6	101.968662195935	DCA	140	120.479044842678
914.285714285714	100	79.7881782930427	24.6	104.388178293043	DCA	140	122.898560939786
928.571428571429	100	81.6683723996582	24.6	106.268372399658	DCA	70	118.338259254548
942.857142857143	100	82.5767308640895	24.6	107.17673086409	DCA	0	107.17673086409
957.142857142857	100	81.0626874118812	24.6	105.662687411881	DCA	70	117.732574266771
971.428571428571	100	79.4842774991103	24.6	104.08427749911	DCA	140	122.594660145853
985.714285714286	100	81.1095044551248	24.6	105.709504455125	DCA	70	117.779391310014
1000	100	81.7180361869461	24.6	106.318036186946	DCA	0	106.318036186946
0	133.333333333333	83.456740362267	0	83.456740362267	DCA	70	89.6718272171567
14.2857142857143	133.333333333333	82.1618806795261	0	82.1618806795261	DCA	280	73.2458817208681
28.5714285714286	133.333333333333	81.4738900144726	0	81.4738900144726	DCA	140	88.2746726612158
42.8571428571429	133.333333333333	84.3835066606081	0	84.3835066606081	DCA	0	84.3835066606081
57.1428571428571	133.333333333333	84.4714748294352	0	84.4714748294352	DCA	0	84.4714748294352
71.4285714285714	133.333333333333	83.8440351417282	0	83.8440351417282	DCA	210	85.6011225172888
85.7142857142857	133.333333333333	83.2522614611315	0	83.2522614611315	DCA	140	90.0530441078747
100	133.333333333333	81.5679120384149	0	81.5679120384149	DCA	280	72.6519130797568
114.285714285714	133.333333333333	83.0850653825676	0	83.0850653825676	DCA	0	83.0850653825676
128.571428571429	133.333333333333	80.8023128736128	0	80.8023128736128	DCA	140	87.603095520356
142.857142857143	133.333333333333	78.2299907851431	0	78.2299907851431	DCA	70	84.4450776400327
157.142857142857	133.333333333333	81.221085615865	0	81.221085615865	DCA	0	81.221085615865
171.428571428571	133.333333333333	80.7126554813349	0	80.7126554813349	DCA	210	82.4697428568955
185.714285714286	133.333333333333	80.8407894666905	0	80.8407894666905	DCA	0	80.8407894666905
200	133.333333333333	80.5549087909066	0	80.5549087909066	DCA	210	82.3119961664672
214.285714285714	133.333333333333	82.2469390058383	0	82.2469390058383	DCA	210	84.0040263813989
228.571428571429	133.333333333333	79.530014919301	0	79.530014919301	DCA	0	79.530014919301
242.857142857143	133.333333333333	79.1947995901007	0	79.1947995901007	DCA	70	85.4098864449903
257.142857142857	133.333333333333	82.4631930583134	0	82.4631930583134	DCA	280	73.5471940996553
271.428571428571	133.333333333333	84.915473469399	0	84.915473469399	DCA	210	86.6725608449596
285.714285714286	133.333333333333	82.805820413296	0	82.805820413296	DCA	210	84.5629077888566
300	133.333333333333	80.9410760662374	0	80.9410760662374	DCA	140	87.7418587129806
314.285714285714	133.333333333333	81.826384343548	0	81.826384343548	DCA	210	83.5834717191086
328.571428571429	133.333333333333	79.5523300673522	0	79.5523300673522	DCA	70	85.7674169222419
342.857142857143	133.333333333333	83.3594904909078	0	83.3594904909078	DCA	210	85.1165778664684
357.142857142857	133.333333333333	83.9959623440681	0	83.9959623440681	DCA	280	75.07996338541
371.428571428571	133.333333333333	82.0858427203911	0	82.0858427203911	DCA	70	88.3009295752808
385.714285714286	133.333333333333	83.2873997839779	0	83.2873997839779	DCA	280	74.3714008253198
400	133.333333333333	81.2227066511775	0	81.2227066511775	DCA	280	72.3067076925194
414.285714285714	133.333333333333	83.5921084431401	0	83.5921084431401	DCA	0	83.5921084431401
428.571428571429	133.333333333333	80.7637455178121	0	80.7637455178121	DCA	140	87.5645281645552
442.857142857143	133.333333333333	82.7704745072324	0	82.7704745072324	DCA	70	88.985561362122
457.142857142857	133.333333333333	81.3752516310033	0	81.3752516310033	DCA	280	72.4592526723452
471.428571428571	133.333333333333	81.9242245440171	0	81.9242245440171	DCA	280	73.008225585359
485.714285714286	133.333333333333	77.181218828211	0	77.181218828211	DCA	140	83.9820014749542
500	133.333333333333	78.5809030009307	0	78.5809030009307	DCA	280	69.6649040422726
514.285714285714	133.333333333333	78.8190742688689	24.6	103.419074268869	DCA	280	117.922275310211
528.571428571429	133.333333333333	79.1578730535617	24.6	103.757873053562	DCA	280	118.261074094904
542.857142857143	133.333333333333	78.7118850042439	24.6	103.311885004244	DCA	210	122.633372379805
557.142857142857	133.333333333333	78.3443872556933	24.6	102.944387255693	DCA	70	115.014274110583
571.428571428571	133.333333333333	78.0069115880784	24.6	102.606911588078	DCA	70	114.676798442968
585.714285714286	133.333333333333	79.6597413110465	24.6	104.259741311046	DCA	280	118.762942352388
600	133.333333333333	81.6411423729354	24.6	106.241142372935	DCA	280	120.744343414277
614.285714285714	133.333333333333	80.2371490206329	24.6	104.837149020633	DCA	280	119.340350061975
628.571428571429	133.333333333333	77.3184139958719	24.6	101.918413995872	DCA	210	121.239901371432
642.857142857143	133.333333333333	76.7118004837112	24.6	101.311800483711	DCA	140	119.822183130454
657.142857142857	133.333333333333	79.2446501602886	24.6	103.844650160289	DCA	210	123.166137535849
671.428571428571	133.333333333333	76.2052129832254	24.6	100.805212983225	DCA	0	100.805212983225
685.714285714286	133.333333333333	73.1615082049786	24.6	97.7615082049786	DCA	70	109.831395059868
700	133.333333333333	76.9165924109338	24.6	101.516592410934	DCA	0	101.516592410934
714.285714285714	133.333333333333	79.1408662662933	24.6	103.740866266293	DCA	280	118.244067307635
728.571428571429	133.333333333333	80.0349185719963	24.6	104.634918571996	DCA	70	116.704805426886
742.857142857143	133.333333333333	79.9295524951155	24.6	104.529552495115	DCA	210	123.851039870676
757.142857142857	133.333333333333	83.603555157767	24.6	108.203555157767	DCA	210	127.525042533328
771.428571428571	133.333333333333	84.5835125873953	24.6	109.183512587395	DCA	0	109.183512587395
785.714285714286	133.333333333333	81.135548407578	24.6	105.735548407578	DCA	0	105.735548407578
800	133.333333333333	80.6973621931843	24.6	105.297362193184	DCA	280	119.800563234526
814.285714285714	133.333333333333	79.2942166850068	24.6	103.894216685007	DCA	280	118.397417726349
828.571428571429	133.333333333333	79.9051518638169	24.6	104.505151863817	DCA	0	104.505151863817
842.857142857143	133.333333333333	81.0476619556488	24.6	105.647661955649	DCA	280	120.150862996991
857.142857142857	133.333333333333	82.6483595282546	24.6	107.248359528255	DCA	70	119.318246383144
871.428571428571	133.333333333333	83.3160174637386	24.6	107.916017463739	DCA	280	122.419218505081
885.714285714286	133.333333333333	84.5354536146843	24.6	109.135453614684	DCA	70	121.205340469574
900	133.333333333333	79.8981650404827	24.6	104.498165040483	DCA	0	104.498165040483
914.285714285714	133.333333333333	78.7408627422613	24.6	103.340862742261	DCA	280	117.844063783603
928.571428571429	133.333333333333	79.2219309743996	24.6	103.8219309744	DCA	70	115.891817829289
942.857142857143	133.333333333333	83.8522443816671	24.6	108.452244381667	DCA	140	126.96262702841
957.142857142857	133.333333333333	82.1075922718176	24.6	106.707592271818	DCA	210	126.029079647378
971.428571428571	133.333333333333	80.2636570815616	24.6	104.863657081562	DCA	210	124.185144457122
985.714285714286	133.333333333333	81.0595122801838	24.6	105.659512280184	DCA	140	124.169894926927
1000	133.333333333333	80.5290238827794	24.6	105.129023882779	DCA	210	124.45051125834
0	166.666666666667	77.479532501328	0	77.479532501328	DCA	70	83.6946193562177
14.2857142857143	166.666666666667	79.42236424105	0	79.42236424105	DCA	140	86.2231468877932
28.5714285714286	166.666666666667	79.1093500297301	0	79.1093500297301	DCA	210	80.8664374052907
42.8571428571429	166.666666666667	80.7453986560851	0	80.7453986560851	DCA	70	86.9604855109748
57.1428571428571	166.666666666667	82.9356228028798	0	82.9356228028798	DCA	280	74.0196238442217
71.4285714285714	166.666666666667	84.0918728852834	0	84.0918728852834	DCA	280	75.1758739266253
85.7142857142857	166.666666666667	83.9146502167911	0	83.9146502167911	DCA	210	85.6717375923517
100	166.666666666667	85.8286218620421	0	85.8286218620421	DCA	70	92.0437087169317
114.285714285714	166.666666666667	85.0684973752341	0	85.0684973752341	DCA	280	76.152498416576
128.571428571429	166.666666666667	84.6238221817878	0	84.6238221817878	DCA	280	75.7078232231297
142.857142857143	166.666666666667	84.3271896370271	0	84.3271896370271	DCA	280	75.411190678369
157.142857142857	166.666666666667	80.6286570889372	0	80.6286570889372	DCA	70	86.8437439438269
171.428571428571	166.666666666667	79.1147614046519	0	79.1147614046519	DCA	70	85.3298482595416
185.714285714286	166.666666666667	81.842422618019	0	81.842422618019	DCA	70	88.0575094729086
200	166.666666666667	82.8917455410949	0	82.8917455410949	DCA	210	84.6488329166556
214.285714285714	166.666666666667	78.486848691651	0	78.486848691651	DCA	210	80.2439360672116
228.571428571429	166.666666666667	77.9774837182312	0	77.9774837182312	DCA	210	79.7345710937918
242.857142857143	166.666666666667	80.0353917324959	0	80.0353917324959	DCA	140	86.8361743792391
257.142857142857	166.666666666667	80.2279107705467	0	80.2279107705467	DCA	70	86.4429976254364
271.428571428571	166.666666666667	79.8260795030341	0	79.8260795030341	DCA	280	70.9100805443761
285.714285714286	166.666666666667	81.4370239963406	0	81.4370239963406	DCA	280	72.5210250376826
300	166.666666666667	79.8719913644178	0	79.8719913644178	DCA	140	86.672774011161
314.285714285714	166.666666666667	79.0878600055025	0	79.0878600055025	DCA	0	79.0878600055025
328.571428571429	166.666666666667	78.7332641014465	0	78.7332641014465	DCA	0	78.7332641014465
342.857142857143	166.666666666667	80.4348940151427	0	80.4348940151427	DCA	280	71.5188950564847
357.142857142857	166.666666666667	82.9295167548675	0	82.9295167548675	DCA	70	89.1446036097571
371.428571428571	166.666666666667	78.5782883092209	0	78.5782883092209	DCA	70	84.7933751641105
385.714285714286	166.666666666667	79.6008801583435	0	79.6008801583435	DCA	210	81.3579675339041
400	166.666666666667	80.5646168134395	0	80.5646168134395	DCA	280	71.6486178547814
414.285714285714	166.666666666667	81.4391617468016	0	81.4391617468016	DCA	0	81.4391617468016
428.571428571429	166.666666666667	79.6773274474362	0	79.6773274474362	DCA	210	81.4344148229969
442.857142857143	166.666666666667	78.7730104422437	0	78.7730104422437	DCA	280	69.8570114835856
457.142857142857	166.666666666667	78.6756938451456	0	78.6756938451456	DCA	280	69.7596948864875
471.428571428571	166.666666666667	77.8922292703197	0	77.8922292703197	DCA	140	84.6930119170629
485.714285714286	166.666666666667	78.9240824266486	0	78.9240824266486	DCA	210	80.6811698022092
500	166.666666666667	78.3021393772027	0	78.3021393772027	DCA	280	69.3861404185447
514.285714285714	166.666666666667	77.2623324531924	24.6	101.862332453192	DCA	280	116.365533494534
528.571428571429	166.666666666667	80.5758931690417	24.6	105.175893169042	DCA	280	119.679094210384
542.857142857143	166.666666666667	81.5126511606787	24.6	106.112651160679	DCA	140	124.623033807422
557.142857142857	166.666666666667	82.6722957834173	24.6	107.272295783417	DCA	280	121.775496824759
571.428571428571	166.666666666667	79.3096423650537	24.6	103.909642365054	DCA	140	122.420025011797
585.714285714286	166.666666666667	80.2616954261528	24.6	104.861695426153	DCA	140	123.372078072896
600	166.666666666667	78.1043415668124	24.6	102.704341566812	DCA	70	114.774228421702
614.285714285714	166.666666666667	76.5997627078954	24.6	101.199762707895	DCA	140	119.710145354639
628.571428571429	166.666666666667	74.7323690450321	24.6	99.3323690450321	DCA	280	113.835570086374
642.857142857143	166.666666666667	77.6102322209712	24.6	102.210232220971	DCA	0	102.210232220971
657.142857142857	166.666666666667	77.6179705647977	24.6	102.217970564798	DCA	140	120.728353211541
671.428571428571	166.666666666667	75.3711858734941	24.6	99.9711858734941	DCA	70	112.041072728384
685.714285714286	166.666666666667	77.205508772875	24.6	101.805508772875	DCA	210	121.126996148436
700	166.666666666667	75.1314487369953	24.6	99.7314487369953	DCA	140	118.241831383739
714.285714285714	166.666666666667	74.1778180731085	24.6	98.7778180731085	DCA	210	118.099305448669
728.571428571429	166.666666666667	78.1033349199064	24.6	102.703334919906	DCA	0	102.703334919906
742.857142857143	166.666666666667	81.4545942027035	24.6	106.054594202703	DCA	70	118.124481057593
757.142857142857	166.666666666667	80.2354396098607	24.6	104.835439609861	DCA	0	104.835439609861
771.428571428571	166.666666666667	78.8007662371522	24.6	103.400766237152	DCA	0	103.400766237152
785.714285714286	166.666666666667	80.370229900887	24.6	104.970229900887	DCA	70	117.040116755777
800	166.666666666667	78.2027058388973	24.6	102.802705838897	DCA	280	117.305906880239
814.285714285714	166.666666666667	75.9239069963545	24.6	100.523906996354	DCA	140	119.034289643098
828.571428571429	166.666666666667	78.9905792317943	24.6	103.590579231794	DCA	280	118.093780273136
842.857142857143	166.666666666667	83.5817063123174	24.6	108.181706312317	DCA	70	120.251593167207
857.142857142857	166.666666666667	81.7829992735619	24.6	106.382999273562	DCA	210	125.704486649122
871.428571428571	166.666666666667	82.9708582653152	24.6	107.570858265315	DCA	140	126.081240912058
885.714285714286	166.666666666667	82.2022438736377	24.6	106.802243873638	DCA	70	118.872130728527
900	166.666666666667	81.9772147593691	24.6	106.577214759369	DCA	140	125.087597406112
914.285714285714	166.666666666667	79.6952142371351	24.6	104.295214237135	DCA	70	116.365101092025
928.571428571429	166.666666666667	82.8764142685753	24.6	107.476414268575	DCA	140	125.986796915318
942.857142857143	166.666666666667	80.1198696661795	24.6	104.719869666179	DCA	0	104.719869666179
957.142857142857	166.666666666667	79.5280910218371	24.6	104.128091021837	DCA	280	118.631292063179
971.428571428571	166.666666666667	77.1793346992505	24.6	101.779334699251	DCA	210	121.100822074811
985.714285714286	166.666666666667	78.5589195590088	24.6	103.158919559009	DCA	70	115.228806413898
1000	166.666666666667	78.9901420666737	24.6	103.590142066674	DCA	140	122.100524713417
0	200	79.773210414515	0	79.773210414515	DCA	0	79.773210414515
14.2857142857143	200	82.0891459516069	0	82.0891459516069	DCA	0	82.0891459516069
28.5714285714286	200	78.0566396080887	0	78.0566396080887	DCA	70	84.2717264629784
42.8571428571429	200	82.4589967213411	0	82.4589967213411	DCA	70	88.6740835762307
57.1428571428571	200	81.5408955284185	0	81.5408955284185	DCA	0	81.5408955284185
71.4285714285714	200	80.7072814064424	0	80.7072814064424	DCA	70	86.9223682613321
85.7142857142857	200	85.5923906306525	0	85.5923906306525	DCA	280	76.6763916719945
100	200	85.7303049495147	0	85.7303049495147	DCA	210	87.4873923250753
114.285714285714	200	85.6621092391133	0	85.6621092391133	DCA	210	87.419196614674
128.571428571429	200	82.5280306942148	0	82.5280306942148	DCA	280	73.6120317355567
142.857142857143	200	82.2160946339205	0	82.2160946339205	DCA	280	73.3000956752624
157.142857142857	200	81.149767100506	0	81.149767100506	DCA	0	81.149767100506
171.428571428571	200	78.6079436205595	0	78.6079436205595	DCA	0	78.6079436205595
185.714285714286	200	81.8546444500033	0	81.8546444500033	DCA	280	72.9386454913453
200	200	80.0342749059855	0	80.0342749059855	DCA	0	80.0342749059855
214.285714285714	200	82.2323154229118	0	82.2323154229118	DCA	210	83.9894027984724
228.571428571429	200	81.9603858204584	0	81.9603858204584	DCA	140	88.7611684672016
242.857142857143	200	82.2962430511354	0	82.2962430511354	DCA	140	89.0970256978786
257.142857142857	200	80.4824398214664	0	80.4824398214664	DCA	210	82.2395271970271
271.428571428571	200	80.4149620464981	0	80.4149620464981	DCA	280	71.49896308784
285.714285714286	200	79.1442107418035	0	79.1442107418035	DCA	0	79.1442107418035
300	200	81.6011495510581	0	81.6011495510581	DCA	280	72.6851505924
314.285714285714	200	80.6470159418931	0	80.6470159418931	DCA	70	86.8621027967828
328.571428571429	200	81.0727597986485	0	81.0727597986485	DCA	210	82.8298471742091
342.857142857143	200	77.8733351571809	0	77.8733351571809	DCA	0	77.8733351571809
357.142857142857	200	77.4034669424127	0	77.4034669424127	DCA	70	83.6185537973024
371.428571428571	200	80.3397747820939	0	80.3397747820939	DCA	0	80.3397747820939
385.714285714286	200	78.9436902951022	0	78.9436902951022	DCA	0	78.9436902951022
400	200	80.2786384715398	0	80.2786384715398	DCA	210	82.0357258471005
414.285714285714	200	80.9291401976629	0	80.9291401976629	DCA	210	82.6862275732235
428.571428571429	200	81.2649962830255	0	81.2649962830255	DCA	0	81.2649962830255
442.857142857143	200	81.7596878413514	0	81.7596878413514	DCA	140	88.5604704880946
457.142857142857	200	82.322421075722	0	82.322421075722	DCA	280	73.406422117064
471.428571428571	200	80.3781138747427	0	80.3781138747427	DCA	70	86.5932007296324
485.714285714286	200	76.9476060598818	0	76.9476060598818	DCA	140	83.748388706625
500	200	79.7064299336445	0	79.7064299336445	DCA	140	86.5072125803877
514.285714285714	200	81.6652892305384	24.6	106.265289230538	DCA	210	125.586776606099
528.571428571429	200	75.8163856480893	24.6	100.416385648089	DCA	140	118.926768294832
542.857142857143	200	76.1888257571199	24.6	100.78882575712	DCA	140	119.299208403863
557.142857142857	200	77.3559372148655	24.6	101.955937214865	DCA	70	114.025824069755
571.428571428571	200	73.2899815315873	24.6	97.8899815315873	DCA	70	109.959868386477
585.714285714286	200	76.0709253674941	24.6	100.670925367494	DCA	210	119.992412743055
600	200	77.2825393094725	24.6	101.882539309473	DCA	140	120.392921956216
614.285714285714	200	79.0333714910225	24.6	103.633371491022	DCA	0	103.633371491022
628.571428571429	200	78.312054251186	24.6	102.912054251186	DCA	280	117.415255292528
642.857142857143	200	78.1796717929144	24.6	102.779671792914	DCA	280	117.282872834256
657.142857142857	200	78.4184549296092	24.6	103.018454929609	DCA	140	121.528837576352
671.428571428571	200	78.6133402734899	24.6	103.21334027349	DCA	210	122.53482764905
685.714285714286	200	76.7643423159462	24.6	101.364342315946	DCA	70	113.434229170836
700	200	76.3552433682417	24.6	100.955243368242	DCA	70	113.025130223131
714.285714285714	200	79.4360782754444	24.6	104.036078275444	DCA	280	118.539279316786
728.571428571429	200	80.1585822544772	24.6	104.758582254477	DCA	140	123.26896490122
742.857142857143	200	80.943804101412	24.6	105.543804101412	DCA	280	120.047005142754
757.142857142857	200	80.5946132167897	24.6	105.19461321679	DCA	210	124.51610059235
771.428571428571	200	79.6198059031977	24.6	104.219805903198	DCA	210	123.541293278758
785.714285714286	200	77.1846269132593	24.6	101.784626913259	DCA	0	101.784626913259
800	200	79.2520926313074	24.6	103.852092631307	DCA	280	118.355293672649
814.285714285714	200	81.4859743670192	24.6	106.085974367019	DCA	0	106.085974367019
828.571428571429	200	83.3620360655073	24.6	107.962036065507	DCA	280	122.465237106849
842.857142857143	200	83.976845681748	24.6	108.576845681748	DCA	210	127.898333057309
857.142857142857	200	82.1757222406832	24.6	106.775722240683	DCA	0	106.775722240683
871.428571428571	200	82.7415081757388	24.6	107.341508175739	DCA	70	119.411395030628
885.714285714286	200	79.9956028779448	24.6	104.595602877945	DCA	70	116.665489732834
900	200	83.6716259546186	24.6	108.271625954619	DCA	210	127.593113330179
914.285714285714	200	81.054882728984	24.6	105.654882728984	DCA	0	105.654882728984
928.571428571429	200	80.5300784820737	24.6	105.130078482074	DCA	70	117.199965336963
942.857142857143	200	83.3876969218911	24.6	107.987696921891	DCA	0	107.987696921891
957.142857142857	200	78.9446272108681	24.6	103.544627210868	DCA	140	122.055009857611
971.428571428571	200	78.6056464698027	24.6	103.205646469803	DCA	280	117.708847511145
985.714285714286	200	79.6044885084405	24.6	104.20448850844	DCA	70	116.27437536333
1000	200	77.3647091558312	24.6	101.964709155831	DCA	0	101.964709155831
0	233.333333333333	82.0399830703711	0	82.0399830703711	DCA	0	82.0399830703711
14.2857142857143	233.333333333333	84.8709684706217	0	84.8709684706217	DCA	280	75.9549695119636
28.5714285714286	233.333333333333	81.0893388346955	0	81.0893388346955	DCA	70	87.3044256895851
42.8571428571429	233.333333333333	79.4434891634224	0	79.4434891634224	DCA	140	86.2442718101655
57.1428571428571	233.333333333333	78.8218740355836	0	78.8218740355836	DCA	210	80.5789614111442
71.4285714285714	233.333333333333	77.8515401618869	0	77.8515401618869	DCA	280	68.9355412032289
85.7142857142857	233.333333333333	80.2603179704994	0	80.2603179704994	DCA	210	82.01740534606
100	233.333333333333	82.3442505847644	0	82.3442505847644	DCA	70	88.559337439654
114.285714285714	233.333333333333	81.249839472748	0	81.249839472748	DCA	140	88.0506221194912
128.571428571429	233.333333333333	82.3946019141963	0	82.3946019141963	DCA	0	82.3946019141963
142.857142857143	233.333333333333	79.6072290533019	0	79.6072290533019	DCA	140	86.4080117000451
157.142857142857	233.333333333333	79.8283435959757	0	79.8283435959757	DCA	140	86.6291262427189
171.428571428571	233.333333333333	84.7401672212475	0	84.7401672212475	DCA	70	90.9552540761372
185.714285714286	233.333333333333	84.0963294826964	0	84.0963294826964	DCA	280	75.1803305240383
200	233.333333333333	81.6757312080278	0	81.6757312080278	DCA	140	88.476513854771
214.285714285714	233.333333333333	82.6292598696387	0	82.6292598696387	DCA	70	88.8443467245284
228.571428571429	233.333333333333	83.1842821868345	0	83.1842821868345	DCA	70	89.3993690417242
242.857142857143	233.333333333333	82.8024284514183	0	82.8024284514183	DCA	0	82.8024284514183
257.142857142857	233.333333333333	80.7832174855444	0	80.7832174855444	DCA	0	80.7832174855444
271.428571428571	233.333333333333	80.4168579492683	0	80.4168579492683	DCA	210	82.1739453248289
285.714285714286	233.333333333333	77.5251391799372	0	77.5251391799372	DCA	0	77.5251391799372
300	233.333333333333	79.4548642510022	0	79.4548642510022	DCA	280	70.5388652923441
314.285714285714	233.333333333333	81.8438991425387	0	81.8438991425387	DCA	0	81.8438991425387
328.571428571429	233.333333333333	76.6309053828013	0	76.6309053828013	DCA	70	82.8459922376909
342.857142857143	233.333333333333	77.0672798262288	0	77.0672798262288	DCA	210	78.8243672017894
357.142857142857	233.333333333333	77.2079362246326	0	77.2079362246326	DCA	210	78.9650236001932
371.428571428571	233.333333333333	79.5836438370633	0	79.5836438370633	DCA	280	70.6676448784052
385.714285714286	233.333333333333	81.3404311568976	0	81.3404311568976	DCA	210	83.0975185324582
400	233.333333333333	77.5601929818595	0	77.5601929818595	DCA	70	83.7752798367492
414.285714285714	233.333333333333	81.7173464981024	0	81.7173464981024	DCA	210	83.474433873663
428.571428571429	233.333333333333	81.0445717051187	0	81.0445717051187	DCA	280	72.1285727464606
442.857142857143	233.333333333333	80.8275136104391	0	80.8275136104391	DCA	140	87.6282962571823
457.142857142857	233.333333333333	76.9306575617167	0	76.9306575617167	DCA	70	83.1457444166063
471.428571428571	233.333333333333	77.2402096478551	0	77.2402096478551	DCA	0	77.2402096478551
485.714285714286	233.333333333333	77.9122994849473	0	77.9122994849473	DCA	0	77.9122994849473
500	233.333333333333	79.1181871227815	0	79.1181871227815	DCA	0	79.1181871227815
514.285714285714	233.333333333333	82.8626098191466	24.6	107.462609819147	DCA	280	121.965810860488
528.571428571429	233.333333333333	78.7810040862629	24.6	103.381004086263	DCA	0	103.381004086263
542.857142857143	233.333333333333	79.5626917801677	24.6	104.162691780168	DCA	140	122.673074426911
557.142857142857	233.333333333333	77.716835732751	24.6	102.316835732751	DCA	0	102.316835732751
571.428571428571	233.333333333333	76.2797597359662	24.6	100.879759735966	DCA	280	115.382960777308
585.714285714286	233.333333333333	77.8643003320329	24.6	102.464300332033	DCA	140	120.974682978776
600	233.333333333333	78.2761863417945	24.6	102.876186341794	DCA	70	114.946073196684
614.285714285714	233.333333333333	74.6104910883768	24.6	99.2104910883768	DCA	280	113.713692129719
628.571428571429	233.333333333333	75.6794057833385	24.6	100.279405783339	DCA	210	119.600893158899
642.857142857143	233.333333333333	79.7287061049083	24.6	104.328706104908	DCA	210	123.650193480469
657.142857142857	233.333333333333	80.296419393191	24.6	104.896419393191	DCA	140	123.406802039934
671.428571428571	233.333333333333	76.9483802638003	24.6	101.5483802638	DCA	210	120.869867639361
685.714285714286	233.333333333333	75.3650283647213	24.6	99.9650283647213	DCA	0	99.9650283647213
700	233.333333333333	77.0350241797267	24.6	101.635024179727	DCA	140	120.14540682647
714.285714285714	233.333333333333	78.8955460626543	24.6	103.495546062654	DCA	210	122.817033438215
728.571428571429	233.333333333333	79.0332155840939	24.6	103.633215584094	DCA	280	118.136416625436
742.857142857143	233.333333333333	78.6262100763553	24.6	103.226210076355	DCA	70	115.296096931245
757.142857142857	233.333333333333	82.0677329285321	24.6	106.667732928532	DCA	70	118.737619783422
771.428571428571	233.333333333333	81.9535763001684	24.6	106.553576300168	DCA	0	106.553576300168
785.714285714286	233.333333333333	79.8502639175391	24.6	104.450263917539	DCA	280	118.953464958881
800	233.333333333333	84.2287396578591	24.6	108.828739657859	DCA	0	108.828739657859
814.285714285714	233.333333333333	82.4960619344133	24.6	107.096061934413	DCA	210	126.417549309974
828.571428571429	233.333333333333	82.6755520656422	24.6	107.275552065642	DCA	0	107.275552065642
842.857142857143	233.333333333333	84.0198928483925	24.6	108.619892848392	DCA	210	127.941380223953
857.142857142857	233.333333333333	83.348681002919	24.6	107.948681002919	DCA	210	127.27016837848
871.428571428571	233.333333333333	84.4385661464075	24.6	109.038566146407	DCA	70	121.108453001297
885.714285714286	233.333333333333	85.330156887528	24.6	109.930156887528	DCA	140	128.440539534271
900	233.333333333333	81.7817433074675	24.6	106.381743307467	DCA	280	120.884944348809
914.285714285714	233.333333333333	83.1585569475017	24.6	107.758556947502	DCA	280	122.261757988844
928.571428571429	233.333333333333	78.6554068628033	24.6	103.255406862803	DCA	280	117.758607904145
942.857142857143	233.333333333333	78.7929104115925	24.6	103.392910411593	DCA	140	121.903293058336
957.142857142857	233.333333333333	83.52782211481	24.6	108.12782211481	DCA	70	120.1977089697
971.428571428571	233.333333333333	83.5619366554482	24.6	108.161936655448	DCA	210	127.483424031009
985.714285714286	233.333333333333	81.4206312734482	24.6	106.020631273448	DCA	70	118.090518128338
1000	233.333333333333	77.2228057425358	24.6	101.822805742536	DCA	0	101.822805742536
0	266.666666666667	82.0471882097714	0	82.0471882097714	DCA	210	83.8042755853321
14.2857142857143	266.666666666667	81.5661366356504	0	81.5661366356504	DCA	280	72.6501376769923
28.5714285714286	266.666666666667	79.3997921453487	0	79.3997921453487	DCA	0	79.3997921453487
42.8571428571429	266.666666666667	80.7800479879609	0	80.7800479879609	DCA	0	80.7800479879609
57.1428571428571	266.666666666667	77.7881604908066	0	77.7881604908066	DCA	140	84.5889431375498
71.4285714285714	266.666666666667	82.292803923003	0	82.292803923003	DCA	280	73.376804964345
85.7142857142857	266.666666666667	82.1047811547983	0	82.1047811547983	DCA	0	82.1047811547983
100	266.666666666667	81.7780804147094	0	81.7780804147094	DCA	0	81.7780804147094
114.285714285714	266.666666666667	83.163403218426	0	83.163403218426	DCA	280	74.2474042597679
128.571428571429	266.666666666667	76.1139485511212	0	76.1139485511212	DCA	0	76.1139485511212
142.857142857143	266.666666666667	78.427941595426	0	78.427941595426	DCA	140	85.2287242421692
157.142857142857	266.666666666667	85.1283064921157	0	85.1283064921157	DCA	140	91.9290891388589
171.428571428571	266.666666666667	87.2653016118106	0	87.2653016118106	DCA	70	93.4803884667002
185.714285714286	266.666666666667	82.0471632352085	0	82.0471632352085	DCA	0	82.0471632352085
200	266.666666666667	83.0760232383544	0	83.0760232383544	DCA	280	74.1600242796963
214.285714285714	266.666666666667	83.4342485586916	0	83.4342485586916	DCA	0	83.4342485586916
228.571428571429	266.666666666667	81.8480675020645	0	81.8480675020645	DCA	140	88.6488501488077
242.857142857143	266.666666666667	83.3600398142413	0	83.3600398142413	DCA	210	85.1171271898019
257.142857142857	266.666666666667	82.5541554039816	0	82.5541554039816	DCA	70	88.7692422588713
271.428571428571	266.666666666667	82.0675709779971	0	82.0675709779971	DCA	280	73.151572019339
285.714285714286	266.666666666667	81.775013314326	0	81.775013314326	DCA	70	87.9901001692157
300	266.666666666667	81.4420430029629	0	81.4420430029629	DCA	140	88.2428256497061
314.285714285714	266.666666666667	81.8577402594174	0	81.8577402594174	DCA	280	72.9417413007593
328.571428571429	266.666666666667	82.5744421819077	0	82.5744421819077	DCA	70	88.7895290367974
342.857142857143	266.666666666667	78.4238907408335	0	78.4238907408335	DCA	70	84.6389775957232
357.142857142857	266.666666666667	80.5281688830042	0	80.5281688830042	DCA	140	87.3289515297474
371.428571428571	266.666666666667	79.4226640313305	0	79.4226640313305	DCA	140	86.2234466780737
385.714285714286	266.666666666667	81.2344547431021	0	81.2344547431021	DCA	0	81.2344547431021
400	266.666666666667	80.5409803872137	0	80.5409803872137	DCA	140	87.3417630339569
414.285714285714	266.666666666667	81.8603120940411	0	81.8603120940411	DCA	0	81.8603120940411
428.571428571429	266.666666666667	85.3827792726844	0	85.3827792726844	DCA	70	91.5978661275741
442.857142857143	266.666666666667	81.3558334671352	0	81.3558334671352	DCA	0	81.3558334671352
457.142857142857	266.666666666667	77.9109586537194	0	77.9109586537194	DCA	140	84.7117413004626
471.428571428571	266.666666666667	77.2382998283854	0	77.2382998283854	DCA	140	84.0390824751285
485.714285714286	266.666666666667	82.1961154855712	0	82.1961154855712	DCA	210	83.9532028611318
500	266.666666666667	77.3749096087206	0	77.3749096087206	DCA	140	84.1756922554637
514.285714285714	266.666666666667	80.5478077957991	24.6	105.147807795799	DCA	210	124.46929517136
528.571428571429	266.666666666667	81.6172899412063	24.6	106.217289941206	DCA	0	106.217289941206
542.857142857143	266.666666666667	81.7087774290954	24.6	106.308777429095	DCA	210	125.630264804656
557.142857142857	266.666666666667	80.063863636782	24.6	104.663863636782	DCA	0	104.663863636782
571.428571428571	266.666666666667	77.462591581587	24.6	102.062591581587	DCA	140	120.57297422833
585.714285714286	266.666666666667	75.3941249520766	24.6	99.9941249520766	DCA	0	99.9941249520766
600	266.666666666667	72.8339170174724	24.6	97.4339170174724	DCA	280	111.937118058814
614.285714285714	266.666666666667	73.5153844469205	24.6	98.1153844469205	DCA	210	117.436871822481
628.571428571429	266.666666666667	77.9634357928991	24.6	102.563435792899	DCA	70	114.633322647789
642.857142857143	266.666666666667	79.2105065056521	24.6	103.810506505652	DCA	210	123.131993881213
657.142857142857	266.666666666667	79.5904579783407	24.6	104.190457978341	DCA	70	116.26034483323
671.428571428571	266.666666666667	77.7966129448629	24.6	102.396612944863	DCA	280	116.899813986205
685.714285714286	266.666666666667	78.1759409673389	24.6	102.775940967339	DCA	0	102.775940967339
700	266.666666666667	76.4671617414456	24.6	101.067161741446	DCA	210	120.388649117006
714.285714285714	266.666666666667	80.2623694886022	24.6	104.862369488602	DCA	210	124.183856864163
728.571428571429	266.666666666667	78.8720763768755	24.6	103.472076376875	DCA	280	117.975277418217
742.857142857143	266.666666666667	77.9868183486475	24.6	102.586818348648	DCA	210	121.908305724208
757.142857142857	266.666666666667	79.7350669016007	24.6	104.335066901601	DCA	70	116.40495375649
771.428571428571	266.666666666667	79.3711925833587	24.6	103.971192583359	DCA	70	116.041079438248
785.714285714286	266.666666666667	76.3851938979803	24.6	100.98519389798	DCA	280	115.488394939322
800	266.666666666667	76.5667836615502	24.6	101.16678366155	DCA	280	115.669984702892
814.285714285714	266.666666666667	79.8823311458976	24.6	104.482331145898	DCA	0	104.482331145898
828.571428571429	266.666666666667	78.2761622420564	24.6	102.876162242056	DCA	70	114.946049096946
842.857142857143	266.666666666667	76.4596694847408	24.6	101.059669484741	DCA	280	115.562870526083
857.142857142857	266.666666666667	80.0418576703838	24.6	104.641857670384	DCA	280	119.145058711726
871.428571428571	266.666666666667	82.9090033267137	24.6	107.509003326714	DCA	140	126.019385973457
885.714285714286	266.666666666667	85.3945537786663	24.6	109.994553778666	DCA	0	109.994553778666
900	266.666666666667	81.7774591609069	24.6	106.377459160907	DCA	210	125.698946536468
914.285714285714	266.666666666667	77.8429719465591	24.6	102.442971946559	DCA	70	114.512858801449
928.571428571429	266.666666666667	80.8049455164061	24.6	105.404945516406	DCA	280	119.908146557748
942.857142857143	266.666666666667	78.9145902904381	24.6	103.514590290438	DCA	210	122.836077665999
957.142857142857	266.666666666667	80.6833233117344	24.6	105.283323311734	DCA	210	124.604810687295
971.428571428571	266.666666666667	80.5693690744299	24.6	105.16936907443	DCA	140	123.679751721173
985.714285714286	266.666666666667	79.7795422617033	24.6	104.379542261703	DCA	140	122.889924908446
1000	266.666666666667	76.1229525512703	24.6	100.72295255127	DCA	140	119.233335198013
0	300	80.3307604380047	0	80.3307604380047	DCA	280	71.4147614793467
14.2857142857143	300	78.9851031414646	0	78.9851031414646	DCA	140	85.7858857882078
28.5714285714286	300	77.7892222341128	0	77.7892222341128	DCA	280	68.8732232754547
42.8571428571429	300	80.5099826930842	0	80.5099826930842	DCA	210	82.2670700686448
57.1428571428571	300	80.6197913440077	0	80.6197913440077	DCA	210	82.3768787195684
71.4285714285714	300	78.7119391969939	0	78.7119391969939	DCA	280	69.7959402383358
85.7142857142857	300	79.9942056058112	0	79.9942056058112	DCA	70	86.2092924607008
100	300	83.72689778282	0	83.72689778282	DCA	280	74.8108988241619
114.285714285714	300	84.8097709165288	0	84.8097709165288	DCA	0	84.8097709165288
128.571428571429	300	83.8623078801643	0	83.8623078801643	DCA	70	90.077394735054
142.857142857143	300	86.2145631210836	0	86.2145631210836	DCA	140	93.0153457678268
157.142857142857	300	85.2280889683625	0	85.2280889683625	DCA	0	85.2280889683625
171.428571428571	300	83.575372198562	0	83.575372198562	DCA	280	74.6593732399039
185.714285714286	300	84.7414580793853	0	84.7414580793853	DCA	280	75.8254591207272
200	300	80.9248396678901	0	80.9248396678901	DCA	140	87.7256223146333
214.285714285714	300	82.0150017438957	0	82.0150017438957	DCA	280	73.0990027852376
228.571428571429	300	81.9682342350079	0	81.9682342350079	DCA	280	73.0522352763498
242.857142857143	300	80.2581288157961	0	80.2581288157961	DCA	280	71.342129857138
257.142857142857	300	82.9176161869402	0	82.9176161869402	DCA	210	84.6747035625008
271.428571428571	300	83.6544704189969	0	83.6544704189969	DCA	210	85.4115577945575
285.714285714286	300	82.3494019331271	0	82.3494019331271	DCA	140	89.1501845798703
300	300	79.6973857338506	0	79.6973857338506	DCA	210	81.4544731094113
314.285714285714	300	79.3462953837555	0	79.3462953837555	DCA	0	79.3462953837555
328.571428571429	300	78.5397398451213	0	78.5397398451213	DCA	140	85.3405224918645
342.857142857143	300	79.0327793290969	0	79.0327793290969	DCA	140	85.8335619758401
357.142857142857	300	81.6179844514294	0	81.6179844514294	DCA	140	88.4187670981725
371.428571428571	300	84.7064670788656	0	84.7064670788656	DCA	70	90.9215539337552
385.714285714286	300	84.2650625778916	0	84.2650625778916	DCA	210	86.0221499534523
400	300	82.7875015829552	0	82.7875015829552	DCA	140	89.5882842296983
414.285714285714	300	80.2193000282766	0	80.2193000282766	DCA	70	86.4343868831662
428.571428571429	300	82.263809791931	0	82.263809791931	DCA	70	88.4788966468206
442.857142857143	300	83.6631443488528	0	83.6631443488528	DCA	280	74.7471453901947
457.142857142857	300	80.9174143027529	0	80.9174143027529	DCA	210	82.6745016783135
471.428571428571	300	78.2435732673202	0	78.2435732673202	DCA	210	80.0006606428809
485.714285714286	300	78.9936347939627	0	78.9936347939627	DCA	140	85.7944174407059
500	300	77.8651416192241	0	77.8651416192241	DCA	70	84.0802284741138
514.285714285714	300	77.6285617042101	24.6	102.22856170421	DCA	280	116.731762745552
528.571428571429	300	79.7884405126863	24.6	104.388440512686	DCA	210	123.709927888247
542.857142857143	300	82.1766755844709	24.6	106.776675584471	DCA	0	106.776675584471
557.142857142857	300	81.8866193777372	24.6	106.486619377737	DCA	140	124.99700202448
571.428571428571	300	80.5045553633082	24.6	105.104555363308	DCA	210	124.426042738869
585.714285714286	300	80.3677896712849	24.6	104.967789671285	DCA	210	124.289277046845
600	300	82.3031860959774	24.6	106.903186095977	DCA	280	121.406387137319
614.285714285714	300	80.5811582633559	24.6	105.181158263356	DCA	70	117.251045118246
628.571428571429	300	79.8024021163663	24.6	104.402402116366	DCA	140	122.912784763109
642.857142857143	300	77.857937795068	24.6	102.457937795068	DCA	70	114.527824649958
657.142857142857	300	81.4585692480818	24.6	106.058569248082	DCA	0	106.058569248082
671.428571428571	300	78.8443635293398	24.6	103.44436352934	DCA	70	115.514250384229
685.714285714286	300	76.0974962081923	24.6	100.697496208192	DCA	210	120.018983583753
700	300	78.4548358920692	24.6	103.054835892069	DCA	140	121.565218538812
714.285714285714	300	79.3294956371501	24.6	103.92949563715	DCA	210	123.250983012711
728.571428571429	300	84.2847877214436	24.6	108.884787721444	DCA	210	128.206275097004
742.857142857143	300	82.8635279249517	24.6	107.463527924952	DCA	280	121.966728966294
757.142857142857	300	82.7026881469272	24.6	107.302688146927	DCA	70	119.372575001817
771.428571428571	300	81.3368522919284	24.6	105.936852291928	DCA	210	125.258339667489
785.714285714286	300	77.8511202891828	24.6	102.451120289183	DCA	210	121.772607664743
800	300	80.3407238869201	24.6	104.94072388692	DCA	210	124.262211262481
814.285714285714	300	82.3238033033499	24.6	106.92380330335	DCA	210	126.24529067891
828.571428571429	300	79.3113047036146	24.6	103.911304703615	DCA	70	115.981191558504
842.857142857143	300	79.0799974215672	24.6	103.679997421567	DCA	0	103.679997421567
857.142857142857	300	79.4978966316793	24.6	104.097896631679	DCA	0	104.097896631679
871.428571428571	300	78.8168054599134	24.6	103.416805459913	DCA	280	117.920006501255
885.714285714286	300	78.6272729807668	24.6	103.227272980767	DCA	280	117.730474022109
900	300	74.7049599503384	24.6	99.3049599503384	DCA	70	111.374846805228
914.285714285714	300	73.1898695661152	24.6	97.7898695661152	DCA	0	97.7898695661152
928.571428571429	300	75.1377710193131	24.6	99.7377710193131	DCA	140	118.248153666056
942.857142857143	300	73.6961660270924	24.6	98.2961660270924	DCA	280	112.799367068434
957.142857142857	300	75.7755014687233	24.6	100.375501468723	DCA	210	119.696988844284
971.428571428571	300	77.8743321508238	24.6	102.474332150824	DCA	210	121.795819526384
985.714285714286	300	77.7614108152103	24.6	102.36141081521	DCA	140	120.871793461954
1000	300	76.6344701490096	24.6	101.23447014901	DCA	280	115.737671190351
