x	y	variable1	Zona	ErrorConEfecto	Disenio	AsigTrat	MiRto
0	0	78.6864343644563	0	78.6864343644563	DCA	280	72.3831352447417
14.2857142857143	0	80.2192851568708	0	80.2192851568708	DCA	140	85.7381252069239
28.5714285714286	0	76.7723620914226	0	76.7723620914226	DCA	280	70.469062971708
42.8571428571429	0	75.504134996705	0	75.504134996705	DCA	140	81.0229750467581
57.1428571428571	0	77.7069546893839	0	77.7069546893839	DCA	70	82.633997116888
71.4285714285714	0	79.882658304954	0	79.882658304954	DCA	140	85.4014983550071
85.7142857142857	0	77.6455144714225	0	77.6455144714225	DCA	140	83.1643545214756
100	0	76.1060335804031	0	76.1060335804031	DCA	280	69.8027344606885
114.285714285714	0	77.48357494753	0	77.48357494753	DCA	0	77.48357494753
128.571428571429	0	80.6509905835599	0	80.6509905835599	DCA	140	86.169830633613
142.857142857143	0	77.2922789876318	0	77.2922789876318	DCA	0	77.2922789876318
157.142857142857	0	77.7331501913492	0	77.7331501913492	DCA	280	71.4298510716346
171.428571428571	0	80.9480106545847	0	80.9480106545847	DCA	210	82.7234035222316
185.714285714286	0	79.8305180685314	0	79.8305180685314	DCA	0	79.8305180685314
200	0	81.5274209202098	0	81.5274209202098	DCA	140	87.046260970263
214.285714285714	0	84.996052109126	0	84.996052109126	DCA	140	90.5148921591791
228.571428571429	0	83.08282185516	0	83.08282185516	DCA	0	83.08282185516
242.857142857143	0	78.7231018103471	0	78.7231018103471	DCA	140	84.2419418604002
257.142857142857	0	80.8826771241976	0	80.8826771241976	DCA	280	74.579378004483
271.428571428571	0	80.2762923975163	0	80.2762923975163	DCA	280	73.9729932778017
285.714285714286	0	82.7010534241441	0	82.7010534241441	DCA	70	87.6280958516482
300	0	83.6209648829238	0	83.6209648829238	DCA	140	89.139804932977
314.285714285714	0	83.7113487914418	0	83.7113487914418	DCA	280	77.4080496717272
328.571428571429	0	83.7701459100112	0	83.7701459100112	DCA	0	83.7701459100112
342.857142857143	0	82.6892868049798	0	82.6892868049798	DCA	70	87.616329232484
357.142857142857	0	78.5438752292864	0	78.5438752292864	DCA	140	84.0627152793396
371.428571428571	0	80.5454199739039	0	80.5454199739039	DCA	280	74.2421208541894
385.714285714286	0	82.1213590064117	0	82.1213590064117	DCA	210	83.8967518740586
400	0	82.2844762873665	0	82.2844762873665	DCA	0	82.2844762873665
414.285714285714	0	83.0559685704145	0	83.0559685704145	DCA	140	88.5748086204676
428.571428571429	0	84.744493279972	0	84.744493279972	DCA	0	84.744493279972
442.857142857143	0	81.8105259305699	0	81.8105259305699	DCA	0	81.8105259305699
457.142857142857	0	79.5530876561088	0	79.5530876561088	DCA	210	81.3284805237557
471.428571428571	0	79.9685639573279	0	79.9685639573279	DCA	280	73.6652648376133
485.714285714286	0	77.5080738695838	0	77.5080738695838	DCA	70	82.435116297088
500	0	81.4050018464043	0	81.4050018464043	DCA	70	86.3320442739084
514.285714285714	0	82.8596401867013	24.6	107.459640186701	DCA	70	118.241482614205
528.571428571429	0	87.3777076767574	24.6	111.977707676757	DCA	0	111.977707676757
542.857142857143	0	81.7355459587395	24.6	106.33554595874	DCA	280	123.451446839025
557.142857142857	0	78.8678718322256	24.6	103.467871832226	DCA	280	120.583772712511
571.428571428571	0	80.385024209567	24.6	104.985024209567	DCA	70	115.766866637071
585.714285714286	0	76.5343888043278	24.6	101.134388804328	DCA	280	118.250289684613
600	0	75.3787488204796	24.6	99.9787488204796	DCA	0	99.9787488204796
614.285714285714	0	75.5876777844638	24.6	100.187677784464	DCA	210	119.527470652111
628.571428571429	0	76.9795208450501	24.6	101.57952084505	DCA	70	112.361363272554
642.857142857143	0	77.0483031400074	24.6	101.648303140007	DCA	70	112.430145567512
657.142857142857	0	79.8815501420369	24.6	104.481550142037	DCA	0	104.481550142037
671.428571428571	0	77.6529491218264	24.6	102.252949121826	DCA	280	119.368850002112
685.714285714286	0	79.0691577162801	24.6	103.66915771628	DCA	140	120.897597766333
700	0	77.1577980385058	24.6	101.757798038506	DCA	0	101.757798038506
714.285714285714	0	78.2506738927282	24.6	102.850673892728	DCA	70	113.632516320232
728.571428571429	0	82.9952938297723	24.6	107.595293829772	DCA	140	124.823733879825
742.857142857143	0	82.6203993780635	24.6	107.220399378063	DCA	280	124.336300258349
757.142857142857	0	79.6786824123578	24.6	104.278682412358	DCA	280	121.394583292643
771.428571428571	0	80.2124899350482	24.6	104.812489935048	DCA	280	121.928390815334
785.714285714286	0	81.0546071080822	24.6	105.654607108082	DCA	70	116.436449535586
800	0	80.7313630237346	24.6	105.331363023735	DCA	210	124.671155891381
814.285714285714	0	78.5651768833669	24.6	103.165176883367	DCA	140	120.39361693342
828.571428571429	0	80.9088172586598	24.6	105.50881725866	DCA	0	105.50881725866
842.857142857143	0	84.2053416728799	24.6	108.80534167288	DCA	140	126.033781722933
857.142857142857	0	83.2936768008335	24.6	107.893676800833	DCA	70	118.675519228338
871.428571428571	0	82.5082355379676	24.6	107.108235537968	DCA	140	124.336675588021
885.714285714286	0	82.3837679506747	24.6	106.983767950675	DCA	210	126.323560818322
900	0	82.3107070740988	24.6	106.910707074099	DCA	280	124.026607954384
914.285714285714	0	80.9750726796735	24.6	105.575072679673	DCA	70	116.356915107178
928.571428571429	0	80.6824125838043	24.6	105.282412583804	DCA	280	122.39831346409
942.857142857143	0	78.0191525491734	24.6	102.619152549173	DCA	280	119.735053429459
957.142857142857	0	78.2717097949685	24.6	102.871709794968	DCA	280	119.987610675254
971.428571428571	0	77.7150440409896	24.6	102.31504404099	DCA	70	113.096886468494
985.714285714286	0	81.480116773909	24.6	106.080116773909	DCA	280	123.196017654194
1000	0	81.0309244858516	24.6	105.630924485852	DCA	70	116.412766913356
0	33.3333333333333	75.6725392514419	0	75.6725392514419	DCA	140	81.191379301495
14.2857142857143	33.3333333333333	79.1703900263079	0	79.1703900263079	DCA	280	72.8670909065934
28.5714285714286	33.3333333333333	80.8758279803507	0	80.8758279803507	DCA	70	85.8028704078549
42.8571428571429	33.3333333333333	80.9827657617064	0	80.9827657617064	DCA	140	86.5016058117595
57.1428571428571	33.3333333333333	79.7964278894683	0	79.7964278894683	DCA	0	79.7964278894683
71.4285714285714	33.3333333333333	77.2482766283291	0	77.2482766283291	DCA	280	70.9449775086146
85.7142857142857	33.3333333333333	78.181285330493	0	78.181285330493	DCA	70	83.1083277579972
100	33.3333333333333	79.2635737157566	0	79.2635737157566	DCA	280	72.9602745960421
114.285714285714	33.3333333333333	76.179542556739	0	76.179542556739	DCA	210	77.9549354243859
128.571428571429	33.3333333333333	79.2656835950876	0	79.2656835950876	DCA	210	81.0410764627345
142.857142857143	33.3333333333333	81.4238887377857	0	81.4238887377857	DCA	0	81.4238887377857
157.142857142857	33.3333333333333	80.8989793225303	0	80.8989793225303	DCA	0	80.8989793225303
171.428571428571	33.3333333333333	82.6381185310114	0	82.6381185310114	DCA	140	88.1569585810645
185.714285714286	33.3333333333333	81.7679724282632	0	81.7679724282632	DCA	70	86.6950148557674
200	33.3333333333333	81.5592935785732	0	81.5592935785732	DCA	280	75.2559944588586
214.285714285714	33.3333333333333	82.2833830245051	0	82.2833830245051	DCA	210	84.058775892152
228.571428571429	33.3333333333333	81.1515585859875	0	81.1515585859875	DCA	210	82.9269514536344
242.857142857143	33.3333333333333	77.876364169885	0	77.876364169885	DCA	210	79.6517570375318
257.142857142857	33.3333333333333	81.3581113672935	0	81.3581113672935	DCA	210	83.1335042349404
271.428571428571	33.3333333333333	79.3318844396533	0	79.3318844396533	DCA	210	81.1072773073002
285.714285714286	33.3333333333333	84.4767241226821	0	84.4767241226821	DCA	140	89.9955641727352
300	33.3333333333333	81.752474017731	0	81.752474017731	DCA	0	81.752474017731
314.285714285714	33.3333333333333	79.8187574866724	0	79.8187574866724	DCA	280	73.5154583669579
328.571428571429	33.3333333333333	77.7212442679179	0	77.7212442679179	DCA	210	79.4966371355648
342.857142857143	33.3333333333333	79.3345896026637	0	79.3345896026637	DCA	0	79.3345896026637
357.142857142857	33.3333333333333	74.1362637579907	0	74.1362637579907	DCA	210	75.9116566256375
371.428571428571	33.3333333333333	77.1795121124398	0	77.1795121124398	DCA	210	78.9549049800867
385.714285714286	33.3333333333333	82.3059561187868	0	82.3059561187868	DCA	140	87.8247961688399
400	33.3333333333333	80.5919137711251	0	80.5919137711251	DCA	280	74.2886146514106
414.285714285714	33.3333333333333	78.5435290584475	0	78.5435290584475	DCA	70	83.4705714859516
428.571428571429	33.3333333333333	83.3796823559871	0	83.3796823559871	DCA	280	77.0763832362725
442.857142857143	33.3333333333333	83.76528197559	0	83.76528197559	DCA	210	85.5406748432369
457.142857142857	33.3333333333333	82.6378908753569	0	82.6378908753569	DCA	70	87.5649333028611
471.428571428571	33.3333333333333	85.4133373677914	0	85.4133373677914	DCA	280	79.1100382480768
485.714285714286	33.3333333333333	81.4942061080703	0	81.4942061080703	DCA	140	87.0130461581235
500	33.3333333333333	80.0075809869242	0	80.0075809869242	DCA	280	73.7042818672096
514.285714285714	33.3333333333333	79.2316087898302	24.6	103.83160878983	DCA	0	103.83160878983
528.571428571429	33.3333333333333	79.3988566457181	24.6	103.998856645718	DCA	0	103.998856645718
542.857142857143	33.3333333333333	81.8724515190256	24.6	106.472451519026	DCA	280	123.588352399311
557.142857142857	33.3333333333333	76.5269567330582	24.6	101.126956733058	DCA	0	101.126956733058
571.428571428571	33.3333333333333	75.4353389414821	24.6	100.035338941482	DCA	70	110.817181368986
585.714285714286	33.3333333333333	79.5336644869752	24.6	104.133664486975	DCA	0	104.133664486975
600	33.3333333333333	80.5424967889133	24.6	105.142496788913	DCA	210	124.48228965656
614.285714285714	33.3333333333333	77.6150166730148	24.6	102.215016673015	DCA	70	112.996859100519
628.571428571429	33.3333333333333	79.4334814349249	24.6	104.033481434925	DCA	0	104.033481434925
642.857142857143	33.3333333333333	77.472237672402	24.6	102.072237672402	DCA	70	112.854080099906
657.142857142857	33.3333333333333	78.2502886206898	24.6	102.85028862069	DCA	210	122.190081488337
671.428571428571	33.3333333333333	80.6746635740628	24.6	105.274663574063	DCA	140	122.503103624116
685.714285714286	33.3333333333333	77.866132696746	24.6	102.466132696746	DCA	70	113.24797512425
700	33.3333333333333	77.8031616030568	24.6	102.403161603057	DCA	210	121.742954470704
714.285714285714	33.3333333333333	77.8968589642372	24.6	102.496858964237	DCA	280	119.612759844523
728.571428571429	33.3333333333333	79.8125750266406	24.6	104.412575026641	DCA	0	104.412575026641
742.857142857143	33.3333333333333	81.3036823116601	24.6	105.90368231166	DCA	70	116.685524739164
757.142857142857	33.3333333333333	79.5673024907247	24.6	104.167302490725	DCA	70	114.949144918229
771.428571428571	33.3333333333333	77.7766225289241	24.6	102.376622528924	DCA	0	102.376622528924
785.714285714286	33.3333333333333	80.440614807536	24.6	105.040614807536	DCA	210	124.380407675183
800	33.3333333333333	81.4660237963821	24.6	106.066023796382	DCA	280	123.181924676667
814.285714285714	33.3333333333333	81.9255559866496	24.6	106.52555598665	DCA	70	117.307398414154
828.571428571429	33.3333333333333	81.4442584289783	24.6	106.044258428978	DCA	210	125.384051296625
842.857142857143	33.3333333333333	81.1993436247791	24.6	105.799343624779	DCA	280	122.915244505065
857.142857142857	33.3333333333333	82.6334981358177	24.6	107.233498135818	DCA	70	118.015340563322
871.428571428571	33.3333333333333	83.1932715154087	24.6	107.793271515409	DCA	280	124.909172395694
885.714285714286	33.3333333333333	83.5911827074469	24.6	108.191182707447	DCA	0	108.191182707447
900	33.3333333333333	78.6393670494196	24.6	103.23936704942	DCA	210	122.579159917067
914.285714285714	33.3333333333333	84.6491110496355	24.6	109.249111049636	DCA	210	128.588903917282
928.571428571429	33.3333333333333	79.5941341334068	24.6	104.194134133407	DCA	210	123.533927001054
942.857142857143	33.3333333333333	79.3848229174803	24.6	103.98482291748	DCA	140	121.213262967533
957.142857142857	33.3333333333333	75.1979596591032	24.6	99.7979596591032	DCA	140	117.026399709156
971.428571428571	33.3333333333333	79.104138524044	24.6	103.704138524044	DCA	0	103.704138524044
985.714285714286	33.3333333333333	76.0960353215357	24.6	100.696035321536	DCA	140	117.924475371589
1000	33.3333333333333	72.225303544454	24.6	96.825303544454	DCA	70	107.607145971958
0	66.6666666666667	82.7255559648652	0	82.7255559648652	DCA	140	88.2443960149183
14.2857142857143	66.6666666666667	78.9892200774372	0	78.9892200774372	DCA	0	78.9892200774372
28.5714285714286	66.6666666666667	79.5549535784362	0	79.5549535784362	DCA	280	73.2516544587216
42.8571428571429	66.6666666666667	79.5821827548335	0	79.5821827548335	DCA	70	84.5092251823377
57.1428571428571	66.6666666666667	79.4075538120162	0	79.4075538120162	DCA	140	84.9263938620694
71.4285714285714	66.6666666666667	78.0196165041822	0	78.0196165041822	DCA	70	82.9466589316864
85.7142857142857	66.6666666666667	79.875723242923	0	79.875723242923	DCA	70	84.8027656704271
100	66.6666666666667	76.7738971738829	0	76.7738971738829	DCA	0	76.7738971738829
114.285714285714	66.6666666666667	80.5073427635768	0	80.5073427635768	DCA	210	82.2827356312236
128.571428571429	66.6666666666667	82.3019472633252	0	82.3019472633252	DCA	140	87.8207873133784
142.857142857143	66.6666666666667	86.7359342338389	0	86.7359342338389	DCA	0	86.7359342338389
157.142857142857	66.6666666666667	80.9989989905789	0	80.9989989905789	DCA	0	80.9989989905789
171.428571428571	66.6666666666667	81.7278595305287	0	81.7278595305287	DCA	280	75.4245604108142
185.714285714286	66.6666666666667	81.9925191798853	0	81.9925191798853	DCA	280	75.6892200601707
200	66.6666666666667	81.0837558514986	0	81.0837558514986	DCA	70	86.0107982790028
214.285714285714	66.6666666666667	78.7905198255646	0	78.7905198255646	DCA	140	84.3093598756177
228.571428571429	66.6666666666667	78.5730877030437	0	78.5730877030437	DCA	140	84.0919277530968
242.857142857143	66.6666666666667	80.6707519770706	0	80.6707519770706	DCA	0	80.6707519770706
257.142857142857	66.6666666666667	80.1855274877761	0	80.1855274877761	DCA	280	73.8822283680615
271.428571428571	66.6666666666667	81.8543431654203	0	81.8543431654203	DCA	210	83.6297360330671
285.714285714286	66.6666666666667	81.3636814151829	0	81.3636814151829	DCA	70	86.290723842687
300	66.6666666666667	82.0382863024762	0	82.0382863024762	DCA	140	87.5571263525293
314.285714285714	66.6666666666667	81.5270173570442	0	81.5270173570442	DCA	280	75.2237182373297
328.571428571429	66.6666666666667	82.9647093670741	0	82.9647093670741	DCA	140	88.4835494171272
342.857142857143	66.6666666666667	77.6708456811723	0	77.6708456811723	DCA	280	71.3675465614578
357.142857142857	66.6666666666667	74.1631715902559	0	74.1631715902559	DCA	280	67.8598724705413
371.428571428571	66.6666666666667	79.7622163340781	0	79.7622163340781	DCA	0	79.7622163340781
385.714285714286	66.6666666666667	76.9983023313195	0	76.9983023313195	DCA	210	78.7736951989664
400	66.6666666666667	78.6931267681716	0	78.6931267681716	DCA	280	72.3898276484571
414.285714285714	66.6666666666667	79.699170281063	0	79.699170281063	DCA	140	85.2180103311161
428.571428571429	66.6666666666667	80.2530608536871	0	80.2530608536871	DCA	140	85.7719009037402
442.857142857143	66.6666666666667	79.8866356830733	0	79.8866356830733	DCA	140	85.4054757331264
457.142857142857	66.6666666666667	81.757238978037	0	81.757238978037	DCA	0	81.757238978037
471.428571428571	66.6666666666667	80.573462874029	0	80.573462874029	DCA	140	86.0923029240821
485.714285714286	66.6666666666667	81.8410002356553	0	81.8410002356553	DCA	0	81.8410002356553
500	66.6666666666667	81.849407108663	0	81.849407108663	DCA	140	87.3682471587161
514.285714285714	66.6666666666667	79.4408895001076	24.6	104.040889500108	DCA	0	104.040889500108
528.571428571429	66.6666666666667	80.4147967002139	24.6	105.014796700214	DCA	0	105.014796700214
542.857142857143	66.6666666666667	76.6193489408503	24.6	101.21934894085	DCA	70	112.001191368354
557.142857142857	66.6666666666667	76.9908762248283	24.6	101.590876224828	DCA	210	120.930669092475
571.428571428571	66.6666666666667	79.6504990415229	24.6	104.250499041523	DCA	140	121.478939091576
585.714285714286	66.6666666666667	78.2052224048195	24.6	102.805222404819	DCA	210	122.145015272466
600	66.6666666666667	79.484072348918	24.6	104.084072348918	DCA	0	104.084072348918
614.285714285714	66.6666666666667	78.8045244377213	24.6	103.404524437721	DCA	210	122.744317305368
628.571428571429	66.6666666666667	78.7789615013008	24.6	103.378961501301	DCA	0	103.378961501301
642.857142857143	66.6666666666667	79.8218421241941	24.6	104.421842124194	DCA	280	121.53774300448
657.142857142857	66.6666666666667	75.4719992890168	24.6	100.071999289017	DCA	140	117.30043933907
671.428571428571	66.6666666666667	81.3357397441144	24.6	105.935739744114	DCA	210	125.275532611761
685.714285714286	66.6666666666667	76.7391244998722	24.6	101.339124499872	DCA	140	118.567564549925
700	66.6666666666667	79.2013637905553	24.6	103.801363790555	DCA	280	120.917264670841
714.285714285714	66.6666666666667	78.8434430608297	24.6	103.44344306083	DCA	140	120.671883110883
728.571428571429	66.6666666666667	80.2131248238034	24.6	104.813124823803	DCA	0	104.813124823803
742.857142857143	66.6666666666667	80.3189067631476	24.6	104.918906763148	DCA	210	124.258699630794
757.142857142857	66.6666666666667	78.3998371237095	24.6	102.999837123709	DCA	140	120.228277173763
771.428571428571	66.6666666666667	74.9159196795247	24.6	99.5159196795247	DCA	70	110.297762107029
785.714285714286	66.6666666666667	75.678517640372	24.6	100.278517640372	DCA	140	117.506957690425
800	66.6666666666667	77.5421690370077	24.6	102.142169037008	DCA	0	102.142169037008
814.285714285714	66.6666666666667	75.4006805699411	24.6	100.000680569941	DCA	70	110.782522997445
828.571428571429	66.6666666666667	77.3410524414289	24.6	101.941052441429	DCA	140	119.169492491482
842.857142857143	66.6666666666667	79.1797356362937	24.6	103.779735636294	DCA	280	120.895636516579
857.142857142857	66.6666666666667	78.1148848298904	24.6	102.71488482989	DCA	0	102.71488482989
871.428571428571	66.6666666666667	79.1373399776934	24.6	103.737339977693	DCA	0	103.737339977693
885.714285714286	66.6666666666667	79.2943312448224	24.6	103.894331244822	DCA	140	121.122771294876
900	66.6666666666667	79.9740682998469	24.6	104.574068299847	DCA	210	123.913861167494
914.285714285714	66.6666666666667	76.5654832729588	24.6	101.165483272959	DCA	210	120.505276140606
928.571428571429	66.6666666666667	78.5375334551788	24.6	103.137533455179	DCA	70	113.919375882683
942.857142857143	66.6666666666667	82.584060446947	24.6	107.184060446947	DCA	280	124.299961327232
957.142857142857	66.6666666666667	84.2151348332252	24.6	108.815134833225	DCA	210	128.154927700872
971.428571428571	66.6666666666667	79.142717376542	24.6	103.742717376542	DCA	210	123.082510244189
985.714285714286	66.6666666666667	80.6994346011648	24.6	105.299434601165	DCA	210	124.639227468812
1000	66.6666666666667	79.9484174456656	24.6	104.548417445666	DCA	0	104.548417445666
0	100	83.9271297094267	0	83.9271297094267	DCA	140	89.4459697594799
14.2857142857143	100	82.7260274207816	0	82.7260274207816	DCA	280	76.422728301067
28.5714285714286	100	82.3957914449365	0	82.3957914449365	DCA	210	84.1711843125834
42.8571428571429	100	79.4822510106255	0	79.4822510106255	DCA	70	84.4092934381296
57.1428571428571	100	83.3600159717715	0	83.3600159717715	DCA	0	83.3600159717715
71.4285714285714	100	80.8884413349539	0	80.8884413349539	DCA	210	82.6638342026008
85.7142857142857	100	78.2738410575764	0	78.2738410575764	DCA	280	71.9705419378618
100	100	79.1950381062259	0	79.1950381062259	DCA	0	79.1950381062259
114.285714285714	100	77.2345416127979	0	77.2345416127979	DCA	210	79.0099344804448
128.571428571429	100	80.8868274783461	0	80.8868274783461	DCA	0	80.8868274783461
142.857142857143	100	79.4684266381483	0	79.4684266381483	DCA	0	79.4684266381483
157.142857142857	100	81.5555859542123	0	81.5555859542123	DCA	0	81.5555859542123
171.428571428571	100	83.3407613892295	0	83.3407613892295	DCA	70	88.2678038167337
185.714285714286	100	78.7042633574306	0	78.7042633574306	DCA	280	72.400964237716
200	100	78.1743190986903	0	78.1743190986903	DCA	70	83.1013615261945
214.285714285714	100	74.0143083693266	0	74.0143083693266	DCA	280	67.7110092496121
228.571428571429	100	80.1009274021635	0	80.1009274021635	DCA	70	85.0279698296676
242.857142857143	100	82.292913995757	0	82.292913995757	DCA	70	87.2199564232611
257.142857142857	100	79.4572337336164	0	79.4572337336164	DCA	280	73.1539346139019
271.428571428571	100	79.727067228401	0	79.727067228401	DCA	280	73.4237681086865
285.714285714286	100	83.7325499613632	0	83.7325499613632	DCA	210	85.5079428290101
300	100	81.1414003198475	0	81.1414003198475	DCA	210	82.9167931874943
314.285714285714	100	81.5180433325495	0	81.5180433325495	DCA	140	87.0368833826026
328.571428571429	100	79.1516184093261	0	79.1516184093261	DCA	210	80.927011276973
342.857142857143	100	83.0105166209966	0	83.0105166209966	DCA	210	84.7859094886434
357.142857142857	100	81.4325041740893	0	81.4325041740893	DCA	140	86.9513442241424
371.428571428571	100	81.4379007744323	0	81.4379007744323	DCA	210	83.2132936420792
385.714285714286	100	75.9799098710431	0	75.9799098710431	DCA	0	75.9799098710431
400	100	80.5790508033177	0	80.5790508033177	DCA	70	85.5060932308218
414.285714285714	100	78.2537504168734	0	78.2537504168734	DCA	280	71.9504512971589
428.571428571429	100	76.7577870523789	0	76.7577870523789	DCA	70	81.6848294798831
442.857142857143	100	75.5655725888378	0	75.5655725888378	DCA	70	80.4926150163419
457.142857142857	100	79.1277723265151	0	79.1277723265151	DCA	140	84.6466123765683
471.428571428571	100	76.7358854916612	0	76.7358854916612	DCA	140	82.2547255417144
485.714285714286	100	76.5320731382667	0	76.5320731382667	DCA	280	70.2287740185522
500	100	80.8247335196391	0	80.8247335196391	DCA	140	86.3435735696922
514.285714285714	100	75.3569313639186	24.6	99.9569313639186	DCA	210	119.296724231566
528.571428571429	100	76.3794461019979	24.6	100.979446101998	DCA	280	118.095346982283
542.857142857143	100	75.5726916914725	24.6	100.172691691472	DCA	280	117.288592571758
557.142857142857	100	72.9127681310061	24.6	97.5127681310061	DCA	210	116.852560998653
571.428571428571	100	76.3502003355336	24.6	100.950200335534	DCA	280	118.066101215819
585.714285714286	100	74.785775447961	24.6	99.385775447961	DCA	140	116.614215498014
600	100	79.6920306276482	24.6	104.292030627648	DCA	0	104.292030627648
614.285714285714	100	74.8529894212906	24.6	99.4529894212906	DCA	70	110.234831848795
628.571428571429	100	76.7916258537303	24.6	101.39162585373	DCA	140	118.620065903783
642.857142857143	100	76.7000874947546	24.6	101.300087494755	DCA	140	118.528527544808
657.142857142857	100	81.7829388677881	24.6	106.382938867788	DCA	0	106.382938867788
671.428571428571	100	78.562246975922	24.6	103.162246975922	DCA	280	120.278147856207
685.714285714286	100	79.7940371249059	24.6	104.394037124906	DCA	280	121.509938005191
700	100	79.3912922563251	24.6	103.991292256325	DCA	210	123.331085123972
714.285714285714	100	77.7845960129275	24.6	102.384596012927	DCA	280	119.500496893213
728.571428571429	100	79.4775913459392	24.6	104.077591345939	DCA	0	104.077591345939
742.857142857143	100	81.4115425309707	24.6	106.011542530971	DCA	210	125.351335398618
757.142857142857	100	78.2036076184831	24.6	102.803607618483	DCA	70	113.585450045987
771.428571428571	100	77.9436892840542	24.6	102.543689284054	DCA	0	102.543689284054
785.714285714286	100	73.9684680469883	24.6	98.5684680469883	DCA	210	117.908260914635
800	100	75.2604134594177	24.6	99.8604134594177	DCA	280	116.976314339703
814.285714285714	100	75.7082056757927	24.6	100.308205675793	DCA	70	111.090048103297
828.571428571429	100	75.5003484813405	24.6	100.10034848134	DCA	70	110.882190908845
842.857142857143	100	73.6637514557826	24.6	98.2637514557826	DCA	0	98.2637514557826
857.142857142857	100	74.8155767009997	24.6	99.4155767009997	DCA	0	99.4155767009997
871.428571428571	100	74.4428916080372	24.6	99.0428916080372	DCA	70	109.824734035541
885.714285714286	100	75.6670023723121	24.6	100.267002372312	DCA	70	111.048844799816
900	100	79.6224172315197	24.6	104.22241723152	DCA	210	123.562210099167
914.285714285714	100	77.4133102541328	24.6	102.013310254133	DCA	70	112.795152681637
928.571428571429	100	83.0399356473688	24.6	107.639935647369	DCA	140	124.868375697422
942.857142857143	100	85.6936165030884	24.6	110.293616503088	DCA	210	129.633409370735
957.142857142857	100	88.1077774494169	24.6	112.707777449417	DCA	0	112.707777449417
971.428571428571	100	86.0440765030998	24.6	110.6440765031	DCA	280	127.759977383385
985.714285714286	100	80.5233566226371	24.6	105.123356622637	DCA	70	115.905199050141
1000	100	81.3495627457656	24.6	105.949562745766	DCA	140	123.178002795819
0	133.333333333333	78.2017379272745	0	78.2017379272745	DCA	0	78.2017379272745
14.2857142857143	133.333333333333	79.8823791876482	0	79.8823791876482	DCA	280	73.5790800679336
28.5714285714286	133.333333333333	81.492977019113	0	81.492977019113	DCA	210	83.2683698867599
42.8571428571429	133.333333333333	81.9021262090861	0	81.9021262090861	DCA	0	81.9021262090861
57.1428571428571	133.333333333333	83.475430773984	0	83.475430773984	DCA	0	83.475430773984
71.4285714285714	133.333333333333	80.4975650201021	0	80.4975650201021	DCA	280	74.1942659003876
85.7142857142857	133.333333333333	78.9049777177455	0	78.9049777177455	DCA	280	72.601678598031
100	133.333333333333	82.2152217343147	0	82.2152217343147	DCA	210	83.9906146019616
114.285714285714	133.333333333333	84.8448923081762	0	84.8448923081762	DCA	70	89.7719347356804
128.571428571429	133.333333333333	84.4787240095681	0	84.4787240095681	DCA	210	86.254116877215
142.857142857143	133.333333333333	82.8179876823558	0	82.8179876823558	DCA	0	82.8179876823558
157.142857142857	133.333333333333	82.514585028368	0	82.514585028368	DCA	70	87.4416274558722
171.428571428571	133.333333333333	85.6306403716731	0	85.6306403716731	DCA	280	79.3273412519585
185.714285714286	133.333333333333	80.7115317630283	0	80.7115317630283	DCA	70	85.6385741905324
200	133.333333333333	80.4393268423988	0	80.4393268423988	DCA	70	85.3663692699029
214.285714285714	133.333333333333	77.0606572903487	0	77.0606572903487	DCA	70	81.9876997178529
228.571428571429	133.333333333333	73.2656183403202	0	73.2656183403202	DCA	140	78.7844583903734
242.857142857143	133.333333333333	76.8696463373639	0	76.8696463373639	DCA	140	82.3884863874171
257.142857142857	133.333333333333	78.8484699348257	0	78.8484699348257	DCA	70	83.7755123623299
271.428571428571	133.333333333333	81.333656019879	0	81.333656019879	DCA	210	83.1090488875259
285.714285714286	133.333333333333	81.0970393109583	0	81.0970393109583	DCA	0	81.0970393109583
300	133.333333333333	80.0541347209239	0	80.0541347209239	DCA	140	85.5729747709771
314.285714285714	133.333333333333	78.685061388814	0	78.685061388814	DCA	70	83.6121038163182
328.571428571429	133.333333333333	86.7349078133914	0	86.7349078133914	DCA	0	86.7349078133914
342.857142857143	133.333333333333	85.7159355391433	0	85.7159355391433	DCA	70	90.6429779666475
357.142857142857	133.333333333333	84.6686477146685	0	84.6686477146685	DCA	70	89.5956901421727
371.428571428571	133.333333333333	78.6604943853323	0	78.6604943853323	DCA	0	78.6604943853323
385.714285714286	133.333333333333	81.0392454083907	0	81.0392454083907	DCA	140	86.5580854584438
400	133.333333333333	78.7703736646546	0	78.7703736646546	DCA	210	80.5457665323014
414.285714285714	133.333333333333	83.5717505017904	0	83.5717505017904	DCA	140	89.0905905518435
428.571428571429	133.333333333333	79.6610649820837	0	79.6610649820837	DCA	140	85.1799050321368
442.857142857143	133.333333333333	77.036912410432	0	77.036912410432	DCA	280	70.7336132907174
457.142857142857	133.333333333333	77.5750492436282	0	77.5750492436282	DCA	70	82.5020916711323
471.428571428571	133.333333333333	74.5588423444146	0	74.5588423444146	DCA	70	79.4858847719187
485.714285714286	133.333333333333	73.2563068008121	0	73.2563068008121	DCA	70	78.1833492283162
500	133.333333333333	77.53571908135	0	77.53571908135	DCA	210	79.3111119489968
514.285714285714	133.333333333333	75.8719543516279	24.6	100.471954351628	DCA	280	117.587855231913
528.571428571429	133.333333333333	77.3659272856098	24.6	101.96592728561	DCA	0	101.96592728561
542.857142857143	133.333333333333	76.2518405531853	24.6	100.851840553185	DCA	140	118.080280603238
557.142857142857	133.333333333333	78.6909500564271	24.6	103.290950056427	DCA	140	120.51939010648
571.428571428571	133.333333333333	78.3463743672699	24.6	102.94637436727	DCA	210	122.286167234917
585.714285714286	133.333333333333	80.4349541641909	24.6	105.034954164191	DCA	70	115.816796591695
600	133.333333333333	79.9809938022468	24.6	104.580993802247	DCA	210	123.920786669894
614.285714285714	133.333333333333	76.7254254044806	24.6	101.325425404481	DCA	280	118.441326284766
628.571428571429	133.333333333333	77.6830850550614	24.6	102.283085055061	DCA	280	119.398985935347
642.857142857143	133.333333333333	78.4182155940037	24.6	103.018215594004	DCA	140	120.246655644057
657.142857142857	133.333333333333	80.0561959803415	24.6	104.656195980341	DCA	210	123.995988847988
671.428571428571	133.333333333333	82.180676216601	24.6	106.780676216601	DCA	70	117.562518644105
685.714285714286	133.333333333333	82.6509494281368	24.6	107.250949428137	DCA	70	118.032791855641
700	133.333333333333	82.2025293441281	24.6	106.802529344128	DCA	280	123.918430224413
714.285714285714	133.333333333333	81.2059789953465	24.6	105.805978995346	DCA	140	123.0344190454
728.571428571429	133.333333333333	79.3125026616286	24.6	103.912502661629	DCA	280	121.028403541914
742.857142857143	133.333333333333	77.1702243317946	24.6	101.770224331795	DCA	70	112.552066759299
757.142857142857	133.333333333333	74.9167844524684	24.6	99.5167844524684	DCA	280	116.632685332754
771.428571428571	133.333333333333	75.0462893280021	24.6	99.6462893280021	DCA	140	116.874729378055
785.714285714286	133.333333333333	75.213675583659	24.6	99.813675583659	DCA	140	117.042115633712
800	133.333333333333	75.4464744878021	24.6	100.046474487802	DCA	0	100.046474487802
814.285714285714	133.333333333333	73.8919043527766	24.6	98.4919043527766	DCA	140	115.72034440283
828.571428571429	133.333333333333	71.7487436109327	24.6	96.3487436109327	DCA	0	96.3487436109327
842.857142857143	133.333333333333	74.3540016421179	24.6	98.9540016421179	DCA	140	116.182441692171
857.142857142857	133.333333333333	75.4550601970529	24.6	100.055060197053	DCA	280	117.170961077338
871.428571428571	133.333333333333	70.4339869069912	24.6	95.0339869069912	DCA	210	114.373779774638
885.714285714286	133.333333333333	78.3034769179993	24.6	102.903476917999	DCA	0	102.903476917999
900	133.333333333333	77.6119156235294	24.6	102.211915623529	DCA	140	119.440355673582
914.285714285714	133.333333333333	79.2138855019733	24.6	103.813885501973	DCA	210	123.15367836962
928.571428571429	133.333333333333	80.5542389072145	24.6	105.154238907214	DCA	0	105.154238907214
942.857142857143	133.333333333333	81.8874728688142	24.6	106.487472868814	DCA	210	125.827265736461
957.142857142857	133.333333333333	82.85921445011	24.6	107.45921445011	DCA	210	126.799007317757
971.428571428571	133.333333333333	81.3489050139352	24.6	105.948905013935	DCA	210	125.288697881582
985.714285714286	133.333333333333	81.198353800335	24.6	105.798353800335	DCA	70	116.580196227839
1000	133.333333333333	78.3319564133131	24.6	102.931956413313	DCA	280	120.047857293598
0	166.666666666667	80.654979533646	0	80.654979533646	DCA	210	82.4303724012929
14.2857142857143	166.666666666667	80.1030721840725	0	80.1030721840725	DCA	0	80.1030721840725
28.5714285714286	166.666666666667	78.9722343122322	0	78.9722343122322	DCA	140	84.4910743622854
42.8571428571429	166.666666666667	78.1796519627568	0	78.1796519627568	DCA	140	83.69849201281
57.1428571428571	166.666666666667	78.912581996698	0	78.912581996698	DCA	210	80.6879748643448
71.4285714285714	166.666666666667	81.0993114019595	0	81.0993114019595	DCA	280	74.7960122822449
85.7142857142857	166.666666666667	79.6161491854311	0	79.6161491854311	DCA	140	85.1349892354843
100	166.666666666667	81.4915617915163	0	81.4915617915163	DCA	210	83.2669546591632
114.285714285714	166.666666666667	83.674307398614	0	83.674307398614	DCA	210	85.4497002662609
128.571428571429	166.666666666667	82.1729132390091	0	82.1729132390091	DCA	210	83.948306106656
142.857142857143	166.666666666667	84.6884278049511	0	84.6884278049511	DCA	70	89.6154702324553
157.142857142857	166.666666666667	82.3538485576907	0	82.3538485576907	DCA	280	76.0505494379761
171.428571428571	166.666666666667	81.0442742452213	0	81.0442742452213	DCA	140	86.5631142952745
185.714285714286	166.666666666667	82.4566704029423	0	82.4566704029423	DCA	280	76.1533712832278
200	166.666666666667	82.7304346600312	0	82.7304346600312	DCA	70	87.6574770875354
214.285714285714	166.666666666667	82.0857079458562	0	82.0857079458562	DCA	0	82.0857079458562
228.571428571429	166.666666666667	80.7854406382255	0	80.7854406382255	DCA	210	82.5608335058724
242.857142857143	166.666666666667	79.4070381294383	0	79.4070381294383	DCA	70	84.3340805569425
257.142857142857	166.666666666667	80.181111451026	0	80.181111451026	DCA	280	73.8778123313114
271.428571428571	166.666666666667	79.9019402894075	0	79.9019402894075	DCA	280	73.5986411696929
285.714285714286	166.666666666667	80.1520917970196	0	80.1520917970196	DCA	140	85.6709318470728
300	166.666666666667	81.3097198179202	0	81.3097198179202	DCA	0	81.3097198179202
314.285714285714	166.666666666667	79.7388567483865	0	79.7388567483865	DCA	70	84.6658991758906
328.571428571429	166.666666666667	83.8486648524553	0	83.8486648524553	DCA	70	88.7757072799594
342.857142857143	166.666666666667	83.7242186762034	0	83.7242186762034	DCA	70	88.6512611037076
357.142857142857	166.666666666667	82.6409162276401	0	82.6409162276401	DCA	70	87.5679586551443
371.428571428571	166.666666666667	80.7247584544712	0	80.7247584544712	DCA	210	82.500151322118
385.714285714286	166.666666666667	76.5178182462341	0	76.5178182462341	DCA	140	82.0366582962872
400	166.666666666667	73.1606810332667	0	73.1606810332667	DCA	280	66.8573819135521
414.285714285714	166.666666666667	77.3407401689602	0	77.3407401689602	DCA	140	82.8595802190134
428.571428571429	166.666666666667	78.5602173851828	0	78.5602173851828	DCA	70	83.4872598126869
442.857142857143	166.666666666667	77.4381060992266	0	77.4381060992266	DCA	70	82.3651485267308
457.142857142857	166.666666666667	76.9178717838271	0	76.9178717838271	DCA	140	82.4367118338802
471.428571428571	166.666666666667	81.3820175402119	0	81.3820175402119	DCA	70	86.3090599677161
485.714285714286	166.666666666667	80.8624631203251	0	80.8624631203251	DCA	280	74.5591640006105
500	166.666666666667	76.9794660549472	0	76.9794660549472	DCA	210	78.7548589225941
514.285714285714	166.666666666667	76.8435700728703	24.6	101.44357007287	DCA	70	112.225412500374
528.571428571429	166.666666666667	75.2264960877409	24.6	99.8264960877409	DCA	70	110.608338515245
542.857142857143	166.666666666667	77.3330089540466	24.6	101.933008954047	DCA	210	121.272801821693
557.142857142857	166.666666666667	76.8689969900218	24.6	101.468996990022	DCA	140	118.697437040075
571.428571428571	166.666666666667	82.3275669762557	24.6	106.927566976256	DCA	210	126.267359843903
585.714285714286	166.666666666667	83.3983340776436	24.6	107.998334077644	DCA	280	125.114234957929
600	166.666666666667	82.5642775883257	24.6	107.164277588326	DCA	210	126.504070455973
614.285714285714	166.666666666667	82.7114502004813	24.6	107.311450200481	DCA	140	124.539890250534
628.571428571429	166.666666666667	78.4920050634883	24.6	103.092005063488	DCA	0	103.092005063488
642.857142857143	166.666666666667	82.5615058358974	24.6	107.161505835897	DCA	140	124.389945885951
657.142857142857	166.666666666667	79.0471505486434	24.6	103.647150548643	DCA	0	103.647150548643
671.428571428571	166.666666666667	83.6924212112638	24.6	108.292421211264	DCA	140	125.520861261317
685.714285714286	166.666666666667	85.0596117474734	24.6	109.659611747473	DCA	140	126.888051797527
700	166.666666666667	81.9800038750676	24.6	106.580003875068	DCA	70	117.361846302572
714.285714285714	166.666666666667	79.0323474896705	24.6	103.63234748967	DCA	210	122.972140357317
728.571428571429	166.666666666667	81.9501701219369	24.6	106.550170121937	DCA	0	106.550170121937
742.857142857143	166.666666666667	80.3075554467029	24.6	104.907555446703	DCA	210	124.24734831435
757.142857142857	166.666666666667	76.8344520200229	24.6	101.434452020023	DCA	210	120.77424488767
771.428571428571	166.666666666667	75.1801068059876	24.6	99.7801068059876	DCA	280	116.896007686273
785.714285714286	166.666666666667	69.8946680794366	24.6	94.4946680794366	DCA	210	113.834460947083
800	166.666666666667	74.2352669265498	24.6	98.8352669265498	DCA	210	118.175059794197
814.285714285714	166.666666666667	73.04451118967	24.6	97.64451118967	DCA	0	97.64451118967
828.571428571429	166.666666666667	78.1159651824535	24.6	102.715965182453	DCA	0	102.715965182453
842.857142857143	166.666666666667	74.5873250102632	24.6	99.1873250102632	DCA	280	116.303225890549
857.142857142857	166.666666666667	78.1117897466518	24.6	102.711789746652	DCA	140	119.940229796705
871.428571428571	166.666666666667	79.5243448088527	24.6	104.124344808853	DCA	70	114.906187236357
885.714285714286	166.666666666667	81.3234640138869	24.6	105.923464013887	DCA	140	123.15190406394
900	166.666666666667	86.6659983289751	24.6	111.265998328975	DCA	280	128.381899209261
914.285714285714	166.666666666667	83.1762930930563	24.6	107.776293093056	DCA	140	125.004733143109
928.571428571429	166.666666666667	85.024510446963	24.6	109.624510446963	DCA	140	126.852950497016
942.857142857143	166.666666666667	83.145577242214	24.6	107.745577242214	DCA	0	107.745577242214
957.142857142857	166.666666666667	83.0041955044264	24.6	107.604195504426	DCA	210	126.943988372073
971.428571428571	166.666666666667	83.6829740125688	24.6	108.282974012569	DCA	70	119.064816440073
985.714285714286	166.666666666667	84.7217267987463	24.6	109.321726798746	DCA	140	126.550166848799
1000	166.666666666667	80.6872157876472	24.6	105.287215787647	DCA	140	122.5156558377
0	200	85.8915047379443	0	85.8915047379443	DCA	70	90.8185471654484
14.2857142857143	200	83.5029180455163	0	83.5029180455163	DCA	70	88.4299604730204
28.5714285714286	200	82.3335904903666	0	82.3335904903666	DCA	0	82.3335904903666
42.8571428571429	200	81.7963163269251	0	81.7963163269251	DCA	210	83.571709194572
57.1428571428571	200	82.8066288124804	0	82.8066288124804	DCA	140	88.3254688625335
71.4285714285714	200	83.5090864273257	0	83.5090864273257	DCA	140	89.0279264773789
85.7142857142857	200	83.30612011768	0	83.30612011768	DCA	280	77.0028209979654
100	200	81.4382678819235	0	81.4382678819235	DCA	0	81.4382678819235
114.285714285714	200	82.4729542949241	0	82.4729542949241	DCA	210	84.248347162571
128.571428571429	200	80.1764059215946	0	80.1764059215946	DCA	0	80.1764059215946
142.857142857143	200	79.4120930982444	0	79.4120930982444	DCA	0	79.4120930982444
157.142857142857	200	80.943069585009	0	80.943069585009	DCA	140	86.4619096350622
171.428571428571	200	79.4850759779133	0	79.4850759779133	DCA	0	79.4850759779133
185.714285714286	200	81.5398454858196	0	81.5398454858196	DCA	140	87.0586855358727
200	200	81.3363264333897	0	81.3363264333897	DCA	0	81.3363264333897
214.285714285714	200	82.7216410076299	0	82.7216410076299	DCA	210	84.4970338752768
228.571428571429	200	82.2437523520869	0	82.2437523520869	DCA	280	75.9404532323723
242.857142857143	200	80.6604738797119	0	80.6604738797119	DCA	280	74.3571747599973
257.142857142857	200	82.6541713691491	0	82.6541713691491	DCA	0	82.6541713691491
271.428571428571	200	78.4819635047136	0	78.4819635047136	DCA	0	78.4819635047136
285.714285714286	200	76.1027739847072	0	76.1027739847072	DCA	70	81.0298164122114
300	200	77.68120122643	0	77.68120122643	DCA	210	79.4565940940769
314.285714285714	200	76.7240819430268	0	76.7240819430268	DCA	70	81.6511243705309
328.571428571429	200	80.4219974344178	0	80.4219974344178	DCA	70	85.349039861922
342.857142857143	200	80.8422476903508	0	80.8422476903508	DCA	210	82.6176405579977
357.142857142857	200	78.6989595336721	0	78.6989595336721	DCA	280	72.3956604139575
371.428571428571	200	79.9236218391435	0	79.9236218391435	DCA	70	84.8506642666476
385.714285714286	200	79.6634831883772	0	79.6634831883772	DCA	0	79.6634831883772
400	200	83.7494873971656	0	83.7494873971656	DCA	70	88.6765298246698
414.285714285714	200	79.6699695919209	0	79.6699695919209	DCA	0	79.6699695919209
428.571428571429	200	81.2073716366983	0	81.2073716366983	DCA	280	74.9040725169837
442.857142857143	200	79.7970890385164	0	79.7970890385164	DCA	70	84.7241314660206
457.142857142857	200	77.5166090541264	0	77.5166090541264	DCA	0	77.5166090541264
471.428571428571	200	80.4138525066932	0	80.4138525066932	DCA	210	82.1892453743401
485.714285714286	200	78.7465013950262	0	78.7465013950262	DCA	70	83.6735438225303
500	200	80.1400782478262	0	80.1400782478262	DCA	140	85.6589182978793
514.285714285714	200	78.5345210030524	24.6	103.134521003052	DCA	210	122.474313870699
528.571428571429	200	82.329648335011	24.6	106.929648335011	DCA	210	126.269441202658
542.857142857143	200	79.0184347165359	24.6	103.618434716536	DCA	70	114.40027714404
557.142857142857	200	80.7034028518262	24.6	105.303402851826	DCA	210	124.643195719473
571.428571428571	200	80.3945696228613	24.6	104.994569622861	DCA	140	122.223009672914
585.714285714286	200	80.1381100151605	24.6	104.73811001516	DCA	0	104.73811001516
600	200	79.0161404443843	24.6	103.616140444384	DCA	140	120.844580494437
614.285714285714	200	79.7995306846198	24.6	104.39953068462	DCA	140	121.627970734673
628.571428571429	200	79.0704701239819	24.6	103.670470123982	DCA	0	103.670470123982
642.857142857143	200	77.8127298618718	24.6	102.412729861872	DCA	0	102.412729861872
657.142857142857	200	81.4026623037006	24.6	106.002662303701	DCA	280	123.118563183986
671.428571428571	200	79.2472083583291	24.6	103.847208358329	DCA	140	121.075648408382
685.714285714286	200	76.8018058719111	24.6	101.401805871911	DCA	140	118.630245921964
700	200	78.6153440649162	24.6	103.215344064916	DCA	0	103.215344064916
714.285714285714	200	78.6571385984978	24.6	103.257138598498	DCA	280	120.373039478783
728.571428571429	200	76.5816729018628	24.6	101.181672901863	DCA	70	111.963515329367
742.857142857143	200	77.5861014140739	24.6	102.186101414074	DCA	140	119.414541464127
757.142857142857	200	78.8218294399469	24.6	103.421829439947	DCA	70	114.203671867451
771.428571428571	200	75.6019718563079	24.6	100.201971856308	DCA	280	117.317872736593
785.714285714286	200	77.6600714795754	24.6	102.260071479575	DCA	70	113.04191390708
800	200	79.8685391276471	24.6	104.468539127647	DCA	0	104.468539127647
814.285714285714	200	76.6822050215857	24.6	101.282205021586	DCA	210	120.621997889233
828.571428571429	200	78.886131561614	24.6	103.486131561614	DCA	210	122.825924429261
842.857142857143	200	81.1964283747709	24.6	105.796428374771	DCA	210	125.136221242418
857.142857142857	200	81.7205001243169	24.6	106.320500124317	DCA	70	117.102342551821
871.428571428571	200	81.0485784476744	24.6	105.648578447674	DCA	140	122.877018497727
885.714285714286	200	82.067927229276	24.6	106.667927229276	DCA	280	123.783828109561
900	200	82.0547491226568	24.6	106.654749122657	DCA	70	117.436591550161
914.285714285714	200	81.1915873201246	24.6	105.791587320125	DCA	0	105.791587320125
928.571428571429	200	83.8137486442716	24.6	108.413748644272	DCA	70	119.195591071776
942.857142857143	200	83.3104542039513	24.6	107.910454203951	DCA	0	107.910454203951
957.142857142857	200	83.4877876944304	24.6	108.08778769443	DCA	140	125.316227744483
971.428571428571	200	85.5505180619195	24.6	110.150518061919	DCA	210	129.490310929566
985.714285714286	200	88.1068775745156	24.6	112.706877574516	DCA	210	132.046670442162
1000	200	84.8385261653732	24.6	109.438526165373	DCA	70	120.220368592877
0	233.333333333333	81.1024473642374	0	81.1024473642374	DCA	280	74.7991482445229
14.2857142857143	233.333333333333	80.1626303280039	0	80.1626303280039	DCA	140	85.681470378057
28.5714285714286	233.333333333333	83.4554372810224	0	83.4554372810224	DCA	210	85.2308301486693
42.8571428571429	233.333333333333	83.5167662030436	0	83.5167662030436	DCA	140	89.0356062530967
57.1428571428571	233.333333333333	84.0385422000059	0	84.0385422000059	DCA	0	84.0385422000059
71.4285714285714	233.333333333333	88.1192528388771	0	88.1192528388771	DCA	70	93.0462952663813
85.7142857142857	233.333333333333	85.208279760161	0	85.208279760161	DCA	280	78.9049806404464
100	233.333333333333	83.7258540614986	0	83.7258540614986	DCA	280	77.422554941784
114.285714285714	233.333333333333	82.4607478438763	0	82.4607478438763	DCA	280	76.1574487241617
128.571428571429	233.333333333333	83.3476627019179	0	83.3476627019179	DCA	280	77.0443635822034
142.857142857143	233.333333333333	83.053549914141	0	83.053549914141	DCA	0	83.053549914141
157.142857142857	233.333333333333	82.110719999551	0	82.110719999551	DCA	70	87.0377624270552
171.428571428571	233.333333333333	79.4208464136354	0	79.4208464136354	DCA	140	84.9396864636885
185.714285714286	233.333333333333	80.0413230945352	0	80.0413230945352	DCA	0	80.0413230945352
200	233.333333333333	78.3520629179162	0	78.3520629179162	DCA	0	78.3520629179162
214.285714285714	233.333333333333	79.5835784363772	0	79.5835784363772	DCA	0	79.5835784363772
228.571428571429	233.333333333333	80.7041604727772	0	80.7041604727772	DCA	70	85.6312029002813
242.857142857143	233.333333333333	79.7535549156215	0	79.7535549156215	DCA	0	79.7535549156215
257.142857142857	233.333333333333	81.2372286381999	0	81.2372286381999	DCA	0	81.2372286381999
271.428571428571	233.333333333333	75.1820449925465	0	75.1820449925465	DCA	0	75.1820449925465
285.714285714286	233.333333333333	75.0545753055479	0	75.0545753055479	DCA	210	76.8299681731947
300	233.333333333333	72.0698193277195	0	72.0698193277195	DCA	70	76.9968617552236
314.285714285714	233.333333333333	74.1290360065826	0	74.1290360065826	DCA	0	74.1290360065826
328.571428571429	233.333333333333	74.1293986718535	0	74.1293986718535	DCA	0	74.1293986718535
342.857142857143	233.333333333333	81.8665530952288	0	81.8665530952288	DCA	0	81.8665530952288
357.142857142857	233.333333333333	80.0587456436337	0	80.0587456436337	DCA	0	80.0587456436337
371.428571428571	233.333333333333	81.1561856447661	0	81.1561856447661	DCA	140	86.6750256948192
385.714285714286	233.333333333333	80.3975740379039	0	80.3975740379039	DCA	210	82.1729669055508
400	233.333333333333	79.8947778776712	0	79.8947778776712	DCA	280	73.5914787579566
414.285714285714	233.333333333333	80.0063978479204	0	80.0063978479204	DCA	0	80.0063978479204
428.571428571429	233.333333333333	76.9418330895977	0	76.9418330895977	DCA	280	70.6385339698831
442.857142857143	233.333333333333	80.8370541816682	0	80.8370541816682	DCA	210	82.6124470493151
457.142857142857	233.333333333333	75.4823368577804	0	75.4823368577804	DCA	0	75.4823368577804
471.428571428571	233.333333333333	78.759233365098	0	78.759233365098	DCA	140	84.2780734151511
485.714285714286	233.333333333333	79.4833309619448	0	79.4833309619448	DCA	210	81.2587238295917
500	233.333333333333	78.9640779992283	0	78.9640779992283	DCA	140	84.4829180492815
514.285714285714	233.333333333333	80.5902744440636	24.6	105.190274444064	DCA	210	124.53006731171
528.571428571429	233.333333333333	77.450449996487	24.6	102.050449996487	DCA	140	119.27889004654
542.857142857143	233.333333333333	77.2445122435058	24.6	101.844512243506	DCA	210	121.184305111153
557.142857142857	233.333333333333	81.3314475463828	24.6	105.931447546383	DCA	210	125.27124041403
571.428571428571	233.333333333333	77.389647923444	24.6	101.989647923444	DCA	70	112.771490350948
585.714285714286	233.333333333333	80.6838096421864	24.6	105.283809642186	DCA	210	124.623602509833
600	233.333333333333	80.6179838428427	24.6	105.217983842843	DCA	0	105.217983842843
614.285714285714	233.333333333333	81.3613475442338	24.6	105.961347544234	DCA	210	125.301140411881
628.571428571429	233.333333333333	80.9166212336871	24.6	105.516621233687	DCA	280	122.632522113972
642.857142857143	233.333333333333	78.2600235736728	24.6	102.860023573673	DCA	70	113.641866001177
657.142857142857	233.333333333333	77.4832731308846	24.6	102.083273130885	DCA	210	121.423065998531
671.428571428571	233.333333333333	77.7021131461523	24.6	102.302113146152	DCA	210	121.641906013799
685.714285714286	233.333333333333	78.7033966254883	24.6	103.303396625488	DCA	70	114.085239052993
700	233.333333333333	74.8389136790777	24.6	99.4389136790777	DCA	280	116.554814559363
714.285714285714	233.333333333333	77.8743842019105	24.6	102.474384201911	DCA	70	113.256226629415
728.571428571429	233.333333333333	75.2494051525416	24.6	99.8494051525416	DCA	70	110.631247580046
742.857142857143	233.333333333333	75.6495634145557	24.6	100.249563414556	DCA	280	117.365464294841
757.142857142857	233.333333333333	76.2043521853474	24.6	100.804352185347	DCA	280	117.920253065633
771.428571428571	233.333333333333	76.4031007157432	24.6	101.003100715743	DCA	70	111.784943143247
785.714285714286	233.333333333333	79.3230796239827	24.6	103.923079623983	DCA	210	123.26287249163
800	233.333333333333	82.7632179031681	24.6	107.363217903168	DCA	70	118.145060330672
814.285714285714	233.333333333333	78.9149948768013	24.6	103.514994876801	DCA	210	122.854787744448
828.571428571429	233.333333333333	80.0326409008145	24.6	104.632640900814	DCA	70	115.414483328319
842.857142857143	233.333333333333	81.1926277241756	24.6	105.792627724176	DCA	280	122.908528604461
857.142857142857	233.333333333333	77.0307137759677	24.6	101.630713775968	DCA	210	120.970506643615
871.428571428571	233.333333333333	78.9843414474268	24.6	103.584341447427	DCA	0	103.584341447427
885.714285714286	233.333333333333	80.6740073136381	24.6	105.274007313638	DCA	280	122.389908193923
900	233.333333333333	79.9513647117874	24.6	104.551364711787	DCA	0	104.551364711787
914.285714285714	233.333333333333	83.9325798351345	24.6	108.532579835135	DCA	280	125.64848071542
928.571428571429	233.333333333333	83.2647492455885	24.6	107.864749245588	DCA	70	118.646591673093
942.857142857143	233.333333333333	78.57234223654	24.6	103.17234223654	DCA	0	103.17234223654
957.142857142857	233.333333333333	81.5318115764013	24.6	106.131811576401	DCA	0	106.131811576401
971.428571428571	233.333333333333	84.0440303911068	24.6	108.644030391107	DCA	280	125.759931271392
985.714285714286	233.333333333333	84.863567560346	24.6	109.463567560346	DCA	140	126.692007610399
1000	233.333333333333	83.8558551939412	24.6	108.455855193941	DCA	0	108.455855193941
0	266.666666666667	80.8374857369496	0	80.8374857369496	DCA	280	74.5341866172351
14.2857142857143	266.666666666667	82.4609802398012	0	82.4609802398012	DCA	0	82.4609802398012
28.5714285714286	266.666666666667	81.6183689621343	0	81.6183689621343	DCA	70	86.5454113896384
42.8571428571429	266.666666666667	82.7767792281191	0	82.7767792281191	DCA	280	76.4734801084045
57.1428571428571	266.666666666667	79.2745961610795	0	79.2745961610795	DCA	210	81.0499890287264
71.4285714285714	266.666666666667	83.5963865417848	0	83.5963865417848	DCA	0	83.5963865417848
85.7142857142857	266.666666666667	81.405058525918	0	81.405058525918	DCA	0	81.405058525918
100	266.666666666667	79.8143793483772	0	79.8143793483772	DCA	210	81.5897722160241
114.285714285714	266.666666666667	79.533304978527	0	79.533304978527	DCA	280	73.2300058588124
128.571428571429	266.666666666667	78.2878706209142	0	78.2878706209142	DCA	0	78.2878706209142
142.857142857143	266.666666666667	79.4255843055042	0	79.4255843055042	DCA	70	84.3526267330084
157.142857142857	266.666666666667	78.359877052933	0	78.359877052933	DCA	280	72.0565779332184
171.428571428571	266.666666666667	78.7501288247493	0	78.7501288247493	DCA	280	72.4468297050347
185.714285714286	266.666666666667	81.5466207484849	0	81.5466207484849	DCA	70	86.473663175989
200	266.666666666667	79.9779393664744	0	79.9779393664744	DCA	140	85.4967794165275
214.285714285714	266.666666666667	81.3782306011353	0	81.3782306011353	DCA	210	83.1536234687822
228.571428571429	266.666666666667	81.4988154320854	0	81.4988154320854	DCA	210	83.2742082997323
242.857142857143	266.666666666667	80.4433319959001	0	80.4433319959001	DCA	140	85.9621720459532
257.142857142857	266.666666666667	81.5082416968023	0	81.5082416968023	DCA	70	86.4352841243065
271.428571428571	266.666666666667	82.2420557306074	0	82.2420557306074	DCA	280	75.9387566108928
285.714285714286	266.666666666667	80.1497400999996	0	80.1497400999996	DCA	140	85.6685801500528
300	266.666666666667	79.6725234170014	0	79.6725234170014	DCA	280	73.3692242972869
314.285714285714	266.666666666667	77.0837990319037	0	77.0837990319037	DCA	210	78.8591918995506
328.571428571429	266.666666666667	78.5964911273578	0	78.5964911273578	DCA	210	80.3718839950047
342.857142857143	266.666666666667	85.8744007098697	0	85.8744007098697	DCA	70	90.8014431373739
357.142857142857	266.666666666667	82.5454737687915	0	82.5454737687915	DCA	210	84.3208666364384
371.428571428571	266.666666666667	80.2854273611692	0	80.2854273611692	DCA	140	85.8042674112223
385.714285714286	266.666666666667	83.0277693788797	0	83.0277693788797	DCA	140	88.5466094289328
400	266.666666666667	75.8259997915807	0	75.8259997915807	DCA	0	75.8259997915807
414.285714285714	266.666666666667	79.2257526080546	0	79.2257526080546	DCA	0	79.2257526080546
428.571428571429	266.666666666667	77.3892569913907	0	77.3892569913907	DCA	70	82.3162994188948
442.857142857143	266.666666666667	78.7977941660086	0	78.7977941660086	DCA	210	80.5731870336554
457.142857142857	266.666666666667	80.1491826346058	0	80.1491826346058	DCA	140	85.6680226846589
471.428571428571	266.666666666667	77.0783961718452	0	77.0783961718452	DCA	280	70.7750970521307
485.714285714286	266.666666666667	75.9400958883891	0	75.9400958883891	DCA	280	69.6367967686745
500	266.666666666667	70.4476231303586	0	70.4476231303586	DCA	0	70.4476231303586
514.285714285714	266.666666666667	75.6735278093867	24.6	100.273527809387	DCA	140	117.50196785944
528.571428571429	266.666666666667	72.7353852693734	24.6	97.3353852693733	DCA	140	114.563825319426
542.857142857143	266.666666666667	79.8249684706335	24.6	104.424968470634	DCA	210	123.76476133828
557.142857142857	266.666666666667	81.7236087518809	24.6	106.323608751881	DCA	140	123.552048801934
571.428571428571	266.666666666667	81.5363050040641	24.6	106.136305004064	DCA	70	116.918147431568
585.714285714286	266.666666666667	81.580794164092	24.6	106.180794164092	DCA	210	125.520587031739
600	266.666666666667	80.9976533451432	24.6	105.597653345143	DCA	0	105.597653345143
614.285714285714	266.666666666667	78.86037962999	24.6	103.46037962999	DCA	140	120.688819680043
628.571428571429	266.666666666667	79.5986254555798	24.6	104.19862545558	DCA	140	121.427065505633
642.857142857143	266.666666666667	77.7916161829416	24.6	102.391616182942	DCA	280	119.507517063227
657.142857142857	266.666666666667	76.606477451562	24.6	101.206477451562	DCA	70	111.988319879066
671.428571428571	266.666666666667	73.1302280701288	24.6	97.7302280701288	DCA	140	114.958668120182
685.714285714286	266.666666666667	70.7759753370098	24.6	95.3759753370097	DCA	0	95.3759753370097
700	266.666666666667	72.4967593880333	24.6	97.0967593880333	DCA	70	107.878601815537
714.285714285714	266.666666666667	70.5123238981582	24.6	95.1123238981582	DCA	210	114.452116765805
728.571428571429	266.666666666667	74.9511689101117	24.6	99.5511689101117	DCA	280	116.667069790397
742.857142857143	266.666666666667	73.2102233562281	24.6	97.8102233562281	DCA	70	108.592065783732
757.142857142857	266.666666666667	81.460896352035	24.6	106.060896352035	DCA	280	123.17679723232
771.428571428571	266.666666666667	81.8376979496901	24.6	106.43769794969	DCA	280	123.553598829976
785.714285714286	266.666666666667	80.7933415599241	24.6	105.393341559924	DCA	70	116.175183987428
800	266.666666666667	81.3887259201158	24.6	105.988725920116	DCA	70	116.77056834762
814.285714285714	266.666666666667	82.2152699358902	24.6	106.81526993589	DCA	210	126.155062803537
828.571428571429	266.666666666667	79.7462268758801	24.6	104.34622687588	DCA	140	121.574666925933
842.857142857143	266.666666666667	81.4120230383239	24.6	106.012023038324	DCA	280	123.127923918609
857.142857142857	266.666666666667	78.3941683375465	24.6	102.994168337546	DCA	70	113.776010765051
871.428571428571	266.666666666667	77.7427189781723	24.6	102.342718978172	DCA	210	121.682511845819
885.714285714286	266.666666666667	80.3867618903068	24.6	104.986761890307	DCA	280	122.102662770592
900	266.666666666667	80.7232975023055	24.6	105.323297502306	DCA	140	122.551737552359
914.285714285714	266.666666666667	84.0166635397616	24.6	108.616663539762	DCA	210	127.956456407408
928.571428571429	266.666666666667	80.7837349315879	24.6	105.383734931588	DCA	70	116.165577359092
942.857142857143	266.666666666667	76.8773247999898	24.6	101.47732479999	DCA	0	101.47732479999
957.142857142857	266.666666666667	79.3102044767218	24.6	103.910204476722	DCA	280	121.026105357007
971.428571428571	266.666666666667	78.7945800491354	24.6	103.394580049135	DCA	0	103.394580049135
985.714285714286	266.666666666667	81.1572253539788	24.6	105.757225353979	DCA	70	116.539067781483
1000	266.666666666667	82.5521803658503	24.6	107.15218036585	DCA	0	107.15218036585
0	300	80.8142358909542	0	80.8142358909542	DCA	70	85.7412783184584
14.2857142857143	300	82.7758922674773	0	82.7758922674773	DCA	210	84.5512851351242
28.5714285714286	300	83.240308368247	0	83.240308368247	DCA	280	76.9370092485325
42.8571428571429	300	82.4322171915663	0	82.4322171915663	DCA	280	76.1289180718517
57.1428571428571	300	82.3580963229703	0	82.3580963229703	DCA	210	84.1334891906171
71.4285714285714	300	79.4041567146749	0	79.4041567146749	DCA	0	79.4041567146749
85.7142857142857	300	81.003923033264	0	81.003923033264	DCA	210	82.7793159009109
100	300	74.9960141368575	0	74.9960141368575	DCA	210	76.7714070045044
114.285714285714	300	73.80639483911	0	73.80639483911	DCA	0	73.80639483911
128.571428571429	300	75.8045589412834	0	75.8045589412834	DCA	140	81.3233989913366
142.857142857143	300	75.4486343767052	0	75.4486343767052	DCA	140	80.9674744267584
157.142857142857	300	77.1806766072114	0	77.1806766072114	DCA	280	70.8773774874969
171.428571428571	300	82.8344411029399	0	82.8344411029399	DCA	0	82.8344411029399
185.714285714286	300	79.9542664864669	0	79.9542664864669	DCA	70	84.881308913971
200	300	78.5831857852757	0	78.5831857852757	DCA	280	72.2798866655612
214.285714285714	300	79.0946994936676	0	79.0946994936676	DCA	140	84.6135395437207
228.571428571429	300	79.57104118547	0	79.57104118547	DCA	0	79.57104118547
242.857142857143	300	81.8541806434271	0	81.8541806434271	DCA	140	87.3730206934802
257.142857142857	300	81.0344105596599	0	81.0344105596599	DCA	140	86.553250609713
271.428571428571	300	79.3813944400197	0	79.3813944400197	DCA	280	73.0780953203052
285.714285714286	300	81.1872761883723	0	81.1872761883723	DCA	0	81.1872761883723
300	300	81.4913310394354	0	81.4913310394354	DCA	280	75.1880319197208
314.285714285714	300	81.0174549827718	0	81.0174549827718	DCA	70	85.9444974102759
328.571428571429	300	82.0027045241257	0	82.0027045241257	DCA	210	83.7780973917726
342.857142857143	300	82.0095686317847	0	82.0095686317847	DCA	0	82.0095686317847
357.142857142857	300	78.8486030931557	0	78.8486030931557	DCA	210	80.6239959608026
371.428571428571	300	78.939784236631	0	78.939784236631	DCA	210	80.7151771042779
385.714285714286	300	80.9318066567709	0	80.9318066567709	DCA	0	80.9318066567709
400	300	79.8788104647966	0	79.8788104647966	DCA	70	84.8058528923008
414.285714285714	300	79.5856424860091	0	79.5856424860091	DCA	140	85.1044825360622
428.571428571429	300	79.2698181515896	0	79.2698181515896	DCA	210	81.0452110192365
442.857142857143	300	80.0294600276567	0	80.0294600276567	DCA	280	73.7261609079421
457.142857142857	300	77.5284546738907	0	77.5284546738907	DCA	140	83.0472947239438
471.428571428571	300	75.8463117236057	0	75.8463117236057	DCA	280	69.5430126038911
485.714285714286	300	75.0877317936378	0	75.0877317936378	DCA	70	80.014774221142
500	300	73.8112167863234	0	73.8112167863234	DCA	70	78.7382592138276
514.285714285714	300	72.9072990458984	24.6	97.5072990458984	DCA	280	114.623199926184
528.571428571429	300	77.7348162406241	24.6	102.334816240624	DCA	140	119.563256290677
542.857142857143	300	75.7353723832895	24.6	100.335372383289	DCA	0	100.335372383289
557.142857142857	300	80.4922242714022	24.6	105.092224271402	DCA	280	122.208125151688
571.428571428571	300	82.052211659929	24.6	106.652211659929	DCA	0	106.652211659929
585.714285714286	300	80.2958732243759	24.6	104.895873224376	DCA	0	104.895873224376
600	300	78.0103609100682	24.6	102.610360910068	DCA	0	102.610360910068
614.285714285714	300	76.907980270908	24.6	101.507980270908	DCA	210	120.847773138555
628.571428571429	300	74.7139483925135	24.6	99.3139483925135	DCA	210	118.65374126016
642.857142857143	300	74.0153832321163	24.6	98.6153832321163	DCA	210	117.955176099763
657.142857142857	300	76.3184210691853	24.6	100.918421069185	DCA	70	111.700263496689
671.428571428571	300	73.7957468518229	24.6	98.3957468518229	DCA	280	115.511647732108
685.714285714286	300	71.5132098529614	24.6	96.1132098529614	DCA	0	96.1132098529614
700	300	73.8474276917494	24.6	98.4474276917494	DCA	210	117.787220559396
714.285714285714	300	73.1603302866615	24.6	97.7603302866615	DCA	70	108.542172714166
728.571428571429	300	73.6073307570971	24.6	98.2073307570971	DCA	210	117.547123624744
742.857142857143	300	76.2329433324318	24.6	100.832943332432	DCA	140	118.061383382485
757.142857142857	300	81.8194213258767	24.6	106.419421325877	DCA	0	106.419421325877
771.428571428571	300	83.5412502775694	24.6	108.141250277569	DCA	70	118.923092705074
785.714285714286	300	84.2019507489289	24.6	108.801950748929	DCA	140	126.030390798982
800	300	84.0561739432236	24.6	108.656173943224	DCA	140	125.884613993277
814.285714285714	300	85.8086827841679	24.6	110.408682784168	DCA	210	129.748475651815
828.571428571429	300	81.3630982269777	24.6	105.963098226978	DCA	70	116.744940654482
842.857142857143	300	79.0535653677175	24.6	103.653565367718	DCA	280	120.769466248003
857.142857142857	300	83.2303452312137	24.6	107.830345231214	DCA	280	124.946246111499
871.428571428571	300	80.9921395175989	24.6	105.592139517599	DCA	0	105.592139517599
885.714285714286	300	78.9743660374691	24.6	103.574366037469	DCA	140	120.802806087522
900	300	80.5428013741638	24.6	105.142801374164	DCA	70	115.924643801668
914.285714285714	300	79.9306942113617	24.6	104.530694211362	DCA	280	121.646595091647
928.571428571429	300	76.6594936734017	24.6	101.259493673402	DCA	140	118.487933723455
942.857142857143	300	75.6168900695773	24.6	100.216890069577	DCA	210	119.556682937224
957.142857142857	300	79.4642745929314	24.6	104.064274592931	DCA	140	121.292714642985
971.428571428571	300	77.7841561251025	24.6	102.384156125103	DCA	280	119.500057005388
985.714285714286	300	77.2737385776669	24.6	101.873738577667	DCA	140	119.10217862772
1000	300	78.8740012196518	24.6	103.474001219652	DCA	140	120.702441269705
