x	y	variable1	Zona	ErrorConEfecto	Disenio	AsigTrat	MiRto
0	0	73.7417325372241	0	73.7417325372241	DCA	0	73.7417325372241
14.2857142857143	0	76.6616924896126	0	76.6616924896126	DCA	280	71.9584486981388
28.5714285714286	0	78.0151911618904	0	78.0151911618904	DCA	70	83.6204026712023
42.8571428571429	0	79.1812498100748	0	79.1812498100748	DCA	210	82.4348394236498
57.1428571428571	0	80.9888724192867	0	80.9888724192867	DCA	280	76.2856286278129
71.4285714285714	0	80.173244227765	0	80.173244227765	DCA	210	83.4268338413401
85.7142857142857	0	80.0033499258498	0	80.0033499258498	DCA	280	75.300106134376
100	0	76.3907682899291	0	76.3907682899291	DCA	0	76.3907682899291
114.285714285714	0	77.8884640709455	0	77.8884640709455	DCA	140	84.5782054514492
128.571428571429	0	76.7927810280155	0	76.7927810280155	DCA	210	80.0463706415905
142.857142857143	0	76.875398955176	0	76.875398955176	DCA	210	80.1289885687511
157.142857142857	0	76.7446677508788	0	76.7446677508788	DCA	210	79.9982573644539
171.428571428571	0	77.155782338595	0	77.155782338595	DCA	280	72.4525385471213
185.714285714286	0	77.0028112918715	0	77.0028112918715	DCA	0	77.0028112918715
200	0	78.2504024125406	0	78.2504024125406	DCA	0	78.2504024125406
214.285714285714	0	80.8053483984789	0	80.8053483984789	DCA	280	76.1021046070051
228.571428571429	0	80.6866609805234	0	80.6866609805234	DCA	70	86.2918724898354
242.857142857143	0	77.3376775330519	0	77.3376775330519	DCA	70	82.9428890423639
257.142857142857	0	76.4087468284303	0	76.4087468284303	DCA	0	76.4087468284303
271.428571428571	0	76.515759477747	0	76.515759477747	DCA	210	79.7693490913221
285.714285714286	0	76.9745372903135	0	76.9745372903135	DCA	210	80.2281269038886
300	0	81.273818184539	0	81.273818184539	DCA	0	81.273818184539
314.285714285714	0	80.8634670954493	0	80.8634670954493	DCA	210	84.1170567090244
328.571428571429	0	83.7537809143349	0	83.7537809143349	DCA	210	87.00737052791
342.857142857143	0	84.2262891388624	0	84.2262891388624	DCA	70	89.8315006481743
357.142857142857	0	79.1267107649892	0	79.1267107649892	DCA	140	85.8164521454929
371.428571428571	0	83.1549901493269	0	83.1549901493269	DCA	210	86.4085797629019
385.714285714286	0	77.5536839638645	0	77.5536839638645	DCA	140	84.2434253443682
400	0	78.5526390993743	0	78.5526390993743	DCA	0	78.5526390993743
414.285714285714	0	78.5045689362199	0	78.5045689362199	DCA	140	85.1943103167235
428.571428571429	0	80.052784705049	0	80.052784705049	DCA	0	80.052784705049
442.857142857143	0	80.6617543129158	0	80.6617543129158	DCA	70	86.2669658222278
457.142857142857	0	81.516212058271	0	81.516212058271	DCA	210	84.7698016718461
471.428571428571	0	77.1713681439206	0	77.1713681439206	DCA	210	80.4249577574957
485.714285714286	0	79.5660962488355	0	79.5660962488355	DCA	280	74.8628524573617
500	0	78.0095213743268	0	78.0095213743268	DCA	140	84.6992627548304
514.285714285714	0	80.5558426076361	24.6	105.155842607636	DCA	280	123.871798816162
528.571428571429	0	74.922336546684	24.6	99.522336546684	DCA	70	110.982348055996
542.857142857143	0	80.8737467060754	24.6	105.473746706075	DCA	0	105.473746706075
557.142857142857	0	76.5523394692168	24.6	101.152339469217	DCA	280	119.868295677743
571.428571428571	0	80.9429957741077	24.6	105.542995774108	DCA	0	105.542995774108
585.714285714286	0	82.3592497297484	24.6	106.959249729748	DCA	210	127.777239343323
600	0	80.7648269107398	24.6	105.36482691074	DCA	140	123.764168291243
614.285714285714	0	79.8151870151061	24.6	104.415187015106	DCA	0	104.415187015106
628.571428571429	0	75.834456986088	24.6	100.434456986088	DCA	140	118.833798366592
642.857142857143	0	75.7979419772873	24.6	100.397941977287	DCA	70	111.857953486599
657.142857142857	0	80.8130522129698	24.6	105.41305221297	DCA	0	105.41305221297
671.428571428571	0	84.2699284176295	24.6	108.86992841763	DCA	70	120.329939926942
685.714285714286	0	80.9921940882629	24.6	105.592194088263	DCA	280	124.308150296789
700	0	84.7546301255153	24.6	109.354630125515	DCA	140	127.753971506019
714.285714285714	0	81.4295688795389	24.6	106.029568879539	DCA	210	126.847558493114
728.571428571429	0	77.4209196709495	24.6	102.020919670949	DCA	0	102.020919670949
742.857142857143	0	83.5385351596971	24.6	108.138535159697	DCA	280	126.854491368223
757.142857142857	0	79.6546204539337	24.6	104.254620453934	DCA	280	122.97057666246
771.428571428571	0	78.0632997314574	24.6	102.663299731457	DCA	210	123.481289345033
785.714285714286	0	84.6038002174059	24.6	109.203800217406	DCA	140	127.60314159791
800	0	86.5644996080314	24.6	111.164499608031	DCA	280	129.880455816558
814.285714285714	0	82.814592776651	24.6	107.414592776651	DCA	0	107.414592776651
828.571428571429	0	77.4346307339817	24.6	102.034630733982	DCA	0	102.034630733982
842.857142857143	0	78.7956081124737	24.6	103.395608112474	DCA	140	121.794949492977
857.142857142857	0	77.1117468804288	24.6	101.711746880429	DCA	70	113.171758389741
871.428571428571	0	81.4504990599458	24.6	106.050499059946	DCA	280	124.766455268472
885.714285714286	0	79.572586669314	24.6	104.172586669314	DCA	70	115.632598178626
900	0	78.5670104778247	24.6	103.167010477825	DCA	70	114.627021987137
914.285714285714	0	79.5294435916385	24.6	104.129443591638	DCA	210	124.947433205214
928.571428571429	0	77.124799697111	24.6	101.724799697111	DCA	0	101.724799697111
942.857142857143	0	79.417134286996	24.6	104.017134286996	DCA	140	122.4164756675
957.142857142857	0	76.8313716182994	24.6	101.431371618299	DCA	140	119.830712998803
971.428571428571	0	78.7666543620795	24.6	103.36665436208	DCA	70	114.826665871391
985.714285714286	0	79.7373925936593	24.6	104.337392593659	DCA	140	122.736733974163
1000	0	76.955539493032	24.6	101.555539493032	DCA	280	120.271495701558
0	33.3333333333333	77.799983448446	0	77.799983448446	DCA	0	77.799983448446
14.2857142857143	33.3333333333333	81.7343948417927	0	81.7343948417927	DCA	0	81.7343948417927
28.5714285714286	33.3333333333333	80.5198927886008	0	80.5198927886008	DCA	70	86.1251042979127
42.8571428571429	33.3333333333333	82.345912232279	0	82.345912232279	DCA	280	77.6426684408053
57.1428571428571	33.3333333333333	78.9993958847751	0	78.9993958847751	DCA	0	78.9993958847751
71.4285714285714	33.3333333333333	78.0572096607805	0	78.0572096607805	DCA	210	81.3107992743555
85.7142857142857	33.3333333333333	78.6883104916543	0	78.6883104916543	DCA	140	85.378051872158
100	33.3333333333333	76.5518387926991	0	76.5518387926991	DCA	140	83.2415801732028
114.285714285714	33.3333333333333	74.7820217839615	0	74.7820217839615	DCA	0	74.7820217839615
128.571428571429	33.3333333333333	78.8683346327272	0	78.8683346327272	DCA	210	82.1219242463023
142.857142857143	33.3333333333333	78.1120232914749	0	78.1120232914749	DCA	210	81.3656129050499
157.142857142857	33.3333333333333	81.1322483085621	0	81.1322483085621	DCA	210	84.3858379221372
171.428571428571	33.3333333333333	80.3053859551146	0	80.3053859551146	DCA	210	83.5589755686897
185.714285714286	33.3333333333333	78.0396060452058	0	78.0396060452058	DCA	0	78.0396060452058
200	33.3333333333333	80.983386814045	0	80.983386814045	DCA	70	86.588598323357
214.285714285714	33.3333333333333	79.3212632277347	0	79.3212632277347	DCA	140	86.0110046082384
228.571428571429	33.3333333333333	79.4308920030059	0	79.4308920030059	DCA	210	82.684481616581
242.857142857143	33.3333333333333	78.9004876872134	0	78.9004876872134	DCA	140	85.5902290677171
257.142857142857	33.3333333333333	78.9531414325849	0	78.9531414325849	DCA	140	85.6428828130885
271.428571428571	33.3333333333333	78.8756472466201	0	78.8756472466201	DCA	210	82.1292368601952
285.714285714286	33.3333333333333	76.3859154112442	0	76.3859154112442	DCA	0	76.3859154112442
300	33.3333333333333	77.3984731345591	0	77.3984731345591	DCA	280	72.6952293430853
314.285714285714	33.3333333333333	79.103846458327	0	79.103846458327	DCA	0	79.103846458327
328.571428571429	33.3333333333333	81.49263198651	0	81.49263198651	DCA	0	81.49263198651
342.857142857143	33.3333333333333	80.0048064779599	0	80.0048064779599	DCA	210	83.2583960915349
357.142857142857	33.3333333333333	82.9449156458856	0	82.9449156458856	DCA	70	88.5501271551976
371.428571428571	33.3333333333333	80.1494112179145	0	80.1494112179145	DCA	210	83.4030008314896
385.714285714286	33.3333333333333	79.7649477007022	0	79.7649477007022	DCA	0	79.7649477007022
400	33.3333333333333	82.6384165371976	0	82.6384165371976	DCA	140	89.3281579177013
414.285714285714	33.3333333333333	79.2738197478197	0	79.2738197478197	DCA	70	84.8790312571317
428.571428571429	33.3333333333333	78.1076764664886	0	78.1076764664886	DCA	280	73.4044326750148
442.857142857143	33.3333333333333	78.4699419345751	0	78.4699419345751	DCA	210	81.7235315481501
457.142857142857	33.3333333333333	82.0072998580236	0	82.0072998580236	DCA	0	82.0072998580236
471.428571428571	33.3333333333333	81.3300345031154	0	81.3300345031154	DCA	70	86.9352460124274
485.714285714286	33.3333333333333	79.9277797048647	0	79.9277797048647	DCA	0	79.9277797048647
500	33.3333333333333	76.4692816565776	0	76.4692816565776	DCA	280	71.7660378651038
514.285714285714	33.3333333333333	74.4124958044405	24.6	99.0124958044405	DCA	70	110.472507313752
528.571428571429	33.3333333333333	75.0045017159621	24.6	99.6045017159621	DCA	140	118.003843096466
542.857142857143	33.3333333333333	72.7712123809637	24.6	97.3712123809637	DCA	70	108.831223890276
557.142857142857	33.3333333333333	76.0075449448771	24.6	100.607544944877	DCA	210	121.425534558452
571.428571428571	33.3333333333333	75.7173635090636	24.6	100.317363509064	DCA	140	118.716704889567
585.714285714286	33.3333333333333	78.6983752511061	24.6	103.298375251106	DCA	70	114.758386760418
600	33.3333333333333	79.8546807238228	24.6	104.454680723823	DCA	140	122.854022104326
614.285714285714	33.3333333333333	82.0500922879835	24.6	106.650092287983	DCA	70	118.110103797295
628.571428571429	33.3333333333333	77.6034399344448	24.6	102.203439934445	DCA	210	123.02142954802
642.857142857143	33.3333333333333	79.0469596051588	24.6	103.646959605159	DCA	210	124.464949218734
657.142857142857	33.3333333333333	83.9216276564683	24.6	108.521627656468	DCA	70	119.98163916578
671.428571428571	33.3333333333333	84.4708024904868	24.6	109.070802490487	DCA	140	127.47014387099
685.714285714286	33.3333333333333	83.1989940863458	24.6	107.798994086346	DCA	70	119.259005595658
700	33.3333333333333	79.7974926413127	24.6	104.397492641313	DCA	280	123.113448849839
714.285714285714	33.3333333333333	82.7535247420971	24.6	107.353524742097	DCA	280	126.069480950623
728.571428571429	33.3333333333333	77.9380427447184	24.6	102.538042744718	DCA	140	120.937384125222
742.857142857143	33.3333333333333	79.9023411400286	24.6	104.502341140029	DCA	210	125.320330753604
757.142857142857	33.3333333333333	81.2528861670416	24.6	105.852886167042	DCA	140	124.252227547545
771.428571428571	33.3333333333333	84.601884447579	24.6	109.201884447579	DCA	210	130.019874061154
785.714285714286	33.3333333333333	83.5131220375741	24.6	108.113122037574	DCA	70	119.573133546886
800	33.3333333333333	81.5314549365028	24.6	106.131454936503	DCA	280	124.847411145029
814.285714285714	33.3333333333333	81.9543184079983	24.6	106.554318407998	DCA	210	127.372308021573
828.571428571429	33.3333333333333	77.7839368760979	24.6	102.383936876098	DCA	70	113.84394838541
842.857142857143	33.3333333333333	78.4703629558721	24.6	103.070362955872	DCA	210	123.888352569447
857.142857142857	33.3333333333333	81.9499453946268	24.6	106.549945394627	DCA	140	124.94928677513
871.428571428571	33.3333333333333	76.472085308521	24.6	101.072085308521	DCA	140	119.471426689025
885.714285714286	33.3333333333333	79.5881883490083	24.6	104.188188349008	DCA	210	125.006177962583
900	33.3333333333333	79.4542403763037	24.6	104.054240376304	DCA	0	104.054240376304
914.285714285714	33.3333333333333	77.1263209285017	24.6	101.726320928502	DCA	280	120.442277137028
928.571428571429	33.3333333333333	79.7494953200379	24.6	104.349495320038	DCA	140	122.748836700542
942.857142857143	33.3333333333333	76.4600783087798	24.6	101.06007830878	DCA	210	121.878067922355
957.142857142857	33.3333333333333	74.7795769739972	24.6	99.3795769739971	DCA	210	120.197566587572
971.428571428571	33.3333333333333	79.6038174247022	24.6	104.203817424702	DCA	0	104.203817424702
985.714285714286	33.3333333333333	79.7161839972804	24.6	104.31618399728	DCA	210	125.134173610856
1000	33.3333333333333	78.5358109178795	24.6	103.135810917879	DCA	210	123.953800531455
0	66.6666666666667	78.2477501196761	0	78.2477501196761	DCA	210	81.5013397332512
14.2857142857143	66.6666666666667	78.6721351303277	0	78.6721351303277	DCA	280	73.9688913388539
28.5714285714286	66.6666666666667	77.3813942336497	0	77.3813942336497	DCA	210	80.6349838472248
42.8571428571429	66.6666666666667	78.8571118932047	0	78.8571118932047	DCA	70	84.4623234025167
57.1428571428571	66.6666666666667	78.6725166430978	0	78.6725166430978	DCA	70	84.2777281524097
71.4285714285714	66.6666666666667	80.7070764602159	0	80.7070764602159	DCA	210	83.9606660737909
85.7142857142857	66.6666666666667	78.4823849096896	0	78.4823849096896	DCA	280	73.7791411182158
100	66.6666666666667	80.9433639905809	0	80.9433639905809	DCA	140	87.6331053710846
114.285714285714	66.6666666666667	80.3077003295219	0	80.3077003295219	DCA	0	80.3077003295219
128.571428571429	66.6666666666667	77.046487943629	0	77.046487943629	DCA	280	72.3432441521552
142.857142857143	66.6666666666667	78.7416941377834	0	78.7416941377834	DCA	210	81.9952837513585
157.142857142857	66.6666666666667	82.9012804920802	0	82.9012804920802	DCA	280	78.1980367006064
171.428571428571	66.6666666666667	82.5596918392555	0	82.5596918392555	DCA	70	88.1649033485674
185.714285714286	66.6666666666667	88.1458397562384	0	88.1458397562384	DCA	0	88.1458397562384
200	66.6666666666667	83.8115440313327	0	83.8115440313327	DCA	280	79.1083002398589
214.285714285714	66.6666666666667	80.0917447173817	0	80.0917447173817	DCA	280	75.3885009259079
228.571428571429	66.6666666666667	79.6220924739377	0	79.6220924739377	DCA	140	86.3118338544414
242.857142857143	66.6666666666667	81.2173410590178	0	81.2173410590178	DCA	210	84.4709306725929
257.142857142857	66.6666666666667	82.0892443987772	0	82.0892443987772	DCA	140	88.7789857792808
271.428571428571	66.6666666666667	82.2171084167759	0	82.2171084167759	DCA	140	88.9068497972795
285.714285714286	66.6666666666667	81.1122975365727	0	81.1122975365727	DCA	70	86.7175090458846
300	66.6666666666667	81.4216420811459	0	81.4216420811459	DCA	0	81.4216420811459
314.285714285714	66.6666666666667	83.0469784254086	0	83.0469784254086	DCA	140	89.7367198059122
328.571428571429	66.6666666666667	78.8610333709651	0	78.8610333709651	DCA	280	74.1577895794914
342.857142857143	66.6666666666667	80.6264045622567	0	80.6264045622567	DCA	0	80.6264045622567
357.142857142857	66.6666666666667	78.7532490627713	0	78.7532490627713	DCA	140	85.442990443275
371.428571428571	66.6666666666667	76.8672540982299	0	76.8672540982299	DCA	280	72.1640103067562
385.714285714286	66.6666666666667	76.9053515058432	0	76.9053515058432	DCA	140	83.5950928863469
400	66.6666666666667	73.7606130891759	0	73.7606130891759	DCA	280	69.0573692977021
414.285714285714	66.6666666666667	76.4795384720279	0	76.4795384720279	DCA	210	79.733128085603
428.571428571429	66.6666666666667	79.0585859140872	0	79.0585859140872	DCA	70	84.6637974233992
442.857142857143	66.6666666666667	80.6394642315518	0	80.6394642315518	DCA	0	80.6394642315518
457.142857142857	66.6666666666667	81.7076189132217	0	81.7076189132217	DCA	0	81.7076189132217
471.428571428571	66.6666666666667	83.3300224846493	0	83.3300224846493	DCA	0	83.3300224846493
485.714285714286	66.6666666666667	78.0557416292997	0	78.0557416292997	DCA	210	81.3093312428748
500	66.6666666666667	77.6813906113012	0	77.6813906113012	DCA	280	72.9781468198274
514.285714285714	66.6666666666667	76.424302243519	24.6	101.024302243519	DCA	140	119.423643624023
528.571428571429	66.6666666666667	74.5719145146319	24.6	99.1719145146319	DCA	0	99.1719145146319
542.857142857143	66.6666666666667	76.8606890231414	24.6	101.460689023141	DCA	0	101.460689023141
557.142857142857	66.6666666666667	78.4056693271978	24.6	103.005669327198	DCA	0	103.005669327198
571.428571428571	66.6666666666667	76.2112348072007	24.6	100.811234807201	DCA	140	119.210576187704
585.714285714286	66.6666666666667	72.5778834378906	24.6	97.1778834378906	DCA	140	115.577224818394
600	66.6666666666667	77.5353044564587	24.6	102.135304456459	DCA	210	122.953294070034
614.285714285714	66.6666666666667	77.2667138534373	24.6	101.866713853437	DCA	70	113.326725362749
628.571428571429	66.6666666666667	79.963495947035	24.6	104.563495947035	DCA	0	104.563495947035
642.857142857143	66.6666666666667	81.8332863348335	24.6	106.433286334833	DCA	280	125.14924254336
657.142857142857	66.6666666666667	80.64412862241	24.6	105.24412862241	DCA	280	123.960084830936
671.428571428571	66.6666666666667	82.7099387928172	24.6	107.309938792817	DCA	140	125.709280173321
685.714285714286	66.6666666666667	78.934754986886	24.6	103.534754986886	DCA	280	122.250711195412
700	66.6666666666667	79.8849503375032	24.6	104.484950337503	DCA	140	122.884291718007
714.285714285714	66.6666666666667	81.5381822473317	24.6	106.138182247332	DCA	0	106.138182247332
728.571428571429	66.6666666666667	79.3873297707301	24.6	103.98732977073	DCA	280	122.703285979256
742.857142857143	66.6666666666667	82.6378997490588	24.6	107.237899749059	DCA	280	125.953855957585
757.142857142857	66.6666666666667	78.7899063163878	24.6	103.389906316388	DCA	140	121.789247696891
771.428571428571	66.6666666666667	77.9573951977236	24.6	102.557395197724	DCA	280	121.27335140625
785.714285714286	66.6666666666667	76.6193716659443	24.6	101.219371665944	DCA	280	119.935327874471
800	66.6666666666667	82.5058142796621	24.6	107.105814279662	DCA	140	125.505155660166
814.285714285714	66.6666666666667	77.8800064924433	24.6	102.480006492443	DCA	70	113.940018001755
828.571428571429	66.6666666666667	77.0484224955119	24.6	101.648422495512	DCA	70	113.108434004824
842.857142857143	66.6666666666667	84.4465547747754	24.6	109.046554774775	DCA	210	129.86454438835
857.142857142857	66.6666666666667	83.0469118841679	24.6	107.646911884168	DCA	140	126.046253264672
871.428571428571	66.6666666666667	84.7459533330007	24.6	109.345953333001	DCA	0	109.345953333001
885.714285714286	66.6666666666667	78.2777637987313	24.6	102.877763798731	DCA	210	123.695753412306
900	66.6666666666667	80.7820806357611	24.6	105.382080635761	DCA	70	116.842092145073
914.285714285714	66.6666666666667	81.6166894063595	24.6	106.21668940636	DCA	0	106.21668940636
928.571428571429	66.6666666666667	77.0371457495628	24.6	101.637145749563	DCA	140	120.036487130066
942.857142857143	66.6666666666667	76.6954466879955	24.6	101.295446687995	DCA	210	122.113436301571
957.142857142857	66.6666666666667	77.1560543970417	24.6	101.756054397042	DCA	70	113.216065906354
971.428571428571	66.6666666666667	78.2151123514357	24.6	102.815112351436	DCA	210	123.633101965011
985.714285714286	66.6666666666667	75.8351778877673	24.6	100.435177887767	DCA	140	118.834519268271
1000	66.6666666666667	78.7865301067112	24.6	103.386530106711	DCA	140	121.785871487215
0	100	81.2138730402501	0	81.2138730402501	DCA	280	76.5106292487764
14.2857142857143	100	78.1984996635173	0	78.1984996635173	DCA	140	84.888241044021
28.5714285714286	100	79.0680691851041	0	79.0680691851041	DCA	0	79.0680691851041
42.8571428571429	100	75.72096544681	0	75.72096544681	DCA	280	71.0177216553362
57.1428571428571	100	77.3178652419586	0	77.3178652419586	DCA	210	80.5714548555336
71.4285714285714	100	77.2398426204493	0	77.2398426204493	DCA	210	80.4934322340243
85.7142857142857	100	74.2666104189958	0	74.2666104189958	DCA	280	69.563366627522
100	100	78.4516611651238	0	78.4516611651238	DCA	0	78.4516611651238
114.285714285714	100	79.1387901656742	0	79.1387901656742	DCA	140	85.8285315461778
128.571428571429	100	79.6405486914149	0	79.6405486914149	DCA	140	86.3302900719186
142.857142857143	100	78.3127683316119	0	78.3127683316119	DCA	0	78.3127683316119
157.142857142857	100	82.7533784502166	0	82.7533784502166	DCA	0	82.7533784502166
171.428571428571	100	81.0416097999592	0	81.0416097999592	DCA	70	86.6468213092712
185.714285714286	100	81.1027049777054	0	81.1027049777054	DCA	140	87.7924463582091
200	100	82.1830048902758	0	82.1830048902758	DCA	70	87.7882163995878
214.285714285714	100	78.5004989689922	0	78.5004989689922	DCA	210	81.7540885825673
228.571428571429	100	82.053665341749	0	82.053665341749	DCA	0	82.053665341749
242.857142857143	100	80.514799457713	0	80.514799457713	DCA	280	75.8115556662392
257.142857142857	100	83.7980339911723	0	83.7980339911723	DCA	0	83.7980339911723
271.428571428571	100	83.2665477051175	0	83.2665477051175	DCA	0	83.2665477051175
285.714285714286	100	86.1111868306957	0	86.1111868306957	DCA	70	91.7163983400077
300	100	83.4526070746892	0	83.4526070746892	DCA	70	89.0578185840011
314.285714285714	100	81.5899086599928	0	81.5899086599928	DCA	210	84.8434982735679
328.571428571429	100	80.251632383058	0	80.251632383058	DCA	140	86.9413737635616
342.857142857143	100	78.9478067162547	0	78.9478067162547	DCA	210	82.2013963298298
357.142857142857	100	83.3297069049533	0	83.3297069049533	DCA	0	83.3297069049533
371.428571428571	100	80.3370030621195	0	80.3370030621195	DCA	280	75.6337592706457
385.714285714286	100	79.8656457152475	0	79.8656457152475	DCA	70	85.4708572245594
400	100	79.1514599897486	0	79.1514599897486	DCA	0	79.1514599897486
414.285714285714	100	82.7831720908822	0	82.7831720908822	DCA	140	89.4729134713858
428.571428571429	100	79.271949884296	0	79.271949884296	DCA	70	84.877161393608
442.857142857143	100	79.3973044924722	0	79.3973044924722	DCA	0	79.3973044924722
457.142857142857	100	82.8056480803301	0	82.8056480803301	DCA	70	88.410859589642
471.428571428571	100	84.4624168539001	0	84.4624168539001	DCA	140	91.1521582344038
485.714285714286	100	81.8971898302753	0	81.8971898302753	DCA	280	77.1939460388015
500	100	81.6565056078995	0	81.6565056078995	DCA	140	88.3462469884031
514.285714285714	100	77.4928394853293	24.6	102.092839485329	DCA	0	102.092839485329
528.571428571429	100	73.7449518526491	24.6	98.3449518526491	DCA	140	116.744293233153
542.857142857143	100	76.0027779265723	24.6	100.602777926572	DCA	140	119.002119307076
557.142857142857	100	75.6787875253287	24.6	100.278787525329	DCA	70	111.738799034641
571.428571428571	100	73.5789520909958	24.6	98.1789520909958	DCA	70	109.638963600308
585.714285714286	100	75.2656419262412	24.6	99.8656419262412	DCA	140	118.264983306745
600	100	75.4986552671946	24.6	100.098655267195	DCA	70	111.558666776507
614.285714285714	100	79.6057522815978	24.6	104.205752281598	DCA	140	122.605093662101
628.571428571429	100	81.7874667586672	24.6	106.387466758667	DCA	210	127.205456372242
642.857142857143	100	82.6204222532477	24.6	107.220422253248	DCA	210	128.038411866823
657.142857142857	100	78.9416760218468	24.6	103.541676021847	DCA	70	115.001687531159
671.428571428571	100	79.8646513323494	24.6	104.464651332349	DCA	280	123.180607540876
685.714285714286	100	82.9775245845812	24.6	107.577524584581	DCA	0	107.577524584581
700	100	81.0014625422317	24.6	105.601462542232	DCA	70	117.061474051544
714.285714285714	100	80.2907822878328	24.6	104.890782287833	DCA	140	123.290123668336
728.571428571429	100	79.0660072452794	24.6	103.666007245279	DCA	280	122.381963453806
742.857142857143	100	79.9796451209182	24.6	104.579645120918	DCA	210	125.397634734493
757.142857142857	100	77.6567129384775	24.6	102.256712938478	DCA	140	120.656054318981
771.428571428571	100	76.1454134352462	24.6	100.745413435246	DCA	140	119.14475481575
785.714285714286	100	78.8741307372673	24.6	103.474130737267	DCA	0	103.474130737267
800	100	78.3368439102345	24.6	102.936843910234	DCA	0	102.936843910234
814.285714285714	100	81.6461235728293	24.6	106.246123572829	DCA	140	124.645464953333
828.571428571429	100	84.7939584370394	24.6	109.393958437039	DCA	70	120.853969946351
842.857142857143	100	87.2352381446944	24.6	111.835238144694	DCA	70	123.295249654006
857.142857142857	100	83.6525277879322	24.6	108.252527787932	DCA	210	129.070517401507
871.428571428571	100	83.8110475955925	24.6	108.411047595592	DCA	0	108.411047595592
885.714285714286	100	83.0535374705116	24.6	107.653537470512	DCA	280	126.369493679038
900	100	78.575668016247	24.6	103.175668016247	DCA	70	114.635679525559
914.285714285714	100	81.3946788353699	24.6	105.99467883537	DCA	210	126.812668448945
928.571428571429	100	81.0873971692816	24.6	105.687397169282	DCA	280	124.403353377808
942.857142857143	100	81.2970414400111	24.6	105.897041440011	DCA	70	117.357052949323
957.142857142857	100	78.9249905181618	24.6	103.524990518162	DCA	70	114.985002027474
971.428571428571	100	78.4285169147395	24.6	103.028516914739	DCA	280	121.744473123266
985.714285714286	100	80.5753238665044	24.6	105.175323866504	DCA	70	116.635335375816
1000	100	81.6888578938776	24.6	106.288857893878	DCA	0	106.288857893878
0	133.333333333333	76.6891520680377	0	76.6891520680377	DCA	70	82.2943635773496
14.2857142857143	133.333333333333	79.4890723769548	0	79.4890723769548	DCA	140	86.1788137574584
28.5714285714286	133.333333333333	81.4074327188099	0	81.4074327188099	DCA	70	87.0126442281219
42.8571428571429	133.333333333333	82.7382383150307	0	82.7382383150307	DCA	280	78.034994523557
57.1428571428571	133.333333333333	82.1243188340943	0	82.1243188340943	DCA	280	77.4210750426205
71.4285714285714	133.333333333333	79.1154735542016	0	79.1154735542016	DCA	140	85.8052149347052
85.7142857142857	133.333333333333	79.4143944073482	0	79.4143944073482	DCA	280	74.7111506158744
100	133.333333333333	79.6568579810547	0	79.6568579810547	DCA	70	85.2620694903667
114.285714285714	133.333333333333	80.9612873095597	0	80.9612873095597	DCA	280	76.2580435180859
128.571428571429	133.333333333333	80.7280981226055	0	80.7280981226055	DCA	70	86.3333096319175
142.857142857143	133.333333333333	80.3168237871681	0	80.3168237871681	DCA	140	87.0065651676717
157.142857142857	133.333333333333	81.0661210508664	0	81.0661210508664	DCA	0	81.0661210508664
171.428571428571	133.333333333333	83.832682475895	0	83.832682475895	DCA	140	90.5224238563987
185.714285714286	133.333333333333	81.0186644792227	0	81.0186644792227	DCA	210	84.2722540927977
200	133.333333333333	84.0205991873942	0	84.0205991873942	DCA	210	87.2741888009693
214.285714285714	133.333333333333	80.8231340921768	0	80.8231340921768	DCA	0	80.8231340921768
228.571428571429	133.333333333333	82.9203911102695	0	82.9203911102695	DCA	140	89.6101324907732
242.857142857143	133.333333333333	84.7532497579709	0	84.7532497579709	DCA	0	84.7532497579709
257.142857142857	133.333333333333	84.1483639105996	0	84.1483639105996	DCA	0	84.1483639105996
271.428571428571	133.333333333333	82.4233940987528	0	82.4233940987528	DCA	280	77.720150307279
285.714285714286	133.333333333333	82.2546977989294	0	82.2546977989294	DCA	210	85.5082874125045
300	133.333333333333	83.2212618491729	0	83.2212618491729	DCA	0	83.2212618491729
314.285714285714	133.333333333333	79.7856065439825	0	79.7856065439825	DCA	280	75.0823627525087
328.571428571429	133.333333333333	76.5406139824376	0	76.5406139824376	DCA	0	76.5406139824376
342.857142857143	133.333333333333	81.3719937754324	0	81.3719937754324	DCA	140	88.0617351559361
357.142857142857	133.333333333333	78.5703253341457	0	78.5703253341457	DCA	140	85.2600667146493
371.428571428571	133.333333333333	80.4674138141108	0	80.4674138141108	DCA	70	86.0726253234228
385.714285714286	133.333333333333	86.7578493157303	0	86.7578493157303	DCA	140	93.4475906962339
400	133.333333333333	77.5448245379983	0	77.5448245379983	DCA	280	72.8415807465245
414.285714285714	133.333333333333	75.89636941283	0	75.89636941283	DCA	70	81.501580922142
428.571428571429	133.333333333333	81.0705862880225	0	81.0705862880225	DCA	210	84.3241759015976
442.857142857143	133.333333333333	81.1603465951744	0	81.1603465951744	DCA	280	76.4571028037006
457.142857142857	133.333333333333	82.0831993096833	0	82.0831993096833	DCA	210	85.3367889232583
471.428571428571	133.333333333333	83.927785232976	0	83.927785232976	DCA	70	89.532996742288
485.714285714286	133.333333333333	81.2220005342919	0	81.2220005342919	DCA	0	81.2220005342919
500	133.333333333333	79.8460358254167	0	79.8460358254167	DCA	140	86.5357772059204
514.285714285714	133.333333333333	80.0364065463672	24.6	104.636406546367	DCA	70	116.096418055679
528.571428571429	133.333333333333	76.3170742575481	24.6	100.917074257548	DCA	140	119.316415638052
542.857142857143	133.333333333333	74.5553158780216	24.6	99.1553158780216	DCA	70	110.615327387334
557.142857142857	133.333333333333	75.3420523058421	24.6	99.9420523058421	DCA	70	111.402063815154
571.428571428571	133.333333333333	78.035172234779	24.6	102.635172234779	DCA	140	121.034513615283
585.714285714286	133.333333333333	74.1172949297144	24.6	98.7172949297144	DCA	210	119.535284543289
600	133.333333333333	83.7866601404409	24.6	108.386660140441	DCA	0	108.386660140441
614.285714285714	133.333333333333	83.8714352164645	24.6	108.471435216464	DCA	70	119.931446725776
628.571428571429	133.333333333333	79.4410347762491	24.6	104.041034776249	DCA	210	124.859024389824
642.857142857143	133.333333333333	82.1678506789017	24.6	106.767850678902	DCA	0	106.767850678902
657.142857142857	133.333333333333	80.3011386048067	24.6	104.901138604807	DCA	0	104.901138604807
671.428571428571	133.333333333333	79.8869212383395	24.6	104.48692123834	DCA	0	104.48692123834
685.714285714286	133.333333333333	80.4925107561589	24.6	105.092510756159	DCA	70	116.552522265471
700	133.333333333333	80.4980671518484	24.6	105.098067151848	DCA	0	105.098067151848
714.285714285714	133.333333333333	77.6978478032509	24.6	102.297847803251	DCA	210	123.115837416826
728.571428571429	133.333333333333	77.9149756999066	24.6	102.514975699907	DCA	280	121.230931908433
742.857142857143	133.333333333333	76.9704195134725	24.6	101.570419513472	DCA	140	119.969760893976
757.142857142857	133.333333333333	75.7951733021042	24.6	100.395173302104	DCA	0	100.395173302104
771.428571428571	133.333333333333	77.3228887763642	24.6	101.922888776364	DCA	280	120.63884498489
785.714285714286	133.333333333333	77.3944045999966	24.6	101.994404599997	DCA	280	120.710360808523
800	133.333333333333	78.7778015711818	24.6	103.377801571182	DCA	210	124.195791184757
814.285714285714	133.333333333333	80.5957750733954	24.6	105.195775073395	DCA	140	123.595116453899
828.571428571429	133.333333333333	82.6737574316561	24.6	107.273757431656	DCA	280	125.989713640182
842.857142857143	133.333333333333	84.6032617409576	24.6	109.203261740958	DCA	140	127.602603121461
857.142857142857	133.333333333333	86.2517241197432	24.6	110.851724119743	DCA	70	122.311735629055
871.428571428571	133.333333333333	84.1763600944728	24.6	108.776360094473	DCA	210	129.594349708048
885.714285714286	133.333333333333	91.2703099693863	24.6	115.870309969386	DCA	210	136.688299582961
900	133.333333333333	83.8054235633983	24.6	108.405423563398	DCA	280	127.121379771925
914.285714285714	133.333333333333	81.8565704966011	24.6	106.456570496601	DCA	210	127.274560110176
928.571428571429	133.333333333333	80.6778474903613	24.6	105.277847490361	DCA	280	123.993803698888
942.857142857143	133.333333333333	80.0648486420865	24.6	104.664848642086	DCA	280	123.380804850613
957.142857142857	133.333333333333	77.4310842030701	24.6	102.03108420307	DCA	280	120.747040411596
971.428571428571	133.333333333333	77.9060987489946	24.6	102.506098748995	DCA	210	123.32408836257
985.714285714286	133.333333333333	77.2578929710047	24.6	101.857892971005	DCA	70	113.317904480317
1000	133.333333333333	78.2101291577508	24.6	102.810129157751	DCA	140	121.209470538254
0	166.666666666667	77.8926551101889	0	77.8926551101889	DCA	70	83.4978666195009
14.2857142857143	166.666666666667	80.9206882705624	0	80.9206882705624	DCA	210	84.1742778841375
28.5714285714286	166.666666666667	76.8131656552779	0	76.8131656552779	DCA	210	80.066755268853
42.8571428571429	166.666666666667	81.0006198273268	0	81.0006198273268	DCA	140	87.6903612078305
57.1428571428571	166.666666666667	78.9346803968737	0	78.9346803968737	DCA	0	78.9346803968737
71.4285714285714	166.666666666667	80.9420985692068	0	80.9420985692068	DCA	280	76.238854777733
85.7142857142857	166.666666666667	79.9128691312945	0	79.9128691312945	DCA	70	85.5180806406065
100	166.666666666667	84.7828797491823	0	84.7828797491823	DCA	280	80.0796359577085
114.285714285714	166.666666666667	84.3100597394006	0	84.3100597394006	DCA	280	79.6068159479268
128.571428571429	166.666666666667	77.6782028094819	0	77.6782028094819	DCA	70	83.2834143187939
142.857142857143	166.666666666667	81.9137489951759	0	81.9137489951759	DCA	280	77.2105052037021
157.142857142857	166.666666666667	78.1906402846717	0	78.1906402846717	DCA	70	83.7958517939837
171.428571428571	166.666666666667	78.8156235450793	0	78.8156235450793	DCA	210	82.0692131586544
185.714285714286	166.666666666667	82.0039053201834	0	82.0039053201834	DCA	0	82.0039053201834
200	166.666666666667	82.193870643278	0	82.193870643278	DCA	0	82.193870643278
214.285714285714	166.666666666667	82.4947437215437	0	82.4947437215437	DCA	0	82.4947437215437
228.571428571429	166.666666666667	84.6872897519629	0	84.6872897519629	DCA	210	87.940879365538
242.857142857143	166.666666666667	86.5340899981269	0	86.5340899981269	DCA	210	89.787679611702
257.142857142857	166.666666666667	86.4889243831808	0	86.4889243831808	DCA	280	81.785680591707
271.428571428571	166.666666666667	83.4876644244577	0	83.4876644244577	DCA	210	86.7412540380328
285.714285714286	166.666666666667	80.7382040382298	0	80.7382040382298	DCA	70	86.3434155475417
300	166.666666666667	84.3449908722936	0	84.3449908722936	DCA	70	89.9502023816055
314.285714285714	166.666666666667	86.5582988914672	0	86.5582988914672	DCA	70	92.1635104007792
328.571428571429	166.666666666667	81.7622945606682	0	81.7622945606682	DCA	70	87.3675060699801
342.857142857143	166.666666666667	81.6553712988373	0	81.6553712988373	DCA	210	84.9089609124124
357.142857142857	166.666666666667	85.4945524739658	0	85.4945524739658	DCA	0	85.4945524739658
371.428571428571	166.666666666667	84.0650314552592	0	84.0650314552592	DCA	70	89.6702429645712
385.714285714286	166.666666666667	85.2632887818604	0	85.2632887818604	DCA	140	91.9530301623641
400	166.666666666667	78.414306084339	0	78.414306084339	DCA	0	78.414306084339
414.285714285714	166.666666666667	79.5788438556925	0	79.5788438556925	DCA	70	85.1840553650045
428.571428571429	166.666666666667	80.3457135708188	0	80.3457135708188	DCA	140	87.0354549513224
442.857142857143	166.666666666667	80.5679047263264	0	80.5679047263264	DCA	70	86.1731162356384
457.142857142857	166.666666666667	81.6151800155707	0	81.6151800155707	DCA	70	87.2203915248827
471.428571428571	166.666666666667	78.0773764578595	0	78.0773764578595	DCA	0	78.0773764578595
485.714285714286	166.666666666667	80.4348793841345	0	80.4348793841345	DCA	140	87.1246207646382
500	166.666666666667	76.9430946169323	0	76.9430946169323	DCA	140	83.6328359974359
514.285714285714	166.666666666667	76.1652297920761	24.6	100.765229792076	DCA	70	112.225241301388
528.571428571429	166.666666666667	76.8884101797919	24.6	101.488410179792	DCA	280	120.204366388318
542.857142857143	166.666666666667	78.8373507540017	24.6	103.437350754002	DCA	70	114.897362263314
557.142857142857	166.666666666667	78.6213523625066	24.6	103.221352362507	DCA	0	103.221352362507
571.428571428571	166.666666666667	79.8345831638248	24.6	104.434583163825	DCA	210	125.2525727774
585.714285714286	166.666666666667	74.3315721860473	24.6	98.9315721860473	DCA	70	110.391583695359
600	166.666666666667	80.3212729953289	24.6	104.921272995329	DCA	140	123.320614375833
614.285714285714	166.666666666667	80.3907083029216	24.6	104.990708302922	DCA	0	104.990708302922
628.571428571429	166.666666666667	77.9768341750019	24.6	102.576834175002	DCA	210	123.394823788577
642.857142857143	166.666666666667	80.9732698102152	24.6	105.573269810215	DCA	0	105.573269810215
657.142857142857	166.666666666667	78.7486206455434	24.6	103.348620645543	DCA	0	103.348620645543
671.428571428571	166.666666666667	82.0939259595761	24.6	106.693925959576	DCA	0	106.693925959576
685.714285714286	166.666666666667	79.6129442605013	24.6	104.212944260501	DCA	140	122.612285641005
700	166.666666666667	78.7210825461101	24.6	103.32108254611	DCA	210	124.139072159685
714.285714285714	166.666666666667	76.6954325269655	24.6	101.295432526965	DCA	210	122.113422140541
728.571428571429	166.666666666667	75.6016114967611	24.6	100.201611496761	DCA	210	121.019601110336
742.857142857143	166.666666666667	73.611858656165	24.6	98.211858656165	DCA	280	116.927814864691
757.142857142857	166.666666666667	75.7699019363586	24.6	100.369901936359	DCA	0	100.369901936359
771.428571428571	166.666666666667	76.6663460690534	24.6	101.266346069053	DCA	280	119.98230227758
785.714285714286	166.666666666667	78.3509478282291	24.6	102.950947828229	DCA	70	114.410959337541
800	166.666666666667	76.6649853427075	24.6	101.264985342707	DCA	280	119.980941551234
814.285714285714	166.666666666667	78.128110692535	24.6	102.728110692535	DCA	0	102.728110692535
828.571428571429	166.666666666667	81.8265539389963	24.6	106.426553938996	DCA	140	124.8258953195
842.857142857143	166.666666666667	83.5137982068408	24.6	108.113798206841	DCA	0	108.113798206841
857.142857142857	166.666666666667	77.9258228385299	24.6	102.52582283853	DCA	0	102.52582283853
871.428571428571	166.666666666667	81.4063375644763	24.6	106.006337564476	DCA	70	117.466349073788
885.714285714286	166.666666666667	80.4683380306058	24.6	105.068338030606	DCA	140	123.467679411109
900	166.666666666667	81.1057251385028	24.6	105.705725138503	DCA	210	126.523714752078
914.285714285714	166.666666666667	81.7852186078144	24.6	106.385218607814	DCA	0	106.385218607814
928.571428571429	166.666666666667	80.2712286337499	24.6	104.87122863375	DCA	140	123.270570014254
942.857142857143	166.666666666667	79.1904391821224	24.6	103.790439182122	DCA	140	122.189780562626
957.142857142857	166.666666666667	78.1505668526364	24.6	102.750566852636	DCA	70	114.210578361948
971.428571428571	166.666666666667	78.1400271528318	24.6	102.740027152832	DCA	210	123.558016766407
985.714285714286	166.666666666667	73.1224417938741	24.6	97.7224417938741	DCA	140	116.121783174378
1000	166.666666666667	77.8225698752819	24.6	102.422569875282	DCA	280	121.138526083808
0	200	80.7390445561187	0	80.7390445561187	DCA	70	86.3442560654307
14.2857142857143	200	78.9089750667333	0	78.9089750667333	DCA	280	74.2057312752595
28.5714285714286	200	82.5470282778076	0	82.5470282778076	DCA	210	85.8006178913827
42.8571428571429	200	80.9976727829864	0	80.9976727829864	DCA	280	76.2944289915127
57.1428571428571	200	82.6673721554388	0	82.6673721554388	DCA	0	82.6673721554388
71.4285714285714	200	81.6755117727272	0	81.6755117727272	DCA	210	84.9291013863023
85.7142857142857	200	80.5502808513357	0	80.5502808513357	DCA	70	86.1554923606477
100	200	80.4374395304973	0	80.4374395304973	DCA	210	83.6910291440724
114.285714285714	200	80.2795114523816	0	80.2795114523816	DCA	70	85.8847229616936
128.571428571429	200	79.7059582600788	0	79.7059582600788	DCA	140	86.3956996405824
142.857142857143	200	81.3755422264515	0	81.3755422264515	DCA	210	84.6291318400266
157.142857142857	200	76.6802035864416	0	76.6802035864416	DCA	0	76.6802035864416
171.428571428571	200	76.4408000677935	0	76.4408000677935	DCA	0	76.4408000677935
185.714285714286	200	75.6029301762508	0	75.6029301762508	DCA	140	82.2926715567544
200	200	78.7989122029796	0	78.7989122029796	DCA	70	84.4041237122916
214.285714285714	200	83.0628450504847	0	83.0628450504847	DCA	70	88.6680565597967
228.571428571429	200	79.0301117793661	0	79.0301117793661	DCA	70	84.6353232886781
242.857142857143	200	80.7758111969127	0	80.7758111969127	DCA	0	80.7758111969127
257.142857142857	200	82.0478541771829	0	82.0478541771829	DCA	210	85.301443790758
271.428571428571	200	81.3694693578528	0	81.3694693578528	DCA	210	84.6230589714278
285.714285714286	200	81.72088888868	0	81.72088888868	DCA	280	77.0176450972063
300	200	83.4550003633266	0	83.4550003633266	DCA	140	90.1447417438303
314.285714285714	200	82.2549856136495	0	82.2549856136495	DCA	210	85.5085752272246
328.571428571429	200	81.4084096238105	0	81.4084096238105	DCA	70	87.0136211331224
342.857142857143	200	80.9285991842746	0	80.9285991842746	DCA	280	76.2253553928008
357.142857142857	200	79.2560481260453	0	79.2560481260453	DCA	140	85.9457895065489
371.428571428571	200	78.2538882131636	0	78.2538882131636	DCA	280	73.5506444216898
385.714285714286	200	78.5978910296013	0	78.5978910296013	DCA	0	78.5978910296013
400	200	79.1986368359433	0	79.1986368359433	DCA	280	74.4953930444695
414.285714285714	200	80.1509076938304	0	80.1509076938304	DCA	140	86.840649074334
428.571428571429	200	78.2467925251295	0	78.2467925251295	DCA	70	83.8520040344414
442.857142857143	200	81.8262265649616	0	81.8262265649616	DCA	70	87.4314380742736
457.142857142857	200	80.3557355394313	0	80.3557355394313	DCA	280	75.6524917479576
471.428571428571	200	80.2420148398772	0	80.2420148398772	DCA	210	83.4956044534523
485.714285714286	200	79.4768249894829	0	79.4768249894829	DCA	210	82.730414603058
500	200	78.5988258957634	0	78.5988258957634	DCA	70	84.2040374050754
514.285714285714	200	79.5621673535048	24.6	104.162167353505	DCA	0	104.162167353505
528.571428571429	200	77.2184046461064	24.6	101.818404646106	DCA	280	120.534360854633
542.857142857143	200	79.8407926373745	24.6	104.440792637374	DCA	280	123.156748845901
557.142857142857	200	77.4777300806544	24.6	102.077730080654	DCA	280	120.793686289181
571.428571428571	200	77.5737059721259	24.6	102.173705972126	DCA	140	120.57304735263
585.714285714286	200	76.9609549993514	24.6	101.560954999351	DCA	0	101.560954999351
600	200	79.6174812322906	24.6	104.217481232291	DCA	0	104.217481232291
614.285714285714	200	78.7607157400521	24.6	103.360715740052	DCA	0	103.360715740052
628.571428571429	200	79.7391944942747	24.6	104.339194494275	DCA	70	115.799206003587
642.857142857143	200	82.2037018521688	24.6	106.803701852169	DCA	140	125.203043232672
657.142857142857	200	84.0154642197438	24.6	108.615464219744	DCA	210	129.433453833319
671.428571428571	200	82.6413558422163	24.6	107.241355842216	DCA	210	128.059345455791
685.714285714286	200	83.8465517705369	24.6	108.446551770537	DCA	210	129.264541384112
700	200	81.2097439477892	24.6	105.809743947789	DCA	280	124.525700156315
714.285714285714	200	80.9778808723595	24.6	105.57788087236	DCA	280	124.293837080886
728.571428571429	200	79.8368406166067	24.6	104.436840616607	DCA	140	122.83618199711
742.857142857143	200	75.4441846204336	24.6	100.044184620434	DCA	280	118.76014082896
757.142857142857	200	76.7327460862023	24.6	101.332746086202	DCA	70	112.792757595514
771.428571428571	200	80.4716896645448	24.6	105.071689664545	DCA	140	123.471031045048
785.714285714286	200	75.4897017313215	24.6	100.089701731322	DCA	280	118.805657939848
800	200	80.3523646464381	24.6	104.952364646438	DCA	280	123.668320854964
814.285714285714	200	78.1319331026724	24.6	102.731933102672	DCA	280	121.447889311199
828.571428571429	200	79.3729271495608	24.6	103.972927149561	DCA	210	124.790916763136
842.857142857143	200	80.7282629829165	24.6	105.328262982916	DCA	280	124.044219191443
857.142857142857	200	78.2305988056281	24.6	102.830598805628	DCA	0	102.830598805628
871.428571428571	200	77.8997398612759	24.6	102.499739861276	DCA	210	123.317729474851
885.714285714286	200	78.0855309440837	24.6	102.685530944084	DCA	0	102.685530944084
900	200	78.2427961707538	24.6	102.842796170754	DCA	140	121.242137551257
914.285714285714	200	79.1651794977501	24.6	103.76517949775	DCA	140	122.164520878254
928.571428571429	200	79.3282504519642	24.6	103.928250451964	DCA	210	124.746240065539
942.857142857143	200	73.8802034032818	24.6	98.4802034032817	DCA	280	117.196159611808
957.142857142857	200	74.3768989793781	24.6	98.9768989793781	DCA	280	117.692855187904
971.428571428571	200	75.6852187044937	24.6	100.285218704494	DCA	280	119.00117491302
985.714285714286	200	73.3886241468561	24.6	97.9886241468561	DCA	0	97.9886241468561
1000	200	76.4246137668474	24.6	101.024613766847	DCA	0	101.024613766847
0	233.333333333333	80.8653493112684	0	80.8653493112684	DCA	70	86.4705608205804
14.2857142857143	233.333333333333	80.9171643098854	0	80.9171643098854	DCA	70	86.5223758191974
28.5714285714286	233.333333333333	82.432745828658	0	82.432745828658	DCA	70	88.0379573379699
42.8571428571429	233.333333333333	80.8844628910351	0	80.8844628910351	DCA	140	87.5742042715388
57.1428571428571	233.333333333333	80.7917965643825	0	80.7917965643825	DCA	140	87.4815379448862
71.4285714285714	233.333333333333	80.6335347357876	0	80.6335347357876	DCA	280	75.9302909443139
85.7142857142857	233.333333333333	82.6184939611383	0	82.6184939611383	DCA	210	85.8720835747134
100	233.333333333333	80.0647828226216	0	80.0647828226216	DCA	280	75.3615390311478
114.285714285714	233.333333333333	82.5236234418874	0	82.5236234418874	DCA	70	88.1288349511994
128.571428571429	233.333333333333	79.0533442630671	0	79.0533442630671	DCA	0	79.0533442630671
142.857142857143	233.333333333333	76.9693029117618	0	76.9693029117618	DCA	0	76.9693029117618
157.142857142857	233.333333333333	81.4183302586063	0	81.4183302586063	DCA	210	84.6719198721814
171.428571428571	233.333333333333	78.4219857939036	0	78.4219857939036	DCA	210	81.6755754074786
185.714285714286	233.333333333333	79.6400501977835	0	79.6400501977835	DCA	280	74.9368064063097
200	233.333333333333	79.2834620236004	0	79.2834620236004	DCA	280	74.5802182321266
214.285714285714	233.333333333333	75.356270047715	0	75.356270047715	DCA	280	70.6530262562412
228.571428571429	233.333333333333	78.5870131423418	0	78.5870131423418	DCA	0	78.5870131423418
242.857142857143	233.333333333333	77.564103011394	0	77.564103011394	DCA	210	80.8176926249691
257.142857142857	233.333333333333	78.8799053046038	0	78.8799053046038	DCA	210	82.1334949181789
271.428571428571	233.333333333333	79.7971646028364	0	79.7971646028364	DCA	0	79.7971646028364
285.714285714286	233.333333333333	78.9767716567126	0	78.9767716567126	DCA	210	82.2303612702877
300	233.333333333333	81.0344425672693	0	81.0344425672693	DCA	210	84.2880321808444
314.285714285714	233.333333333333	81.4845726517945	0	81.4845726517945	DCA	140	88.1743140322982
328.571428571429	233.333333333333	80.4613678854354	0	80.4613678854354	DCA	140	87.151109265939
342.857142857143	233.333333333333	79.6704821015192	0	79.6704821015192	DCA	280	74.9672383100454
357.142857142857	233.333333333333	81.2140640697654	0	81.2140640697654	DCA	0	81.2140640697654
371.428571428571	233.333333333333	81.4468654713905	0	81.4468654713905	DCA	70	87.0520769807025
385.714285714286	233.333333333333	76.9977392425698	0	76.9977392425698	DCA	280	72.294495451096
400	233.333333333333	76.2754939284918	0	76.2754939284918	DCA	0	76.2754939284918
414.285714285714	233.333333333333	78.4444893577634	0	78.4444893577634	DCA	210	81.6980789713385
428.571428571429	233.333333333333	74.0620975554952	0	74.0620975554952	DCA	210	77.3156871690703
442.857142857143	233.333333333333	79.3598095126061	0	79.3598095126061	DCA	140	86.0495508931098
457.142857142857	233.333333333333	77.5025478150892	0	77.5025478150892	DCA	0	77.5025478150892
471.428571428571	233.333333333333	76.2654710680894	0	76.2654710680894	DCA	140	82.9552124485931
485.714285714286	233.333333333333	79.0829717238179	0	79.0829717238179	DCA	140	85.7727131043216
500	233.333333333333	79.9341703860622	0	79.9341703860622	DCA	70	85.5393818953742
514.285714285714	233.333333333333	81.3293609083169	24.6	105.929360908317	DCA	70	117.389372417629
528.571428571429	233.333333333333	80.0174184965889	24.6	104.617418496589	DCA	70	116.077430005901
542.857142857143	233.333333333333	78.6675377761078	24.6	103.267537776108	DCA	140	121.666879156611
557.142857142857	233.333333333333	77.6298485065224	24.6	102.229848506522	DCA	70	113.689860015834
571.428571428571	233.333333333333	78.5058625763646	24.6	103.105862576365	DCA	210	123.92385218994
585.714285714286	233.333333333333	75.8928074317988	24.6	100.492807431799	DCA	0	100.492807431799
600	233.333333333333	80.3039822363587	24.6	104.903982236359	DCA	70	116.363993745671
614.285714285714	233.333333333333	77.653854444533	24.6	102.253854444533	DCA	0	102.253854444533
628.571428571429	233.333333333333	75.6678461829595	24.6	100.26784618296	DCA	0	100.26784618296
642.857142857143	233.333333333333	75.2634518338442	24.6	99.8634518338442	DCA	280	118.57940804237
657.142857142857	233.333333333333	78.8231224590436	24.6	103.423122459044	DCA	210	124.241112072619
671.428571428571	233.333333333333	76.6975012881597	24.6	101.29750128816	DCA	70	112.757512797472
685.714285714286	233.333333333333	79.1952678510449	24.6	103.795267851045	DCA	280	122.511224059571
700	233.333333333333	78.7815937082696	24.6	103.38159370827	DCA	70	114.841605217582
714.285714285714	233.333333333333	79.308001138245	24.6	103.908001138245	DCA	140	122.307342518749
728.571428571429	233.333333333333	75.3486536199914	24.6	99.9486536199914	DCA	210	120.766643233566
742.857142857143	233.333333333333	80.15802408606	24.6	104.75802408606	DCA	280	123.473980294586
757.142857142857	233.333333333333	81.7657015146394	24.6	106.365701514639	DCA	70	117.825713023951
771.428571428571	233.333333333333	77.1558285767597	24.6	101.75582857676	DCA	210	122.573818190335
785.714285714286	233.333333333333	79.0071873611045	24.6	103.607187361105	DCA	140	122.006528741608
800	233.333333333333	78.6339478178936	24.6	103.233947817894	DCA	0	103.233947817894
814.285714285714	233.333333333333	79.1391099986865	24.6	103.739109998687	DCA	0	103.739109998687
828.571428571429	233.333333333333	77.0512732419514	24.6	101.651273241951	DCA	280	120.367229450478
842.857142857143	233.333333333333	82.4534511078601	24.6	107.05345110786	DCA	70	118.513462617172
857.142857142857	233.333333333333	78.9480435347091	24.6	103.548043534709	DCA	70	115.008055044021
871.428571428571	233.333333333333	80.4483511518491	24.6	105.048351151849	DCA	210	125.866340765424
885.714285714286	233.333333333333	80.1800497416113	24.6	104.780049741611	DCA	0	104.780049741611
900	233.333333333333	77.6543539959097	24.6	102.25435399591	DCA	70	113.714365505222
914.285714285714	233.333333333333	78.6507713404321	24.6	103.250771340432	DCA	280	121.966727548958
928.571428571429	233.333333333333	80.9832853624268	24.6	105.583285362427	DCA	210	126.401274976002
942.857142857143	233.333333333333	79.6770246922469	24.6	104.277024692247	DCA	140	122.676366072751
957.142857142857	233.333333333333	79.341618190416	24.6	103.941618190416	DCA	70	115.401629699728
971.428571428571	233.333333333333	78.2644111885166	24.6	102.864411188517	DCA	140	121.26375256902
985.714285714286	233.333333333333	75.566116688925	24.6	100.166116688925	DCA	280	118.882072897451
1000	233.333333333333	73.539317515538	24.6	98.139317515538	DCA	140	116.538658896042
0	266.666666666667	79.4129808574535	0	79.4129808574535	DCA	210	82.6665704710286
14.2857142857143	266.666666666667	80.6109473379556	0	80.6109473379556	DCA	280	75.9077035464818
28.5714285714286	266.666666666667	80.0350168202789	0	80.0350168202789	DCA	0	80.0350168202789
42.8571428571429	266.666666666667	83.9238958129065	0	83.9238958129065	DCA	140	90.6136371934102
57.1428571428571	266.666666666667	82.6796019426438	0	82.6796019426438	DCA	70	88.2848134519558
71.4285714285714	266.666666666667	85.2216207404924	0	85.2216207404924	DCA	140	91.9113621209961
85.7142857142857	266.666666666667	82.8141882966483	0	82.8141882966483	DCA	140	89.5039296771519
100	266.666666666667	85.9178018958267	0	85.9178018958267	DCA	70	91.5230134051387
114.285714285714	266.666666666667	78.8959280843687	0	78.8959280843687	DCA	210	82.1495176979438
128.571428571429	266.666666666667	78.3467055621359	0	78.3467055621359	DCA	70	83.9519170714478
142.857142857143	266.666666666667	77.7438037355848	0	77.7438037355848	DCA	0	77.7438037355848
157.142857142857	266.666666666667	77.8411979191476	0	77.8411979191476	DCA	280	73.1379541276738
171.428571428571	266.666666666667	77.3853148069222	0	77.3853148069222	DCA	70	82.9905263162342
185.714285714286	266.666666666667	78.328511368909	0	78.328511368909	DCA	70	83.9337228782209
200	266.666666666667	76.050096787121	0	76.050096787121	DCA	210	79.3036864006961
214.285714285714	266.666666666667	76.4601568396481	0	76.4601568396481	DCA	140	83.1498982201518
228.571428571429	266.666666666667	76.7999234013445	0	76.7999234013445	DCA	70	82.4051349106565
242.857142857143	266.666666666667	77.1232745680743	0	77.1232745680743	DCA	210	80.3768641816494
257.142857142857	266.666666666667	76.5427735869958	0	76.5427735869958	DCA	0	76.5427735869958
271.428571428571	266.666666666667	79.413757393674	0	79.413757393674	DCA	0	79.413757393674
285.714285714286	266.666666666667	77.6633536866871	0	77.6633536866871	DCA	280	72.9601098952133
300	266.666666666667	75.0013907575121	0	75.0013907575121	DCA	140	81.6911321380158
314.285714285714	266.666666666667	77.2905629761852	0	77.2905629761852	DCA	210	80.5441525897603
328.571428571429	266.666666666667	84.0378746626209	0	84.0378746626209	DCA	70	89.6430861719329
342.857142857143	266.666666666667	82.9635047683773	0	82.9635047683773	DCA	280	78.2602609769035
357.142857142857	266.666666666667	79.9427935731097	0	79.9427935731097	DCA	140	86.6325349536133
371.428571428571	266.666666666667	76.0254028065413	0	76.0254028065413	DCA	140	82.7151441870449
385.714285714286	266.666666666667	78.9587643592708	0	78.9587643592708	DCA	0	78.9587643592708
400	266.666666666667	75.8847889457787	0	75.8847889457787	DCA	280	71.181545154305
414.285714285714	266.666666666667	75.632486340046	0	75.632486340046	DCA	140	82.3222277205497
428.571428571429	266.666666666667	80.0055990454469	0	80.0055990454469	DCA	70	85.6108105547589
442.857142857143	266.666666666667	77.7669585000978	0	77.7669585000978	DCA	280	73.0637147086241
457.142857142857	266.666666666667	78.2407821332209	0	78.2407821332209	DCA	210	81.494371746796
471.428571428571	266.666666666667	79.4059515053593	0	79.4059515053593	DCA	70	85.0111630146713
485.714285714286	266.666666666667	77.7892744368852	0	77.7892744368852	DCA	0	77.7892744368852
500	266.666666666667	78.7474916055616	0	78.7474916055616	DCA	140	85.4372329860653
514.285714285714	266.666666666667	77.2364570579155	24.6	101.836457057916	DCA	70	113.296468567228
528.571428571429	266.666666666667	76.350978885956	24.6	100.950978885956	DCA	70	112.410990395268
542.857142857143	266.666666666667	74.5452268253386	24.6	99.1452268253386	DCA	280	117.861183033865
557.142857142857	266.666666666667	76.8050045201261	24.6	101.405004520126	DCA	140	119.80434590063
571.428571428571	266.666666666667	77.4668991383233	24.6	102.066899138323	DCA	0	102.066899138323
585.714285714286	266.666666666667	79.2392459786074	24.6	103.839245978607	DCA	280	122.555202187134
600	266.666666666667	77.5032941859905	24.6	102.10329418599	DCA	0	102.10329418599
614.285714285714	266.666666666667	78.761940840377	24.6	103.361940840377	DCA	140	121.761282220881
628.571428571429	266.666666666667	78.3065533529833	24.6	102.906553352983	DCA	70	114.366564862295
642.857142857143	266.666666666667	79.1281658515112	24.6	103.728165851511	DCA	140	122.127507232015
657.142857142857	266.666666666667	77.4609126893436	24.6	102.060912689344	DCA	0	102.060912689344
671.428571428571	266.666666666667	76.1226019048932	24.6	100.722601904893	DCA	280	119.438558113419
685.714285714286	266.666666666667	78.7882686113706	24.6	103.388268611371	DCA	140	121.787609991874
700	266.666666666667	77.0489677165726	24.6	101.648967716573	DCA	0	101.648967716573
714.285714285714	266.666666666667	76.2998394955133	24.6	100.899839495513	DCA	140	119.299180876017
728.571428571429	266.666666666667	78.8607159355603	24.6	103.46071593556	DCA	210	124.278705549135
742.857142857143	266.666666666667	78.7619512853235	24.6	103.361951285324	DCA	70	114.821962794636
757.142857142857	266.666666666667	84.9024464255181	24.6	109.502446425518	DCA	70	120.96245793483
771.428571428571	266.666666666667	81.4792610887305	24.6	106.079261088731	DCA	0	106.079261088731
785.714285714286	266.666666666667	78.0112912727946	24.6	102.611291272795	DCA	70	114.071302782107
800	266.666666666667	81.1872543867696	24.6	105.78725438677	DCA	0	105.78725438677
814.285714285714	266.666666666667	80.6437038105639	24.6	105.243703810564	DCA	210	126.061693424139
828.571428571429	266.666666666667	85.2827104775147	24.6	109.882710477515	DCA	210	130.70070009109
842.857142857143	266.666666666667	82.1502081915751	24.6	106.750208191575	DCA	140	125.149549572079
857.142857142857	266.666666666667	80.4586643698908	24.6	105.058664369891	DCA	70	116.518675879203
871.428571428571	266.666666666667	82.1492611170097	24.6	106.74926111701	DCA	280	125.465217325536
885.714285714286	266.666666666667	77.6172665374805	24.6	102.217266537481	DCA	70	113.677278046792
900	266.666666666667	78.6366998644455	24.6	103.236699864445	DCA	70	114.696711373757
914.285714285714	266.666666666667	76.6502720409552	24.6	101.250272040955	DCA	70	112.710283550267
928.571428571429	266.666666666667	78.6273904487806	24.6	103.227390448781	DCA	280	121.943346657307
942.857142857143	266.666666666667	75.9727486701834	24.6	100.572748670183	DCA	280	119.28870487871
957.142857142857	266.666666666667	79.812201772236	24.6	104.412201772236	DCA	280	123.128157980762
971.428571428571	266.666666666667	78.1091508846757	24.6	102.709150884676	DCA	0	102.709150884676
985.714285714286	266.666666666667	78.4357484448479	24.6	103.035748444848	DCA	280	121.751704653374
1000	266.666666666667	77.3659764853293	24.6	101.965976485329	DCA	210	122.783966098904
0	300	82.5959050553195	0	82.5959050553195	DCA	140	89.2856464358232
14.2857142857143	300	82.1355174067824	0	82.1355174067824	DCA	280	77.4322736153086
28.5714285714286	300	82.637806542474	0	82.637806542474	DCA	210	85.891396156049
42.8571428571429	300	85.0473233953867	0	85.0473233953867	DCA	280	80.3440796039129
57.1428571428571	300	80.0544239349883	0	80.0544239349883	DCA	280	75.3511801435145
71.4285714285714	300	84.042310715647	0	84.042310715647	DCA	210	87.2959003292221
85.7142857142857	300	82.5423823692093	0	82.5423823692093	DCA	210	85.7959719827844
100	300	82.3663397894409	0	82.3663397894409	DCA	210	85.619929403016
114.285714285714	300	78.9155426708721	0	78.9155426708721	DCA	70	84.520754180184
128.571428571429	300	79.0446532871435	0	79.0446532871435	DCA	70	84.6498647964554
142.857142857143	300	78.227374188768	0	78.227374188768	DCA	140	84.9171155692717
157.142857142857	300	80.3374732579786	0	80.3374732579786	DCA	210	83.5910628715537
171.428571428571	300	78.2163550579535	0	78.2163550579535	DCA	210	81.4699446715286
185.714285714286	300	78.0215642459761	0	78.0215642459761	DCA	140	84.7113056264798
200	300	75.768299781487	0	75.768299781487	DCA	0	75.768299781487
214.285714285714	300	74.8018333568765	0	74.8018333568765	DCA	0	74.8018333568765
228.571428571429	300	74.9909458010642	0	74.9909458010642	DCA	280	70.2877020095904
242.857142857143	300	75.804576236114	0	75.804576236114	DCA	210	79.0581658496891
257.142857142857	300	74.3917006140393	0	74.3917006140393	DCA	140	81.081441994543
271.428571428571	300	78.6818544916972	0	78.6818544916972	DCA	140	85.3715958722008
285.714285714286	300	79.091989339002	0	79.091989339002	DCA	70	84.697200848314
300	300	78.673066799883	0	78.673066799883	DCA	280	73.9698230084092
314.285714285714	300	82.0359887650948	0	82.0359887650948	DCA	0	82.0359887650948
328.571428571429	300	78.765295721788	0	78.765295721788	DCA	0	78.765295721788
342.857142857143	300	79.3864175953866	0	79.3864175953866	DCA	210	82.6400072089617
357.142857142857	300	79.9722542486853	0	79.9722542486853	DCA	0	79.9722542486853
371.428571428571	300	78.9654391237989	0	78.9654391237989	DCA	280	74.2621953323251
385.714285714286	300	77.8112167783031	0	77.8112167783031	DCA	280	73.1079729868294
400	300	79.1427411000254	0	79.1427411000254	DCA	280	74.4394973085516
414.285714285714	300	79.7953476776156	0	79.7953476776156	DCA	280	75.0921038861418
428.571428571429	300	78.1548026521868	0	78.1548026521868	DCA	140	84.8445440326905
442.857142857143	300	80.508676851205	0	80.508676851205	DCA	70	86.1138883605169
457.142857142857	300	79.709627793548	0	79.709627793548	DCA	210	82.9632174071231
471.428571428571	300	78.2929454876764	0	78.2929454876764	DCA	280	73.5897016962026
485.714285714286	300	78.7043866733791	0	78.7043866733791	DCA	0	78.7043866733791
500	300	78.7182116486634	0	78.7182116486634	DCA	280	74.0149678571896
514.285714285714	300	77.9670384888409	24.6	102.567038488841	DCA	70	114.027049998153
528.571428571429	300	74.6834630557175	24.6	99.2834630557175	DCA	280	117.999419264244
542.857142857143	300	78.283570080125	24.6	102.883570080125	DCA	280	121.599526288651
557.142857142857	300	79.997307977786	24.6	104.597307977786	DCA	210	125.415297591361
571.428571428571	300	79.4759987291804	24.6	104.07599872918	DCA	210	124.893988342755
585.714285714286	300	78.2956812193836	24.6	102.895681219384	DCA	140	121.295022599887
600	300	78.7266179705837	24.6	103.326617970584	DCA	70	114.786629479896
614.285714285714	300	75.7651689932133	24.6	100.365168993213	DCA	140	118.764510373717
628.571428571429	300	76.4303976665344	24.6	101.030397666534	DCA	0	101.030397666534
642.857142857143	300	78.8564010342794	24.6	103.456401034279	DCA	0	103.456401034279
657.142857142857	300	81.401486769841	24.6	106.001486769841	DCA	210	126.819476383416
671.428571428571	300	77.4842642080768	24.6	102.084264208077	DCA	140	120.48360558858
685.714285714286	300	77.3791053149773	24.6	101.979105314977	DCA	0	101.979105314977
700	300	77.8774619694482	24.6	102.477461969448	DCA	210	123.295451583023
714.285714285714	300	76.9654503133671	24.6	101.565450313367	DCA	0	101.565450313367
728.571428571429	300	78.3457573993166	24.6	102.945757399317	DCA	70	114.405768908629
742.857142857143	300	84.3971237737825	24.6	108.997123773782	DCA	280	127.713079982309
757.142857142857	300	81.9721200801878	24.6	106.572120080188	DCA	140	124.971461460691
771.428571428571	300	81.1861576679508	24.6	105.786157667951	DCA	140	124.185499048454
785.714285714286	300	79.1157042212485	24.6	103.715704221248	DCA	280	122.431660429775
800	300	80.0850678370078	24.6	104.685067837008	DCA	280	123.401024045534
814.285714285714	300	79.6819748093303	24.6	104.28197480933	DCA	140	122.681316189834
828.571428571429	300	78.8897463150614	24.6	103.489746315061	DCA	0	103.489746315061
842.857142857143	300	82.451488098597	24.6	107.051488098597	DCA	0	107.051488098597
857.142857142857	300	82.1005531484763	24.6	106.700553148476	DCA	280	125.416509357003
871.428571428571	300	82.1347340765493	24.6	106.734734076549	DCA	140	125.134075457053
885.714285714286	300	80.781527165653	24.6	105.381527165653	DCA	0	105.381527165653
900	300	78.5684776538739	24.6	103.168477653874	DCA	70	114.628489163186
914.285714285714	300	79.9422327530001	24.6	104.542232753	DCA	70	116.002244262312
928.571428571429	300	78.2044910831374	24.6	102.804491083137	DCA	210	123.622480696712
942.857142857143	300	82.6750734938429	24.6	107.275073493843	DCA	210	128.093063107418
957.142857142857	300	81.7897004373129	24.6	106.389700437313	DCA	140	124.789041817817
971.428571428571	300	81.3463747732899	24.6	105.94637477329	DCA	0	105.94637477329
985.714285714286	300	80.1208554321703	24.6	104.72085543217	DCA	280	123.436811640697
1000	300	82.9552145457218	24.6	107.555214545722	DCA	280	126.271170754248
