x	y	variable1	Zona	ErrorConEfecto	Disenio	AsigTrat	MiRto
0	0	81.8246345767761	0	81.8246345767761	DCA	210	86.0130982349348
14.2857142857143	0	81.559274749614	0	81.559274749614	DCA	70	87.1700356515522
28.5714285714286	0	79.0042617614881	0	79.0042617614881	DCA	210	83.1927254196468
42.8571428571429	0	79.9794380219713	0	79.9794380219713	DCA	0	79.9794380219713
57.1428571428571	0	79.1528299012026	0	79.1528299012026	DCA	70	84.7635908031407
71.4285714285714	0	79.7458058605487	0	79.7458058605487	DCA	140	86.7527213152064
85.7142857142857	0	84.6790267878678	0	84.6790267878678	DCA	0	84.6790267878678
100	0	84.270357945759	0	84.270357945759	DCA	210	88.4588216039177
114.285714285714	0	84.9912258079322	0	84.9912258079322	DCA	210	89.1796894660909
128.571428571429	0	83.0416911620661	0	83.0416911620661	DCA	210	87.2301548202249
142.857142857143	0	82.6378065678514	0	82.6378065678514	DCA	140	89.6447220225091
157.142857142857	0	80.6837275383718	0	80.6837275383718	DCA	280	77.839133050813
171.428571428571	0	80.5653486600916	0	80.5653486600916	DCA	140	87.5722641147493
185.714285714286	0	83.3794814917089	0	83.3794814917089	DCA	70	88.9902423936471
200	0	85.6553188579653	0	85.6553188579653	DCA	0	85.6553188579653
214.285714285714	0	78.5239491811313	0	78.5239491811313	DCA	0	78.5239491811313
228.571428571429	0	78.7826751430292	0	78.7826751430292	DCA	210	82.9711388011879
242.857142857143	0	79.5184404246698	0	79.5184404246698	DCA	140	86.5253558793276
257.142857142857	0	78.9345305828973	0	78.9345305828973	DCA	210	83.122994241056
271.428571428571	0	83.6289051574664	0	83.6289051574664	DCA	140	90.6358206121242
285.714285714286	0	84.1391455788714	0	84.1391455788714	DCA	140	91.1460610335291
300	0	84.9331721433161	0	84.9331721433161	DCA	210	89.1216358014748
314.285714285714	0	80.8729695257398	0	80.8729695257398	DCA	280	78.0283750381809
328.571428571429	0	85.2155851704818	0	85.2155851704818	DCA	0	85.2155851704818
342.857142857143	0	81.6992887540569	0	81.6992887540569	DCA	70	87.310049655995
357.142857142857	0	81.3133049136287	0	81.3133049136287	DCA	280	78.4687104260699
371.428571428571	0	83.1170075267368	0	83.1170075267368	DCA	70	88.727768428675
385.714285714286	0	82.5173891438754	0	82.5173891438754	DCA	210	86.7058528020342
400	0	79.8850324716729	0	79.8850324716729	DCA	0	79.8850324716729
414.285714285714	0	75.894744729392	0	75.894744729392	DCA	70	81.5055056313302
428.571428571429	0	78.4279615073837	0	78.4279615073837	DCA	280	75.5833670198249
442.857142857143	0	77.6173743467091	0	77.6173743467091	DCA	140	84.6242898013669
457.142857142857	0	77.4621834208845	0	77.4621834208845	DCA	280	74.6175889333257
471.428571428571	0	77.6832683793839	0	77.6832683793839	DCA	0	77.6832683793839
485.714285714286	0	75.5727166240837	0	75.5727166240837	DCA	210	79.7611802822425
500	0	76.473840427255	0	76.473840427255	DCA	0	76.473840427255
514.285714285714	0	77.7197514508668	24.6	102.319751450867	DCA	70	113.785312352805
528.571428571429	0	80.0444997808032	24.6	104.644499780803	DCA	70	116.110060682741
542.857142857143	0	81.3774211675237	24.6	105.977421167524	DCA	70	117.442982069462
557.142857142857	0	84.0534737092031	24.6	108.653473709203	DCA	140	127.369989163861
571.428571428571	0	83.6883705844937	24.6	108.288370584494	DCA	0	108.288370584494
585.714285714286	0	84.0797787027533	24.6	108.679778702753	DCA	280	129.254384215194
600	0	85.3852177722888	24.6	109.985217772289	DCA	70	121.450778674227
614.285714285714	0	81.1121522605241	24.6	105.712152260524	DCA	210	127.465015918683
628.571428571429	0	80.4179427831291	24.6	105.017942783129	DCA	140	123.734458237787
642.857142857143	0	79.4154468593383	24.6	104.015446859338	DCA	210	125.768310517497
657.142857142857	0	82.6617458475441	24.6	107.261745847544	DCA	70	118.727306749482
671.428571428571	0	81.0631333742227	24.6	105.663133374223	DCA	0	105.663133374223
685.714285714286	0	79.8700655543406	24.6	104.470065554341	DCA	70	115.935626456279
700	0	75.1962796553413	24.6	99.7962796553413	DCA	70	111.261840557279
714.285714285714	0	75.4466165066235	24.6	100.046616506624	DCA	70	111.512177408562
728.571428571429	0	77.6358386238006	24.6	102.235838623801	DCA	70	113.701399525739
742.857142857143	0	77.1234932909177	24.6	101.723493290918	DCA	70	113.189054192856
757.142857142857	0	81.8169221586233	24.6	106.416922158623	DCA	280	126.991527671064
771.428571428571	0	78.4031413672931	24.6	103.003141367293	DCA	70	114.468702269231
785.714285714286	0	80.00977890065	24.6	104.60977890065	DCA	140	123.326294355308
800	0	78.5920968542617	24.6	103.192096854262	DCA	140	121.908612308919
814.285714285714	0	74.7019800381509	24.6	99.3019800381509	DCA	280	119.876585550592
828.571428571429	0	77.5704577334728	24.6	102.170457733473	DCA	140	120.88697318813
842.857142857143	0	77.8849050174444	24.6	102.484905017444	DCA	210	124.237768675603
857.142857142857	0	79.4226172378837	24.6	104.022617237884	DCA	140	122.739132692541
871.428571428571	0	79.466364560226	24.6	104.066364560226	DCA	0	104.066364560226
885.714285714286	0	74.6089799781599	24.6	99.2089799781599	DCA	0	99.2089799781599
900	0	77.6296375983595	24.6	102.229637598359	DCA	140	120.946153053017
914.285714285714	0	79.6061361044146	24.6	104.206136104415	DCA	210	125.958999762573
928.571428571429	0	77.8207567470999	24.6	102.4207567471	DCA	0	102.4207567471
942.857142857143	0	77.8776477586253	24.6	102.477647758625	DCA	0	102.477647758625
957.142857142857	0	77.321277657611	24.6	101.921277657611	DCA	210	123.67414131577
971.428571428571	0	73.5520060962043	24.6	98.1520060962043	DCA	140	116.868521550862
985.714285714286	0	76.290578683353	24.6	100.890578683353	DCA	0	100.890578683353
1000	0	77.7896309354835	24.6	102.389630935484	DCA	70	113.855191837422
0	33.3333333333333	80.4802146492247	0	80.4802146492247	DCA	70	86.0909755511629
14.2857142857143	33.3333333333333	79.1375350414108	0	79.1375350414108	DCA	70	84.7482959433489
28.5714285714286	33.3333333333333	79.6004646166829	0	79.6004646166829	DCA	0	79.6004646166829
42.8571428571429	33.3333333333333	77.0463744355378	0	77.0463744355378	DCA	70	82.657135337476
57.1428571428571	33.3333333333333	82.0095764165389	0	82.0095764165389	DCA	280	79.1649819289801
71.4285714285714	33.3333333333333	80.415846154545	0	80.415846154545	DCA	140	87.4227616092028
85.7142857142857	33.3333333333333	83.2843552280189	0	83.2843552280189	DCA	70	88.8951161299571
100	33.3333333333333	76.8658348043306	0	76.8658348043306	DCA	210	81.0542984624893
114.285714285714	33.3333333333333	74.4121336912887	0	74.4121336912887	DCA	280	71.5675392037298
128.571428571429	33.3333333333333	77.6310261199686	0	77.6310261199686	DCA	140	84.6379415746263
142.857142857143	33.3333333333333	79.5664328572551	0	79.5664328572551	DCA	0	79.5664328572551
157.142857142857	33.3333333333333	79.277778304887	0	79.277778304887	DCA	140	86.2846937595447
171.428571428571	33.3333333333333	81.0039717232787	0	81.0039717232787	DCA	140	88.0108871779364
185.714285714286	33.3333333333333	82.1433471757997	0	82.1433471757997	DCA	140	89.1502626304574
200	33.3333333333333	79.5087617747541	0	79.5087617747541	DCA	140	86.5156772294118
214.285714285714	33.3333333333333	81.5723734732673	0	81.5723734732673	DCA	140	88.579288927925
228.571428571429	33.3333333333333	80.9093219529917	0	80.9093219529917	DCA	70	86.5200828549299
242.857142857143	33.3333333333333	78.9695503727262	0	78.9695503727262	DCA	210	83.1580140308849
257.142857142857	33.3333333333333	80.1067174911486	0	80.1067174911486	DCA	70	85.7174783930867
271.428571428571	33.3333333333333	80.7189414330246	0	80.7189414330246	DCA	280	77.8743469454657
285.714285714286	33.3333333333333	81.4811178239094	0	81.4811178239094	DCA	70	87.0918787258476
300	33.3333333333333	82.5421085390715	0	82.5421085390715	DCA	280	79.6975140515126
314.285714285714	33.3333333333333	83.0174964211063	0	83.0174964211063	DCA	0	83.0174964211063
328.571428571429	33.3333333333333	79.0780030023082	0	79.0780030023082	DCA	210	83.2664666604669
342.857142857143	33.3333333333333	82.6425729594327	0	82.6425729594327	DCA	280	79.7979784718739
357.142857142857	33.3333333333333	80.5889624621846	0	80.5889624621846	DCA	0	80.5889624621846
371.428571428571	33.3333333333333	81.6130319691753	0	81.6130319691753	DCA	70	87.2237928711134
385.714285714286	33.3333333333333	79.6701092518827	0	79.6701092518827	DCA	280	76.8255147643238
400	33.3333333333333	80.9353393368317	0	80.9353393368317	DCA	280	78.0907448492728
414.285714285714	33.3333333333333	82.1097584012193	0	82.1097584012193	DCA	210	86.298222059378
428.571428571429	33.3333333333333	80.4259044922429	0	80.4259044922429	DCA	70	86.0366653941811
442.857142857143	33.3333333333333	78.3318462654024	0	78.3318462654024	DCA	210	82.5203099235611
457.142857142857	33.3333333333333	78.0924704455315	0	78.0924704455315	DCA	0	78.0924704455315
471.428571428571	33.3333333333333	78.0639959752988	0	78.0639959752988	DCA	280	75.21940148774
485.714285714286	33.3333333333333	75.8412196798345	0	75.8412196798345	DCA	0	75.8412196798345
500	33.3333333333333	80.2727750765981	0	80.2727750765981	DCA	0	80.2727750765981
514.285714285714	33.3333333333333	76.5246003589143	24.6	101.124600358914	DCA	0	101.124600358914
528.571428571429	33.3333333333333	77.8306897398312	24.6	102.430689739831	DCA	210	124.18355339799
542.857142857143	33.3333333333333	82.3896410419314	24.6	106.989641041931	DCA	0	106.989641041931
557.142857142857	33.3333333333333	84.8102284132387	24.6	109.410228413239	DCA	140	128.126743867896
571.428571428571	33.3333333333333	77.9161921145468	24.6	102.516192114547	DCA	0	102.516192114547
585.714285714286	33.3333333333333	81.420805364246	24.6	106.020805364246	DCA	70	117.486366266184
600	33.3333333333333	81.0280387454619	24.6	105.628038745462	DCA	0	105.628038745462
614.285714285714	33.3333333333333	80.7234059588065	24.6	105.323405958807	DCA	70	116.788966860745
628.571428571429	33.3333333333333	85.6013464950477	24.6	110.201346495048	DCA	140	128.917861949705
642.857142857143	33.3333333333333	81.8801390849708	24.6	106.480139084971	DCA	210	128.23300274313
657.142857142857	33.3333333333333	84.2012004313605	24.6	108.801200431361	DCA	280	129.375805943802
671.428571428571	33.3333333333333	81.3425675048598	24.6	105.94256750486	DCA	210	127.695431163019
685.714285714286	33.3333333333333	82.9950949457619	24.6	107.595094945762	DCA	140	126.31161040042
700	33.3333333333333	80.0316232308968	24.6	104.631623230897	DCA	280	125.206228743338
714.285714285714	33.3333333333333	77.9421074921583	24.6	102.542107492158	DCA	280	123.116713004599
728.571428571429	33.3333333333333	77.3500428825287	24.6	101.950042882529	DCA	0	101.950042882529
742.857142857143	33.3333333333333	77.7380753980831	24.6	102.338075398083	DCA	280	122.912680910524
757.142857142857	33.3333333333333	76.9846994771761	24.6	101.584699477176	DCA	280	122.159304989617
771.428571428571	33.3333333333333	74.9058901281917	24.6	99.5058901281917	DCA	70	110.97145103013
785.714285714286	33.3333333333333	79.1665619924521	24.6	103.766561992452	DCA	0	103.766561992452
800	33.3333333333333	76.7256263764855	24.6	101.325626376485	DCA	0	101.325626376485
814.285714285714	33.3333333333333	78.2076270031064	24.6	102.807627003106	DCA	140	121.524142457764
828.571428571429	33.3333333333333	79.553340856846	24.6	104.153340856846	DCA	280	124.727946369287
842.857142857143	33.3333333333333	79.0161397833314	24.6	103.616139783331	DCA	280	124.190745295773
857.142857142857	33.3333333333333	79.1610022320924	24.6	103.761002232092	DCA	280	124.335607744534
871.428571428571	33.3333333333333	83.1700198088712	24.6	107.770019808871	DCA	0	107.770019808871
885.714285714286	33.3333333333333	80.5135285566552	24.6	105.113528556655	DCA	70	116.579089458593
900	33.3333333333333	78.9568703814171	24.6	103.556870381417	DCA	140	122.273385836075
914.285714285714	33.3333333333333	78.3208968598681	24.6	102.920896859868	DCA	280	123.495502372309
928.571428571429	33.3333333333333	79.8076740830869	24.6	104.407674083087	DCA	0	104.407674083087
942.857142857143	33.3333333333333	77.373187192745	24.6	101.973187192745	DCA	0	101.973187192745
957.142857142857	33.3333333333333	79.7267563325016	24.6	104.326756332502	DCA	210	126.07961999066
971.428571428571	33.3333333333333	81.5713247269681	24.6	106.171324726968	DCA	70	117.636885628906
985.714285714286	33.3333333333333	81.5337062873288	24.6	106.133706287329	DCA	280	126.70831179977
1000	33.3333333333333	79.5804284241395	24.6	104.18042842414	DCA	70	115.645989326078
0	66.6666666666667	80.1939688302344	0	80.1939688302344	DCA	70	85.8047297321726
14.2857142857143	66.6666666666667	82.2009204853894	0	82.2009204853894	DCA	280	79.3563259978306
28.5714285714286	66.6666666666667	82.8435216893456	0	82.8435216893456	DCA	280	79.9989272017868
42.8571428571429	66.6666666666667	82.7825236060556	0	82.7825236060556	DCA	210	86.9709872642143
57.1428571428571	66.6666666666667	81.8360375449129	0	81.8360375449129	DCA	210	86.0245012030716
71.4285714285714	66.6666666666667	78.6725036892515	0	78.6725036892515	DCA	280	75.8279092016927
85.7142857142857	66.6666666666667	76.5517451708625	0	76.5517451708625	DCA	70	82.1625060728006
100	66.6666666666667	76.2632969025	0	76.2632969025	DCA	0	76.2632969025
114.285714285714	66.6666666666667	77.8377142012	0	77.8377142012	DCA	140	84.8446296558578
128.571428571429	66.6666666666667	80.4097025246667	0	80.4097025246667	DCA	280	77.5651080371079
142.857142857143	66.6666666666667	82.1485553499538	0	82.1485553499538	DCA	280	79.303960862395
157.142857142857	66.6666666666667	82.0766738601091	0	82.0766738601091	DCA	70	87.6874347620472
171.428571428571	66.6666666666667	80.6615015822774	0	80.6615015822774	DCA	280	77.8169070947186
185.714285714286	66.6666666666667	79.374449037296	0	79.374449037296	DCA	140	86.3813644919538
200	66.6666666666667	79.7873335695653	0	79.7873335695653	DCA	280	76.9427390820064
214.285714285714	66.6666666666667	80.214144940912	0	80.214144940912	DCA	210	84.4026085990707
228.571428571429	66.6666666666667	82.4262168095132	0	82.4262168095132	DCA	210	86.6146804676719
242.857142857143	66.6666666666667	80.4450398818057	0	80.4450398818057	DCA	210	84.6335035399644
257.142857142857	66.6666666666667	77.8237820829811	0	77.8237820829811	DCA	0	77.8237820829811
271.428571428571	66.6666666666667	80.6973856969139	0	80.6973856969139	DCA	70	86.308146598852
285.714285714286	66.6666666666667	81.731940266679	0	81.731940266679	DCA	280	78.8873457791202
300	66.6666666666667	80.8779276894234	0	80.8779276894234	DCA	70	86.4886885913616
314.285714285714	66.6666666666667	78.9415811143084	0	78.9415811143084	DCA	280	76.0969866267496
328.571428571429	66.6666666666667	78.7211638721073	0	78.7211638721073	DCA	280	75.8765693845485
342.857142857143	66.6666666666667	76.1485290405237	0	76.1485290405237	DCA	0	76.1485290405237
357.142857142857	66.6666666666667	78.6769198848781	0	78.6769198848781	DCA	210	82.8653835430368
371.428571428571	66.6666666666667	79.8168064280731	0	79.8168064280731	DCA	280	76.9722119405143
385.714285714286	66.6666666666667	78.2793714848927	0	78.2793714848927	DCA	70	83.8901323868309
400	66.6666666666667	81.7514990311958	0	81.7514990311958	DCA	140	88.7584144858536
414.285714285714	66.6666666666667	80.1012099572205	0	80.1012099572205	DCA	210	84.2896736153792
428.571428571429	66.6666666666667	78.5015196944655	0	78.5015196944655	DCA	70	84.1122805964036
442.857142857143	66.6666666666667	78.8480216940051	0	78.8480216940051	DCA	140	85.8549371486628
457.142857142857	66.6666666666667	86.2515805808233	0	86.2515805808233	DCA	0	86.2515805808233
471.428571428571	66.6666666666667	82.6082114398977	0	82.6082114398977	DCA	280	79.7636169523389
485.714285714286	66.6666666666667	78.0386797221827	0	78.0386797221827	DCA	210	82.2271433803415
500	66.6666666666667	78.2093318496719	0	78.2093318496719	DCA	140	85.2162473043296
514.285714285714	66.6666666666667	80.5745210790445	24.6	105.174521079044	DCA	0	105.174521079044
528.571428571429	66.6666666666667	79.9759432811018	24.6	104.575943281102	DCA	210	126.328806939261
542.857142857143	66.6666666666667	82.0067111181052	24.6	106.606711118105	DCA	280	127.181316630546
557.142857142857	66.6666666666667	79.8182362201953	24.6	104.418236220195	DCA	280	124.992841732636
571.428571428571	66.6666666666667	80.75785485532	24.6	105.35785485532	DCA	280	125.932460367761
585.714285714286	66.6666666666667	79.1843791136846	24.6	103.784379113685	DCA	70	115.249940015623
600	66.6666666666667	81.0022238692718	24.6	105.602223869272	DCA	140	124.31873932393
614.285714285714	66.6666666666667	79.9495845979962	24.6	104.549584597996	DCA	0	104.549584597996
628.571428571429	66.6666666666667	83.34953544753	24.6	107.94953544753	DCA	210	129.702399105689
642.857142857143	66.6666666666667	82.8197314929281	24.6	107.419731492928	DCA	280	127.994337005369
657.142857142857	66.6666666666667	83.1006141708536	24.6	107.700614170854	DCA	0	107.700614170854
671.428571428571	66.6666666666667	79.2773018252828	24.6	103.877301825283	DCA	210	125.630165483442
685.714285714286	66.6666666666667	80.4817455384324	24.6	105.081745538432	DCA	70	116.547306440371
700	66.6666666666667	77.6065227470048	24.6	102.206522747005	DCA	0	102.206522747005
714.285714285714	66.6666666666667	77.2102228675614	24.6	101.810222867561	DCA	70	113.2757837695
728.571428571429	66.6666666666667	75.7552124270815	24.6	100.355212427081	DCA	210	122.10807608524
742.857142857143	66.6666666666667	78.8074353516671	24.6	103.407435351667	DCA	70	114.872996253605
757.142857142857	66.6666666666667	77.3637818811504	24.6	101.96378188115	DCA	280	122.538387393592
771.428571428571	66.6666666666667	81.1847249265239	24.6	105.784724926524	DCA	70	117.250285828462
785.714285714286	66.6666666666667	80.6651207847508	24.6	105.265120784751	DCA	0	105.265120784751
800	66.6666666666667	78.1948660194032	24.6	102.794866019403	DCA	280	123.369471531844
814.285714285714	66.6666666666667	81.155244784532	24.6	105.755244784532	DCA	280	126.329850296973
828.571428571429	66.6666666666667	81.2570179448263	24.6	105.857017944826	DCA	210	127.609881602985
842.857142857143	66.6666666666667	79.1815024811164	24.6	103.781502481116	DCA	70	115.247063383055
857.142857142857	66.6666666666667	76.8288526418468	24.6	101.428852641847	DCA	210	123.181716300006
871.428571428571	66.6666666666667	79.7177463448678	24.6	104.317746344868	DCA	280	124.892351857309
885.714285714286	66.6666666666667	78.62229909643	24.6	103.22229909643	DCA	210	124.975162754589
900	66.6666666666667	81.1805639702841	24.6	105.780563970284	DCA	70	117.246124872222
914.285714285714	66.6666666666667	77.3763993818629	24.6	101.976399381863	DCA	280	122.551004894304
928.571428571429	66.6666666666667	77.2692259563743	24.6	101.869225956374	DCA	70	113.334786858312
942.857142857143	66.6666666666667	71.1106307860591	24.6	95.7106307860591	DCA	70	107.176191687997
957.142857142857	66.6666666666667	76.3997373001866	24.6	100.999737300187	DCA	0	100.999737300187
971.428571428571	66.6666666666667	78.8734811131066	24.6	103.473481113107	DCA	0	103.473481113107
985.714285714286	66.6666666666667	81.6377749200803	24.6	106.23777492008	DCA	0	106.23777492008
1000	66.6666666666667	80.9640007304431	24.6	105.564000730443	DCA	70	117.029561632381
0	100	81.1548286821499	0	81.1548286821499	DCA	140	88.1617441368077
14.2857142857143	100	82.869371827295	0	82.869371827295	DCA	0	82.869371827295
28.5714285714286	100	84.8585213246867	0	84.8585213246867	DCA	280	82.0139268371279
42.8571428571429	100	82.9312023903806	0	82.9312023903806	DCA	210	87.1196660485394
57.1428571428571	100	80.6275570832375	0	80.6275570832375	DCA	140	87.6344725378952
71.4285714285714	100	83.3168618450765	0	83.3168618450765	DCA	280	80.4722673575177
85.7142857142857	100	80.4954750209861	0	80.4954750209861	DCA	140	87.5023904756438
100	100	80.4716971902308	0	80.4716971902308	DCA	0	80.4716971902308
114.285714285714	100	79.792449844826	0	79.792449844826	DCA	70	85.4032107467642
128.571428571429	100	82.1769365827779	0	82.1769365827779	DCA	140	89.1838520374357
142.857142857143	100	82.200328336491	0	82.200328336491	DCA	280	79.3557338489322
157.142857142857	100	84.0527450352313	0	84.0527450352313	DCA	210	88.2412086933901
171.428571428571	100	84.1483556720204	0	84.1483556720204	DCA	0	84.1483556720204
185.714285714286	100	80.7518480519452	0	80.7518480519452	DCA	0	80.7518480519452
200	100	78.3095349682024	0	78.3095349682024	DCA	210	82.4979986263612
214.285714285714	100	77.2797235986687	0	77.2797235986687	DCA	0	77.2797235986687
228.571428571429	100	79.399430322637	0	79.399430322637	DCA	210	83.5878939807958
242.857142857143	100	76.2131495297239	0	76.2131495297239	DCA	70	81.8239104316621
257.142857142857	100	76.6145888561192	0	76.6145888561192	DCA	210	80.8030525142779
271.428571428571	100	79.07742550495	0	79.07742550495	DCA	210	83.2658891631087
285.714285714286	100	78.5960080724036	0	78.5960080724036	DCA	140	85.6029235270614
300	100	79.3197536064941	0	79.3197536064941	DCA	210	83.5082172646529
314.285714285714	100	79.6310764261618	0	79.6310764261618	DCA	280	76.786481938603
328.571428571429	100	78.9197769546251	0	78.9197769546251	DCA	0	78.9197769546251
342.857142857143	100	78.4220846264355	0	78.4220846264355	DCA	70	84.0328455283736
357.142857142857	100	76.0938089996135	0	76.0938089996135	DCA	0	76.0938089996135
371.428571428571	100	78.5630005847171	0	78.5630005847171	DCA	140	85.5699160393748
385.714285714286	100	77.9482050534598	0	77.9482050534598	DCA	0	77.9482050534598
400	100	79.3583369759443	0	79.3583369759443	DCA	0	79.3583369759443
414.285714285714	100	77.5692681034556	0	77.5692681034556	DCA	280	74.7246736158968
428.571428571429	100	79.9021235354521	0	79.9021235354521	DCA	0	79.9021235354521
442.857142857143	100	79.2441841882967	0	79.2441841882967	DCA	210	83.4326478464554
457.142857142857	100	83.8424996955978	0	83.8424996955978	DCA	210	88.0309633537565
471.428571428571	100	83.7756303811964	0	83.7756303811964	DCA	140	90.7825458358542
485.714285714286	100	80.9470195025348	0	80.9470195025348	DCA	70	86.5577804044729
500	100	78.0703684443264	0	78.0703684443264	DCA	140	85.0772838989841
514.285714285714	100	78.65544112606	24.6	103.25544112606	DCA	140	121.971956580718
528.571428571429	100	78.9170814754557	24.6	103.517081475456	DCA	70	114.982642377394
542.857142857143	100	83.0087044475406	24.6	107.608704447541	DCA	280	128.183309959982
557.142857142857	100	80.6234623251827	24.6	105.223462325183	DCA	140	123.93997777984
571.428571428571	100	82.2156314970036	24.6	106.815631497004	DCA	280	127.390237009445
585.714285714286	100	82.0796804298571	24.6	106.679680429857	DCA	140	125.396195884515
600	100	81.4193177483913	24.6	106.019317748391	DCA	70	117.484878650329
614.285714285714	100	80.2993536941033	24.6	104.899353694103	DCA	0	104.899353694103
628.571428571429	100	79.8969115840096	24.6	104.49691158401	DCA	140	123.213427038667
642.857142857143	100	79.438084735829	24.6	104.038084735829	DCA	70	115.503645637767
657.142857142857	100	77.0189187806994	24.6	101.618918780699	DCA	70	113.084479682638
671.428571428571	100	77.5364928976153	24.6	102.136492897615	DCA	140	120.853008352273
685.714285714286	100	79.3483807164042	24.6	103.948380716404	DCA	140	122.664896171062
700	100	76.4435535725781	24.6	101.043553572578	DCA	140	119.760069027236
714.285714285714	100	76.0914133105134	24.6	100.691413310513	DCA	0	100.691413310513
728.571428571429	100	71.6471265719878	24.6	96.2471265719878	DCA	210	117.999990230146
742.857142857143	100	74.2454347578966	24.6	98.8454347578966	DCA	210	120.598298416055
757.142857142857	100	74.3531424705912	24.6	98.9531424705911	DCA	0	98.9531424705911
771.428571428571	100	78.7369322505191	24.6	103.336932250519	DCA	0	103.336932250519
785.714285714286	100	79.0777770170883	24.6	103.677777017088	DCA	0	103.677777017088
800	100	79.7862426092077	24.6	104.386242609208	DCA	140	123.102758063865
814.285714285714	100	78.5443840689708	24.6	103.144384068971	DCA	70	114.609944970909
828.571428571429	100	80.3849904534251	24.6	104.984990453425	DCA	210	126.737854111584
842.857142857143	100	81.329605826756	24.6	105.929605826756	DCA	70	117.395166728694
857.142857142857	100	79.9457141532737	24.6	104.545714153274	DCA	210	126.298577811432
871.428571428571	100	79.6151093456798	24.6	104.21510934568	DCA	140	122.931624800338
885.714285714286	100	78.383582827772	24.6	102.983582827772	DCA	0	102.983582827772
900	100	79.8144085755437	24.6	104.414408575544	DCA	140	123.130924030201
914.285714285714	100	83.8436788648221	24.6	108.443678864822	DCA	280	129.018284377263
928.571428571429	100	81.5671605240432	24.6	106.167160524043	DCA	280	126.741766036484
942.857142857143	100	80.7878805230155	24.6	105.387880523015	DCA	280	125.962486035457
957.142857142857	100	74.7231704429042	24.6	99.3231704429042	DCA	210	121.076034101063
971.428571428571	100	75.2835069764028	24.6	99.8835069764028	DCA	140	118.600022431061
985.714285714286	100	75.5176593429453	24.6	100.117659342945	DCA	210	121.870523001104
1000	100	75.5394619725387	24.6	100.139461972539	DCA	210	121.892325630697
0	133.333333333333	77.6901935311356	0	77.6901935311356	DCA	70	83.3009544330738
14.2857142857143	133.333333333333	77.3526055168923	0	77.3526055168923	DCA	280	74.5080110293335
28.5714285714286	133.333333333333	83.2334198579498	0	83.2334198579498	DCA	210	87.4218835161086
42.8571428571429	133.333333333333	80.9416903388639	0	80.9416903388639	DCA	0	80.9416903388639
57.1428571428571	133.333333333333	83.6580913637216	0	83.6580913637216	DCA	70	89.2688522656597
71.4285714285714	133.333333333333	81.5397817994962	0	81.5397817994962	DCA	280	78.6951873119373
85.7142857142857	133.333333333333	80.1318200249525	0	80.1318200249525	DCA	70	85.7425809268906
100	133.333333333333	81.248325994805	0	81.248325994805	DCA	0	81.248325994805
114.285714285714	133.333333333333	77.843895712742	0	77.843895712742	DCA	210	82.0323593709007
128.571428571429	133.333333333333	78.436032201536	0	78.436032201536	DCA	70	84.0467931034741
142.857142857143	133.333333333333	80.0701015504858	0	80.0701015504858	DCA	140	87.0770170051435
157.142857142857	133.333333333333	78.8298359955364	0	78.8298359955364	DCA	210	83.0182996536951
171.428571428571	133.333333333333	81.062234947574	0	81.062234947574	DCA	140	88.0691504022317
185.714285714286	133.333333333333	81.124504108888	0	81.124504108888	DCA	140	88.1314195635458
200	133.333333333333	77.4973322200595	0	77.4973322200595	DCA	0	77.4973322200595
214.285714285714	133.333333333333	77.8166685696987	0	77.8166685696987	DCA	70	83.4274294716369
228.571428571429	133.333333333333	74.4839298722905	0	74.4839298722905	DCA	210	78.6723935304493
242.857142857143	133.333333333333	75.9275231937083	0	75.9275231937083	DCA	280	73.0829287061494
257.142857142857	133.333333333333	78.1567056357433	0	78.1567056357433	DCA	280	75.3121111481845
271.428571428571	133.333333333333	77.9919679402521	0	77.9919679402521	DCA	70	83.6027288421902
285.714285714286	133.333333333333	79.4885191635314	0	79.4885191635314	DCA	0	79.4885191635314
300	133.333333333333	78.6586427149379	0	78.6586427149379	DCA	210	82.8471063730966
314.285714285714	133.333333333333	80.1207550548381	0	80.1207550548381	DCA	210	84.3092187129969
328.571428571429	133.333333333333	80.0634270106185	0	80.0634270106185	DCA	70	85.6741879125566
342.857142857143	133.333333333333	81.4865583791792	0	81.4865583791792	DCA	0	81.4865583791792
357.142857142857	133.333333333333	81.590705289011	0	81.590705289011	DCA	210	85.7791689471697
371.428571428571	133.333333333333	80.5185094503312	0	80.5185094503312	DCA	0	80.5185094503312
385.714285714286	133.333333333333	79.5488576284752	0	79.5488576284752	DCA	140	86.5557730831329
400	133.333333333333	82.4321560826831	0	82.4321560826831	DCA	70	88.0429169846213
414.285714285714	133.333333333333	78.0550629643583	0	78.0550629643583	DCA	0	78.0550629643583
428.571428571429	133.333333333333	80.2650426124826	0	80.2650426124826	DCA	140	87.2719580671404
442.857142857143	133.333333333333	80.9515631286074	0	80.9515631286074	DCA	70	86.5623240305456
457.142857142857	133.333333333333	83.1254138581657	0	83.1254138581657	DCA	210	87.3138775163245
471.428571428571	133.333333333333	85.2130664815134	0	85.2130664815134	DCA	70	90.8238273834515
485.714285714286	133.333333333333	86.9144448865318	0	86.9144448865318	DCA	280	84.0698503989729
500	133.333333333333	84.3384644467079	0	84.3384644467079	DCA	70	89.949225348646
514.285714285714	133.333333333333	83.1694396759789	24.6	107.769439675979	DCA	0	107.769439675979
528.571428571429	133.333333333333	83.5252045389205	24.6	108.12520453892	DCA	70	119.590765440859
542.857142857143	133.333333333333	79.9703181011853	24.6	104.570318101185	DCA	140	123.286833555843
557.142857142857	133.333333333333	84.4431363953992	24.6	109.043136395399	DCA	280	129.61774190784
571.428571428571	133.333333333333	80.7009346272621	24.6	105.300934627262	DCA	70	116.7664955292
585.714285714286	133.333333333333	83.0287504601288	24.6	107.628750460129	DCA	0	107.628750460129
600	133.333333333333	82.3805411432498	24.6	106.98054114325	DCA	70	118.446102045188
614.285714285714	133.333333333333	81.73735307807	24.6	106.33735307807	DCA	280	126.911958590511
628.571428571429	133.333333333333	79.7562435162239	24.6	104.356243516224	DCA	210	126.109107174383
642.857142857143	133.333333333333	79.8290148587441	24.6	104.429014858744	DCA	210	126.181878516903
657.142857142857	133.333333333333	79.7874529097256	24.6	104.387452909726	DCA	70	115.853013811664
671.428571428571	133.333333333333	80.2324299885636	24.6	104.832429988564	DCA	210	126.585293646722
685.714285714286	133.333333333333	75.2578688517478	24.6	99.8578688517478	DCA	0	99.8578688517478
700	133.333333333333	72.3965205584167	24.6	96.9965205584167	DCA	210	118.749384216575
714.285714285714	133.333333333333	75.4438247231621	24.6	100.043824723162	DCA	0	100.043824723162
728.571428571429	133.333333333333	74.711821492197	24.6	99.311821492197	DCA	140	118.028336946855
742.857142857143	133.333333333333	76.4026897969599	24.6	101.00268979696	DCA	0	101.00268979696
757.142857142857	133.333333333333	77.7535587677187	24.6	102.353558767719	DCA	210	124.106422425877
771.428571428571	133.333333333333	79.8268074184132	24.6	104.426807418413	DCA	140	123.143322873071
785.714285714286	133.333333333333	78.3824710331069	24.6	102.982471033107	DCA	70	114.448031935045
800	133.333333333333	79.158936358042	24.6	103.758936358042	DCA	210	125.511800016201
814.285714285714	133.333333333333	78.6232316997202	24.6	103.22323169972	DCA	70	114.688792601658
828.571428571429	133.333333333333	79.9167117969345	24.6	104.516711796935	DCA	280	125.091317309376
842.857142857143	133.333333333333	81.845265329677	24.6	106.445265329677	DCA	140	125.161780784335
857.142857142857	133.333333333333	84.5105236684957	24.6	109.110523668496	DCA	0	109.110523668496
871.428571428571	133.333333333333	83.4979047185253	24.6	108.097904718525	DCA	70	119.563465620463
885.714285714286	133.333333333333	83.1824756048397	24.6	107.78247560484	DCA	0	107.78247560484
900	133.333333333333	80.2007677981314	24.6	104.800767798131	DCA	70	116.26632870007
914.285714285714	133.333333333333	75.4930387326652	24.6	100.093038732665	DCA	210	121.845902390824
928.571428571429	133.333333333333	76.1993740420701	24.6	100.79937404207	DCA	140	119.515889496728
942.857142857143	133.333333333333	78.2744345883009	24.6	102.874434588301	DCA	70	114.339995490239
957.142857142857	133.333333333333	77.2191299663567	24.6	101.819129966357	DCA	210	123.571993624515
971.428571428571	133.333333333333	74.1314276719246	24.6	98.7314276719246	DCA	280	119.306033184366
985.714285714286	133.333333333333	74.3518487614951	24.6	98.9518487614951	DCA	280	119.526454273936
1000	133.333333333333	76.1459059903547	24.6	100.745905990355	DCA	280	121.320511502796
0	166.666666666667	82.4828426096317	0	82.4828426096317	DCA	0	82.4828426096317
14.2857142857143	166.666666666667	80.7491667108601	0	80.7491667108601	DCA	210	84.9376303690188
28.5714285714286	166.666666666667	81.5993336171149	0	81.5993336171149	DCA	140	88.6062490717726
42.8571428571429	166.666666666667	84.4136148693119	0	84.4136148693119	DCA	280	81.5690203817531
57.1428571428571	166.666666666667	81.1749512068919	0	81.1749512068919	DCA	0	81.1749512068919
71.4285714285714	166.666666666667	80.5188261009958	0	80.5188261009958	DCA	0	80.5188261009958
85.7142857142857	166.666666666667	82.3649007941408	0	82.3649007941408	DCA	0	82.3649007941408
100	166.666666666667	83.132423186506	0	83.132423186506	DCA	140	90.1393386411637
114.285714285714	166.666666666667	83.6128367378719	0	83.6128367378719	DCA	210	87.8013003960306
128.571428571429	166.666666666667	79.1259676168266	0	79.1259676168266	DCA	0	79.1259676168266
142.857142857143	166.666666666667	76.940919688845	0	76.940919688845	DCA	70	82.5516805907832
157.142857142857	166.666666666667	75.5107828456717	0	75.5107828456717	DCA	210	79.6992465038305
171.428571428571	166.666666666667	79.0331861745519	0	79.0331861745519	DCA	280	76.188591686993
185.714285714286	166.666666666667	76.2831444049302	0	76.2831444049302	DCA	210	80.4716080630889
200	166.666666666667	81.1619031903417	0	81.1619031903417	DCA	140	88.1688186449994
214.285714285714	166.666666666667	76.9393686963543	0	76.9393686963543	DCA	70	82.5501295982925
228.571428571429	166.666666666667	73.8342080209541	0	73.8342080209541	DCA	0	73.8342080209541
242.857142857143	166.666666666667	74.6022707498169	0	74.6022707498169	DCA	280	71.757676262258
257.142857142857	166.666666666667	75.0274593865707	0	75.0274593865707	DCA	280	72.1828648990118
271.428571428571	166.666666666667	76.6154364804422	0	76.6154364804422	DCA	140	83.6223519350999
285.714285714286	166.666666666667	78.5564769234014	0	78.5564769234014	DCA	0	78.5564769234014
300	166.666666666667	78.0256689003746	0	78.0256689003746	DCA	280	75.1810744128158
314.285714285714	166.666666666667	77.5585729550105	0	77.5585729550105	DCA	140	84.5654884096682
328.571428571429	166.666666666667	78.110273139502	0	78.110273139502	DCA	70	83.7210340414402
342.857142857143	166.666666666667	82.5122059184492	0	82.5122059184492	DCA	70	88.1229668203874
357.142857142857	166.666666666667	80.5724855717408	0	80.5724855717408	DCA	210	84.7609492298995
371.428571428571	166.666666666667	81.0265276351447	0	81.0265276351447	DCA	280	78.1819331475858
385.714285714286	166.666666666667	80.9281145123921	0	80.9281145123921	DCA	210	85.1165781705508
400	166.666666666667	82.5582115820703	0	82.5582115820703	DCA	70	88.1689724840085
414.285714285714	166.666666666667	84.7201798991711	0	84.7201798991711	DCA	280	81.8755854116123
428.571428571429	166.666666666667	83.3471895079132	0	83.3471895079132	DCA	140	90.3541049625709
442.857142857143	166.666666666667	79.3551008532607	0	79.3551008532607	DCA	140	86.3620163079185
457.142857142857	166.666666666667	83.766289829204	0	83.766289829204	DCA	140	90.7732052838617
471.428571428571	166.666666666667	85.0492058868368	0	85.0492058868368	DCA	0	85.0492058868368
485.714285714286	166.666666666667	84.4108134620656	0	84.4108134620656	DCA	0	84.4108134620656
500	166.666666666667	84.1706715947608	0	84.1706715947608	DCA	70	89.781432496699
514.285714285714	166.666666666667	81.035969799874	24.6	105.635969799874	DCA	0	105.635969799874
528.571428571429	166.666666666667	80.0528302261706	24.6	104.652830226171	DCA	140	123.369345680828
542.857142857143	166.666666666667	79.5875925044439	24.6	104.187592504444	DCA	140	122.904107959102
557.142857142857	166.666666666667	82.7610632319967	24.6	107.361063231997	DCA	140	126.077578686654
571.428571428571	166.666666666667	83.7443972944457	24.6	108.344397294446	DCA	0	108.344397294446
585.714285714286	166.666666666667	83.1225860986544	24.6	107.722586098654	DCA	280	128.297191611096
600	166.666666666667	79.5161866683661	24.6	104.116186668366	DCA	0	104.116186668366
614.285714285714	166.666666666667	79.0225783603352	24.6	103.622578360335	DCA	140	122.339093814993
628.571428571429	166.666666666667	80.0367304769504	24.6	104.63673047695	DCA	70	116.102291378889
642.857142857143	166.666666666667	80.5335579665893	24.6	105.133557966589	DCA	0	105.133557966589
657.142857142857	166.666666666667	81.7080228209767	24.6	106.308022820977	DCA	210	128.060886479135
671.428571428571	166.666666666667	82.7136018816011	24.6	107.313601881601	DCA	0	107.313601881601
685.714285714286	166.666666666667	78.1274957873105	24.6	102.72749578731	DCA	140	121.444011241968
700	166.666666666667	80.3655082560546	24.6	104.965508256055	DCA	140	123.682023710712
714.285714285714	166.666666666667	79.600369857289	24.6	104.200369857289	DCA	280	124.77497536973
728.571428571429	166.666666666667	75.5305594576973	24.6	100.130559457697	DCA	0	100.130559457697
742.857142857143	166.666666666667	77.7451467951083	24.6	102.345146795108	DCA	280	122.919752307549
757.142857142857	166.666666666667	78.5506566003655	24.6	103.150656600365	DCA	210	124.903520258524
771.428571428571	166.666666666667	77.4547472073311	24.6	102.054747207331	DCA	280	122.629352719772
785.714285714286	166.666666666667	76.8108288881231	24.6	101.410828888123	DCA	210	123.163692546282
800	166.666666666667	76.9219805946943	24.6	101.521980594694	DCA	210	123.274844252853
814.285714285714	166.666666666667	78.1665241538957	24.6	102.766524153896	DCA	140	121.483039608553
828.571428571429	166.666666666667	77.3016683983093	24.6	101.901668398309	DCA	70	113.367229300247
842.857142857143	166.666666666667	80.5137417205539	24.6	105.113741720554	DCA	140	123.830257175212
857.142857142857	166.666666666667	80.280376069516	24.6	104.880376069516	DCA	0	104.880376069516
871.428571428571	166.666666666667	79.2437270710755	24.6	103.843727071075	DCA	280	124.418332583517
885.714285714286	166.666666666667	78.81951463455	24.6	103.41951463455	DCA	280	123.994120146991
900	166.666666666667	78.4975161721656	24.6	103.097516172166	DCA	210	124.850379830324
914.285714285714	166.666666666667	76.2662288437303	24.6	100.86622884373	DCA	0	100.86622884373
928.571428571429	166.666666666667	78.018491948613	24.6	102.618491948613	DCA	70	114.084052850551
942.857142857143	166.666666666667	78.7672968664798	24.6	103.36729686648	DCA	210	125.120160524639
957.142857142857	166.666666666667	75.5007464634726	24.6	100.100746463473	DCA	280	120.675351975914
971.428571428571	166.666666666667	78.3830279849758	24.6	102.983027984976	DCA	210	124.735891643135
985.714285714286	166.666666666667	75.2837190872563	24.6	99.8837190872563	DCA	0	99.8837190872563
1000	166.666666666667	76.7288799274786	24.6	101.328879927479	DCA	0	101.328879927479
0	200	82.2475059112469	0	82.2475059112469	DCA	140	89.2544213659046
14.2857142857143	200	84.178573622211	0	84.178573622211	DCA	280	81.3339791346522
28.5714285714286	200	84.6968999613551	0	84.6968999613551	DCA	0	84.6968999613551
42.8571428571429	200	83.8174010259987	0	83.8174010259987	DCA	140	90.8243164806564
57.1428571428571	200	84.7654937427117	0	84.7654937427117	DCA	210	88.9539574008704
71.4285714285714	200	82.8550685649863	0	82.8550685649863	DCA	210	87.0435322231451
85.7142857142857	200	83.1279292505325	0	83.1279292505325	DCA	140	90.1348447051903
100	200	82.4134554959601	0	82.4134554959601	DCA	70	88.0242163978983
114.285714285714	200	78.2935680124782	0	78.2935680124782	DCA	0	78.2935680124782
128.571428571429	200	75.9778278761313	0	75.9778278761313	DCA	210	80.1662915342901
142.857142857143	200	79.8348912606295	0	79.8348912606295	DCA	210	84.0233549187882
157.142857142857	200	79.6549547871361	0	79.6549547871361	DCA	280	76.8103602995773
171.428571428571	200	80.4484141934548	0	80.4484141934548	DCA	140	87.4553296481125
185.714285714286	200	80.5943914801501	0	80.5943914801501	DCA	140	87.6013069348078
200	200	79.5073045515922	0	79.5073045515922	DCA	210	83.695768209751
214.285714285714	200	77.349458366607	0	77.349458366607	DCA	70	82.9602192685451
228.571428571429	200	80.34340037999	0	80.34340037999	DCA	0	80.34340037999
242.857142857143	200	76.6322013760653	0	76.6322013760653	DCA	0	76.6322013760653
257.142857142857	200	76.3419075199071	0	76.3419075199071	DCA	140	83.3488229745648
271.428571428571	200	77.5560499955482	0	77.5560499955482	DCA	280	74.7114555079894
285.714285714286	200	80.7730881008686	0	80.7730881008686	DCA	70	86.3838490028067
300	200	79.423983270324	0	79.423983270324	DCA	70	85.0347441722621
314.285714285714	200	82.9820330164345	0	82.9820330164345	DCA	140	89.9889484710922
328.571428571429	200	84.1110591131016	0	84.1110591131016	DCA	0	84.1110591131016
342.857142857143	200	81.1855948385344	0	81.1855948385344	DCA	70	86.7963557404726
357.142857142857	200	83.0849974110637	0	83.0849974110637	DCA	280	80.2404029235048
371.428571428571	200	79.3023919299281	0	79.3023919299281	DCA	70	84.9131528318662
385.714285714286	200	79.2627295635654	0	79.2627295635654	DCA	280	76.4181350760066
400	200	79.1705594835143	0	79.1705594835143	DCA	140	86.1774749381721
414.285714285714	200	77.4433656996273	0	77.4433656996273	DCA	0	77.4433656996273
428.571428571429	200	75.4042027658101	0	75.4042027658101	DCA	0	75.4042027658101
442.857142857143	200	79.8975284675475	0	79.8975284675475	DCA	210	84.0859921257062
457.142857142857	200	84.4129215152289	0	84.4129215152289	DCA	280	81.5683270276701
471.428571428571	200	82.0825331325232	0	82.0825331325232	DCA	280	79.2379386449643
485.714285714286	200	85.8207873713909	0	85.8207873713909	DCA	280	82.9761928838321
500	200	81.3859242264847	0	81.3859242264847	DCA	280	78.5413297389259
514.285714285714	200	79.1772979187395	24.6	103.777297918739	DCA	0	103.777297918739
528.571428571429	200	81.7171813955355	24.6	106.317181395535	DCA	210	128.070045053694
542.857142857143	200	76.5693775158686	24.6	101.169377515869	DCA	0	101.169377515869
557.142857142857	200	79.6937357194471	24.6	104.293735719447	DCA	140	123.010251174105
571.428571428571	200	78.0616512681658	24.6	102.661651268166	DCA	140	121.378166722824
585.714285714286	200	77.4942788979668	24.6	102.094278897967	DCA	210	123.847142556126
600	200	77.326467716457	24.6	101.926467716457	DCA	0	101.926467716457
614.285714285714	200	74.7137623596156	24.6	99.3137623596156	DCA	70	110.779323261554
628.571428571429	200	79.6896569569515	24.6	104.289656956951	DCA	70	115.75521785889
642.857142857143	200	83.5136452374189	24.6	108.113645237419	DCA	140	126.830160692077
657.142857142857	200	84.8587351291988	24.6	109.458735129199	DCA	210	131.211598787358
671.428571428571	200	79.6751552314272	24.6	104.275155231427	DCA	70	115.740716133365
685.714285714286	200	79.8585834397346	24.6	104.458583439735	DCA	140	123.175098894392
700	200	82.7455576697348	24.6	107.345557669735	DCA	70	118.811118571673
714.285714285714	200	79.0683596078466	24.6	103.668359607847	DCA	280	124.242965120288
728.571428571429	200	79.4379709108767	24.6	104.037970910877	DCA	280	124.612576423318
742.857142857143	200	76.1719153154665	24.6	100.771915315467	DCA	70	112.237476217405
757.142857142857	200	77.5644556154294	24.6	102.164455615429	DCA	140	120.880971070087
771.428571428571	200	78.3819436999549	24.6	102.981943699955	DCA	140	121.698459154613
785.714285714286	200	79.0536280194637	24.6	103.653628019464	DCA	70	115.119188921402
800	200	77.8090625446508	24.6	102.409062544651	DCA	0	102.409062544651
814.285714285714	200	78.6713517316357	24.6	103.271351731636	DCA	0	103.271351731636
828.571428571429	200	78.918249370371	24.6	103.518249370371	DCA	280	124.092854882812
842.857142857143	200	78.7605993271032	24.6	103.360599327103	DCA	140	122.077114781761
857.142857142857	200	79.2827584331905	24.6	103.88275843319	DCA	140	122.599273887848
871.428571428571	200	77.6500864611113	24.6	102.250086461111	DCA	70	113.715647363049
885.714285714286	200	74.8924219479659	24.6	99.4924219479659	DCA	140	118.208937402624
900	200	74.6466820051052	24.6	99.2466820051052	DCA	140	117.963197459763
914.285714285714	200	77.4499417266824	24.6	102.049941726682	DCA	140	120.76645718134
928.571428571429	200	73.0177233970404	24.6	97.6177233970404	DCA	140	116.334238851698
942.857142857143	200	77.2963110469335	24.6	101.896311046933	DCA	210	123.649174705092
957.142857142857	200	76.2662811525866	24.6	100.866281152587	DCA	140	119.582796607244
971.428571428571	200	77.2903261416597	24.6	101.89032614166	DCA	210	123.643189799818
985.714285714286	200	81.4579567708137	24.6	106.057956770814	DCA	280	126.632562283255
1000	200	76.9242212437761	24.6	101.524221243776	DCA	140	120.240736698434
0	233.333333333333	78.9443866549398	0	78.9443866549398	DCA	280	76.099792167381
14.2857142857143	233.333333333333	78.5161941880668	0	78.5161941880668	DCA	280	75.671599700508
28.5714285714286	233.333333333333	83.8828371398462	0	83.8828371398462	DCA	280	81.0382426522874
42.8571428571429	233.333333333333	81.8405218617458	0	81.8405218617458	DCA	210	86.0289855199045
57.1428571428571	233.333333333333	80.2696387801762	0	80.2696387801762	DCA	140	87.2765542348339
71.4285714285714	233.333333333333	81.8031566653137	0	81.8031566653137	DCA	140	88.8100721199714
85.7142857142857	233.333333333333	78.8531241029225	0	78.8531241029225	DCA	70	84.4638850048607
100	233.333333333333	77.9165267364011	0	77.9165267364011	DCA	0	77.9165267364011
114.285714285714	233.333333333333	76.2353122539947	0	76.2353122539947	DCA	70	81.8460731559329
128.571428571429	233.333333333333	78.3240226510523	0	78.3240226510523	DCA	0	78.3240226510523
142.857142857143	233.333333333333	81.1417326136186	0	81.1417326136186	DCA	140	88.1486480682763
157.142857142857	233.333333333333	79.6109475765835	0	79.6109475765835	DCA	210	83.7994112347423
171.428571428571	233.333333333333	80.3201206546651	0	80.3201206546651	DCA	140	87.3270361093228
185.714285714286	233.333333333333	77.3877947152446	0	77.3877947152446	DCA	70	82.9985556171827
200	233.333333333333	81.597278867007	0	81.597278867007	DCA	0	81.597278867007
214.285714285714	233.333333333333	81.1517692740199	0	81.1517692740199	DCA	280	78.307174786461
228.571428571429	233.333333333333	78.5723966578659	0	78.5723966578659	DCA	210	82.7608603160247
242.857142857143	233.333333333333	77.6395979600473	0	77.6395979600473	DCA	280	74.7950034724885
257.142857142857	233.333333333333	82.8675390898489	0	82.8675390898489	DCA	210	87.0560027480076
271.428571428571	233.333333333333	79.4979872447691	0	79.4979872447691	DCA	0	79.4979872447691
285.714285714286	233.333333333333	76.8578950021289	0	76.8578950021289	DCA	210	81.0463586602876
300	233.333333333333	81.2816659989229	0	81.2816659989229	DCA	280	78.437071511364
314.285714285714	233.333333333333	80.5278162666002	0	80.5278162666002	DCA	140	87.5347317212579
328.571428571429	233.333333333333	79.3450054055117	0	79.3450054055117	DCA	280	76.5004109179528
342.857142857143	233.333333333333	78.8354368830743	0	78.8354368830743	DCA	210	83.023900541233
357.142857142857	233.333333333333	78.7315223147783	0	78.7315223147783	DCA	0	78.7315223147783
371.428571428571	233.333333333333	78.4180631955641	0	78.4180631955641	DCA	70	84.0288240975023
385.714285714286	233.333333333333	77.1048543730229	0	77.1048543730229	DCA	280	74.260259885464
400	233.333333333333	77.6763835149579	0	77.6763835149579	DCA	280	74.8317890273991
414.285714285714	233.333333333333	76.9519034078265	0	76.9519034078265	DCA	0	76.9519034078265
428.571428571429	233.333333333333	78.9617821035287	0	78.9617821035287	DCA	140	85.9686975581865
442.857142857143	233.333333333333	80.668651486052	0	80.668651486052	DCA	140	87.6755669407097
457.142857142857	233.333333333333	81.9444842217992	0	81.9444842217992	DCA	280	79.0998897342404
471.428571428571	233.333333333333	82.9868275389199	0	82.9868275389199	DCA	140	89.9937429935777
485.714285714286	233.333333333333	78.9328780804716	0	78.9328780804716	DCA	280	76.0882835929128
500	233.333333333333	79.622676837732	0	79.622676837732	DCA	140	86.6295922923897
514.285714285714	233.333333333333	79.3126489657857	24.6	103.912648965786	DCA	140	122.629164420443
528.571428571429	233.333333333333	79.758857953712	24.6	104.358857953712	DCA	70	115.82441885565
542.857142857143	233.333333333333	78.1087050687003	24.6	102.7087050687	DCA	210	124.461568726859
557.142857142857	233.333333333333	79.6893649868226	24.6	104.289364986823	DCA	210	126.042228644981
571.428571428571	233.333333333333	73.8606385075998	24.6	98.4606385075998	DCA	0	98.4606385075998
585.714285714286	233.333333333333	74.9028285866023	24.6	99.5028285866023	DCA	70	110.96838948854
600	233.333333333333	78.271878627059	24.6	102.871878627059	DCA	0	102.871878627059
614.285714285714	233.333333333333	79.9198558158729	24.6	104.519855815873	DCA	70	115.985416717811
628.571428571429	233.333333333333	80.2080909342801	24.6	104.80809093428	DCA	280	125.382696446721
642.857142857143	233.333333333333	80.1845252703304	24.6	104.78452527033	DCA	70	116.250086172269
657.142857142857	233.333333333333	79.15339448757	24.6	103.75339448757	DCA	0	103.75339448757
671.428571428571	233.333333333333	80.403519296557	24.6	105.003519296557	DCA	140	123.720034751215
685.714285714286	233.333333333333	82.7703027089254	24.6	107.370302708925	DCA	0	107.370302708925
700	233.333333333333	79.7577403623626	24.6	104.357740362363	DCA	280	124.932345874804
714.285714285714	233.333333333333	84.2561949104122	24.6	108.856194910412	DCA	70	120.32175581235
728.571428571429	233.333333333333	79.1119614085268	24.6	103.711961408527	DCA	280	124.286566920968
742.857142857143	233.333333333333	78.2362586988472	24.6	102.836258698847	DCA	210	124.589122357006
757.142857142857	233.333333333333	79.8641199424646	24.6	104.464119942465	DCA	280	125.038725454906
771.428571428571	233.333333333333	80.670868798089	24.6	105.270868798089	DCA	0	105.270868798089
785.714285714286	233.333333333333	79.6553426082046	24.6	104.255342608205	DCA	140	122.971858062862
800	233.333333333333	78.3949899478709	24.6	102.994989947871	DCA	210	124.74785360603
814.285714285714	233.333333333333	78.8013797743741	24.6	103.401379774374	DCA	0	103.401379774374
828.571428571429	233.333333333333	80.6525683433611	24.6	105.252568343361	DCA	210	127.00543200152
842.857142857143	233.333333333333	80.5770096990565	24.6	105.177009699056	DCA	0	105.177009699056
857.142857142857	233.333333333333	76.685183254715	24.6	101.285183254715	DCA	140	120.001698709373
871.428571428571	233.333333333333	80.3691987038444	24.6	104.969198703844	DCA	280	125.543804216286
885.714285714286	233.333333333333	77.3973210231514	24.6	101.997321023151	DCA	70	113.46288192509
900	233.333333333333	78.3431131939526	24.6	102.943113193953	DCA	70	114.408674095891
914.285714285714	233.333333333333	79.1542830799874	24.6	103.754283079987	DCA	140	122.470798534645
928.571428571429	233.333333333333	74.8465533393727	24.6	99.4465533393727	DCA	210	121.199416997531
942.857142857143	233.333333333333	75.6524724744027	24.6	100.252472474403	DCA	0	100.252472474403
957.142857142857	233.333333333333	81.0680633353705	24.6	105.66806333537	DCA	70	117.133624237309
971.428571428571	233.333333333333	78.4012095271276	24.6	103.001209527128	DCA	70	114.466770429066
985.714285714286	233.333333333333	81.2058848577898	24.6	105.80588485779	DCA	0	105.80588485779
1000	233.333333333333	81.3508214085402	24.6	105.95082140854	DCA	210	127.703685066699
0	266.666666666667	74.9629625392952	0	74.9629625392952	DCA	280	72.1183680517363
14.2857142857143	266.666666666667	76.9048127972743	0	76.9048127972743	DCA	280	74.0602183097154
28.5714285714286	266.666666666667	73.6422874672268	0	73.6422874672268	DCA	70	79.253048369165
42.8571428571429	266.666666666667	80.2905038360912	0	80.2905038360912	DCA	210	84.47896749425
57.1428571428571	266.666666666667	77.7380553202294	0	77.7380553202294	DCA	280	74.8934608326706
71.4285714285714	266.666666666667	74.8897253226049	0	74.8897253226049	DCA	0	74.8897253226049
85.7142857142857	266.666666666667	79.293586440823	0	79.293586440823	DCA	280	76.4489919532642
100	266.666666666667	73.359689939697	0	73.359689939697	DCA	0	73.359689939697
114.285714285714	266.666666666667	78.5430305108587	0	78.5430305108587	DCA	0	78.5430305108587
128.571428571429	266.666666666667	78.7132228846782	0	78.7132228846782	DCA	210	82.9016865428369
142.857142857143	266.666666666667	79.7140010346966	0	79.7140010346966	DCA	280	76.8694065471378
157.142857142857	266.666666666667	83.2371677689452	0	83.2371677689452	DCA	280	80.3925732813864
171.428571428571	266.666666666667	77.7965820106472	0	77.7965820106472	DCA	140	84.8034974653049
185.714285714286	266.666666666667	75.363726638744	0	75.363726638744	DCA	140	82.3706420934017
200	266.666666666667	77.4327078180667	0	77.4327078180667	DCA	0	77.4327078180667
214.285714285714	266.666666666667	76.5797941375033	0	76.5797941375033	DCA	210	80.768257795662
228.571428571429	266.666666666667	74.0223641049034	0	74.0223641049034	DCA	70	79.6331250068415
242.857142857143	266.666666666667	73.9972365260353	0	73.9972365260353	DCA	70	79.6079974279735
257.142857142857	266.666666666667	75.656387820626	0	75.656387820626	DCA	280	72.8117933330671
271.428571428571	266.666666666667	79.0336341492112	0	79.0336341492112	DCA	280	76.1890396616523
285.714285714286	266.666666666667	78.0039816722434	0	78.0039816722434	DCA	0	78.0039816722434
300	266.666666666667	79.4226855683952	0	79.4226855683952	DCA	280	76.5780910808364
314.285714285714	266.666666666667	77.6542951437427	0	77.6542951437427	DCA	70	83.2650560456809
328.571428571429	266.666666666667	76.8839335782843	0	76.8839335782843	DCA	280	74.0393390907254
342.857142857143	266.666666666667	75.2703955114676	0	75.2703955114676	DCA	140	82.2773109661254
357.142857142857	266.666666666667	77.2824864819052	0	77.2824864819052	DCA	280	74.4378919943464
371.428571428571	266.666666666667	78.2617711293907	0	78.2617711293907	DCA	0	78.2617711293907
385.714285714286	266.666666666667	79.7695736222281	0	79.7695736222281	DCA	140	86.7764890768858
400	266.666666666667	76.5938721288149	0	76.5938721288149	DCA	210	80.7823357869736
414.285714285714	266.666666666667	77.9390754940238	0	77.9390754940238	DCA	280	75.094481006465
428.571428571429	266.666666666667	78.4187331580896	0	78.4187331580896	DCA	280	75.5741386705307
442.857142857143	266.666666666667	78.7259647763844	0	78.7259647763844	DCA	140	85.7328802310422
457.142857142857	266.666666666667	80.1314367614803	0	80.1314367614803	DCA	70	85.7421976634185
471.428571428571	266.666666666667	79.5806040755952	0	79.5806040755952	DCA	140	86.587519530253
485.714285714286	266.666666666667	79.889877057368	0	79.889877057368	DCA	280	77.0452825698092
500	266.666666666667	77.9528319450437	0	77.9528319450437	DCA	280	75.1082374574848
514.285714285714	266.666666666667	78.1449927186663	24.6	102.744992718666	DCA	140	121.461508173324
528.571428571429	266.666666666667	81.7826898966101	24.6	106.38268989661	DCA	280	126.957295409051
542.857142857143	266.666666666667	81.7980324985209	24.6	106.398032498521	DCA	140	125.114547953179
557.142857142857	266.666666666667	77.6785430863532	24.6	102.278543086353	DCA	210	124.031406744512
571.428571428571	266.666666666667	76.6004158363587	24.6	101.200415836359	DCA	70	112.665976738297
585.714285714286	266.666666666667	79.7314032155449	24.6	104.331403215545	DCA	0	104.331403215545
600	266.666666666667	76.3858639162901	24.6	100.98586391629	DCA	140	119.702379370948
614.285714285714	266.666666666667	78.1428435893639	24.6	102.742843589364	DCA	280	123.317449101805
628.571428571429	266.666666666667	77.5799411681407	24.6	102.179941168141	DCA	280	122.754546680582
642.857142857143	266.666666666667	77.6344994792988	24.6	102.234499479299	DCA	70	113.700060381237
657.142857142857	266.666666666667	78.8792195548542	24.6	103.479219554854	DCA	140	122.195735009512
671.428571428571	266.666666666667	78.4230958463888	24.6	103.023095846389	DCA	280	123.59770135883
685.714285714286	266.666666666667	79.18802666202	24.6	103.78802666202	DCA	210	125.540890320179
700	266.666666666667	78.0691934024194	24.6	102.669193402419	DCA	140	121.385708857077
714.285714285714	266.666666666667	75.0497988767685	24.6	99.6497988767685	DCA	210	121.402662534927
728.571428571429	266.666666666667	74.5266356548476	24.6	99.1266356548476	DCA	210	120.879499313006
742.857142857143	266.666666666667	76.0325274276613	24.6	100.632527427661	DCA	0	100.632527427661
757.142857142857	266.666666666667	74.7243201543104	24.6	99.3243201543104	DCA	0	99.3243201543104
771.428571428571	266.666666666667	80.9341137561759	24.6	105.534113756176	DCA	210	127.286977414335
785.714285714286	266.666666666667	80.5943765963424	24.6	105.194376596342	DCA	210	126.947240254501
800	266.666666666667	80.5266668091799	24.6	105.12666680918	DCA	70	116.592227711118
814.285714285714	266.666666666667	78.4103434697528	24.6	103.010343469753	DCA	140	121.726858924411
828.571428571429	266.666666666667	77.4780629609737	24.6	102.078062960974	DCA	70	113.543623862912
842.857142857143	266.666666666667	75.8835755061356	24.6	100.483575506136	DCA	140	119.200090960793
857.142857142857	266.666666666667	79.0668535136404	24.6	103.66685351364	DCA	70	115.132414415579
871.428571428571	266.666666666667	82.0483768654252	24.6	106.648376865425	DCA	140	125.364892320083
885.714285714286	266.666666666667	77.2168674962831	24.6	101.816867496283	DCA	280	122.391473008724
900	266.666666666667	76.0685830967149	24.6	100.668583096715	DCA	140	119.385098551373
914.285714285714	266.666666666667	77.7151889263726	24.6	102.315188926373	DCA	210	124.068052584531
928.571428571429	266.666666666667	78.846129191681	24.6	103.446129191681	DCA	70	114.911690093619
942.857142857143	266.666666666667	78.6257475109764	24.6	103.225747510976	DCA	140	121.942262965634
957.142857142857	266.666666666667	78.8737871137627	24.6	103.473787113763	DCA	140	122.19030256842
971.428571428571	266.666666666667	79.9625025185846	24.6	104.562502518585	DCA	70	116.028063420523
985.714285714286	266.666666666667	79.5765952472605	24.6	104.176595247261	DCA	280	124.751200759702
1000	266.666666666667	79.327660094996	24.6	103.927660094996	DCA	140	122.644175549654
0	300	74.0460993077456	0	74.0460993077456	DCA	210	78.2345629659044
14.2857142857143	300	79.8855827901471	0	79.8855827901471	DCA	280	77.0409883025883
28.5714285714286	300	78.7738379514452	0	78.7738379514452	DCA	280	75.9292434638863
42.8571428571429	300	82.2402604467882	0	82.2402604467882	DCA	210	86.4287241049469
57.1428571428571	300	78.4502811541322	0	78.4502811541322	DCA	210	82.638744812291
71.4285714285714	300	80.0956284546771	0	80.0956284546771	DCA	210	84.2840921128359
85.7142857142857	300	73.3981334236442	0	73.3981334236442	DCA	210	77.5865970818029
100	300	76.2867646330147	0	76.2867646330147	DCA	140	83.2936800876724
114.285714285714	300	80.9397857885404	0	80.9397857885404	DCA	140	87.9467012431981
128.571428571429	300	80.0033934355461	0	80.0033934355461	DCA	0	80.0033934355461
142.857142857143	300	79.9827517060444	0	79.9827517060444	DCA	70	85.5935126079826
157.142857142857	300	81.4380370083254	0	81.4380370083254	DCA	210	85.6265006664841
171.428571428571	300	81.2826481789403	0	81.2826481789403	DCA	70	86.8934090808784
185.714285714286	300	78.5002405553959	0	78.5002405553959	DCA	210	82.6887042135546
200	300	77.2521212303849	0	77.2521212303849	DCA	0	77.2521212303849
214.285714285714	300	77.5239529970609	0	77.5239529970609	DCA	0	77.5239529970609
228.571428571429	300	79.2959774930824	0	79.2959774930824	DCA	0	79.2959774930824
242.857142857143	300	79.5419225671969	0	79.5419225671969	DCA	70	85.1526834691351
257.142857142857	300	78.5301540953658	0	78.5301540953658	DCA	140	85.5370695500235
271.428571428571	300	76.4665460094351	0	76.4665460094351	DCA	210	80.6550096675939
285.714285714286	300	80.5256676938148	0	80.5256676938148	DCA	280	77.681073206256
300	300	79.495658948198	0	79.495658948198	DCA	70	85.1064198501361
314.285714285714	300	76.8527270376545	0	76.8527270376545	DCA	140	83.8596424923122
328.571428571429	300	78.3140798820958	0	78.3140798820958	DCA	210	82.5025435402545
342.857142857143	300	76.2005557470863	0	76.2005557470863	DCA	70	81.8113166490245
357.142857142857	300	76.4871295190191	0	76.4871295190191	DCA	140	83.4940449736769
371.428571428571	300	78.3532876322906	0	78.3532876322906	DCA	70	83.9640485342288
385.714285714286	300	78.1275551524803	0	78.1275551524803	DCA	280	75.2829606649214
400	300	77.7521075535183	0	77.7521075535183	DCA	70	83.3628684554565
414.285714285714	300	76.2056447248409	0	76.2056447248409	DCA	140	83.2125601794986
428.571428571429	300	75.3713675533401	0	75.3713675533401	DCA	0	75.3713675533401
442.857142857143	300	74.1646653695396	0	74.1646653695396	DCA	210	78.3531290276984
457.142857142857	300	77.1652485308836	0	77.1652485308836	DCA	210	81.3537121890423
471.428571428571	300	78.735951760287	0	78.735951760287	DCA	280	75.8913572727282
485.714285714286	300	74.1269276773283	0	74.1269276773283	DCA	70	79.7376885792665
500	300	75.5342347339451	0	75.5342347339451	DCA	210	79.7226983921038
514.285714285714	300	77.45363925972	24.6	102.05363925972	DCA	210	123.806502917879
528.571428571429	300	76.0965704548682	24.6	100.696570454868	DCA	0	100.696570454868
542.857142857143	300	79.0866735581313	24.6	103.686673558131	DCA	280	124.261279070572
557.142857142857	300	78.4156390531478	24.6	103.015639053148	DCA	210	124.768502711306
571.428571428571	300	75.6740543372637	24.6	100.274054337264	DCA	0	100.274054337264
585.714285714286	300	76.287440357414	24.6	100.887440357414	DCA	210	122.640304015573
600	300	78.0052729551229	24.6	102.605272955123	DCA	0	102.605272955123
614.285714285714	300	75.8078675850509	24.6	100.407867585051	DCA	280	120.982473097492
628.571428571429	300	80.0790240424416	24.6	104.679024042442	DCA	210	126.4318877006
642.857142857143	300	79.2667369266371	24.6	103.866736926637	DCA	280	124.441342439078
657.142857142857	300	80.467017579628	24.6	105.067017579628	DCA	70	116.532578481566
671.428571428571	300	78.6610396170091	24.6	103.261039617009	DCA	210	125.013903275168
685.714285714286	300	77.2222554341144	24.6	101.822255434114	DCA	210	123.575119092273
700	300	76.4349074258844	24.6	101.034907425884	DCA	140	119.751422880542
714.285714285714	300	76.7676511017506	24.6	101.367651101751	DCA	210	123.120514759909
728.571428571429	300	74.956192049245	24.6	99.556192049245	DCA	70	111.021752951183
742.857142857143	300	74.2257293636053	24.6	98.8257293636053	DCA	0	98.8257293636053
757.142857142857	300	75.9814753311806	24.6	100.581475331181	DCA	70	112.047036233119
771.428571428571	300	78.2374686536349	24.6	102.837468653635	DCA	70	114.303029555573
785.714285714286	300	78.8784602783959	24.6	103.478460278396	DCA	0	103.478460278396
800	300	80.0520849282394	24.6	104.652084928239	DCA	210	126.404948586398
814.285714285714	300	80.9375753031639	24.6	105.537575303164	DCA	140	124.254090757822
828.571428571429	300	76.5443980798295	24.6	101.144398079829	DCA	210	122.897261737988
842.857142857143	300	76.3907989872368	24.6	100.990798987237	DCA	0	100.990798987237
857.142857142857	300	76.4667552078656	24.6	101.066755207866	DCA	70	112.532316109804
871.428571428571	300	74.9002592152646	24.6	99.5002592152646	DCA	280	120.074864727706
885.714285714286	300	79.4258951317001	24.6	104.0258951317	DCA	0	104.0258951317
900	300	77.1633895486608	24.6	101.763389548661	DCA	0	101.763389548661
914.285714285714	300	74.8236790475796	24.6	99.4236790475796	DCA	210	121.176542705738
928.571428571429	300	71.8384988628617	24.6	96.4384988628617	DCA	70	107.9040597648
942.857142857143	300	74.5105002123001	24.6	99.1105002123001	DCA	140	117.827015666958
957.142857142857	300	74.6690011237883	24.6	99.2690011237883	DCA	210	121.021864781947
971.428571428571	300	74.566915853698	24.6	99.166915853698	DCA	70	110.632476755636
985.714285714286	300	79.1798069637254	24.6	103.779806963725	DCA	280	124.354412476167
1000	300	74.4495009281101	24.6	99.04950092811	DCA	140	117.766016382768
