x	y	variable1	Zona	ErrorConEfecto	Disenio	AsigTrat	MiRto
0	0	82.3885436092715	0	82.3885436092715	DCA	210	92.0949132372984
14.2857142857143	0	80.4421224065574	0	80.4421224065574	DCA	70	86.548855672033
28.5714285714286	0	79.9448440425775	0	79.9448440425775	DCA	140	89.2870338507287
42.8571428571429	0	79.3888116499706	0	79.3888116499706	DCA	0	79.3888116499706
57.1428571428571	0	79.4576587998916	0	79.4576587998916	DCA	280	86.6569315249943
71.4285714285714	0	83.190400661016	0	83.190400661016	DCA	280	90.3896733861187
85.7142857142857	0	81.941549527472	0	81.941549527472	DCA	140	91.2837393356232
100	0	80.765322901455	0	80.765322901455	DCA	0	80.765322901455
114.285714285714	0	81.9841385474166	0	81.9841385474166	DCA	140	91.3263283555679
128.571428571429	0	83.7221799560375	0	83.7221799560375	DCA	70	89.8289132215131
142.857142857143	0	82.5730310762004	0	82.5730310762004	DCA	140	91.9152208843516
157.142857142857	0	84.9518086031897	0	84.9518086031897	DCA	210	94.6581782312167
171.428571428571	0	84.2327560739793	0	84.2327560739793	DCA	210	93.9391257020062
185.714285714286	0	85.8279836037447	0	85.8279836037447	DCA	70	91.9347168692203
200	0	84.8860255611976	0	84.8860255611976	DCA	70	90.9927588266732
214.285714285714	0	84.875082716255	0	84.875082716255	DCA	70	90.9818159817306
228.571428571429	0	87.3629455407966	0	87.3629455407966	DCA	280	94.5622182658993
242.857142857143	0	87.1115393622974	0	87.1115393622974	DCA	70	93.218272627773
257.142857142857	0	81.2937539886877	0	81.2937539886877	DCA	140	90.6359437968389
271.428571428571	0	81.9802350041055	0	81.9802350041055	DCA	70	88.0869682695811
285.714285714286	0	80.8560993089632	0	80.8560993089632	DCA	280	88.0553720340659
300	0	82.1847423239099	0	82.1847423239099	DCA	140	91.5269321320612
314.285714285714	0	84.1503469712061	0	84.1503469712061	DCA	140	93.4925367793574
328.571428571429	0	83.4776412165579	0	83.4776412165579	DCA	280	90.6769139416606
342.857142857143	0	84.3757976077376	0	84.3757976077376	DCA	280	91.5750703328403
357.142857142857	0	83.2375786427478	0	83.2375786427478	DCA	70	89.3443119082234
371.428571428571	0	85.1934313515435	0	85.1934313515435	DCA	210	94.8998009795705
385.714285714286	0	84.0313269999574	0	84.0313269999574	DCA	0	84.0313269999574
400	0	83.2735807326223	0	83.2735807326223	DCA	280	90.472853457725
414.285714285714	0	81.9469946965644	0	81.9469946965644	DCA	0	81.9469946965644
428.571428571429	0	81.8253864416985	0	81.8253864416985	DCA	280	89.0246591668012
442.857142857143	0	79.8004561238018	0	79.8004561238018	DCA	0	79.8004561238018
457.142857142857	0	76.7355641074269	0	76.7355641074269	DCA	70	82.8422973729025
471.428571428571	0	78.8675484283055	0	78.8675484283055	DCA	210	88.5739180563325
485.714285714286	0	77.3340093821541	0	77.3340093821541	DCA	280	84.5332821072568
500	0	78.978593259396	0	78.978593259396	DCA	210	88.6849628874229
514.285714285714	0	78.0787774574512	24.6	102.678777457451	DCA	70	114.640310722927
528.571428571429	0	76.5472177418035	24.6	101.147217741803	DCA	0	101.147217741803
542.857142857143	0	74.6081733876453	24.6	99.2081733876453	DCA	140	120.259963195797
557.142857142857	0	74.8169314982317	24.6	99.4169314982317	DCA	70	111.378464763707
571.428571428571	0	74.529514783245	24.6	99.129514783245	DCA	210	126.400284411272
585.714285714286	0	74.4932937246328	24.6	99.0932937246328	DCA	0	99.0932937246328
600	0	75.5907595365063	24.6	100.190759536506	DCA	280	130.809232261609
614.285714285714	0	77.3463042828475	24.6	101.946304282848	DCA	70	113.907837548323
628.571428571429	0	81.7182739362561	24.6	106.318273936256	DCA	0	106.318273936256
642.857142857143	0	81.6072728045329	24.6	106.207272804533	DCA	70	118.168806070009
657.142857142857	0	81.1675667416229	24.6	105.767566741623	DCA	140	126.819356549774
671.428571428571	0	79.8037768411684	24.6	104.403776841168	DCA	210	131.674546469195
685.714285714286	0	82.2408547886339	24.6	106.840854788634	DCA	0	106.840854788634
700	0	84.8432184385264	24.6	109.443218438526	DCA	280	140.061691163629
714.285714285714	0	83.611808747863	24.6	108.211808747863	DCA	0	108.211808747863
728.571428571429	0	84.8055449720168	24.6	109.405544972017	DCA	140	130.457334780168
742.857142857143	0	81.8691676258469	24.6	106.469167625847	DCA	70	118.430700891323
757.142857142857	0	83.5537153280135	24.6	108.153715328013	DCA	210	135.42448495604
771.428571428571	0	85.8019740524674	24.6	110.401974052467	DCA	140	131.453763860619
785.714285714286	0	82.4441009383093	24.6	107.044100938309	DCA	210	134.314870566336
800	0	80.9341008468858	24.6	105.534100846886	DCA	280	136.152573571989
814.285714285714	0	80.5266888197367	24.6	105.126688819737	DCA	280	135.745161544839
828.571428571429	0	80.3053224271065	24.6	104.905322427106	DCA	70	116.866855692582
842.857142857143	0	77.4944739359739	24.6	102.094473935974	DCA	210	129.365243564001
857.142857142857	0	80.7748634614859	24.6	105.374863461486	DCA	280	135.993336186589
871.428571428571	0	78.5798785650178	24.6	103.179878565018	DCA	0	103.179878565018
885.714285714286	0	80.0687787353885	24.6	104.668778735389	DCA	70	116.630312000864
900	0	79.1054203507118	24.6	103.705420350712	DCA	0	103.705420350712
914.285714285714	0	79.3833473550274	24.6	103.983347355027	DCA	140	125.035137163179
928.571428571429	0	79.3842962408435	24.6	103.984296240844	DCA	210	131.25506586887
942.857142857143	0	76.714815295984	24.6	101.314815295984	DCA	140	122.366605104135
957.142857142857	0	76.1322942379704	24.6	100.73229423797	DCA	210	128.003063865997
971.428571428571	0	77.7368351708419	24.6	102.336835170842	DCA	210	129.607604798869
985.714285714286	0	78.8456676457748	24.6	103.445667645775	DCA	70	115.40720091125
1000	0	76.6815607588174	24.6	101.281560758817	DCA	0	101.281560758817
0	33.3333333333333	80.9674714701533	0	80.9674714701533	DCA	70	87.0742047356289
14.2857142857143	33.3333333333333	77.6322065042433	0	77.6322065042433	DCA	210	87.3385761322702
28.5714285714286	33.3333333333333	81.2551056132568	0	81.2551056132568	DCA	0	81.2551056132568
42.8571428571429	33.3333333333333	84.0006441722915	0	84.0006441722915	DCA	70	90.1073774377671
57.1428571428571	33.3333333333333	85.2705502406244	0	85.2705502406244	DCA	280	92.4698229657271
71.4285714285714	33.3333333333333	83.291142284244	0	83.291142284244	DCA	210	92.9975119122709
85.7142857142857	33.3333333333333	83.7142168783327	0	83.7142168783327	DCA	280	90.9134896034355
100	33.3333333333333	86.8031863392296	0	86.8031863392296	DCA	140	96.1453761473809
114.285714285714	33.3333333333333	83.813735695044	0	83.813735695044	DCA	0	83.813735695044
128.571428571429	33.3333333333333	84.0518024341454	0	84.0518024341454	DCA	140	93.3939922422967
142.857142857143	33.3333333333333	84.4047654743949	0	84.4047654743949	DCA	70	90.5114987398705
157.142857142857	33.3333333333333	82.1266400400393	0	82.1266400400393	DCA	140	91.4688298481905
171.428571428571	33.3333333333333	83.9339114798829	0	83.9339114798829	DCA	70	90.0406447453585
185.714285714286	33.3333333333333	84.8230779164942	0	84.8230779164942	DCA	280	92.0223506415969
200	33.3333333333333	81.3666241318926	0	81.3666241318926	DCA	280	88.5658968569954
214.285714285714	33.3333333333333	83.4508858645601	0	83.4508858645601	DCA	140	92.7930756727114
228.571428571429	33.3333333333333	82.1000424676363	0	82.1000424676363	DCA	70	88.2067757331119
242.857142857143	33.3333333333333	83.5618859856165	0	83.5618859856165	DCA	280	90.7611587107192
257.142857142857	33.3333333333333	86.7903470305219	0	86.7903470305219	DCA	210	96.4967166585488
271.428571428571	33.3333333333333	83.2643605650701	0	83.2643605650701	DCA	210	92.9707301930971
285.714285714286	33.3333333333333	82.8136942316663	0	82.8136942316663	DCA	140	92.1558840398175
300	33.3333333333333	82.5224177095673	0	82.5224177095673	DCA	70	88.6291509750428
314.285714285714	33.3333333333333	83.8985570875018	0	83.8985570875018	DCA	70	90.0052903529774
328.571428571429	33.3333333333333	84.2143790248879	0	84.2143790248879	DCA	140	93.5565688330391
342.857142857143	33.3333333333333	84.1857737584955	0	84.1857737584955	DCA	70	90.2925070239711
357.142857142857	33.3333333333333	88.314490850085	0	88.314490850085	DCA	140	97.6566806582363
371.428571428571	33.3333333333333	83.3581880475762	0	83.3581880475762	DCA	70	89.4649213130518
385.714285714286	33.3333333333333	82.9516823913847	0	82.9516823913847	DCA	140	92.2938721995359
400	33.3333333333333	81.0748374033179	0	81.0748374033179	DCA	280	88.2741101284206
414.285714285714	33.3333333333333	83.1165049197522	0	83.1165049197522	DCA	210	92.8228745477791
428.571428571429	33.3333333333333	82.3335853432544	0	82.3335853432544	DCA	0	82.3335853432544
442.857142857143	33.3333333333333	81.9344226997095	0	81.9344226997095	DCA	140	91.2766125078608
457.142857142857	33.3333333333333	83.7543287350974	0	83.7543287350974	DCA	210	93.4606983631244
471.428571428571	33.3333333333333	80.2029118024584	0	80.2029118024584	DCA	70	86.309645067934
485.714285714286	33.3333333333333	80.7421242560014	0	80.7421242560014	DCA	210	90.4484938840283
500	33.3333333333333	82.6124980113321	0	82.6124980113321	DCA	70	88.7192312768077
514.285714285714	33.3333333333333	77.361248929367	24.6	101.961248929367	DCA	280	132.57972165447
528.571428571429	33.3333333333333	77.5225310696231	24.6	102.122531069623	DCA	280	132.741003794726
542.857142857143	33.3333333333333	77.2954849188036	24.6	101.895484918804	DCA	280	132.513957643906
557.142857142857	33.3333333333333	76.5594967107249	24.6	101.159496710725	DCA	140	122.211286518876
571.428571428571	33.3333333333333	81.4504571479736	24.6	106.050457147974	DCA	280	136.668929873076
585.714285714286	33.3333333333333	80.1276301116242	24.6	104.727630111624	DCA	280	135.346102836727
600	33.3333333333333	80.531657518825	24.6	105.131657518825	DCA	70	117.093190784301
614.285714285714	33.3333333333333	78.5908969825898	24.6	103.19089698259	DCA	70	115.152430248065
628.571428571429	33.3333333333333	83.2482979735549	24.6	107.848297973555	DCA	210	135.119067601582
642.857142857143	33.3333333333333	82.2841070428871	24.6	106.884107042887	DCA	140	127.935896851038
657.142857142857	33.3333333333333	79.8727690731912	24.6	104.472769073191	DCA	0	104.472769073191
671.428571428571	33.3333333333333	81.1171663969679	24.6	105.717166396968	DCA	280	136.335639122071
685.714285714286	33.3333333333333	80.8912542222136	24.6	105.491254222214	DCA	210	132.762023850241
700	33.3333333333333	79.970055402451	24.6	104.570055402451	DCA	70	116.531588667927
714.285714285714	33.3333333333333	79.0079734829164	24.6	103.607973482916	DCA	70	115.569506748392
728.571428571429	33.3333333333333	81.5486663951535	24.6	106.148666395153	DCA	70	118.110199660629
742.857142857143	33.3333333333333	79.584018258442	24.6	104.184018258442	DCA	70	116.145551523918
757.142857142857	33.3333333333333	80.7524341255835	24.6	105.352434125583	DCA	140	126.404223933735
771.428571428571	33.3333333333333	80.4887892657761	24.6	105.088789265776	DCA	0	105.088789265776
785.714285714286	33.3333333333333	79.6222445379789	24.6	104.222244537979	DCA	280	134.840717263082
800	33.3333333333333	80.0067472950695	24.6	104.60674729507	DCA	140	125.658537103221
814.285714285714	33.3333333333333	82.3419290373815	24.6	106.941929037382	DCA	140	127.993718845533
828.571428571429	33.3333333333333	81.578544847445	24.6	106.178544847445	DCA	70	118.140078112921
842.857142857143	33.3333333333333	89.8041604362876	24.6	114.404160436288	DCA	210	141.674930064315
857.142857142857	33.3333333333333	83.3804012240397	24.6	107.98040122404	DCA	140	129.032191032191
871.428571428571	33.3333333333333	79.1610354817589	24.6	103.761035481759	DCA	0	103.761035481759
885.714285714286	33.3333333333333	83.7288471554721	24.6	108.328847155472	DCA	70	120.290380420948
900	33.3333333333333	82.0349425390908	24.6	106.634942539091	DCA	0	106.634942539091
914.285714285714	33.3333333333333	81.5741986716203	24.6	106.17419867162	DCA	210	133.444968299647
928.571428571429	33.3333333333333	80.9052711596946	24.6	105.505271159695	DCA	140	126.557060967846
942.857142857143	33.3333333333333	75.8991865901718	24.6	100.499186590172	DCA	70	112.460719855647
957.142857142857	33.3333333333333	79.0785364371635	24.6	103.678536437164	DCA	280	134.297009162266
971.428571428571	33.3333333333333	79.5930289637359	24.6	104.193028963736	DCA	0	104.193028963736
985.714285714286	33.3333333333333	76.9345027612312	24.6	101.534502761231	DCA	280	132.152975486334
1000	33.3333333333333	77.1284051845346	24.6	101.728405184535	DCA	210	128.999174812562
0	66.6666666666667	80.6495531528221	0	80.6495531528221	DCA	280	87.8488258779248
14.2857142857143	66.6666666666667	79.9529907204718	0	79.9529907204718	DCA	0	79.9529907204718
28.5714285714286	66.6666666666667	81.6152305710973	0	81.6152305710973	DCA	70	87.7219638365729
42.8571428571429	66.6666666666667	84.2691688426974	0	84.2691688426974	DCA	0	84.2691688426974
57.1428571428571	66.6666666666667	82.6435147919079	0	82.6435147919079	DCA	70	88.7502480573835
71.4285714285714	66.6666666666667	81.7392420413871	0	81.7392420413871	DCA	280	88.9385147664899
85.7142857142857	66.6666666666667	80.983846459662	0	80.983846459662	DCA	210	90.6902160876889
100	66.6666666666667	81.4417918922886	0	81.4417918922886	DCA	280	88.6410646173913
114.285714285714	66.6666666666667	83.9613659544802	0	83.9613659544802	DCA	210	93.6677355825072
128.571428571429	66.6666666666667	81.381445140012	0	81.381445140012	DCA	0	81.381445140012
142.857142857143	66.6666666666667	78.2612626597997	0	78.2612626597997	DCA	210	87.9676322878266
157.142857142857	66.6666666666667	81.485666365733	0	81.485666365733	DCA	140	90.8278561738842
171.428571428571	66.6666666666667	86.2840234035955	0	86.2840234035955	DCA	140	95.6262132117467
185.714285714286	66.6666666666667	80.4693781739056	0	80.4693781739056	DCA	0	80.4693781739056
200	66.6666666666667	80.2434044715967	0	80.2434044715967	DCA	210	89.9497740996237
214.285714285714	66.6666666666667	82.0003138460718	0	82.0003138460718	DCA	70	88.1070471115474
228.571428571429	66.6666666666667	81.1378322350215	0	81.1378322350215	DCA	140	90.4800220431727
242.857142857143	66.6666666666667	81.8021350620983	0	81.8021350620983	DCA	0	81.8021350620983
257.142857142857	66.6666666666667	83.714509106198	0	83.714509106198	DCA	70	89.8212423716736
271.428571428571	66.6666666666667	80.2102487475879	0	80.2102487475879	DCA	70	86.3169820130635
285.714285714286	66.6666666666667	85.8904634765885	0	85.8904634765885	DCA	0	85.8904634765885
300	66.6666666666667	86.0583117892843	0	86.0583117892843	DCA	140	95.4005015974356
314.285714285714	66.6666666666667	80.3552871480167	0	80.3552871480167	DCA	210	90.0616567760437
328.571428571429	66.6666666666667	81.6430731753507	0	81.6430731753507	DCA	0	81.6430731753507
342.857142857143	66.6666666666667	83.1377218753586	0	83.1377218753586	DCA	210	92.8440915033855
357.142857142857	66.6666666666667	85.385563789074	0	85.385563789074	DCA	210	95.0919334171009
371.428571428571	66.6666666666667	79.5407873008618	0	79.5407873008618	DCA	0	79.5407873008618
385.714285714286	66.6666666666667	80.8994042094182	0	80.8994042094182	DCA	280	88.0986769345209
400	66.6666666666667	82.7781481883927	0	82.7781481883927	DCA	210	92.4845178164196
414.285714285714	66.6666666666667	85.6786734842072	0	85.6786734842072	DCA	70	91.7854067496828
428.571428571429	66.6666666666667	83.6682113502055	0	83.6682113502055	DCA	210	93.3745809782325
442.857142857143	66.6666666666667	84.397911115656	0	84.397911115656	DCA	280	91.5971838407587
457.142857142857	66.6666666666667	78.3074448024761	0	78.3074448024761	DCA	70	84.4141780679517
471.428571428571	66.6666666666667	78.4724169662656	0	78.4724169662656	DCA	140	87.8146067744168
485.714285714286	66.6666666666667	80.6236071193219	0	80.6236071193219	DCA	210	90.3299767473489
500	66.6666666666667	84.9700961614709	0	84.9700961614709	DCA	140	94.3122859696221
514.285714285714	66.6666666666667	83.3607199677032	24.6	107.960719967703	DCA	140	129.012509775854
528.571428571429	66.6666666666667	80.5998656361078	24.6	105.199865636108	DCA	210	132.470635264135
542.857142857143	66.6666666666667	80.0873555328571	24.6	104.687355532857	DCA	70	116.648888798333
557.142857142857	66.6666666666667	78.7227457325481	24.6	103.322745732548	DCA	70	115.284278998024
571.428571428571	66.6666666666667	79.315682624705	24.6	103.915682624705	DCA	140	124.967472432856
585.714285714286	66.6666666666667	75.9370028072181	24.6	100.537002807218	DCA	210	127.807772435245
600	66.6666666666667	76.9479198877103	24.6	101.54791988771	DCA	70	113.509453153186
614.285714285714	66.6666666666667	80.1835692125348	24.6	104.783569212535	DCA	0	104.783569212535
628.571428571429	66.6666666666667	81.4337043707181	24.6	106.033704370718	DCA	280	136.652177095821
642.857142857143	66.6666666666667	82.1966988670779	24.6	106.796698867078	DCA	70	118.758232132553
657.142857142857	66.6666666666667	79.8825475424518	24.6	104.482547542452	DCA	280	135.101020267555
671.428571428571	66.6666666666667	78.8134852289904	24.6	103.41348522899	DCA	0	103.41348522899
685.714285714286	66.6666666666667	80.1403416573179	24.6	104.740341657318	DCA	210	132.011111285345
700	66.6666666666667	77.5939403687546	24.6	102.193940368755	DCA	0	102.193940368755
714.285714285714	66.6666666666667	77.7955496969135	24.6	102.395549696913	DCA	280	133.014022422016
728.571428571429	66.6666666666667	79.8486142153116	24.6	104.448614215312	DCA	140	125.500404023463
742.857142857143	66.6666666666667	76.4278448567293	24.6	101.027844856729	DCA	70	112.989378122205
757.142857142857	66.6666666666667	76.8188232259878	24.6	101.418823225988	DCA	0	101.418823225988
771.428571428571	66.6666666666667	75.7301808744367	24.6	100.330180874437	DCA	0	100.330180874437
785.714285714286	66.6666666666667	74.5523871627278	24.6	99.1523871627278	DCA	280	129.770859887831
800	66.6666666666667	76.7682538658474	24.6	101.368253865847	DCA	280	131.98672659095
814.285714285714	66.6666666666667	80.365133818248	24.6	104.965133818248	DCA	210	132.235903446275
828.571428571429	66.6666666666667	82.1660753376462	24.6	106.766075337646	DCA	140	127.817865145797
842.857142857143	66.6666666666667	81.5659702133363	24.6	106.165970213336	DCA	210	133.436739841363
857.142857142857	66.6666666666667	77.7743716477533	24.6	102.374371647753	DCA	280	132.992844372856
871.428571428571	66.6666666666667	78.5749290044685	24.6	103.174929004469	DCA	0	103.174929004469
885.714285714286	66.6666666666667	78.0093940458269	24.6	102.609394045827	DCA	70	114.570927311302
900	66.6666666666667	77.2862034621009	24.6	101.886203462101	DCA	280	132.504676187204
914.285714285714	66.6666666666667	78.255403916345	24.6	102.855403916345	DCA	280	133.473876641448
928.571428571429	66.6666666666667	80.5053926601442	24.6	105.105392660144	DCA	0	105.105392660144
942.857142857143	66.6666666666667	76.8587729420424	24.6	101.458772942042	DCA	0	101.458772942042
957.142857142857	66.6666666666667	78.2433275614027	24.6	102.843327561403	DCA	0	102.843327561403
971.428571428571	66.6666666666667	78.3235938480181	24.6	102.923593848018	DCA	280	133.542066573121
985.714285714286	66.6666666666667	75.1331993998418	24.6	99.7331993998418	DCA	70	111.694732665317
1000	66.6666666666667	77.0405382131127	24.6	101.640538213113	DCA	0	101.640538213113
0	100	80.1593113199198	0	80.1593113199198	DCA	280	87.3585840450225
14.2857142857143	100	81.1155105108539	0	81.1155105108539	DCA	70	87.2222437763295
28.5714285714286	100	81.4149883604374	0	81.4149883604374	DCA	280	88.6142610855401
42.8571428571429	100	83.5037729513655	0	83.5037729513655	DCA	140	92.8459627595167
57.1428571428571	100	85.4854636080659	0	85.4854636080659	DCA	0	85.4854636080659
71.4285714285714	100	81.4398946378779	0	81.4398946378779	DCA	140	90.7820844460291
85.7142857142857	100	77.5839798262491	0	77.5839798262491	DCA	70	83.6907130917247
100	100	77.6006203832987	0	77.6006203832987	DCA	0	77.6006203832987
114.285714285714	100	82.256031254268	0	82.256031254268	DCA	210	91.962400882295
128.571428571429	100	75.0941051222117	0	75.0941051222117	DCA	210	84.8004747502387
142.857142857143	100	80.0868450399433	0	80.0868450399433	DCA	0	80.0868450399433
157.142857142857	100	79.8486088541437	0	79.8486088541437	DCA	140	89.190798662295
171.428571428571	100	77.9715466173211	0	77.9715466173211	DCA	140	87.3137364254723
185.714285714286	100	76.1886447148348	0	76.1886447148348	DCA	140	85.530834522986
200	100	79.7573262091545	0	79.7573262091545	DCA	280	86.9565989342573
214.285714285714	100	76.882331950003	0	76.882331950003	DCA	210	86.58870157803
228.571428571429	100	78.7586038045221	0	78.7586038045221	DCA	0	78.7586038045221
242.857142857143	100	77.5201304960663	0	77.5201304960663	DCA	280	84.719403221169
257.142857142857	100	80.077043648119	0	80.077043648119	DCA	70	86.1837769135946
271.428571428571	100	77.6798064271157	0	77.6798064271157	DCA	0	77.6798064271157
285.714285714286	100	81.7621192862922	0	81.7621192862922	DCA	0	81.7621192862922
300	100	81.0459358385515	0	81.0459358385515	DCA	280	88.2452085636542
314.285714285714	100	81.8031295552148	0	81.8031295552148	DCA	0	81.8031295552148
328.571428571429	100	82.1081910133348	0	82.1081910133348	DCA	70	88.2149242788104
342.857142857143	100	81.5397008976221	0	81.5397008976221	DCA	210	91.246070525649
357.142857142857	100	78.8941592296797	0	78.8941592296797	DCA	0	78.8941592296797
371.428571428571	100	80.5700042940989	0	80.5700042940989	DCA	140	89.9121941022501
385.714285714286	100	79.3768519472335	0	79.3768519472335	DCA	0	79.3768519472335
400	100	85.3383176415549	0	85.3383176415549	DCA	280	92.5375903666576
414.285714285714	100	84.8538001142559	0	84.8538001142559	DCA	280	92.0530728393587
428.571428571429	100	83.5146831008587	0	83.5146831008587	DCA	280	90.7139558259614
442.857142857143	100	81.0064873751029	0	81.0064873751029	DCA	0	81.0064873751029
457.142857142857	100	80.2495532885639	0	80.2495532885639	DCA	70	86.3562865540395
471.428571428571	100	76.3338019884697	0	76.3338019884697	DCA	0	76.3338019884697
485.714285714286	100	81.2627116231313	0	81.2627116231313	DCA	210	90.9690812511582
500	100	80.4243114979576	0	80.4243114979576	DCA	70	86.5310447634332
514.285714285714	100	80.5598056156943	24.6	105.159805615694	DCA	210	132.430575243721
528.571428571429	100	80.1926887941012	24.6	104.792688794101	DCA	140	125.844478602252
542.857142857143	100	81.634818660064	24.6	106.234818660064	DCA	280	136.853291385167
557.142857142857	100	78.66426892607	24.6	103.26426892607	DCA	210	130.535038554097
571.428571428571	100	81.0080374649763	24.6	105.608037464976	DCA	280	136.226510190079
585.714285714286	100	77.8837401462441	24.6	102.483740146244	DCA	280	133.102212871347
600	100	78.5633022450007	24.6	103.163302245001	DCA	70	115.124835510476
614.285714285714	100	78.39591508006	24.6	102.99591508006	DCA	0	102.99591508006
628.571428571429	100	76.6985515762813	24.6	101.298551576281	DCA	210	128.569321204308
642.857142857143	100	77.4652944389894	24.6	102.065294438989	DCA	70	114.026827704465
657.142857142857	100	79.2690249276057	24.6	103.869024927606	DCA	210	131.139794555633
671.428571428571	100	76.0978099677873	24.6	100.697809967787	DCA	0	100.697809967787
685.714285714286	100	77.5317312215367	24.6	102.131731221537	DCA	210	129.402500849564
700	100	75.2999553548122	24.6	99.8999553548122	DCA	140	120.951745162963
714.285714285714	100	74.285653329619	24.6	98.885653329619	DCA	0	98.885653329619
728.571428571429	100	77.4537812649539	24.6	102.053781264954	DCA	0	102.053781264954
742.857142857143	100	80.7395075714333	24.6	105.339507571433	DCA	140	126.391297379585
757.142857142857	100	79.0496512395477	24.6	103.649651239548	DCA	210	130.920420867575
771.428571428571	100	80.549646232591	24.6	105.149646232591	DCA	140	126.201436040742
785.714285714286	100	77.4537422744078	24.6	102.053742274408	DCA	140	123.105532082559
800	100	80.6625264151232	24.6	105.262526415123	DCA	210	132.53329604315
814.285714285714	100	80.7714541589696	24.6	105.37145415897	DCA	280	135.989926884072
828.571428571429	100	81.2441726867665	24.6	105.844172686767	DCA	70	117.805705952242
842.857142857143	100	74.6557555523731	24.6	99.2557555523731	DCA	0	99.2557555523731
857.142857142857	100	76.7325922421201	24.6	101.33259224212	DCA	0	101.33259224212
871.428571428571	100	76.6658311955476	24.6	101.265831195548	DCA	70	113.227364461023
885.714285714286	100	77.3298502301631	24.6	101.929850230163	DCA	210	129.20061985819
900	100	74.401359586414	24.6	99.001359586414	DCA	0	99.001359586414
914.285714285714	100	76.5502667062205	24.6	101.15026670622	DCA	0	101.15026670622
928.571428571429	100	75.5549658901666	24.6	100.154965890167	DCA	70	112.116499155642
942.857142857143	100	79.7829191082531	24.6	104.382919108253	DCA	70	116.344452373729
957.142857142857	100	77.786346460547	24.6	102.386346460547	DCA	210	129.657116088574
971.428571428571	100	76.7546882997325	24.6	101.354688299732	DCA	210	128.625457927759
985.714285714286	100	76.8139623837121	24.6	101.413962383712	DCA	70	113.375495649188
1000	100	78.5131623384588	24.6	103.113162338459	DCA	0	103.113162338459
0	133.333333333333	81.0344126709077	0	81.0344126709077	DCA	70	87.1411459363833
14.2857142857143	133.333333333333	79.2404728530492	0	79.2404728530492	DCA	140	88.5826626612004
28.5714285714286	133.333333333333	82.3086456182602	0	82.3086456182602	DCA	280	89.5079183433629
42.8571428571429	133.333333333333	80.3575731971067	0	80.3575731971067	DCA	0	80.3575731971067
57.1428571428571	133.333333333333	81.0471954330154	0	81.0471954330154	DCA	210	90.7535650610424
71.4285714285714	133.333333333333	78.1629595473576	0	78.1629595473576	DCA	140	87.5051493555089
85.7142857142857	133.333333333333	77.6429462595268	0	77.6429462595268	DCA	140	86.9851360676781
100	133.333333333333	82.4522339246169	0	82.4522339246169	DCA	280	89.6515066497196
114.285714285714	133.333333333333	77.1272091242969	0	77.1272091242969	DCA	280	84.3264818493996
128.571428571429	133.333333333333	77.8270978950004	0	77.8270978950004	DCA	70	83.933831160476
142.857142857143	133.333333333333	75.1241591678375	0	75.1241591678375	DCA	0	75.1241591678375
157.142857142857	133.333333333333	80.8068734575502	0	80.8068734575502	DCA	280	88.0061461826529
171.428571428571	133.333333333333	80.0929252663747	0	80.0929252663747	DCA	210	89.7992948944016
185.714285714286	133.333333333333	76.4136920228797	0	76.4136920228797	DCA	280	83.6129647479824
200	133.333333333333	76.7853523770564	0	76.7853523770564	DCA	70	82.892085642532
214.285714285714	133.333333333333	82.9410810793203	0	82.9410810793203	DCA	70	89.0478143447959
228.571428571429	133.333333333333	77.9108679366193	0	77.9108679366193	DCA	280	85.110140661722
242.857142857143	133.333333333333	78.1609514255842	0	78.1609514255842	DCA	0	78.1609514255842
257.142857142857	133.333333333333	78.6176095770779	0	78.6176095770779	DCA	0	78.6176095770779
271.428571428571	133.333333333333	77.4357006450253	0	77.4357006450253	DCA	210	87.1420702730523
285.714285714286	133.333333333333	73.6996921512902	0	73.6996921512902	DCA	0	73.6996921512902
300	133.333333333333	73.875406760709	0	73.875406760709	DCA	0	73.875406760709
314.285714285714	133.333333333333	78.7696683685344	0	78.7696683685344	DCA	0	78.7696683685344
328.571428571429	133.333333333333	81.1997027741537	0	81.1997027741537	DCA	280	88.3989754992564
342.857142857143	133.333333333333	82.4380698282476	0	82.4380698282476	DCA	140	91.7802596363989
357.142857142857	133.333333333333	82.8109755787498	0	82.8109755787498	DCA	70	88.9177088442254
371.428571428571	133.333333333333	84.157598487301	0	84.157598487301	DCA	210	93.8639681153279
385.714285714286	133.333333333333	84.2503555400739	0	84.2503555400739	DCA	70	90.3570888055495
400	133.333333333333	82.2478345178395	0	82.2478345178395	DCA	280	89.4471072429422
414.285714285714	133.333333333333	82.3650165065394	0	82.3650165065394	DCA	280	89.5642892316421
428.571428571429	133.333333333333	81.1872183257548	0	81.1872183257548	DCA	70	87.2939515912304
442.857142857143	133.333333333333	82.3246903967668	0	82.3246903967668	DCA	0	82.3246903967668
457.142857142857	133.333333333333	82.6741007927074	0	82.6741007927074	DCA	210	92.3804704207344
471.428571428571	133.333333333333	77.874651380717	0	77.874651380717	DCA	140	87.2168411888683
485.714285714286	133.333333333333	80.8033184800764	0	80.8033184800764	DCA	210	90.5096881081033
500	133.333333333333	81.4233909226795	0	81.4233909226795	DCA	0	81.4233909226795
514.285714285714	133.333333333333	82.6648119333287	24.6	107.264811933329	DCA	0	107.264811933329
528.571428571429	133.333333333333	77.4874103629495	24.6	102.087410362949	DCA	280	132.705883088052
542.857142857143	133.333333333333	78.8439441440266	24.6	103.443944144027	DCA	280	134.062416869129
557.142857142857	133.333333333333	77.4190505666573	24.6	102.019050566657	DCA	140	123.070840374809
571.428571428571	133.333333333333	78.3308022900063	24.6	102.930802290006	DCA	140	123.982592098158
585.714285714286	133.333333333333	79.376831980998	24.6	103.976831980998	DCA	140	125.028621789149
600	133.333333333333	77.3365794371114	24.6	101.936579437111	DCA	210	129.207349065138
614.285714285714	133.333333333333	75.1533468277892	24.6	99.7533468277892	DCA	280	130.371819552892
628.571428571429	133.333333333333	75.7140533801993	24.6	100.314053380199	DCA	0	100.314053380199
642.857142857143	133.333333333333	78.2356972205399	24.6	102.83569722054	DCA	140	123.887487028691
657.142857142857	133.333333333333	77.9620637223263	24.6	102.562063722326	DCA	210	129.832833350353
671.428571428571	133.333333333333	77.6727855273731	24.6	102.272785527373	DCA	70	114.234318792849
685.714285714286	133.333333333333	74.4464791733917	24.6	99.0464791733917	DCA	70	111.008012438867
700	133.333333333333	72.6009206182791	24.6	97.2009206182791	DCA	210	124.471690246306
714.285714285714	133.333333333333	75.0853397818475	24.6	99.6853397818475	DCA	70	111.646873047323
728.571428571429	133.333333333333	78.6184942007106	24.6	103.218494200711	DCA	70	115.180027466186
742.857142857143	133.333333333333	79.142517808516	24.6	103.742517808516	DCA	140	124.794307616667
757.142857142857	133.333333333333	76.3428455867207	24.6	100.942845586721	DCA	280	131.561318311823
771.428571428571	133.333333333333	80.7162714115313	24.6	105.316271411531	DCA	70	117.277804677007
785.714285714286	133.333333333333	79.3653848141597	24.6	103.96538481416	DCA	210	131.236154442187
800	133.333333333333	75.9831981651477	24.6	100.583198165148	DCA	70	112.544731430623
814.285714285714	133.333333333333	78.6637263453588	24.6	103.263726345359	DCA	140	124.31551615351
828.571428571429	133.333333333333	77.6790838462975	24.6	102.279083846297	DCA	140	123.330873654449
842.857142857143	133.333333333333	75.7762410905181	24.6	100.376241090518	DCA	210	127.647010718545
857.142857142857	133.333333333333	76.0764796177602	24.6	100.67647961776	DCA	0	100.67647961776
871.428571428571	133.333333333333	80.31134721003	24.6	104.91134721003	DCA	140	125.963137018181
885.714285714286	133.333333333333	76.953557625417	24.6	101.553557625417	DCA	0	101.553557625417
900	133.333333333333	76.3547198245063	24.6	100.954719824506	DCA	70	112.916253089982
914.285714285714	133.333333333333	79.7503865291288	24.6	104.350386529129	DCA	210	131.621156157156
928.571428571429	133.333333333333	79.0109791557603	24.6	103.61097915576	DCA	0	103.61097915576
942.857142857143	133.333333333333	75.7245026816389	24.6	100.324502681639	DCA	280	130.942975406742
957.142857142857	133.333333333333	75.9700611774786	24.6	100.570061177479	DCA	280	131.188533902581
971.428571428571	133.333333333333	74.944236134778	24.6	99.544236134778	DCA	140	120.596025942929
985.714285714286	133.333333333333	78.0455408307823	24.6	102.645540830782	DCA	210	129.916310458809
1000	133.333333333333	76.5371772643184	24.6	101.137177264318	DCA	140	122.18896707247
0	166.666666666667	79.8919280742244	0	79.8919280742244	DCA	70	85.9986613396999
14.2857142857143	166.666666666667	77.9450997511781	0	77.9450997511781	DCA	280	85.1443724762808
28.5714285714286	166.666666666667	78.9290853490255	0	78.9290853490255	DCA	280	86.1283580741282
42.8571428571429	166.666666666667	77.3404637817753	0	77.3404637817753	DCA	210	87.0468334098022
57.1428571428571	166.666666666667	76.5926384439658	0	76.5926384439658	DCA	210	86.2990080719927
71.4285714285714	166.666666666667	78.7842784563229	0	78.7842784563229	DCA	0	78.7842784563229
85.7142857142857	166.666666666667	80.5064353794694	0	80.5064353794694	DCA	0	80.5064353794694
100	166.666666666667	77.9935119657412	0	77.9935119657412	DCA	210	87.6998815937681
114.285714285714	166.666666666667	78.8688257137549	0	78.8688257137549	DCA	70	84.9755589792305
128.571428571429	166.666666666667	77.5408988523397	0	77.5408988523397	DCA	0	77.5408988523397
142.857142857143	166.666666666667	78.6999870724661	0	78.6999870724661	DCA	140	88.0421768806174
157.142857142857	166.666666666667	77.7362545405008	0	77.7362545405008	DCA	280	84.9355272656035
171.428571428571	166.666666666667	78.2046604271679	0	78.2046604271679	DCA	140	87.5468502353191
185.714285714286	166.666666666667	74.9322362478411	0	74.9322362478411	DCA	0	74.9322362478411
200	166.666666666667	76.9807410692981	0	76.9807410692981	DCA	280	84.1800137944008
214.285714285714	166.666666666667	76.1173657831409	0	76.1173657831409	DCA	210	85.8237354111678
228.571428571429	166.666666666667	75.1528296649301	0	75.1528296649301	DCA	280	82.3521023900328
242.857142857143	166.666666666667	76.0729590467466	0	76.0729590467466	DCA	0	76.0729590467466
257.142857142857	166.666666666667	76.482250107791	0	76.482250107791	DCA	280	83.6815228328937
271.428571428571	166.666666666667	77.7008055253656	0	77.7008055253656	DCA	0	77.7008055253656
285.714285714286	166.666666666667	74.2996859733131	0	74.2996859733131	DCA	210	84.0060556013401
300	166.666666666667	76.4326458345108	0	76.4326458345108	DCA	0	76.4326458345108
314.285714285714	166.666666666667	79.7295689997107	0	79.7295689997107	DCA	0	79.7295689997107
328.571428571429	166.666666666667	80.430400553252	0	80.430400553252	DCA	210	90.136770181279
342.857142857143	166.666666666667	80.4311323807746	0	80.4311323807746	DCA	210	90.1375020088016
357.142857142857	166.666666666667	79.7720614595468	0	79.7720614595468	DCA	0	79.7720614595468
371.428571428571	166.666666666667	79.0245829937852	0	79.0245829937852	DCA	210	88.7309526218122
385.714285714286	166.666666666667	76.5625544353313	0	76.5625544353313	DCA	0	76.5625544353313
400	166.666666666667	77.1080559428283	0	77.1080559428283	DCA	0	77.1080559428283
414.285714285714	166.666666666667	77.4612239361385	0	77.4612239361385	DCA	0	77.4612239361385
428.571428571429	166.666666666667	79.3808566084229	0	79.3808566084229	DCA	140	88.7230464165741
442.857142857143	166.666666666667	81.2752619707701	0	81.2752619707701	DCA	210	90.981631598797
457.142857142857	166.666666666667	78.3445770313578	0	78.3445770313578	DCA	140	87.6867668395091
471.428571428571	166.666666666667	80.3210610145856	0	80.3210610145856	DCA	280	87.5203337396883
485.714285714286	166.666666666667	83.3784988005831	0	83.3784988005831	DCA	0	83.3784988005831
500	166.666666666667	79.5130413307967	0	79.5130413307967	DCA	280	86.7123140558994
514.285714285714	166.666666666667	83.8156774436372	24.6	108.415677443637	DCA	140	129.467467251788
528.571428571429	166.666666666667	82.9343551199666	24.6	107.534355119967	DCA	140	128.586144928118
542.857142857143	166.666666666667	83.7366798400742	24.6	108.336679840074	DCA	70	120.29821310555
557.142857142857	166.666666666667	83.5509086152092	24.6	108.150908615209	DCA	70	120.112441880685
571.428571428571	166.666666666667	83.4398462129973	24.6	108.039846212997	DCA	140	129.091636021149
585.714285714286	166.666666666667	81.6493936179936	24.6	106.249393617994	DCA	140	127.301183426145
600	166.666666666667	79.0667731741946	24.6	103.666773174195	DCA	280	134.285245899297
614.285714285714	166.666666666667	81.2782855169513	24.6	105.878285516951	DCA	140	126.930075325103
628.571428571429	166.666666666667	79.3791098592323	24.6	103.979109859232	DCA	210	131.249879487259
642.857142857143	166.666666666667	73.4884755462117	24.6	98.0884755462117	DCA	70	110.050008811687
657.142857142857	166.666666666667	76.1293470772917	24.6	100.729347077292	DCA	210	128.000116705319
671.428571428571	166.666666666667	80.3914284682281	24.6	104.991428468228	DCA	140	126.043218276379
685.714285714286	166.666666666667	78.4502525243643	24.6	103.050252524364	DCA	0	103.050252524364
700	166.666666666667	79.4076883813338	24.6	104.007688381334	DCA	0	104.007688381334
714.285714285714	166.666666666667	79.2992728781002	24.6	103.8992728781	DCA	210	131.170042506127
728.571428571429	166.666666666667	80.610067525126	24.6	105.210067525126	DCA	280	135.828540250229
742.857142857143	166.666666666667	78.7310568528649	24.6	103.331056852865	DCA	210	130.601826480892
757.142857142857	166.666666666667	81.4745064865132	24.6	106.074506486513	DCA	70	118.036039751989
771.428571428571	166.666666666667	82.1932511067669	24.6	106.793251106767	DCA	0	106.793251106767
785.714285714286	166.666666666667	79.7555743313219	24.6	104.355574331322	DCA	0	104.355574331322
800	166.666666666667	77.0053278819152	24.6	101.605327881915	DCA	0	101.605327881915
814.285714285714	166.666666666667	78.7327563865279	24.6	103.332756386528	DCA	70	115.294289652004
828.571428571429	166.666666666667	81.1022644341206	24.6	105.702264434121	DCA	280	136.320737159223
842.857142857143	166.666666666667	78.2793647305979	24.6	102.879364730598	DCA	280	133.497837455701
857.142857142857	166.666666666667	79.2365274212521	24.6	103.836527421252	DCA	140	124.888317229403
871.428571428571	166.666666666667	77.6765039373992	24.6	102.276503937399	DCA	210	129.547273565426
885.714285714286	166.666666666667	80.5662659829907	24.6	105.166265982991	DCA	280	135.784738708093
900	166.666666666667	75.3160022432468	24.6	99.9160022432468	DCA	210	127.186771871274
914.285714285714	166.666666666667	75.3431804482229	24.6	99.9431804482229	DCA	0	99.9431804482229
928.571428571429	166.666666666667	75.9727909692497	24.6	100.57279096925	DCA	0	100.57279096925
942.857142857143	166.666666666667	75.7071749927243	24.6	100.307174992724	DCA	0	100.307174992724
957.142857142857	166.666666666667	77.269998575906	24.6	101.869998575906	DCA	140	122.921788384057
971.428571428571	166.666666666667	74.5126285896435	24.6	99.1126285896435	DCA	140	120.164418397795
985.714285714286	166.666666666667	75.7814650210882	24.6	100.381465021088	DCA	0	100.381465021088
1000	166.666666666667	76.3623210163654	24.6	100.962321016365	DCA	70	112.923854281841
0	200	86.2619786122291	0	86.2619786122291	DCA	280	93.4612513373319
14.2857142857143	200	86.1884541063941	0	86.1884541063941	DCA	0	86.1884541063941
28.5714285714286	200	81.4238862751887	0	81.4238862751887	DCA	280	88.6231590002914
42.8571428571429	200	81.1281118109627	0	81.1281118109627	DCA	140	90.4703016191139
57.1428571428571	200	77.9607105558016	0	77.9607105558016	DCA	0	77.9607105558016
71.4285714285714	200	80.5005893136095	0	80.5005893136095	DCA	140	89.8427791217607
85.7142857142857	200	80.1907517995746	0	80.1907517995746	DCA	210	89.8971214276016
100	200	79.3854441843975	0	79.3854441843975	DCA	70	85.4921774498731
114.285714285714	200	79.0058916723683	0	79.0058916723683	DCA	70	85.1126249378439
128.571428571429	200	79.2939658405506	0	79.2939658405506	DCA	210	89.0003354685775
142.857142857143	200	80.1893502469222	0	80.1893502469222	DCA	70	86.2960835123978
157.142857142857	200	80.8181521639081	0	80.8181521639081	DCA	70	86.9248854293837
171.428571428571	200	82.8237076352154	0	82.8237076352154	DCA	210	92.5300772632424
185.714285714286	200	82.423150354533	0	82.423150354533	DCA	280	89.6224230796357
200	200	80.9414266110447	0	80.9414266110447	DCA	210	90.6477962390717
214.285714285714	200	78.7668483211626	0	78.7668483211626	DCA	280	85.9661210462653
228.571428571429	200	75.1862666396359	0	75.1862666396359	DCA	70	81.2929999051115
242.857142857143	200	75.2684769279836	0	75.2684769279836	DCA	0	75.2684769279836
257.142857142857	200	77.0208814441654	0	77.0208814441654	DCA	140	86.3630712523166
271.428571428571	200	78.1368050893234	0	78.1368050893234	DCA	140	87.4789948974747
285.714285714286	200	81.2359602335568	0	81.2359602335568	DCA	70	87.3426934990324
300	200	79.9177608778501	0	79.9177608778501	DCA	280	87.1170336029529
314.285714285714	200	82.4742120595505	0	82.4742120595505	DCA	0	82.4742120595505
328.571428571429	200	81.1065291286379	0	81.1065291286379	DCA	210	90.8128987566649
342.857142857143	200	81.7721470263906	0	81.7721470263906	DCA	70	87.8788802918662
357.142857142857	200	82.5379266469104	0	82.5379266469104	DCA	280	89.7371993720131
371.428571428571	200	80.7962925897453	0	80.7962925897453	DCA	280	87.995565314848
385.714285714286	200	82.8753929061211	0	82.8753929061211	DCA	280	90.0746656312238
400	200	78.8026681927078	0	78.8026681927078	DCA	280	86.0019409178105
414.285714285714	200	81.8998695903485	0	81.8998695903485	DCA	280	89.0991423154512
428.571428571429	200	81.1340489779812	0	81.1340489779812	DCA	280	88.3333217030839
442.857142857143	200	82.9157457246295	0	82.9157457246295	DCA	210	92.6221153526565
457.142857142857	200	81.5856082700391	0	81.5856082700391	DCA	0	81.5856082700391
471.428571428571	200	78.9746417430391	0	78.9746417430391	DCA	140	88.3168315511903
485.714285714286	200	80.0147693475371	0	80.0147693475371	DCA	140	89.3569591556884
500	200	83.7468030788495	0	83.7468030788495	DCA	210	93.4531727068764
514.285714285714	200	78.453712922895	24.6	103.053712922895	DCA	280	133.672185647998
528.571428571429	200	79.191822775287	24.6	103.791822775287	DCA	140	124.843612583438
542.857142857143	200	86.859142069012	24.6	111.459142069012	DCA	70	123.420675334488
557.142857142857	200	82.0859403238554	24.6	106.685940323855	DCA	280	137.304413048958
571.428571428571	200	81.5346147021199	24.6	106.13461470212	DCA	280	136.753087427223
585.714285714286	200	80.8240988658145	24.6	105.424098865815	DCA	0	105.424098865815
600	200	79.2974344259715	24.6	103.897434425972	DCA	140	124.949224234123
614.285714285714	200	78.3517851096609	24.6	102.951785109661	DCA	0	102.951785109661
628.571428571429	200	77.8304738528001	24.6	102.4304738528	DCA	140	123.482263660951
642.857142857143	200	78.5477796934547	24.6	103.147779693455	DCA	140	124.199569501606
657.142857142857	200	79.3922140365997	24.6	103.9922140366	DCA	70	115.953747302075
671.428571428571	200	77.3644859708108	24.6	101.964485970811	DCA	210	129.235255598838
685.714285714286	200	79.6248288457786	24.6	104.224828845779	DCA	140	125.27661865393
700	200	79.0197024399671	24.6	103.619702439967	DCA	210	130.890472067994
714.285714285714	200	82.2832133421892	24.6	106.883213342189	DCA	140	127.93500315034
728.571428571429	200	75.9121397851989	24.6	100.512139785199	DCA	210	127.782909413226
742.857142857143	200	76.1716249242773	24.6	100.771624924277	DCA	210	128.042394552304
757.142857142857	200	80.2244115488003	24.6	104.8244115488	DCA	140	125.876201356952
771.428571428571	200	78.2115280120056	24.6	102.811528012006	DCA	70	114.773061277481
785.714285714286	200	75.9140086637235	24.6	100.514008663724	DCA	0	100.514008663724
800	200	78.1504241442906	24.6	102.750424144291	DCA	140	123.802213952442
814.285714285714	200	76.9942569774704	24.6	101.59425697747	DCA	210	128.865026605497
828.571428571429	200	76.2991156194515	24.6	100.899115619451	DCA	280	131.517588344554
842.857142857143	200	74.3592920466686	24.6	98.9592920466686	DCA	140	120.01108185482
857.142857142857	200	73.451288216716	24.6	98.051288216716	DCA	70	110.012821482192
871.428571428571	200	78.216717643179	24.6	102.816717643179	DCA	280	133.435190368282
885.714285714286	200	82.7315282583781	24.6	107.331528258378	DCA	140	128.383318066529
900	200	78.6306050829176	24.6	103.230605082918	DCA	140	124.282394891069
914.285714285714	200	79.0187373049504	24.6	103.61873730495	DCA	280	134.237210030053
928.571428571429	200	75.7921776981632	24.6	100.392177698163	DCA	70	112.353710963639
942.857142857143	200	75.5599024087107	24.6	100.159902408711	DCA	140	121.211692216862
957.142857142857	200	75.0645732547018	24.6	99.6645732547018	DCA	70	111.626106520177
971.428571428571	200	75.0355603547634	24.6	99.6355603547634	DCA	0	99.6355603547634
985.714285714286	200	74.2331462032948	24.6	98.8331462032948	DCA	0	98.8331462032948
1000	200	73.187129414541	24.6	97.787129414541	DCA	70	109.748662680017
0	233.333333333333	80.9139526326626	0	80.9139526326626	DCA	280	88.1132253577653
14.2857142857143	233.333333333333	79.8859676995173	0	79.8859676995173	DCA	210	89.5923373275442
28.5714285714286	233.333333333333	79.4597314964771	0	79.4597314964771	DCA	210	89.166101124504
42.8571428571429	233.333333333333	79.1241845840438	0	79.1241845840438	DCA	210	88.8305542120707
57.1428571428571	233.333333333333	78.5588762271373	0	78.5588762271373	DCA	210	88.2652458551643
71.4285714285714	233.333333333333	85.1979834746111	0	85.1979834746111	DCA	210	94.9043531026381
85.7142857142857	233.333333333333	83.3410710162763	0	83.3410710162763	DCA	70	89.4478042817519
100	233.333333333333	83.4776650170127	0	83.4776650170127	DCA	70	89.5843982824883
114.285714285714	233.333333333333	81.115252812343	0	81.115252812343	DCA	210	90.8216224403699
128.571428571429	233.333333333333	83.520664784233	0	83.520664784233	DCA	70	89.6273980497086
142.857142857143	233.333333333333	79.8762040243834	0	79.8762040243834	DCA	280	87.0754767494861
157.142857142857	233.333333333333	81.8626416567998	0	81.8626416567998	DCA	210	91.5690112848267
171.428571428571	233.333333333333	79.7284825990975	0	79.7284825990975	DCA	70	85.8352158645731
185.714285714286	233.333333333333	79.2788612313335	0	79.2788612313335	DCA	0	79.2788612313335
200	233.333333333333	79.7683783017957	0	79.7683783017957	DCA	70	85.8751115672713
214.285714285714	233.333333333333	80.8823821117518	0	80.8823821117518	DCA	140	90.224571919903
228.571428571429	233.333333333333	80.3887158302014	0	80.3887158302014	DCA	70	86.495449095677
242.857142857143	233.333333333333	79.1924177504691	0	79.1924177504691	DCA	140	88.5346075586204
257.142857142857	233.333333333333	77.0243421635255	0	77.0243421635255	DCA	140	86.3665319716768
271.428571428571	233.333333333333	77.8697432382442	0	77.8697432382442	DCA	280	85.0690159633469
285.714285714286	233.333333333333	83.8204158758735	0	83.8204158758735	DCA	0	83.8204158758735
300	233.333333333333	80.0318189679817	0	80.0318189679817	DCA	210	89.7381885960086
314.285714285714	233.333333333333	81.3995133128332	0	81.3995133128332	DCA	70	87.5062465783088
328.571428571429	233.333333333333	81.9887279539613	0	81.9887279539613	DCA	140	91.3309177621126
342.857142857143	233.333333333333	80.5413141374148	0	80.5413141374148	DCA	210	90.2476837654418
357.142857142857	233.333333333333	79.3474973406002	0	79.3474973406002	DCA	140	88.6896871487514
371.428571428571	233.333333333333	82.1617347475158	0	82.1617347475158	DCA	210	91.8681043755427
385.714285714286	233.333333333333	82.7569650325116	0	82.7569650325116	DCA	70	88.8636982979872
400	233.333333333333	82.0699849984121	0	82.0699849984121	DCA	210	91.7763546264391
414.285714285714	233.333333333333	84.4228937078038	0	84.4228937078038	DCA	280	91.6221664329066
428.571428571429	233.333333333333	85.293500570023	0	85.293500570023	DCA	210	94.99987019805
442.857142857143	233.333333333333	84.5801520518819	0	84.5801520518819	DCA	0	84.5801520518819
457.142857142857	233.333333333333	83.7338249082183	0	83.7338249082183	DCA	210	93.4401945362452
471.428571428571	233.333333333333	83.741227253627	0	83.741227253627	DCA	210	93.447596881654
485.714285714286	233.333333333333	84.8246776304795	0	84.8246776304795	DCA	210	94.5310472585065
500	233.333333333333	86.1457168834565	0	86.1457168834565	DCA	210	95.8520865114835
514.285714285714	233.333333333333	84.1308655588157	24.6	108.730865558816	DCA	210	136.001635186843
528.571428571429	233.333333333333	80.6862080312281	24.6	105.286208031228	DCA	70	117.247741296704
542.857142857143	233.333333333333	81.0068797709258	24.6	105.606879770926	DCA	210	132.877649398953
557.142857142857	233.333333333333	80.3327118551564	24.6	104.932711855156	DCA	210	132.203481483183
571.428571428571	233.333333333333	81.1614047920356	24.6	105.761404792036	DCA	140	126.813194600187
585.714285714286	233.333333333333	83.7634570732976	24.6	108.363457073298	DCA	70	120.324990338773
600	233.333333333333	82.2284552962738	24.6	106.828455296274	DCA	140	127.880245104425
614.285714285714	233.333333333333	82.2680582561789	24.6	106.868058256179	DCA	280	137.486530981282
628.571428571429	233.333333333333	84.0294589171843	24.6	108.629458917184	DCA	70	120.59099218266
642.857142857143	233.333333333333	77.2639320486501	24.6	101.86393204865	DCA	140	122.915721856801
657.142857142857	233.333333333333	79.911162428975	24.6	104.511162428975	DCA	280	135.129635154078
671.428571428571	233.333333333333	79.7036107346204	24.6	104.30361073462	DCA	280	134.922083459723
685.714285714286	233.333333333333	81.4497491284831	24.6	106.049749128483	DCA	140	127.101538936634
700	233.333333333333	82.4608169333305	24.6	107.060816933331	DCA	210	134.331586561357
714.285714285714	233.333333333333	79.7959208021061	24.6	104.395920802106	DCA	0	104.395920802106
728.571428571429	233.333333333333	77.3914808345275	24.6	101.991480834527	DCA	140	123.043270642679
742.857142857143	233.333333333333	77.2262550358786	24.6	101.826255035879	DCA	280	132.444727760981
757.142857142857	233.333333333333	76.870571808844	24.6	101.470571808844	DCA	140	122.522361616995
771.428571428571	233.333333333333	75.785549052587	24.6	100.385549052587	DCA	140	121.437338860738
785.714285714286	233.333333333333	78.7268769125523	24.6	103.326876912552	DCA	0	103.326876912552
800	233.333333333333	75.324255130419	24.6	99.924255130419	DCA	70	111.885788395895
814.285714285714	233.333333333333	72.4196831470731	24.6	97.0196831470731	DCA	280	127.638155872176
828.571428571429	233.333333333333	73.3673843593433	24.6	97.9673843593433	DCA	210	125.23815398737
842.857142857143	233.333333333333	75.001566858953	24.6	99.601566858953	DCA	0	99.601566858953
857.142857142857	233.333333333333	74.9154072103508	24.6	99.5154072103508	DCA	70	111.476940475826
871.428571428571	233.333333333333	77.5635948213649	24.6	102.163594821365	DCA	0	102.163594821365
885.714285714286	233.333333333333	79.6953861098798	24.6	104.29538610988	DCA	140	125.347175918031
900	233.333333333333	78.7082996567424	24.6	103.308299656742	DCA	0	103.308299656742
914.285714285714	233.333333333333	78.7797797578086	24.6	103.379779757809	DCA	280	133.998252482911
928.571428571429	233.333333333333	76.0655417784666	24.6	100.665541778467	DCA	210	127.936311406494
942.857142857143	233.333333333333	76.862282247785	24.6	101.462282247785	DCA	140	122.514072055936
957.142857142857	233.333333333333	80.7813687400325	24.6	105.381368740032	DCA	0	105.381368740032
971.428571428571	233.333333333333	76.7889185390735	24.6	101.388918539074	DCA	140	122.440708347225
985.714285714286	233.333333333333	75.3686434453046	24.6	99.9686434453046	DCA	0	99.9686434453046
1000	233.333333333333	75.7876918182553	24.6	100.387691818255	DCA	210	127.658461446282
0	266.666666666667	82.8438117923043	0	82.8438117923043	DCA	70	88.9505450577799
14.2857142857143	266.666666666667	81.9552351934415	0	81.9552351934415	DCA	0	81.9552351934415
28.5714285714286	266.666666666667	79.4580856115264	0	79.4580856115264	DCA	0	79.4580856115264
42.8571428571429	266.666666666667	78.8180807399694	0	78.8180807399694	DCA	280	86.0173534650721
57.1428571428571	266.666666666667	80.8776225989657	0	80.8776225989657	DCA	0	80.8776225989657
71.4285714285714	266.666666666667	83.683942399156	0	83.683942399156	DCA	210	93.3903120271829
85.7142857142857	266.666666666667	85.0516828851853	0	85.0516828851853	DCA	210	94.7580525132123
100	266.666666666667	83.8116934040129	0	83.8116934040129	DCA	140	93.1538832121641
114.285714285714	266.666666666667	83.9825245232293	0	83.9825245232293	DCA	140	93.3247143313805
128.571428571429	266.666666666667	80.7348837420268	0	80.7348837420268	DCA	280	87.9341564671295
142.857142857143	266.666666666667	80.2435604440755	0	80.2435604440755	DCA	140	89.5857502522268
157.142857142857	266.666666666667	78.6653060688169	0	78.6653060688169	DCA	280	85.8645787939196
171.428571428571	266.666666666667	77.8290760632041	0	77.8290760632041	DCA	280	85.0283487883069
185.714285714286	266.666666666667	78.7044043168329	0	78.7044043168329	DCA	210	88.4107739448599
200	266.666666666667	78.8337411125003	0	78.8337411125003	DCA	140	88.1759309206515
214.285714285714	266.666666666667	80.0736328607729	0	80.0736328607729	DCA	140	89.4158226689241
228.571428571429	266.666666666667	80.226313361674	0	80.226313361674	DCA	70	86.3330466271496
242.857142857143	266.666666666667	82.3704298646929	0	82.3704298646929	DCA	280	89.5697025897956
257.142857142857	266.666666666667	84.0336062734949	0	84.0336062734949	DCA	0	84.0336062734949
271.428571428571	266.666666666667	83.7876237540311	0	83.7876237540311	DCA	280	90.9868964791338
285.714285714286	266.666666666667	81.6200467553634	0	81.6200467553634	DCA	210	91.3264163833904
300	266.666666666667	80.158137173183	0	80.158137173183	DCA	140	89.5003269813342
314.285714285714	266.666666666667	79.3226071892166	0	79.3226071892166	DCA	70	85.4293404546922
328.571428571429	266.666666666667	84.3571913824364	0	84.3571913824364	DCA	210	94.0635610104634
342.857142857143	266.666666666667	80.3256014664506	0	80.3256014664506	DCA	140	89.6677912746019
357.142857142857	266.666666666667	79.7617306533162	0	79.7617306533162	DCA	280	86.9610033784189
371.428571428571	266.666666666667	79.348733815657	0	79.348733815657	DCA	280	86.5480065407597
385.714285714286	266.666666666667	82.2616179927091	0	82.2616179927091	DCA	0	82.2616179927091
400	266.666666666667	80.1836518935381	0	80.1836518935381	DCA	140	89.5258417016893
414.285714285714	266.666666666667	79.9512668171412	0	79.9512668171412	DCA	70	86.0580000826168
428.571428571429	266.666666666667	78.4051118775235	0	78.4051118775235	DCA	70	84.5118451429991
442.857142857143	266.666666666667	80.0631634125878	0	80.0631634125878	DCA	210	89.7695330406148
457.142857142857	266.666666666667	78.8352188783009	0	78.8352188783009	DCA	140	88.1774086864521
471.428571428571	266.666666666667	79.5901015841138	0	79.5901015841138	DCA	0	79.5901015841138
485.714285714286	266.666666666667	78.7245833623042	0	78.7245833623042	DCA	210	88.4309529903312
500	266.666666666667	79.9353411802191	0	79.9353411802191	DCA	280	87.1346139053218
514.285714285714	266.666666666667	82.9690088529567	24.6	107.569008852957	DCA	140	128.620798661108
528.571428571429	266.666666666667	82.4429471651585	24.6	107.042947165158	DCA	280	137.661419890261
542.857142857143	266.666666666667	87.356368934836	24.6	111.956368934836	DCA	70	123.917902200312
557.142857142857	266.666666666667	83.9306869582473	24.6	108.530686958247	DCA	70	120.492220223723
571.428571428571	266.666666666667	85.8395415663298	24.6	110.43954156633	DCA	70	122.401074831805
585.714285714286	266.666666666667	83.8229960284128	24.6	108.422996028413	DCA	140	129.474785836564
600	266.666666666667	85.5082964946639	24.6	110.108296494664	DCA	0	110.108296494664
614.285714285714	266.666666666667	81.6215122195078	24.6	106.221512219508	DCA	70	118.183045484983
628.571428571429	266.666666666667	82.3003867088484	24.6	106.900386708848	DCA	140	127.952176517
642.857142857143	266.666666666667	79.5045588620523	24.6	104.104558862052	DCA	70	116.066092127528
657.142857142857	266.666666666667	78.9819179870433	24.6	103.581917987043	DCA	70	115.543451252519
671.428571428571	266.666666666667	81.2935909951179	24.6	105.893590995118	DCA	280	136.512063720221
685.714285714286	266.666666666667	79.7414390365386	24.6	104.341439036539	DCA	280	134.959911761641
700	266.666666666667	78.9211543075796	24.6	103.52115430758	DCA	210	130.791923935607
714.285714285714	266.666666666667	76.6374204981912	24.6	101.237420498191	DCA	0	101.237420498191
728.571428571429	266.666666666667	77.8523065426633	24.6	102.452306542663	DCA	70	114.413839808139
742.857142857143	266.666666666667	73.3292709728656	24.6	97.9292709728656	DCA	70	109.890804238341
757.142857142857	266.666666666667	70.857516855157	24.6	95.457516855157	DCA	210	122.728286483184
771.428571428571	266.666666666667	71.5539995077354	24.6	96.1539995077354	DCA	70	108.115532773211
785.714285714286	266.666666666667	70.5741594893789	24.6	95.1741594893789	DCA	140	116.22594929753
800	266.666666666667	74.5746353757112	24.6	99.1746353757112	DCA	70	111.136168641187
814.285714285714	266.666666666667	72.8506248960411	24.6	97.4506248960411	DCA	140	118.502414704192
828.571428571429	266.666666666667	75.7310692928358	24.6	100.331069292836	DCA	280	130.949542017939
842.857142857143	266.666666666667	76.103317582854	24.6	100.703317582854	DCA	140	121.755107391005
857.142857142857	266.666666666667	74.4917607614898	24.6	99.0917607614898	DCA	0	99.0917607614898
871.428571428571	266.666666666667	77.3041911752783	24.6	101.904191175278	DCA	280	132.522663900381
885.714285714286	266.666666666667	75.592408911374	24.6	100.192408911374	DCA	140	121.244198719525
900	266.666666666667	80.7723267001543	24.6	105.372326700154	DCA	0	105.372326700154
914.285714285714	266.666666666667	77.5004179955451	24.6	102.100417995545	DCA	70	114.061951261021
928.571428571429	266.666666666667	75.5310685190627	24.6	100.131068519063	DCA	140	121.182858327214
942.857142857143	266.666666666667	76.2371455473848	24.6	100.837145547385	DCA	280	131.455618272488
957.142857142857	266.666666666667	78.1776197326238	24.6	102.777619732624	DCA	210	130.048389360651
971.428571428571	266.666666666667	81.2321393492129	24.6	105.832139349213	DCA	0	105.832139349213
985.714285714286	266.666666666667	76.2973769538858	24.6	100.897376953886	DCA	280	131.515849678989
1000	266.666666666667	75.9800502388759	24.6	100.580050238876	DCA	0	100.580050238876
0	300	79.5562027367157	0	79.5562027367157	DCA	0	79.5562027367157
14.2857142857143	300	83.6278121325128	0	83.6278121325128	DCA	70	89.7345453979884
28.5714285714286	300	79.1732469404855	0	79.1732469404855	DCA	70	85.2799802059611
42.8571428571429	300	80.986952162721	0	80.986952162721	DCA	280	88.1862248878237
57.1428571428571	300	83.8065032051086	0	83.8065032051086	DCA	140	93.1486930132598
71.4285714285714	300	81.9521474553193	0	81.9521474553193	DCA	140	91.2943372634706
85.7142857142857	300	84.1361256872754	0	84.1361256872754	DCA	0	84.1361256872754
100	300	84.1465738377521	0	84.1465738377521	DCA	210	93.8529434657791
114.285714285714	300	84.4312839537561	0	84.4312839537561	DCA	140	93.7734737619073
128.571428571429	300	84.0043539743208	0	84.0043539743208	DCA	0	84.0043539743208
142.857142857143	300	82.1547294751726	0	82.1547294751726	DCA	280	89.3540022002754
157.142857142857	300	79.1158843798088	0	79.1158843798088	DCA	280	86.3151571049116
171.428571428571	300	82.1470701242455	0	82.1470701242455	DCA	0	82.1470701242455
185.714285714286	300	82.2313594835264	0	82.2313594835264	DCA	280	89.4306322086291
200	300	82.6327624298716	0	82.6327624298716	DCA	280	89.8320351549743
214.285714285714	300	84.2948893302957	0	84.2948893302957	DCA	140	93.637079138447
228.571428571429	300	83.8967953917421	0	83.8967953917421	DCA	280	91.0960681168449
242.857142857143	300	85.17595595824	0	85.17595595824	DCA	70	91.2826892237156
257.142857142857	300	83.5659487707478	0	83.5659487707478	DCA	70	89.6726820362234
271.428571428571	300	85.1203557317329	0	85.1203557317329	DCA	0	85.1203557317329
285.714285714286	300	82.45396452495	0	82.45396452495	DCA	280	89.6532372500527
300	300	81.6390556001077	0	81.6390556001077	DCA	0	81.6390556001077
314.285714285714	300	80.6010228065412	0	80.6010228065412	DCA	0	80.6010228065412
328.571428571429	300	81.2418131178545	0	81.2418131178545	DCA	210	90.9481827458815
342.857142857143	300	80.8324164922528	0	80.8324164922528	DCA	0	80.8324164922528
357.142857142857	300	80.0738390980148	0	80.0738390980148	DCA	210	89.7802087260417
371.428571428571	300	80.1514286925089	0	80.1514286925089	DCA	210	89.8577983205358
385.714285714286	300	79.4392153629905	0	79.4392153629905	DCA	0	79.4392153629905
400	300	79.6369670562823	0	79.6369670562823	DCA	280	86.836239781385
414.285714285714	300	77.9707543918206	0	77.9707543918206	DCA	140	87.3129441999719
428.571428571429	300	77.8654194217085	0	77.8654194217085	DCA	140	87.2076092298597
442.857142857143	300	75.8542301887445	0	75.8542301887445	DCA	70	81.9609634542201
457.142857142857	300	75.5828345098895	0	75.5828345098895	DCA	70	81.689567775365
471.428571428571	300	79.6705180261267	0	79.6705180261267	DCA	70	85.7772512916023
485.714285714286	300	81.6676390017935	0	81.6676390017935	DCA	70	87.7743722672691
500	300	80.5194428834892	0	80.5194428834892	DCA	70	86.6261761489648
514.285714285714	300	85.3154843594364	24.6	109.915484359436	DCA	70	121.877017624912
528.571428571429	300	81.1046405880449	24.6	105.704640588045	DCA	280	136.323113313148
542.857142857143	300	82.1482758223468	24.6	106.748275822347	DCA	140	127.800065630498
557.142857142857	300	82.8299840776657	24.6	107.429984077666	DCA	210	134.700753705693
571.428571428571	300	81.2600240748916	24.6	105.860024074892	DCA	210	133.130793702919
585.714285714286	300	82.7594292469982	24.6	107.359429246998	DCA	280	137.977901972101
600	300	81.8138109380487	24.6	106.413810938049	DCA	210	133.684580566076
614.285714285714	300	80.3169529337513	24.6	104.916952933751	DCA	280	135.535425658854
628.571428571429	300	81.1725389597756	24.6	105.772538959776	DCA	0	105.772538959776
642.857142857143	300	77.9744003346203	24.6	102.57440033462	DCA	210	129.845169962647
657.142857142857	300	82.6196704111995	24.6	107.219670411199	DCA	210	134.490440039226
671.428571428571	300	80.1978565950712	24.6	104.797856595071	DCA	280	135.416329320174
685.714285714286	300	79.2865614243361	24.6	103.886561424336	DCA	140	124.938351232487
700	300	80.3154016393548	24.6	104.915401639355	DCA	140	125.967191447506
714.285714285714	300	85.2911965547543	24.6	109.891196554754	DCA	210	137.161966182781
728.571428571429	300	82.4103229436177	24.6	107.010322943618	DCA	70	118.971856209093
742.857142857143	300	76.9675506623687	24.6	101.567550662369	DCA	70	113.529083927844
757.142857142857	300	72.7681334373216	24.6	97.3681334373215	DCA	0	97.3681334373215
771.428571428571	300	73.6632966726402	24.6	98.2632966726402	DCA	0	98.2632966726402
785.714285714286	300	72.4590465309067	24.6	97.0590465309067	DCA	280	127.677519256009
800	300	74.9747590526281	24.6	99.5747590526281	DCA	140	120.626548860779
814.285714285714	300	78.9774415540139	24.6	103.577441554014	DCA	140	124.629231362165
828.571428571429	300	80.4181535765826	24.6	105.018153576583	DCA	280	135.636626301685
842.857142857143	300	77.2931215260537	24.6	101.893121526054	DCA	70	113.854654791529
857.142857142857	300	79.2481820791225	24.6	103.848182079122	DCA	0	103.848182079122
871.428571428571	300	75.6854498621916	24.6	100.285449862192	DCA	140	121.337239670343
885.714285714286	300	75.2031532294141	24.6	99.8031532294141	DCA	140	120.854943037565
900	300	80.6280014433788	24.6	105.228001443379	DCA	210	132.498771071406
914.285714285714	300	79.2711437064105	24.6	103.87114370641	DCA	140	124.922933514562
928.571428571429	300	78.2499124777685	24.6	102.849912477769	DCA	210	130.120682105795
942.857142857143	300	76.5886170053388	24.6	101.188617005339	DCA	210	128.459386633366
957.142857142857	300	80.0884869287703	24.6	104.68848692877	DCA	0	104.68848692877
971.428571428571	300	79.1540342059615	24.6	103.754034205961	DCA	280	134.372506931064
985.714285714286	300	76.4589387804212	24.6	101.058938780421	DCA	0	101.058938780421
1000	300	78.0284198710081	24.6	102.628419871008	DCA	280	133.246892596111
